   [38;2;0;0;0m▄[38;2;0;0;0m[48;2;194;102;82m▀[0m[38;2;0;0;0m▄                    
  [38;2;0;0;0m▄[38;2;0;0;0m[48;2;194;102;82m▀[0m[38;2;194;102;82m[48;2;194;102;82m▀[0m[38;2;0;0;0m[48;2;0;0;0m▀[0m               [38;2;0;0;0m▄[38;2;0;0;0m[48;2;255;255;255m▀[0m[38;2;0;0;0m[48;2;0;0;0m▀[0m  
 [38;2;0;0;0m[48;2;0;0;0m▀[0m[38;2;194;102;82m[48;2;194;102;82m▀[0m[38;2;194;102;82m[48;2;194;102;82m▀[0m[38;2;194;102;82m[48;2;65;65;65m▀[0m[38;2;0;0;0m[48;2;65;65;65m▀[0m[38;2;0;0;0m[48;2;255;255;255m▀[0m[38;2;0;0;0m[48;2;255;255;255m▀[0m[38;2;0;0;0m[48;2;255;255;255m▀[0m[38;2;0;0;0m[48;2;204;176;216m▀[0m[38;2;0;0;0m▄[38;2;0;0;0m▄[38;2;0;0;0m[48;2;194;102;82m▀[0m[38;2;0;0;0m▄   [38;2;0;0;0m▄[38;2;0;0;0m[48;2;255;255;255m▀[0m[38;2;0;0;0m▄[38;2;0;0;0m[48;2;255;255;255m▀[0m[38;2;255;255;255m[48;2;255;255;255m▀[0m[38;2;255;255;255m[48;2;65;65;65m▀[0m[38;2;0;0;0m[48;2;65;65;65m▀[0m[38;2;0;0;0m▄[38;2;0;0;0m▄
[38;2;0;0;0m[48;2;0;0;0m▀[0m[38;2;194;102;82m[48;2;166;74;54m▀[0m[38;2;194;102;82m[48;2;194;102;82m▀[0m[38;2;194;102;82m[48;2;65;65;65m▀[0m[38;2;65;65;65m[48;2;255;255;255m▀[0m[38;2;255;255;255m[48;2;194;102;82m▀[0m[38;2;204;176;216m[48;2;194;102;82m▀[0m[38;2;255;255;255m[48;2;194;102;82m▀[0m[38;2;255;255;255m[48;2;255;255;255m▀[0m[38;2;255;255;255m[48;2;255;255;255m▀[0m[38;2;255;255;255m[48;2;255;255;255m▀[0m[38;2;65;65;65m[48;2;65;65;65m▀[0m[38;2;194;102;82m[48;2;194;102;82m▀[0m[38;2;166;74;54m[48;2;194;102;82m▀[0m[38;2;0;0;0m[48;2;0;0;0m▀[0m [38;2;0;0;0m▄[38;2;0;0;0m[48;2;255;255;255m▀[0m[38;2;255;255;255m[48;2;255;255;255m▀[0m[38;2;204;176;216m[48;2;255;255;255m▀[0m[38;2;255;255;255m[48;2;255;255;255m▀[0m[38;2;255;255;255m[48;2;147;119;159m▀[0m[38;2;147;119;159m[48;2;255;255;255m▀[0m[38;2;204;176;216m[48;2;255;255;255m▀[0m[38;2;255;255;255m[48;2;0;0;0m▀[0m[38;2;0;0;0m▀
[38;2;0;0;0m▀[38;2;166;74;54m[48;2;0;0;0m▀[0m[38;2;166;74;54m[48;2;166;74;54m▀[0m[38;2;65;65;65m[48;2;166;74;54m▀[0m[38;2;255;255;255m[48;2;65;65;65m▀[0m[38;2;255;255;255m[48;2;255;255;255m▀[0m[38;2;194;102;82m[48;2;255;255;255m▀[0m[38;2;204;176;216m[48;2;255;255;255m▀[0m[38;2;255;255;255m[48;2;255;255;255m▀[0m[38;2;255;255;255m[48;2;255;255;255m▀[0m[38;2;255;255;255m[48;2;255;255;255m▀[0m[38;2;255;255;255m[48;2;255;255;255m▀[0m[38;2;65;65;65m[48;2;65;65;65m▀[0m[38;2;194;102;82m[48;2;65;65;65m▀[0m[38;2;0;0;0m[48;2;204;176;216m▀[0m[38;2;0;0;0m▄[38;2;0;0;0m[48;2;255;255;255m▀[0m[38;2;255;255;255m[48;2;255;255;255m▀[0m[38;2;255;255;255m[48;2;255;255;255m▀[0m[38;2;255;255;255m[48;2;255;255;255m▀[0m[38;2;255;255;255m[48;2;255;255;255m▀[0m[38;2;255;255;255m[48;2;255;255;255m▀[0m[38;2;255;255;255m[48;2;255;255;255m▀[0m[38;2;147;119;159m[48;2;255;255;255m▀[0m[38;2;0;0;0m[48;2;255;255;255m▀[0m[38;2;0;0;0m▄
 [38;2;0;0;0m▀[38;2;166;74;54m[48;2;0;0;0m▀[0m[38;2;65;65;65m[48;2;204;176;216m▀[0m[38;2;255;255;255m[48;2;65;65;65m▀[0m[38;2;65;65;65m[48;2;40;152;136m▀[0m[38;2;204;176;216m[48;2;65;65;65m▀[0m[38;2;255;255;255m[48;2;65;65;65m▀[0m[38;2;255;255;255m[48;2;255;255;255m▀[0m[38;2;255;255;255m[48;2;255;255;255m▀[0m[38;2;255;255;255m[48;2;255;255;255m▀[0m[38;2;255;255;255m[48;2;255;255;255m▀[0m[38;2;255;255;255m[48;2;255;255;255m▀[0m[38;2;65;65;65m[48;2;65;65;65m▀[0m[38;2;204;176;216m[48;2;204;176;216m▀[0m[38;2;204;176;216m[48;2;204;176;216m▀[0m[38;2;255;255;255m[48;2;255;255;255m▀[0m[38;2;255;255;255m[48;2;255;255;255m▀[0m[38;2;255;255;255m[48;2;147;119;159m▀[0m[38;2;255;255;255m[48;2;204;176;216m▀[0m[38;2;255;255;255m[48;2;255;255;255m▀[0m[38;2;255;255;255m[48;2;255;255;255m▀[0m[38;2;65;65;65m[48;2;255;255;255m▀[0m[38;2;65;65;65m[48;2;0;0;0m▀[0m[38;2;0;0;0m▀ 
  [38;2;0;0;0m▀[38;2;204;176;216m[48;2;0;0;0m▀[0m[38;2;65;65;65m[48;2;204;176;216m▀[0m[38;2;194;102;82m[48;2;0;0;0m▀[0m[38;2;194;102;82m[48;2;166;74;54m▀[0m[38;2;194;102;82m[48;2;194;102;82m▀[0m[38;2;65;65;65m[48;2;65;65;65m▀[0m[38;2;255;255;255m[48;2;255;255;255m▀[0m[38;2;255;255;255m[48;2;255;255;255m▀[0m[38;2;255;255;255m[48;2;255;255;255m▀[0m[38;2;65;65;65m[48;2;65;65;65m▀[0m[38;2;204;176;216m[48;2;255;255;255m▀[0m[38;2;204;176;216m[48;2;147;119;159m▀[0m[38;2;255;255;255m[48;2;255;255;255m▀[0m[38;2;255;255;255m[48;2;65;65;65m▀[0m[38;2;255;255;255m[48;2;65;65;65m▀[0m[38;2;255;255;255m[48;2;65;65;65m▀[0m[38;2;65;65;65m[48;2;255;255;255m▀[0m[38;2;65;65;65m[48;2;0;0;0m▀[0m[38;2;0;0;0m▀[38;2;0;0;0m▀   
    [38;2;0;0;0m▀ [38;2;0;0;0m▀[38;2;65;65;65m[48;2;0;0;0m▀[0m[38;2;204;176;216m[48;2;255;255;255m▀[0m[38;2;255;255;255m[48;2;255;255;255m▀[0m[38;2;255;255;255m[48;2;65;65;65m▀[0m[38;2;65;65;65m[48;2;204;176;216m▀[0m[38;2;255;255;255m[48;2;255;255;255m▀[0m[38;2;255;255;255m[48;2;147;119;159m▀[0m[38;2;255;255;255m[48;2;65;65;65m▀[0m[38;2;65;65;65m[48;2;147;119;159m▀[0m[38;2;255;255;255m[48;2;255;255;255m▀[0m[38;2;255;255;255m[48;2;65;65;65m▀[0m[38;2;255;255;255m[48;2;255;255;255m▀[0m[38;2;255;255;255m[48;2;255;255;255m▀[0m[38;2;255;255;255m[48;2;255;255;255m▀[0m[38;2;0;0;0m[48;2;0;0;0m▀[0m [38;2;0;0;0m▄[38;2;0;0;0m▄ 
      [38;2;0;0;0m▄[38;2;0;0;0m[48;2;147;119;159m▀[0m[38;2;255;255;255m[48;2;65;65;65m▀[0m[38;2;65;65;65m[48;2;204;176;216m▀[0m[38;2;204;176;216m[48;2;204;176;216m▀[0m[38;2;204;176;216m[48;2;147;119;159m▀[0m[38;2;204;176;216m[48;2;204;176;216m▀[0m[38;2;65;65;65m[48;2;65;65;65m▀[0m[38;2;255;255;255m[48;2;255;255;255m▀[0m[38;2;255;255;255m[48;2;0;0;0m▀[0m[38;2;0;0;0m▀[38;2;0;0;0m▀[38;2;255;255;255m[48;2;0;0;0m▀[0m[38;2;255;255;255m[48;2;204;176;216m▀[0m[38;2;204;176;216m[48;2;204;176;216m▀[0m[38;2;65;65;65m[48;2;204;176;216m▀[0m[38;2;0;0;0m[48;2;255;255;255m▀[0m[38;2;194;102;82m[48;2;0;0;0m▀[0m[38;2;0;0;0m▀ 
      [38;2;0;0;0m[48;2;0;0;0m▀[0m[38;2;147;119;159m[48;2;147;119;159m▀[0m[38;2;147;119;159m[48;2;147;119;159m▀[0m[38;2;65;65;65m[48;2;0;0;0m▀[0m[38;2;204;176;216m[48;2;204;176;216m▀[0m[38;2;147;119;159m[48;2;204;176;216m▀[0m[38;2;65;65;65m[48;2;65;65;65m▀[0m[38;2;255;255;255m[48;2;255;255;255m▀[0m[38;2;255;255;255m[48;2;255;255;255m▀[0m[38;2;0;0;0m[48;2;0;0;0m▀[0m   [38;2;0;0;0m[48;2;0;0;0m▀[0m[38;2;204;176;216m[48;2;204;176;216m▀[0m[38;2;204;176;216m[48;2;204;176;216m▀[0m[38;2;65;65;65m[48;2;255;255;255m▀[0m[38;2;0;0;0m[48;2;0;0;0m▀[0m  
    [38;2;0;0;0m▄[38;2;0;0;0m[48;2;166;74;54m▀[0m[38;2;147;119;159m[48;2;65;65;65m▀[0m[38;2;147;119;159m[48;2;147;119;159m▀[0m[38;2;0;0;0m[48;2;0;0;0m▀[0m [38;2;0;0;0m▀[38;2;204;176;216m[48;2;0;0;0m▀[0m[38;2;65;65;65m[48;2;255;255;255m▀[0m[38;2;255;255;255m[48;2;255;255;255m▀[0m[38;2;255;255;255m[48;2;255;255;255m▀[0m[38;2;255;255;255m[48;2;0;0;0m▀[0m[38;2;0;0;0m▀ [38;2;0;0;0m[48;2;0;0;0m▀[0m[38;2;194;102;82m[48;2;0;0;0m▀[0m[38;2;0;0;0m▀[38;2;194;102;82m[48;2;0;0;0m▀[0m[38;2;0;0;0m[48;2;0;0;0m▀[0m   
     [38;2;0;0;0m▀[38;2;0;0;0m▀[38;2;0;0;0m▀  [38;2;0;0;0m▄[38;2;0;0;0m[48;2;194;102;82m▀[0m[38;2;255;255;255m[48;2;255;255;255m▀[0m[38;2;255;255;255m[48;2;166;74;54m▀[0m[38;2;204;176;216m[48;2;255;255;255m▀[0m[38;2;255;255;255m[48;2;0;0;0m▀[0m[38;2;0;0;0m▀         
          [38;2;0;0;0m▀[38;2;0;0;0m▀[38;2;0;0;0m[48;2;0;0;0m▀[0m[38;2;194;102;82m[48;2;0;0;0m▀[0m[38;2;166;74;54m[48;2;0;0;0m▀[0m[38;2;0;0;0m▀          
[0m