       [38;2;0;0;0m▄[38;2;0;0;0m▄[38;2;0;0;0m[48;2;255;255;255m▀[0m[38;2;0;0;0m[48;2;255;255;255m▀[0m[38;2;0;0;0m[48;2;139;148;156m▀[0m[38;2;0;0;0m▄[38;2;0;0;0m▄             
    [38;2;0;0;0m▄[38;2;0;0;0m▄[38;2;0;0;0m[48;2;255;255;255m▀[0m[38;2;255;255;255m[48;2;255;255;255m▀[0m[38;2;255;255;255m[48;2;193;147;16m▀[0m[38;2;255;255;255m[48;2;193;147;16m▀[0m[38;2;255;255;255m[48;2;255;255;255m▀[0m[38;2;189;205;230m[48;2;189;205;230m▀[0m[38;2;255;255;255m[48;2;255;255;255m▀[0m[38;2;189;205;230m[48;2;255;255;255m▀[0m[38;2;0;0;0m[48;2;255;255;255m▀[0m[38;2;0;0;0m▄[38;2;0;0;0m[48;2;255;255;255m▀[0m[38;2;0;0;0m[48;2;255;255;255m▀[0m[38;2;0;0;0m[48;2;255;255;255m▀[0m[38;2;0;0;0m[48;2;189;205;230m▀[0m[38;2;0;0;0m▄      
   [38;2;0;0;0m[48;2;0;0;0m▀[0m[38;2;189;205;230m[48;2;189;205;230m▀[0m[38;2;139;148;156m[48;2;189;205;230m▀[0m[38;2;255;255;255m[48;2;193;147;16m▀[0m[38;2;193;147;16m[48;2;245;223;68m▀[0m[38;2;245;223;68m[48;2;65;65;65m▀[0m[38;2;65;65;65m[48;2;189;205;230m▀[0m[38;2;255;255;255m[48;2;255;255;255m▀[0m[38;2;255;255;255m[48;2;255;255;255m▀[0m[38;2;189;205;230m[48;2;189;205;230m▀[0m[38;2;255;255;255m[48;2;255;255;255m▀[0m[38;2;255;255;255m[48;2;255;255;255m▀[0m[38;2;255;255;255m[48;2;189;205;230m▀[0m[38;2;65;65;65m[48;2;65;65;65m▀[0m[38;2;255;255;255m[48;2;255;255;255m▀[0m[38;2;255;255;255m[48;2;255;255;255m▀[0m[38;2;255;255;255m[48;2;255;255;255m▀[0m[38;2;255;255;255m[48;2;255;255;255m▀[0m[38;2;0;0;0m[48;2;139;148;156m▀[0m[38;2;0;0;0m▄[38;2;0;0;0m▄   
  [38;2;0;0;0m▄[38;2;0;0;0m[48;2;65;65;65m▀[0m[38;2;189;205;230m[48;2;65;65;65m▀[0m[38;2;189;205;230m[48;2;189;205;230m▀[0m[38;2;193;147;16m[48;2;189;205;230m▀[0m[38;2;219;184;42m[48;2;193;147;16m▀[0m[38;2;65;65;65m[48;2;219;184;42m▀[0m[38;2;189;205;230m[48;2;65;65;65m▀[0m[38;2;189;205;230m[48;2;139;148;156m▀[0m[38;2;255;255;255m[48;2;255;255;255m▀[0m[38;2;255;255;255m[48;2;255;255;255m▀[0m[38;2;139;148;156m[48;2;255;255;255m▀[0m[38;2;189;205;230m[48;2;139;148;156m▀[0m[38;2;189;205;230m[48;2;139;148;156m▀[0m[38;2;189;205;230m[48;2;139;148;156m▀[0m[38;2;65;65;65m[48;2;189;205;230m▀[0m[38;2;65;65;65m[48;2;189;205;230m▀[0m[38;2;255;255;255m[48;2;65;65;65m▀[0m[38;2;189;205;230m[48;2;255;255;255m▀[0m[38;2;255;255;255m[48;2;255;255;255m▀[0m[38;2;255;255;255m[48;2;255;255;255m▀[0m[38;2;189;205;230m[48;2;255;255;255m▀[0m[38;2;0;0;0m[48;2;255;255;255m▀[0m[38;2;0;0;0m▄ 
[38;2;0;0;0m▄[38;2;0;0;0m[48;2;189;205;230m▀[0m[38;2;189;205;230m[48;2;255;255;255m▀[0m[38;2;255;255;255m[48;2;255;255;255m▀[0m[38;2;255;255;255m[48;2;255;255;255m▀[0m[38;2;65;65;65m[48;2;255;255;255m▀[0m[38;2;65;65;65m[48;2;65;65;65m▀[0m[38;2;245;223;68m[48;2;219;184;42m▀[0m[38;2;245;223;68m[48;2;245;223;68m▀[0m[38;2;245;223;68m[48;2;245;223;68m▀[0m[38;2;245;223;68m[48;2;255;255;255m▀[0m[38;2;139;148;156m[48;2;245;223;68m▀[0m[38;2;255;255;255m[48;2;139;148;156m▀[0m[38;2;255;255;255m[48;2;139;148;156m▀[0m[38;2;255;255;255m[48;2;189;205;230m▀[0m[38;2;189;205;230m[48;2;189;205;230m▀[0m[38;2;189;205;230m[48;2;189;205;230m▀[0m[38;2;189;205;230m[48;2;189;205;230m▀[0m[38;2;189;205;230m[48;2;65;65;65m▀[0m[38;2;65;65;65m[48;2;65;65;65m▀[0m[38;2;255;255;255m[48;2;65;65;65m▀[0m[38;2;255;255;255m[48;2;255;255;255m▀[0m[38;2;255;255;255m[48;2;255;255;255m▀[0m[38;2;255;255;255m[48;2;255;255;255m▀[0m[38;2;255;255;255m[48;2;255;255;255m▀[0m[38;2;148;172;213m[48;2;189;205;230m▀[0m[38;2;0;0;0m[48;2;0;0;0m▀[0m
[38;2;0;0;0m[48;2;0;0;0m▀[0m[38;2;189;205;230m[48;2;230;205;238m▀[0m[38;2;255;255;255m[48;2;189;205;230m▀[0m[38;2;255;255;255m[48;2;255;255;255m▀[0m[38;2;255;255;255m[48;2;255;255;255m▀[0m[38;2;65;65;65m[48;2;255;255;255m▀[0m[38;2;222;238;255m[48;2;65;65;65m▀[0m[38;2;222;238;255m[48;2;222;238;255m▀[0m[38;2;219;184;42m[48;2;222;238;255m▀[0m[38;2;219;184;42m[48;2;222;238;255m▀[0m[38;2;0;0;0m[48;2;219;184;42m▀[0m[38;2;245;223;68m[48;2;255;255;255m▀[0m[38;2;245;223;68m[48;2;255;255;255m▀[0m[38;2;219;184;42m[48;2;193;147;16m▀[0m[38;2;139;148;156m[48;2;65;65;65m▀[0m[38;2;189;205;230m[48;2;65;65;65m▀[0m[38;2;65;65;65m[48;2;65;65;65m▀[0m[38;2;65;65;65m[48;2;255;255;255m▀[0m[38;2;255;255;255m[48;2;255;255;255m▀[0m[38;2;255;255;255m[48;2;255;255;255m▀[0m[38;2;189;205;230m[48;2;255;255;255m▀[0m[38;2;65;65;65m[48;2;189;205;230m▀[0m[38;2;255;255;255m[48;2;65;65;65m▀[0m[38;2;255;255;255m[48;2;189;205;230m▀[0m[38;2;189;205;230m[48;2;189;205;230m▀[0m[38;2;189;205;230m[48;2;148;172;213m▀[0m[38;2;0;0;0m[48;2;0;0;0m▀[0m
 [38;2;0;0;0m▀[38;2;230;205;238m[48;2;0;0;0m▀[0m[38;2;230;205;238m[48;2;0;0;0m▀[0m[38;2;139;148;156m[48;2;0;0;0m▀[0m[38;2;189;205;230m[48;2;230;205;238m▀[0m[38;2;189;205;230m[48;2;189;205;230m▀[0m[38;2;65;65;65m[48;2;189;205;230m▀[0m[38;2;65;65;65m[48;2;189;205;230m▀[0m[38;2;65;65;65m[48;2;65;65;65m▀[0m[38;2;193;147;16m[48;2;255;255;255m▀[0m[38;2;193;147;16m[48;2;255;255;255m▀[0m[38;2;65;65;65m[48;2;189;205;230m▀[0m[38;2;139;148;156m[48;2;65;65;65m▀[0m[38;2;65;65;65m[48;2;189;205;230m▀[0m[38;2;189;205;230m[48;2;255;255;255m▀[0m[38;2;189;205;230m[48;2;255;255;255m▀[0m[38;2;189;205;230m[48;2;189;205;230m▀[0m[38;2;255;255;255m[48;2;189;205;230m▀[0m[38;2;255;255;255m[48;2;189;205;230m▀[0m[38;2;189;205;230m[48;2;189;205;230m▀[0m[38;2;189;205;230m[48;2;230;205;238m▀[0m[38;2;65;65;65m[48;2;65;65;65m▀[0m[38;2;230;205;238m[48;2;65;65;65m▀[0m[38;2;230;205;238m[48;2;0;0;0m▀[0m[38;2;0;0;0m▀ 
   [38;2;0;0;0m▄[38;2;0;0;0m▄[38;2;0;0;0m[48;2;65;65;65m▀[0m[38;2;189;205;230m[48;2;65;65;65m▀[0m[38;2;189;205;230m[48;2;189;205;230m▀[0m[38;2;189;205;230m[48;2;189;205;230m▀[0m[38;2;189;205;230m[48;2;65;65;65m▀[0m[38;2;193;147;16m[48;2;245;223;68m▀[0m[38;2;189;205;230m[48;2;65;65;65m▀[0m[38;2;65;65;65m[48;2;65;65;65m▀[0m[38;2;189;205;230m[48;2;189;205;230m▀[0m[38;2;189;205;230m[48;2;189;205;230m▀[0m[38;2;189;205;230m[48;2;139;148;156m▀[0m[38;2;255;255;255m[48;2;189;205;230m▀[0m[38;2;255;255;255m[48;2;230;205;238m▀[0m[38;2;189;205;230m[48;2;230;205;238m▀[0m[38;2;189;205;230m[48;2;65;65;65m▀[0m[38;2;230;205;238m[48;2;65;65;65m▀[0m[38;2;65;65;65m[48;2;189;205;230m▀[0m[38;2;189;205;230m[48;2;230;205;238m▀[0m[38;2;0;0;0m[48;2;0;0;0m▀[0m   
  [38;2;0;0;0m▀[38;2;219;184;42m[48;2;0;0;0m▀[0m[38;2;193;147;16m[48;2;0;0;0m▀[0m[38;2;219;184;42m[48;2;193;147;16m▀[0m[38;2;65;65;65m[48;2;193;147;16m▀[0m[38;2;65;65;65m[48;2;65;65;65m▀[0m[38;2;65;65;65m[48;2;245;223;68m▀[0m[38;2;245;223;68m[48;2;245;223;68m▀[0m[38;2;245;223;68m[48;2;245;223;68m▀[0m[38;2;245;223;68m[48;2;245;223;68m▀[0m[38;2;219;184;42m[48;2;219;184;42m▀[0m[38;2;65;65;65m[48;2;219;184;42m▀[0m[38;2;230;205;238m[48;2;65;65;65m▀[0m[38;2;230;205;238m[48;2;65;65;65m▀[0m[38;2;65;65;65m[48;2;189;205;230m▀[0m[38;2;65;65;65m[48;2;189;205;230m▀[0m[38;2;65;65;65m[48;2;189;205;230m▀[0m[38;2;189;205;230m[48;2;189;205;230m▀[0m[38;2;189;205;230m[48;2;189;205;230m▀[0m[38;2;230;205;238m[48;2;0;0;0m▀[0m[38;2;0;0;0m▀    
     [38;2;0;0;0m▀[38;2;193;147;16m[48;2;0;0;0m▀[0m[38;2;65;65;65m[48;2;0;0;0m▀[0m[38;2;219;184;42m[48;2;0;0;0m▀[0m[38;2;245;223;68m[48;2;219;184;42m▀[0m[38;2;245;223;68m[48;2;65;65;65m▀[0m[38;2;65;65;65m[48;2;245;223;68m▀[0m[38;2;65;65;65m[48;2;193;147;16m▀[0m[38;2;65;65;65m[48;2;245;223;68m▀[0m[38;2;189;205;230m[48;2;65;65;65m▀[0m[38;2;189;205;230m[48;2;189;205;230m▀[0m[38;2;189;205;230m[48;2;189;205;230m▀[0m[38;2;189;205;230m[48;2;230;205;238m▀[0m[38;2;189;205;230m[48;2;189;205;230m▀[0m[38;2;189;205;230m[48;2;189;205;230m▀[0m[38;2;189;205;230m[48;2;230;205;238m▀[0m[38;2;230;205;238m[48;2;230;205;238m▀[0m[38;2;0;0;0m[48;2;0;0;0m▀[0m    
         [38;2;0;0;0m▀[38;2;0;0;0m▀[38;2;65;65;65m[48;2;0;0;0m▀[0m[38;2;219;184;42m[48;2;0;0;0m▀[0m[38;2;219;184;42m[48;2;219;184;42m▀[0m[38;2;65;65;65m[48;2;0;0;0m▀[0m[38;2;230;205;238m[48;2;0;0;0m▀[0m[38;2;230;205;238m[48;2;0;0;0m▀[0m[38;2;0;0;0m▀[38;2;230;205;238m[48;2;0;0;0m▀[0m[38;2;230;205;238m[48;2;0;0;0m▀[0m[38;2;230;205;238m[48;2;0;0;0m▀[0m[38;2;0;0;0m▀     
             [38;2;0;0;0m▀             
[0m