                              [38;2;7;7;7m▄[38;2;7;7;7m▄[38;2;7;7;7m[48;2;205;199;53m▀[0m[38;2;7;7;7m[48;2;7;7;7m▀[0m   
         [38;2;7;7;7m▄                  [38;2;7;7;7m▄[38;2;7;7;7m[48;2;205;199;53m▀[0m[38;2;197;191;46m[48;2;205;199;53m▀[0m[38;2;205;199;53m[48;2;205;199;53m▀[0m[38;2;7;7;7m[48;2;7;7;7m▀[0m    
        [38;2;7;7;7m[48;2;7;7;7m▀[0m[38;2;205;199;53m[48;2;205;199;53m▀[0m[38;2;7;7;7m[48;2;7;7;7m▀[0m    [38;2;7;7;7m▄          [38;2;7;7;7m▄[38;2;7;7;7m[48;2;205;199;53m▀[0m[38;2;7;7;7m[48;2;205;199;53m▀[0m[38;2;205;199;53m[48;2;205;199;53m▀[0m[38;2;205;199;53m[48;2;205;199;53m▀[0m[38;2;205;199;53m[48;2;205;199;53m▀[0m[38;2;205;199;53m[48;2;205;199;53m▀[0m[38;2;7;7;7m[48;2;205;199;53m▀[0m[38;2;7;7;7m▄  
  [38;2;7;7;7m▄[38;2;7;7;7m[48;2;205;199;53m▀[0m[38;2;7;7;7m▄ [38;2;7;7;7m▄[38;2;7;7;7m[48;2;7;7;7m▀[0m[38;2;205;199;53m[48;2;205;199;53m▀[0m[38;2;205;199;53m[48;2;205;199;53m▀[0m[38;2;197;191;46m[48;2;205;199;53m▀[0m[38;2;7;7;7m[48;2;7;7;7m▀[0m  [38;2;7;7;7m[48;2;7;7;7m▀[0m[38;2;205;199;53m[48;2;205;199;53m▀[0m[38;2;7;7;7m[48;2;7;7;7m▀[0m      [38;2;7;7;7m▄[38;2;7;7;7m[48;2;205;199;53m▀[0m[38;2;7;7;7m[48;2;205;199;53m▀[0m[38;2;205;199;53m[48;2;205;199;53m▀[0m[38;2;205;199;53m[48;2;205;199;53m▀[0m[38;2;205;199;53m[48;2;197;191;46m▀[0m[38;2;205;199;53m[48;2;197;191;46m▀[0m[38;2;205;199;53m[48;2;205;199;53m▀[0m[38;2;205;199;53m[48;2;205;199;53m▀[0m[38;2;205;199;53m[48;2;205;199;53m▀[0m[38;2;205;199;53m[48;2;205;199;53m▀[0m[38;2;197;191;46m[48;2;205;199;53m▀[0m[38;2;7;7;7m[48;2;7;7;7m▀[0m 
  [38;2;7;7;7m[48;2;7;7;7m▀[0m[38;2;205;199;53m[48;2;205;199;53m▀[0m[38;2;7;7;7m[48;2;205;199;53m▀[0m[38;2;7;7;7m[48;2;205;199;53m▀[0m[38;2;197;191;46m[48;2;205;199;53m▀[0m[38;2;205;199;53m[48;2;205;199;53m▀[0m[38;2;205;199;53m[48;2;205;199;53m▀[0m[38;2;205;199;53m[48;2;205;199;53m▀[0m[38;2;205;199;53m[48;2;205;199;53m▀[0m[38;2;7;7;7m[48;2;197;191;46m▀[0m[38;2;7;7;7m▄[38;2;7;7;7m[48;2;197;191;46m▀[0m[38;2;205;199;53m[48;2;205;199;53m▀[0m[38;2;205;199;53m[48;2;205;199;53m▀[0m[38;2;7;7;7m[48;2;197;191;46m▀[0m[38;2;7;7;7m▄    [38;2;7;7;7m[48;2;7;7;7m▀[0m[38;2;197;191;46m[48;2;205;199;53m▀[0m[38;2;205;199;53m[48;2;205;199;53m▀[0m[38;2;205;199;53m[48;2;205;199;53m▀[0m[38;2;205;199;53m[48;2;205;199;53m▀[0m[38;2;205;199;53m[48;2;205;199;53m▀[0m[38;2;205;199;53m[48;2;188;184;38m▀[0m[38;2;188;184;38m[48;2;205;199;53m▀[0m[38;2;188;184;38m[48;2;197;191;46m▀[0m[38;2;197;191;46m[48;2;188;184;38m▀[0m[38;2;205;199;53m[48;2;197;191;46m▀[0m[38;2;205;199;53m[48;2;205;199;53m▀[0m[38;2;205;199;53m[48;2;197;191;46m▀[0m[38;2;197;191;46m[48;2;197;191;46m▀[0m[38;2;7;7;7m[48;2;7;7;7m▀[0m
 [38;2;7;7;7m▄[38;2;7;7;7m▄[38;2;7;7;7m[48;2;205;199;53m▀[0m[38;2;205;199;53m[48;2;205;199;53m▀[0m[38;2;205;199;53m[48;2;252;188;38m▀[0m[38;2;205;199;53m[48;2;205;199;53m▀[0m[38;2;205;199;53m[48;2;205;199;53m▀[0m[38;2;205;199;53m[48;2;205;199;53m▀[0m[38;2;205;199;53m[48;2;205;199;53m▀[0m[38;2;197;191;46m[48;2;205;199;53m▀[0m[38;2;197;191;46m[48;2;205;199;53m▀[0m[38;2;197;191;46m[48;2;205;199;53m▀[0m[38;2;205;199;53m[48;2;205;199;53m▀[0m[38;2;205;199;53m[48;2;205;199;53m▀[0m[38;2;205;199;53m[48;2;205;199;53m▀[0m[38;2;197;191;46m[48;2;197;191;46m▀[0m[38;2;7;7;7m[48;2;197;191;46m▀[0m[38;2;7;7;7m[48;2;197;191;46m▀[0m[38;2;7;7;7m▄[38;2;7;7;7m[48;2;205;199;53m▀[0m[38;2;7;7;7m[48;2;197;191;46m▀[0m[38;2;205;199;53m[48;2;188;184;38m▀[0m[38;2;205;199;53m[48;2;188;184;38m▀[0m[38;2;205;199;53m[48;2;205;199;53m▀[0m[38;2;205;199;53m[48;2;205;199;53m▀[0m[38;2;205;199;53m[48;2;205;199;53m▀[0m[38;2;188;184;38m[48;2;188;184;38m▀[0m[38;2;205;199;53m[48;2;205;199;53m▀[0m[38;2;205;199;53m[48;2;205;199;53m▀[0m[38;2;205;199;53m[48;2;205;199;53m▀[0m[38;2;205;199;53m[48;2;205;199;53m▀[0m[38;2;188;184;38m[48;2;188;184;38m▀[0m[38;2;205;199;53m[48;2;197;191;46m▀[0m[38;2;197;191;46m[48;2;197;191;46m▀[0m[38;2;7;7;7m[48;2;7;7;7m▀[0m 
[38;2;7;7;7m▀[38;2;238;184;38m[48;2;7;7;7m▀[0m[38;2;188;184;38m[48;2;238;184;38m▀[0m[38;2;205;199;53m[48;2;188;184;38m▀[0m[38;2;197;191;46m[48;2;252;188;38m▀[0m[38;2;252;188;38m[48;2;252;188;38m▀[0m[38;2;238;184;38m[48;2;252;188;38m▀[0m[38;2;205;199;53m[48;2;252;188;38m▀[0m[38;2;205;199;53m[48;2;238;184;38m▀[0m[38;2;205;199;53m[48;2;197;191;46m▀[0m[38;2;205;199;53m[48;2;197;191;46m▀[0m[38;2;205;199;53m[48;2;205;199;53m▀[0m[38;2;205;199;53m[48;2;205;199;53m▀[0m[38;2;205;199;53m[48;2;205;199;53m▀[0m[38;2;205;199;53m[48;2;188;184;38m▀[0m[38;2;197;191;46m[48;2;188;184;38m▀[0m[38;2;197;191;46m[48;2;188;184;38m▀[0m[38;2;197;191;46m[48;2;188;184;38m▀[0m[38;2;188;184;38m[48;2;197;191;46m▀[0m[38;2;197;191;46m[48;2;188;184;38m▀[0m[38;2;205;199;53m[48;2;197;191;46m▀[0m[38;2;205;199;53m[48;2;205;199;53m▀[0m[38;2;205;199;53m[48;2;205;199;53m▀[0m[38;2;197;191;46m[48;2;205;199;53m▀[0m[38;2;188;184;38m[48;2;205;199;53m▀[0m[38;2;205;199;53m[48;2;197;191;46m▀[0m[38;2;205;199;53m[48;2;205;199;53m▀[0m[38;2;188;184;38m[48;2;205;199;53m▀[0m[38;2;197;191;46m[48;2;188;184;38m▀[0m[38;2;205;199;53m[48;2;188;184;38m▀[0m[38;2;188;184;38m[48;2;205;199;53m▀[0m[38;2;205;199;53m[48;2;197;191;46m▀[0m[38;2;188;184;38m[48;2;188;184;38m▀[0m[38;2;197;191;46m[48;2;7;7;7m▀[0m[38;2;7;7;7m▀  
 [38;2;7;7;7m▀[38;2;238;184;38m[48;2;7;7;7m▀[0m[38;2;188;184;38m[48;2;205;199;53m▀[0m[38;2;238;184;38m[48;2;205;199;53m▀[0m[38;2;252;188;38m[48;2;252;188;38m▀[0m[38;2;252;188;38m[48;2;197;191;46m▀[0m[38;2;197;191;46m[48;2;205;199;53m▀[0m[38;2;197;191;46m[48;2;205;199;53m▀[0m[38;2;205;199;53m[48;2;205;199;53m▀[0m[38;2;205;199;53m[48;2;205;199;53m▀[0m[38;2;197;191;46m[48;2;205;199;53m▀[0m[38;2;205;199;53m[48;2;188;184;38m▀[0m[38;2;188;184;38m[48;2;252;188;38m▀[0m[38;2;252;188;38m[48;2;197;191;46m▀[0m[38;2;252;188;38m[48;2;205;199;53m▀[0m[38;2;252;188;38m[48;2;205;199;53m▀[0m[38;2;252;188;38m[48;2;205;199;53m▀[0m[38;2;188;184;38m[48;2;252;188;38m▀[0m[38;2;197;191;46m[48;2;188;184;38m▀[0m[38;2;188;184;38m[48;2;205;199;53m▀[0m[38;2;188;184;38m[48;2;188;184;38m▀[0m[38;2;205;199;53m[48;2;188;184;38m▀[0m[38;2;205;199;53m[48;2;205;199;53m▀[0m[38;2;205;199;53m[48;2;205;199;53m▀[0m[38;2;205;199;53m[48;2;205;199;53m▀[0m[38;2;205;199;53m[48;2;197;191;46m▀[0m[38;2;205;199;53m[48;2;205;199;53m▀[0m[38;2;205;199;53m[48;2;197;191;46m▀[0m[38;2;197;191;46m[48;2;205;199;53m▀[0m[38;2;205;199;53m[48;2;197;191;46m▀[0m[38;2;197;191;46m[48;2;197;191;46m▀[0m[38;2;7;7;7m[48;2;7;7;7m▀[0m    
  [38;2;7;7;7m▀[38;2;205;199;53m[48;2;7;7;7m▀[0m[38;2;205;199;53m[48;2;252;188;38m▀[0m[38;2;252;188;38m[48;2;252;188;38m▀[0m[38;2;205;199;53m[48;2;238;184;38m▀[0m[38;2;205;199;53m[48;2;252;248;103m▀[0m[38;2;205;199;53m[48;2;167;163;18m▀[0m[38;2;188;184;38m[48;2;252;248;103m▀[0m[38;2;188;184;38m[48;2;252;248;103m▀[0m[38;2;238;184;38m[48;2;188;184;38m▀[0m[38;2;252;188;38m[48;2;252;188;38m▀[0m[38;2;197;191;46m[48;2;252;188;38m▀[0m[38;2;205;199;53m[48;2;252;188;38m▀[0m[38;2;205;199;53m[48;2;252;188;38m▀[0m[38;2;205;199;53m[48;2;252;188;38m▀[0m[38;2;252;188;38m[48;2;188;184;38m▀[0m[38;2;188;184;38m[48;2;205;199;53m▀[0m[38;2;205;199;53m[48;2;205;199;53m▀[0m[38;2;205;199;53m[48;2;205;199;53m▀[0m[38;2;188;184;38m[48;2;205;199;53m▀[0m[38;2;205;199;53m[48;2;188;184;38m▀[0m[38;2;205;199;53m[48;2;205;199;53m▀[0m[38;2;205;199;53m[48;2;205;199;53m▀[0m[38;2;205;199;53m[48;2;197;191;46m▀[0m[38;2;205;199;53m[48;2;197;191;46m▀[0m[38;2;197;191;46m[48;2;197;191;46m▀[0m[38;2;205;199;53m[48;2;197;191;46m▀[0m[38;2;197;191;46m[48;2;197;191;46m▀[0m[38;2;197;191;46m[48;2;197;191;46m▀[0m[38;2;197;191;46m[48;2;7;7;7m▀[0m[38;2;7;7;7m▀    
  [38;2;7;7;7m▄[38;2;7;7;7m[48;2;205;199;53m▀[0m[38;2;197;191;46m[48;2;205;199;53m▀[0m[38;2;197;191;46m[48;2;205;199;53m▀[0m[38;2;252;188;38m[48;2;197;191;46m▀[0m[38;2;167;163;18m[48;2;252;188;38m▀[0m[38;2;188;184;38m[48;2;252;188;38m▀[0m[38;2;252;248;103m[48;2;252;188;38m▀[0m[38;2;252;248;103m[48;2;252;188;38m▀[0m[38;2;188;184;38m[48;2;252;188;38m▀[0m[38;2;252;188;38m[48;2;197;191;46m▀[0m[38;2;188;184;38m[48;2;205;199;53m▀[0m[38;2;188;184;38m[48;2;205;199;53m▀[0m[38;2;188;184;38m[48;2;188;184;38m▀[0m[38;2;188;184;38m[48;2;205;199;53m▀[0m[38;2;205;199;53m[48;2;205;199;53m▀[0m[38;2;197;191;46m[48;2;205;199;53m▀[0m[38;2;205;199;53m[48;2;197;191;46m▀[0m[38;2;205;199;53m[48;2;205;199;53m▀[0m[38;2;197;191;46m[48;2;188;184;38m▀[0m[38;2;188;184;38m[48;2;252;188;38m▀[0m[38;2;188;184;38m[48;2;252;188;38m▀[0m[38;2;197;191;46m[48;2;188;184;38m▀[0m[38;2;197;191;46m[48;2;197;191;46m▀[0m[38;2;197;191;46m[48;2;197;191;46m▀[0m[38;2;197;191;46m[48;2;197;191;46m▀[0m[38;2;197;191;46m[48;2;197;191;46m▀[0m[38;2;197;191;46m[48;2;197;191;46m▀[0m[38;2;197;191;46m[48;2;7;7;7m▀[0m[38;2;7;7;7m▀     
 [38;2;7;7;7m[48;2;7;7;7m▀[0m[38;2;188;184;38m[48;2;205;199;53m▀[0m[38;2;188;184;38m[48;2;205;199;53m▀[0m[38;2;205;199;53m[48;2;205;199;53m▀[0m[38;2;205;199;53m[48;2;205;199;53m▀[0m[38;2;205;199;53m[48;2;205;199;53m▀[0m[38;2;197;191;46m[48;2;205;199;53m▀[0m[38;2;197;191;46m[48;2;205;199;53m▀[0m[38;2;197;191;46m[48;2;205;199;53m▀[0m[38;2;197;191;46m[48;2;205;199;53m▀[0m[38;2;197;191;46m[48;2;205;199;53m▀[0m[38;2;205;199;53m[48;2;205;199;53m▀[0m[38;2;205;199;53m[48;2;205;199;53m▀[0m[38;2;188;184;38m[48;2;188;184;38m▀[0m[38;2;197;191;46m[48;2;197;191;46m▀[0m[38;2;205;199;53m[48;2;197;191;46m▀[0m[38;2;205;199;53m[48;2;197;191;46m▀[0m[38;2;197;191;46m[48;2;197;191;46m▀[0m[38;2;197;191;46m[48;2;197;191;46m▀[0m[38;2;197;191;46m[48;2;188;184;38m▀[0m[38;2;188;184;38m[48;2;252;188;38m▀[0m[38;2;252;188;38m[48;2;252;188;38m▀[0m[38;2;252;188;38m[48;2;252;188;38m▀[0m[38;2;252;188;38m[48;2;252;188;38m▀[0m[38;2;188;184;38m[48;2;193;192;52m▀[0m[38;2;197;191;46m[48;2;188;184;38m▀[0m[38;2;197;191;46m[48;2;197;191;46m▀[0m[38;2;197;191;46m[48;2;188;184;38m▀[0m[38;2;7;7;7m[48;2;188;184;38m▀[0m[38;2;7;7;7m▄[38;2;7;7;7m▄[38;2;7;7;7m[48;2;205;199;53m▀[0m[38;2;7;7;7m[48;2;205;199;53m▀[0m[38;2;7;7;7m[48;2;205;199;53m▀[0m[38;2;7;7;7m▄ 
  [38;2;7;7;7m▀[38;2;205;199;53m[48;2;7;7;7m▀[0m[38;2;205;199;53m[48;2;188;184;38m▀[0m[38;2;205;199;53m[48;2;188;184;38m▀[0m[38;2;205;199;53m[48;2;188;184;38m▀[0m[38;2;197;191;46m[48;2;252;248;103m▀[0m[38;2;188;184;38m[48;2;197;191;46m▀[0m[38;2;188;184;38m[48;2;197;191;46m▀[0m[38;2;197;191;46m[48;2;188;184;38m▀[0m[38;2;205;199;53m[48;2;205;199;53m▀[0m[38;2;205;199;53m[48;2;205;199;53m▀[0m[38;2;205;199;53m[48;2;205;199;53m▀[0m[38;2;205;199;53m[48;2;205;199;53m▀[0m[38;2;188;184;38m[48;2;205;199;53m▀[0m[38;2;197;191;46m[48;2;188;184;38m▀[0m[38;2;197;191;46m[48;2;188;184;38m▀[0m[38;2;188;184;38m[48;2;238;184;38m▀[0m[38;2;188;184;38m[48;2;238;184;38m▀[0m[38;2;193;192;52m[48;2;188;184;38m▀[0m[38;2;193;192;52m[48;2;188;184;38m▀[0m[38;2;252;188;38m[48;2;252;188;38m▀[0m[38;2;252;188;38m[48;2;252;188;38m▀[0m[38;2;193;192;52m[48;2;193;192;52m▀[0m[38;2;193;192;52m[48;2;252;188;38m▀[0m[38;2;238;184;38m[48;2;238;184;38m▀[0m[38;2;188;184;38m[48;2;188;184;38m▀[0m[38;2;188;184;38m[48;2;205;199;53m▀[0m[38;2;205;199;53m[48;2;205;199;53m▀[0m[38;2;205;199;53m[48;2;197;191;46m▀[0m[38;2;205;199;53m[48;2;197;191;46m▀[0m[38;2;197;191;46m[48;2;205;199;53m▀[0m[38;2;7;7;7m[48;2;7;7;7m▀[0m[38;2;7;7;7m▀  
    [38;2;7;7;7m[48;2;7;7;7m▀[0m[38;2;197;191;46m[48;2;205;199;53m▀[0m[38;2;197;191;46m[48;2;197;191;46m▀[0m[38;2;197;191;46m[48;2;197;191;46m▀[0m[38;2;197;191;46m[48;2;188;184;38m▀[0m[38;2;197;191;46m[48;2;205;199;53m▀[0m[38;2;205;199;53m[48;2;205;199;53m▀[0m[38;2;205;199;53m[48;2;205;199;53m▀[0m[38;2;205;199;53m[48;2;205;199;53m▀[0m[38;2;205;199;53m[48;2;205;199;53m▀[0m[38;2;205;199;53m[48;2;205;199;53m▀[0m[38;2;205;199;53m[48;2;205;199;53m▀[0m[38;2;205;199;53m[48;2;205;199;53m▀[0m[38;2;205;199;53m[48;2;205;199;53m▀[0m[38;2;205;199;53m[48;2;188;184;38m▀[0m[38;2;238;184;38m[48;2;205;199;53m▀[0m[38;2;238;184;38m[48;2;197;191;46m▀[0m[38;2;205;199;53m[48;2;188;184;38m▀[0m[38;2;188;184;38m[48;2;188;184;38m▀[0m[38;2;252;188;38m[48;2;252;188;38m▀[0m[38;2;252;188;38m[48;2;238;184;38m▀[0m[38;2;238;184;38m[48;2;193;192;52m▀[0m[38;2;193;192;52m[48;2;193;192;52m▀[0m[38;2;188;184;38m[48;2;188;184;38m▀[0m[38;2;205;199;53m[48;2;205;199;53m▀[0m[38;2;197;191;46m[48;2;197;191;46m▀[0m[38;2;205;199;53m[48;2;205;199;53m▀[0m[38;2;197;191;46m[48;2;205;199;53m▀[0m[38;2;7;7;7m[48;2;7;7;7m▀[0m    
 [38;2;7;7;7m▄[38;2;7;7;7m▄[38;2;7;7;7m[48;2;205;199;53m▀[0m[38;2;188;184;38m[48;2;188;184;38m▀[0m[38;2;205;199;53m[48;2;197;191;46m▀[0m[38;2;205;199;53m[48;2;205;199;53m▀[0m[38;2;205;199;53m[48;2;252;188;38m▀[0m[38;2;188;184;38m[48;2;205;199;53m▀[0m[38;2;205;199;53m[48;2;188;184;38m▀[0m[38;2;205;199;53m[48;2;205;199;53m▀[0m[38;2;205;199;53m[48;2;205;199;53m▀[0m[38;2;205;199;53m[48;2;205;199;53m▀[0m[38;2;188;184;38m[48;2;197;191;46m▀[0m[38;2;205;199;53m[48;2;188;184;38m▀[0m[38;2;205;199;53m[48;2;197;191;46m▀[0m[38;2;252;188;38m[48;2;205;199;53m▀[0m[38;2;252;188;38m[48;2;252;188;38m▀[0m[38;2;205;199;53m[48;2;252;188;38m▀[0m[38;2;188;184;38m[48;2;205;199;53m▀[0m[38;2;188;184;38m[48;2;205;199;53m▀[0m[38;2;188;184;38m[48;2;188;184;38m▀[0m[38;2;238;184;38m[48;2;188;184;38m▀[0m[38;2;238;184;38m[48;2;238;184;38m▀[0m[38;2;193;192;52m[48;2;238;184;38m▀[0m[38;2;193;192;52m[48;2;238;184;38m▀[0m[38;2;238;184;38m[48;2;193;192;52m▀[0m[38;2;188;184;38m[48;2;188;184;38m▀[0m[38;2;197;191;46m[48;2;197;191;46m▀[0m[38;2;205;199;53m[48;2;197;191;46m▀[0m[38;2;197;191;46m[48;2;7;7;7m▀[0m[38;2;7;7;7m▀     
 [38;2;7;7;7m▀[38;2;205;199;53m[48;2;7;7;7m▀[0m[38;2;205;199;53m[48;2;7;7;7m▀[0m[38;2;205;199;53m[48;2;7;7;7m▀[0m[38;2;188;184;38m[48;2;188;184;38m▀[0m[38;2;238;184;38m[48;2;252;188;38m▀[0m[38;2;252;188;38m[48;2;252;188;38m▀[0m[38;2;205;199;53m[48;2;205;199;53m▀[0m[38;2;197;191;46m[48;2;197;191;46m▀[0m[38;2;188;184;38m[48;2;197;191;46m▀[0m[38;2;188;184;38m[48;2;188;184;38m▀[0m[38;2;252;188;38m[48;2;252;188;38m▀[0m[38;2;197;191;46m[48;2;238;184;38m▀[0m[38;2;197;191;46m[48;2;197;191;46m▀[0m[38;2;188;184;38m[48;2;197;191;46m▀[0m[38;2;197;191;46m[48;2;188;184;38m▀[0m[38;2;197;191;46m[48;2;188;184;38m▀[0m[38;2;238;184;38m[48;2;197;191;46m▀[0m[38;2;252;188;38m[48;2;197;191;46m▀[0m[38;2;197;191;46m[48;2;197;191;46m▀[0m[38;2;197;191;46m[48;2;7;7;7m▀[0m[38;2;197;191;46m[48;2;7;7;7m▀[0m[38;2;188;184;38m[48;2;197;191;46m▀[0m[38;2;238;184;38m[48;2;188;184;38m▀[0m[38;2;188;184;38m[48;2;188;184;38m▀[0m[38;2;188;184;38m[48;2;197;191;46m▀[0m[38;2;197;191;46m[48;2;197;191;46m▀[0m[38;2;197;191;46m[48;2;197;191;46m▀[0m[38;2;197;191;46m[48;2;7;7;7m▀[0m[38;2;7;7;7m▀      
     [38;2;7;7;7m▀[38;2;92;87;87m[48;2;7;7;7m▀[0m[38;2;252;188;38m[48;2;197;191;46m▀[0m[38;2;197;191;46m[48;2;188;184;38m▀[0m[38;2;188;184;38m[48;2;193;192;52m▀[0m[38;2;188;184;38m[48;2;188;184;38m▀[0m[38;2;197;191;46m[48;2;197;191;46m▀[0m[38;2;252;188;38m[48;2;252;188;38m▀[0m[38;2;252;188;38m[48;2;197;191;46m▀[0m[38;2;197;191;46m[48;2;197;191;46m▀[0m[38;2;188;184;38m[48;2;188;184;38m▀[0m[38;2;238;184;38m[48;2;252;188;38m▀[0m[38;2;238;184;38m[48;2;193;192;52m▀[0m[38;2;188;184;38m[48;2;193;192;52m▀[0m[38;2;188;184;38m[48;2;205;199;53m▀[0m[38;2;188;184;38m[48;2;205;199;53m▀[0m[38;2;7;7;7m[48;2;7;7;7m▀[0m [38;2;7;7;7m▀[38;2;197;191;46m[48;2;188;184;38m▀[0m[38;2;197;191;46m[48;2;188;184;38m▀[0m[38;2;197;191;46m[48;2;188;184;38m▀[0m[38;2;197;191;46m[48;2;188;184;38m▀[0m[38;2;7;7;7m[48;2;7;7;7m▀[0m        
     [38;2;7;7;7m▄[38;2;7;7;7m[48;2;238;184;38m▀[0m[38;2;197;191;46m[48;2;188;184;38m▀[0m[38;2;188;184;38m[48;2;238;184;38m▀[0m[38;2;238;184;38m[48;2;238;184;38m▀[0m[38;2;238;184;38m[48;2;238;184;38m▀[0m[38;2;188;184;38m[48;2;7;7;7m▀[0m[38;2;197;191;46m[48;2;7;7;7m▀[0m[38;2;197;191;46m[48;2;197;191;46m▀[0m[38;2;188;184;38m[48;2;188;184;38m▀[0m[38;2;193;192;52m[48;2;252;188;38m▀[0m[38;2;193;192;52m[48;2;193;192;52m▀[0m[38;2;193;192;52m[48;2;252;188;38m▀[0m[38;2;252;188;38m[48;2;252;188;38m▀[0m[38;2;205;199;53m[48;2;205;199;53m▀[0m[38;2;7;7;7m[48;2;7;7;7m▀[0m  [38;2;7;7;7m▄[38;2;7;7;7m[48;2;225;183;37m▀[0m[38;2;238;184;38m[48;2;238;184;38m▀[0m[38;2;238;184;38m[48;2;225;183;37m▀[0m[38;2;238;184;38m[48;2;238;184;38m▀[0m[38;2;238;184;38m[48;2;238;184;38m▀[0m[38;2;7;7;7m[48;2;7;7;7m▀[0m       
     [38;2;7;7;7m▀[38;2;188;184;38m[48;2;7;7;7m▀[0m[38;2;238;184;38m[48;2;7;7;7m▀[0m[38;2;238;184;38m[48;2;7;7;7m▀[0m[38;2;238;184;38m[48;2;7;7;7m▀[0m[38;2;7;7;7m▀ [38;2;7;7;7m▀[38;2;197;191;46m[48;2;7;7;7m▀[0m[38;2;188;184;38m[48;2;252;188;38m▀[0m[38;2;252;188;38m[48;2;252;188;38m▀[0m[38;2;252;188;38m[48;2;252;188;38m▀[0m[38;2;252;188;38m[48;2;252;188;38m▀[0m[38;2;252;188;38m[48;2;252;188;38m▀[0m[38;2;7;7;7m[48;2;7;7;7m▀[0m   [38;2;7;7;7m▀[38;2;188;184;38m[48;2;7;7;7m▀[0m[38;2;238;184;38m[48;2;7;7;7m▀[0m[38;2;225;183;37m[48;2;7;7;7m▀[0m[38;2;238;184;38m[48;2;7;7;7m▀[0m[38;2;7;7;7m▀        
             [38;2;7;7;7m▀[38;2;238;184;38m[48;2;7;7;7m▀[0m[38;2;225;183;37m[48;2;225;183;37m▀[0m[38;2;252;188;38m[48;2;238;184;38m▀[0m[38;2;225;183;37m[48;2;225;183;37m▀[0m[38;2;238;184;38m[48;2;7;7;7m▀[0m[38;2;7;7;7m▀                 
               [38;2;7;7;7m▀[38;2;7;7;7m▀[38;2;7;7;7m▀                   
[0m