           [38;2;0;0;0m▄[38;2;0;0;0m▄[38;2;0;0;0m[48;2;243;230;122m▀[0m[38;2;0;0;0m[48;2;243;230;122m▀[0m[38;2;0;0;0m[48;2;0;0;0m▀[0m            
  [38;2;0;0;0m▄      [38;2;0;0;0m▄[38;2;0;0;0m[48;2;243;230;122m▀[0m[38;2;243;230;122m[48;2;243;230;122m▀[0m[38;2;243;230;122m[48;2;243;230;122m▀[0m[38;2;243;230;122m[48;2;115;115;99m▀[0m[38;2;0;0;0m[48;2;0;0;0m▀[0m             
 [38;2;0;0;0m[48;2;0;0;0m▀[0m[38;2;182;172;87m[48;2;182;172;87m▀[0m[38;2;0;0;0m[48;2;182;172;87m▀[0m[38;2;0;0;0m▄[38;2;0;0;0m▄[38;2;0;0;0m▄[38;2;0;0;0m[48;2;243;230;122m▀[0m[38;2;0;0;0m[48;2;243;230;122m▀[0m[38;2;243;230;122m[48;2;65;65;65m▀[0m[38;2;65;65;65m[48;2;243;230;122m▀[0m[38;2;243;230;122m[48;2;0;0;0m▀[0m[38;2;243;230;122m[48;2;182;172;87m▀[0m[38;2;65;65;65m[48;2;65;65;65m▀[0m[38;2;0;0;0m[48;2;0;0;0m▀[0m             
 [38;2;0;0;0m▀[38;2;182;172;87m[48;2;65;65;65m▀[0m[38;2;115;115;99m[48;2;243;230;122m▀[0m[38;2;243;230;122m[48;2;243;230;122m▀[0m[38;2;243;230;122m[48;2;243;230;122m▀[0m[38;2;243;230;122m[48;2;243;230;122m▀[0m[38;2;243;230;122m[48;2;243;230;122m▀[0m[38;2;65;65;65m[48;2;65;65;65m▀[0m[38;2;243;230;122m[48;2;243;230;122m▀[0m[38;2;243;230;122m[48;2;243;230;122m▀[0m[38;2;0;0;0m[48;2;0;0;0m▀[0m[38;2;65;65;65m[48;2;65;65;65m▀[0m[38;2;0;0;0m[48;2;0;0;0m▀[0m         [38;2;0;0;0m▄[38;2;0;0;0m▄[38;2;0;0;0m[48;2;243;230;122m▀[0m[38;2;0;0;0m[48;2;243;230;122m▀[0m[38;2;0;0;0m▄
 [38;2;0;0;0m[48;2;0;0;0m▀[0m[38;2;0;0;0m[48;2;243;230;122m▀[0m[38;2;243;230;122m[48;2;243;230;122m▀[0m[38;2;243;230;122m[48;2;243;230;122m▀[0m[38;2;243;230;122m[48;2;243;230;122m▀[0m[38;2;243;230;122m[48;2;243;230;122m▀[0m[38;2;65;65;65m[48;2;243;230;122m▀[0m[38;2;243;230;122m[48;2;243;230;122m▀[0m[38;2;243;230;122m[48;2;243;230;122m▀[0m[38;2;243;230;122m[48;2;243;230;122m▀[0m[38;2;0;0;0m[48;2;0;0;0m▀[0m[38;2;0;0;0m▀ [38;2;0;0;0m▄[38;2;0;0;0m[48;2;148;169;217m▀[0m[38;2;0;0;0m[48;2;243;230;122m▀[0m[38;2;0;0;0m▄[38;2;0;0;0m▄[38;2;0;0;0m[48;2;243;230;122m▀[0m[38;2;0;0;0m[48;2;0;0;0m▀[0m[38;2;65;65;65m▄[38;2;0;0;0m[48;2;243;230;122m▀[0m[38;2;243;230;122m[48;2;243;230;122m▀[0m[38;2;243;230;122m[48;2;182;172;87m▀[0m[38;2;243;230;122m[48;2;0;0;0m▀[0m[38;2;0;0;0m▀ 
[38;2;0;0;0m[48;2;0;0;0m▀[0m[38;2;114;135;183m[48;2;148;169;217m▀[0m[38;2;243;230;122m[48;2;114;135;183m▀[0m[38;2;243;230;122m[48;2;243;230;122m▀[0m[38;2;243;230;122m[48;2;243;230;122m▀[0m[38;2;243;230;122m[48;2;243;230;122m▀[0m[38;2;243;230;122m[48;2;243;230;122m▀[0m[38;2;243;230;122m[48;2;221;221;221m▀[0m[38;2;243;230;122m[48;2;65;65;65m▀[0m[38;2;243;230;122m[48;2;243;230;122m▀[0m[38;2;243;230;122m[48;2;243;230;122m▀[0m[38;2;0;0;0m[48;2;65;65;65m▀[0m[38;2;0;0;0m▄[38;2;0;0;0m▄ [38;2;0;0;0m▀[38;2;114;135;183m[48;2;0;0;0m▀[0m[38;2;243;230;122m[48;2;221;221;221m▀[0m[38;2;148;169;217m[48;2;148;169;217m▀[0m[38;2;114;135;183m[48;2;65;65;65m▀[0m[38;2;65;65;65m[48;2;182;172;87m▀[0m[38;2;243;230;122m[48;2;182;172;87m▀[0m[38;2;243;230;122m[48;2;182;172;87m▀[0m[38;2;182;172;87m[48;2;65;65;65m▀[0m[38;2;65;65;65m[48;2;0;0;0m▀[0m[38;2;0;0;0m▀  
[38;2;0;0;0m[48;2;0;0;0m▀[0m[38;2;148;169;217m[48;2;148;169;217m▀[0m[38;2;114;135;183m[48;2;114;135;183m▀[0m[38;2;243;230;122m[48;2;243;230;122m▀[0m[38;2;243;230;122m[48;2;115;115;99m▀[0m[38;2;182;172;87m[48;2;65;65;65m▀[0m[38;2;214;99;66m[48;2;0;0;0m▀[0m[38;2;221;221;221m[48;2;0;0;0m▀[0m[38;2;65;65;65m[48;2;221;221;221m▀[0m[38;2;243;230;122m[48;2;182;172;87m▀[0m[38;2;65;65;65m[48;2;65;65;65m▀[0m[38;2;65;65;65m[48;2;182;172;87m▀[0m[38;2;95;116;164m[48;2;65;65;65m▀[0m[38;2;114;135;183m[48;2;65;65;65m▀[0m[38;2;0;0;0m[48;2;148;169;217m▀[0m[38;2;0;0;0m[48;2;148;169;217m▀[0m[38;2;148;169;217m[48;2;114;135;183m▀[0m[38;2;148;169;217m[48;2;65;65;65m▀[0m[38;2;148;169;217m[48;2;148;169;217m▀[0m[38;2;65;65;65m[48;2;114;135;183m▀[0m[38;2;182;172;87m[48;2;65;65;65m▀[0m[38;2;182;172;87m[48;2;65;65;65m▀[0m[38;2;65;65;65m[48;2;65;65;65m▀[0m[38;2;65;65;65m[48;2;0;0;0m▀[0m[38;2;0;0;0m▀   
 [38;2;0;0;0m▀[38;2;0;0;0m▀[38;2;0;0;0m▀[38;2;65;65;65m[48;2;0;0;0m▀[0m[38;2;0;0;0m[48;2;182;172;87m▀[0m[38;2;0;0;0m[48;2;243;230;122m▀[0m[38;2;65;65;65m[48;2;243;230;122m▀[0m[38;2;182;172;87m[48;2;65;65;65m▀[0m[38;2;182;172;87m[48;2;65;65;65m▀[0m[38;2;65;65;65m[48;2;182;172;87m▀[0m[38;2;243;230;122m[48;2;243;230;122m▀[0m[38;2;243;230;122m[48;2;243;230;122m▀[0m[38;2;95;116;164m[48;2;243;230;122m▀[0m[38;2;65;65;65m[48;2;65;65;65m▀[0m[38;2;114;135;183m[48;2;148;169;217m▀[0m[38;2;65;65;65m[48;2;65;65;65m▀[0m[38;2;182;172;87m[48;2;182;172;87m▀[0m[38;2;65;65;65m[48;2;65;65;65m▀[0m[38;2;148;169;217m[48;2;243;230;122m▀[0m[38;2;65;65;65m[48;2;65;65;65m▀[0m[38;2;182;172;87m[48;2;182;172;87m▀[0m[38;2;0;0;0m[48;2;65;65;65m▀[0m[38;2;0;0;0m▄    
     [38;2;0;0;0m▀[38;2;0;0;0m[48;2;0;0;0m▀[0m[38;2;65;65;65m[48;2;182;172;87m▀[0m[38;2;0;0;0m[48;2;243;230;122m▀[0m[38;2;182;172;87m[48;2;182;172;87m▀[0m[38;2;243;230;122m[48;2;243;230;122m▀[0m[38;2;243;230;122m[48;2;243;230;122m▀[0m[38;2;243;230;122m[48;2;115;115;99m▀[0m[38;2;115;115;99m[48;2;148;169;217m▀[0m[38;2;114;135;183m[48;2;148;169;217m▀[0m[38;2;148;169;217m[48;2;65;65;65m▀[0m[38;2;148;169;217m[48;2;148;169;217m▀[0m[38;2;65;65;65m[48;2;65;65;65m▀[0m[38;2;114;135;183m[48;2;148;169;217m▀[0m[38;2;148;169;217m[48;2;114;135;183m▀[0m[38;2;65;65;65m[48;2;65;65;65m▀[0m[38;2;182;172;87m[48;2;115;115;99m▀[0m[38;2;182;172;87m[48;2;182;172;87m▀[0m[38;2;182;172;87m[48;2;0;0;0m▀[0m[38;2;0;0;0m▀   
    [38;2;0;0;0m▄[38;2;0;0;0m[48;2;182;172;87m▀[0m[38;2;182;172;87m[48;2;65;65;65m▀[0m[38;2;65;65;65m[48;2;115;115;99m▀[0m[38;2;182;172;87m[48;2;115;115;99m▀[0m[38;2;115;115;99m[48;2;65;65;65m▀[0m[38;2;243;230;122m[48;2;243;230;122m▀[0m[38;2;243;230;122m[48;2;243;230;122m▀[0m[38;2;182;172;87m[48;2;243;230;122m▀[0m[38;2;65;65;65m[48;2;182;172;87m▀[0m[38;2;65;65;65m[48;2;0;0;0m▀[0m[38;2;115;115;99m[48;2;95;116;164m▀[0m[38;2;114;135;183m[48;2;0;0;0m▀[0m[38;2;114;135;183m[48;2;221;221;221m▀[0m[38;2;148;169;217m[48;2;148;169;217m▀[0m[38;2;65;65;65m[48;2;65;65;65m▀[0m[38;2;182;172;87m[48;2;182;172;87m▀[0m[38;2;182;172;87m[48;2;95;116;164m▀[0m[38;2;0;0;0m[48;2;182;172;87m▀[0m[38;2;0;0;0m▄    
    [38;2;0;0;0m▀[38;2;115;115;99m[48;2;0;0;0m▀[0m[38;2;65;65;65m[48;2;114;135;183m▀[0m[38;2;115;115;99m[48;2;65;65;65m▀[0m[38;2;115;115;99m[48;2;65;65;65m▀[0m[38;2;65;65;65m[48;2;243;230;122m▀[0m[38;2;182;172;87m[48;2;115;115;99m▀[0m[38;2;243;230;122m[48;2;115;115;99m▀[0m[38;2;65;65;65m[48;2;243;230;122m▀[0m[38;2;0;0;0m[48;2;0;0;0m▀[0m [38;2;0;0;0m▀[38;2;65;65;65m[48;2;0;0;0m▀[0m[38;2;198;198;198m[48;2;148;169;217m▀[0m[38;2;148;169;217m[48;2;0;0;0m▀[0m[38;2;114;135;183m[48;2;148;169;217m▀[0m[38;2;65;65;65m[48;2;65;65;65m▀[0m[38;2;114;135;183m[48;2;0;0;0m▀[0m[38;2;95;116;164m[48;2;114;135;183m▀[0m[38;2;0;0;0m[48;2;0;0;0m▀[0m    
     [38;2;0;0;0m▀[38;2;114;135;183m[48;2;0;0;0m▀[0m[38;2;0;0;0m▀[38;2;0;0;0m[48;2;0;0;0m▀[0m[38;2;114;135;183m[48;2;148;169;217m▀[0m[38;2;243;230;122m[48;2;114;135;183m▀[0m[38;2;182;172;87m[48;2;182;172;87m▀[0m[38;2;0;0;0m[48;2;0;0;0m▀[0m    [38;2;0;0;0m▀ [38;2;0;0;0m▀[38;2;0;0;0m▀ [38;2;0;0;0m▀[38;2;0;0;0m▀    
         [38;2;0;0;0m[48;2;0;0;0m▀[0m[38;2;148;169;217m[48;2;148;169;217m▀[0m[38;2;0;0;0m[48;2;0;0;0m▀[0m                
          [38;2;0;0;0m▀                 
[0m