           [38;2;0;0;0m▄[38;2;0;0;0m▄[38;2;0;0;0m[48;2;243;230;122m▀[0m[38;2;0;0;0m[48;2;243;230;122m▀[0m[38;2;0;0;0m[48;2;0;0;0m▀[0m            
  [38;2;0;0;0m▄      [38;2;0;0;0m▄[38;2;0;0;0m[48;2;243;230;122m▀[0m[38;2;243;230;122m[48;2;243;230;122m▀[0m[38;2;243;230;122m[48;2;243;230;122m▀[0m[38;2;243;230;122m[48;2;115;115;99m▀[0m[38;2;0;0;0m[48;2;0;0;0m▀[0m             
 [38;2;0;0;0m[48;2;0;0;0m▀[0m[38;2;182;172;87m[48;2;182;172;87m▀[0m[38;2;0;0;0m[48;2;182;172;87m▀[0m[38;2;0;0;0m▄[38;2;0;0;0m▄[38;2;0;0;0m▄[38;2;0;0;0m[48;2;243;230;122m▀[0m[38;2;0;0;0m[48;2;243;230;122m▀[0m[38;2;243;230;122m[48;2;65;65;65m▀[0m[38;2;65;65;65m[48;2;243;230;122m▀[0m[38;2;243;230;122m[48;2;0;0;0m▀[0m[38;2;243;230;122m[48;2;182;172;87m▀[0m[38;2;65;65;65m[48;2;65;65;65m▀[0m[38;2;0;0;0m[48;2;0;0;0m▀[0m             
 [38;2;0;0;0m▀[38;2;182;172;87m[48;2;65;65;65m▀[0m[38;2;115;115;99m[48;2;243;230;122m▀[0m[38;2;243;230;122m[48;2;243;230;122m▀[0m[38;2;243;230;122m[48;2;243;230;122m▀[0m[38;2;243;230;122m[48;2;243;230;122m▀[0m[38;2;243;230;122m[48;2;243;230;122m▀[0m[38;2;65;65;65m[48;2;65;65;65m▀[0m[38;2;243;230;122m[48;2;243;230;122m▀[0m[38;2;243;230;122m[48;2;243;230;122m▀[0m[38;2;0;0;0m[48;2;0;0;0m▀[0m[38;2;65;65;65m[48;2;65;65;65m▀[0m[38;2;0;0;0m[48;2;0;0;0m▀[0m         [38;2;0;0;0m▄[38;2;0;0;0m▄[38;2;0;0;0m[48;2;243;230;122m▀[0m[38;2;0;0;0m[48;2;243;230;122m▀[0m[38;2;0;0;0m▄
 [38;2;0;0;0m[48;2;0;0;0m▀[0m[38;2;0;0;0m[48;2;243;230;122m▀[0m[38;2;243;230;122m[48;2;243;230;122m▀[0m[38;2;243;230;122m[48;2;243;230;122m▀[0m[38;2;243;230;122m[48;2;243;230;122m▀[0m[38;2;243;230;122m[48;2;243;230;122m▀[0m[38;2;65;65;65m[48;2;243;230;122m▀[0m[38;2;243;230;122m[48;2;243;230;122m▀[0m[38;2;243;230;122m[48;2;243;230;122m▀[0m[38;2;243;230;122m[48;2;243;230;122m▀[0m[38;2;0;0;0m[48;2;0;0;0m▀[0m[38;2;0;0;0m▀ [38;2;0;0;0m▄[38;2;0;0;0m[48;2;170;129;210m▀[0m[38;2;0;0;0m[48;2;243;230;122m▀[0m[38;2;0;0;0m▄[38;2;0;0;0m▄[38;2;0;0;0m[48;2;243;230;122m▀[0m[38;2;0;0;0m[48;2;0;0;0m▀[0m[38;2;65;65;65m▄[38;2;0;0;0m[48;2;243;230;122m▀[0m[38;2;243;230;122m[48;2;243;230;122m▀[0m[38;2;243;230;122m[48;2;182;172;87m▀[0m[38;2;243;230;122m[48;2;0;0;0m▀[0m[38;2;0;0;0m▀ 
[38;2;0;0;0m[48;2;0;0;0m▀[0m[38;2;123;82;163m[48;2;170;129;210m▀[0m[38;2;243;230;122m[48;2;123;82;163m▀[0m[38;2;243;230;122m[48;2;243;230;122m▀[0m[38;2;243;230;122m[48;2;243;230;122m▀[0m[38;2;243;230;122m[48;2;243;230;122m▀[0m[38;2;243;230;122m[48;2;243;230;122m▀[0m[38;2;243;230;122m[48;2;247;92;87m▀[0m[38;2;243;230;122m[48;2;65;65;65m▀[0m[38;2;243;230;122m[48;2;243;230;122m▀[0m[38;2;243;230;122m[48;2;243;230;122m▀[0m[38;2;0;0;0m[48;2;65;65;65m▀[0m[38;2;0;0;0m▄[38;2;0;0;0m▄ [38;2;0;0;0m▀[38;2;123;82;163m[48;2;0;0;0m▀[0m[38;2;243;230;122m[48;2;247;92;87m▀[0m[38;2;170;129;210m[48;2;170;129;210m▀[0m[38;2;123;82;163m[48;2;65;65;65m▀[0m[38;2;65;65;65m[48;2;182;172;87m▀[0m[38;2;243;230;122m[48;2;182;172;87m▀[0m[38;2;243;230;122m[48;2;182;172;87m▀[0m[38;2;182;172;87m[48;2;65;65;65m▀[0m[38;2;65;65;65m[48;2;0;0;0m▀[0m[38;2;0;0;0m▀  
[38;2;0;0;0m[48;2;0;0;0m▀[0m[38;2;170;129;210m[48;2;170;129;210m▀[0m[38;2;123;82;163m[48;2;123;82;163m▀[0m[38;2;243;230;122m[48;2;243;230;122m▀[0m[38;2;243;230;122m[48;2;115;115;99m▀[0m[38;2;182;172;87m[48;2;65;65;65m▀[0m[38;2;221;149;1m[48;2;0;0;0m▀[0m[38;2;247;92;87m[48;2;0;0;0m▀[0m[38;2;65;65;65m[48;2;247;92;87m▀[0m[38;2;243;230;122m[48;2;182;172;87m▀[0m[38;2;65;65;65m[48;2;65;65;65m▀[0m[38;2;65;65;65m[48;2;182;172;87m▀[0m[38;2;101;60;141m[48;2;65;65;65m▀[0m[38;2;123;82;163m[48;2;65;65;65m▀[0m[38;2;0;0;0m[48;2;170;129;210m▀[0m[38;2;0;0;0m[48;2;170;129;210m▀[0m[38;2;170;129;210m[48;2;123;82;163m▀[0m[38;2;170;129;210m[48;2;65;65;65m▀[0m[38;2;170;129;210m[48;2;170;129;210m▀[0m[38;2;65;65;65m[48;2;123;82;163m▀[0m[38;2;182;172;87m[48;2;65;65;65m▀[0m[38;2;182;172;87m[48;2;65;65;65m▀[0m[38;2;65;65;65m[48;2;65;65;65m▀[0m[38;2;65;65;65m[48;2;0;0;0m▀[0m[38;2;0;0;0m▀   
 [38;2;0;0;0m▀[38;2;0;0;0m▀[38;2;0;0;0m▀[38;2;65;65;65m[48;2;0;0;0m▀[0m[38;2;0;0;0m[48;2;182;172;87m▀[0m[38;2;0;0;0m[48;2;243;230;122m▀[0m[38;2;65;65;65m[48;2;243;230;122m▀[0m[38;2;182;172;87m[48;2;65;65;65m▀[0m[38;2;182;172;87m[48;2;65;65;65m▀[0m[38;2;65;65;65m[48;2;182;172;87m▀[0m[38;2;243;230;122m[48;2;243;230;122m▀[0m[38;2;243;230;122m[48;2;243;230;122m▀[0m[38;2;101;60;141m[48;2;243;230;122m▀[0m[38;2;65;65;65m[48;2;65;65;65m▀[0m[38;2;123;82;163m[48;2;170;129;210m▀[0m[38;2;65;65;65m[48;2;65;65;65m▀[0m[38;2;182;172;87m[48;2;182;172;87m▀[0m[38;2;65;65;65m[48;2;65;65;65m▀[0m[38;2;170;129;210m[48;2;243;230;122m▀[0m[38;2;65;65;65m[48;2;65;65;65m▀[0m[38;2;182;172;87m[48;2;182;172;87m▀[0m[38;2;0;0;0m[48;2;65;65;65m▀[0m[38;2;0;0;0m▄    
     [38;2;0;0;0m▀[38;2;0;0;0m[48;2;0;0;0m▀[0m[38;2;65;65;65m[48;2;182;172;87m▀[0m[38;2;0;0;0m[48;2;243;230;122m▀[0m[38;2;182;172;87m[48;2;182;172;87m▀[0m[38;2;243;230;122m[48;2;243;230;122m▀[0m[38;2;243;230;122m[48;2;243;230;122m▀[0m[38;2;243;230;122m[48;2;115;115;99m▀[0m[38;2;115;115;99m[48;2;170;129;210m▀[0m[38;2;123;82;163m[48;2;170;129;210m▀[0m[38;2;170;129;210m[48;2;65;65;65m▀[0m[38;2;170;129;210m[48;2;170;129;210m▀[0m[38;2;65;65;65m[48;2;65;65;65m▀[0m[38;2;123;82;163m[48;2;170;129;210m▀[0m[38;2;170;129;210m[48;2;123;82;163m▀[0m[38;2;65;65;65m[48;2;65;65;65m▀[0m[38;2;182;172;87m[48;2;115;115;99m▀[0m[38;2;182;172;87m[48;2;182;172;87m▀[0m[38;2;182;172;87m[48;2;0;0;0m▀[0m[38;2;0;0;0m▀   
    [38;2;0;0;0m▄[38;2;0;0;0m[48;2;182;172;87m▀[0m[38;2;182;172;87m[48;2;65;65;65m▀[0m[38;2;65;65;65m[48;2;106;89;109m▀[0m[38;2;182;172;87m[48;2;106;89;109m▀[0m[38;2;106;89;109m[48;2;65;65;65m▀[0m[38;2;243;230;122m[48;2;243;230;122m▀[0m[38;2;243;230;122m[48;2;243;230;122m▀[0m[38;2;182;172;87m[48;2;243;230;122m▀[0m[38;2;65;65;65m[48;2;182;172;87m▀[0m[38;2;65;65;65m[48;2;0;0;0m▀[0m[38;2;106;89;109m[48;2;101;60;141m▀[0m[38;2;123;82;163m[48;2;0;0;0m▀[0m[38;2;123;82;163m[48;2;247;92;87m▀[0m[38;2;170;129;210m[48;2;170;129;210m▀[0m[38;2;65;65;65m[48;2;65;65;65m▀[0m[38;2;182;172;87m[48;2;182;172;87m▀[0m[38;2;182;172;87m[48;2;101;60;141m▀[0m[38;2;0;0;0m[48;2;182;172;87m▀[0m[38;2;0;0;0m▄    
    [38;2;0;0;0m▀[38;2;106;89;109m[48;2;0;0;0m▀[0m[38;2;65;65;65m[48;2;123;82;163m▀[0m[38;2;106;89;109m[48;2;65;65;65m▀[0m[38;2;106;89;109m[48;2;65;65;65m▀[0m[38;2;65;65;65m[48;2;243;230;122m▀[0m[38;2;182;172;87m[48;2;115;115;99m▀[0m[38;2;243;230;122m[48;2;115;115;99m▀[0m[38;2;65;65;65m[48;2;243;230;122m▀[0m[38;2;0;0;0m[48;2;0;0;0m▀[0m [38;2;0;0;0m▀[38;2;65;65;65m[48;2;0;0;0m▀[0m[38;2;215;60;55m[48;2;170;129;210m▀[0m[38;2;170;129;210m[48;2;0;0;0m▀[0m[38;2;123;82;163m[48;2;170;129;210m▀[0m[38;2;65;65;65m[48;2;65;65;65m▀[0m[38;2;123;82;163m[48;2;0;0;0m▀[0m[38;2;101;60;141m[48;2;123;82;163m▀[0m[38;2;0;0;0m[48;2;0;0;0m▀[0m    
     [38;2;0;0;0m▀[38;2;123;82;163m[48;2;0;0;0m▀[0m[38;2;0;0;0m▀[38;2;0;0;0m[48;2;0;0;0m▀[0m[38;2;123;82;163m[48;2;170;129;210m▀[0m[38;2;243;230;122m[48;2;123;82;163m▀[0m[38;2;182;172;87m[48;2;182;172;87m▀[0m[38;2;0;0;0m[48;2;0;0;0m▀[0m    [38;2;0;0;0m▀ [38;2;0;0;0m▀[38;2;0;0;0m▀ [38;2;0;0;0m▀[38;2;0;0;0m▀    
         [38;2;0;0;0m[48;2;0;0;0m▀[0m[38;2;170;129;210m[48;2;170;129;210m▀[0m[38;2;0;0;0m[48;2;0;0;0m▀[0m                
          [38;2;0;0;0m▀                 
[0m