           [38;2;0;0;0m▄[38;2;0;0;0m▄[38;2;0;0;0m[48;2;243;230;122m▀[0m[38;2;0;0;0m[48;2;243;230;122m▀[0m[38;2;0;0;0m[48;2;0;0;0m▀[0m            
  [38;2;0;0;0m▄      [38;2;0;0;0m▄[38;2;0;0;0m[48;2;243;230;122m▀[0m[38;2;243;230;122m[48;2;243;230;122m▀[0m[38;2;243;230;122m[48;2;243;230;122m▀[0m[38;2;243;230;122m[48;2;115;115;99m▀[0m[38;2;0;0;0m[48;2;0;0;0m▀[0m             
 [38;2;0;0;0m[48;2;0;0;0m▀[0m[38;2;182;172;87m[48;2;182;172;87m▀[0m[38;2;0;0;0m[48;2;182;172;87m▀[0m[38;2;0;0;0m▄[38;2;0;0;0m▄[38;2;0;0;0m▄[38;2;0;0;0m[48;2;243;230;122m▀[0m[38;2;0;0;0m[48;2;243;230;122m▀[0m[38;2;243;230;122m[48;2;65;65;65m▀[0m[38;2;65;65;65m[48;2;243;230;122m▀[0m[38;2;243;230;122m[48;2;0;0;0m▀[0m[38;2;243;230;122m[48;2;182;172;87m▀[0m[38;2;65;65;65m[48;2;65;65;65m▀[0m[38;2;0;0;0m[48;2;0;0;0m▀[0m             
 [38;2;0;0;0m▀[38;2;182;172;87m[48;2;65;65;65m▀[0m[38;2;115;115;99m[48;2;243;230;122m▀[0m[38;2;243;230;122m[48;2;243;230;122m▀[0m[38;2;243;230;122m[48;2;243;230;122m▀[0m[38;2;243;230;122m[48;2;243;230;122m▀[0m[38;2;243;230;122m[48;2;243;230;122m▀[0m[38;2;65;65;65m[48;2;65;65;65m▀[0m[38;2;243;230;122m[48;2;243;230;122m▀[0m[38;2;243;230;122m[48;2;243;230;122m▀[0m[38;2;0;0;0m[48;2;0;0;0m▀[0m[38;2;65;65;65m[48;2;65;65;65m▀[0m[38;2;0;0;0m[48;2;0;0;0m▀[0m         [38;2;0;0;0m▄[38;2;0;0;0m▄[38;2;0;0;0m[48;2;243;230;122m▀[0m[38;2;0;0;0m[48;2;243;230;122m▀[0m[38;2;0;0;0m▄
 [38;2;0;0;0m[48;2;0;0;0m▀[0m[38;2;0;0;0m[48;2;243;230;122m▀[0m[38;2;243;230;122m[48;2;243;230;122m▀[0m[38;2;243;230;122m[48;2;243;230;122m▀[0m[38;2;243;230;122m[48;2;243;230;122m▀[0m[38;2;243;230;122m[48;2;243;230;122m▀[0m[38;2;65;65;65m[48;2;243;230;122m▀[0m[38;2;243;230;122m[48;2;243;230;122m▀[0m[38;2;243;230;122m[48;2;243;230;122m▀[0m[38;2;243;230;122m[48;2;243;230;122m▀[0m[38;2;0;0;0m[48;2;0;0;0m▀[0m[38;2;0;0;0m▀ [38;2;0;0;0m▄[38;2;0;0;0m[48;2;146;167;59m▀[0m[38;2;0;0;0m[48;2;243;230;122m▀[0m[38;2;0;0;0m▄[38;2;0;0;0m▄[38;2;0;0;0m[48;2;243;230;122m▀[0m[38;2;0;0;0m[48;2;0;0;0m▀[0m[38;2;65;65;65m▄[38;2;0;0;0m[48;2;243;230;122m▀[0m[38;2;243;230;122m[48;2;243;230;122m▀[0m[38;2;243;230;122m[48;2;182;172;87m▀[0m[38;2;243;230;122m[48;2;0;0;0m▀[0m[38;2;0;0;0m▀ 
[38;2;0;0;0m[48;2;0;0;0m▀[0m[38;2;93;125;12m[48;2;146;167;59m▀[0m[38;2;243;230;122m[48;2;93;125;12m▀[0m[38;2;243;230;122m[48;2;243;230;122m▀[0m[38;2;243;230;122m[48;2;243;230;122m▀[0m[38;2;243;230;122m[48;2;243;230;122m▀[0m[38;2;243;230;122m[48;2;243;230;122m▀[0m[38;2;243;230;122m[48;2;212;133;156m▀[0m[38;2;243;230;122m[48;2;65;65;65m▀[0m[38;2;243;230;122m[48;2;243;230;122m▀[0m[38;2;243;230;122m[48;2;243;230;122m▀[0m[38;2;0;0;0m[48;2;65;65;65m▀[0m[38;2;0;0;0m▄[38;2;0;0;0m▄ [38;2;0;0;0m▀[38;2;93;125;12m[48;2;0;0;0m▀[0m[38;2;243;230;122m[48;2;212;133;156m▀[0m[38;2;146;167;59m[48;2;146;167;59m▀[0m[38;2;93;125;12m[48;2;65;65;65m▀[0m[38;2;65;65;65m[48;2;182;172;87m▀[0m[38;2;243;230;122m[48;2;182;172;87m▀[0m[38;2;243;230;122m[48;2;182;172;87m▀[0m[38;2;182;172;87m[48;2;65;65;65m▀[0m[38;2;65;65;65m[48;2;0;0;0m▀[0m[38;2;0;0;0m▀  
[38;2;0;0;0m[48;2;0;0;0m▀[0m[38;2;146;167;59m[48;2;146;167;59m▀[0m[38;2;93;125;12m[48;2;93;125;12m▀[0m[38;2;243;230;122m[48;2;243;230;122m▀[0m[38;2;243;230;122m[48;2;115;115;99m▀[0m[38;2;182;172;87m[48;2;65;65;65m▀[0m[38;2;102;118;19m[48;2;0;0;0m▀[0m[38;2;212;133;156m[48;2;0;0;0m▀[0m[38;2;65;65;65m[48;2;212;133;156m▀[0m[38;2;243;230;122m[48;2;182;172;87m▀[0m[38;2;65;65;65m[48;2;65;65;65m▀[0m[38;2;65;65;65m[48;2;182;172;87m▀[0m[38;2;65;95;1m[48;2;65;65;65m▀[0m[38;2;93;125;12m[48;2;65;65;65m▀[0m[38;2;0;0;0m[48;2;146;167;59m▀[0m[38;2;0;0;0m[48;2;146;167;59m▀[0m[38;2;146;167;59m[48;2;93;125;12m▀[0m[38;2;146;167;59m[48;2;65;65;65m▀[0m[38;2;146;167;59m[48;2;146;167;59m▀[0m[38;2;65;65;65m[48;2;93;125;12m▀[0m[38;2;182;172;87m[48;2;65;65;65m▀[0m[38;2;182;172;87m[48;2;65;65;65m▀[0m[38;2;65;65;65m[48;2;65;65;65m▀[0m[38;2;65;65;65m[48;2;0;0;0m▀[0m[38;2;0;0;0m▀   
 [38;2;0;0;0m▀[38;2;0;0;0m▀[38;2;0;0;0m▀[38;2;65;65;65m[48;2;0;0;0m▀[0m[38;2;0;0;0m[48;2;182;172;87m▀[0m[38;2;0;0;0m[48;2;243;230;122m▀[0m[38;2;65;65;65m[48;2;243;230;122m▀[0m[38;2;182;172;87m[48;2;65;65;65m▀[0m[38;2;182;172;87m[48;2;65;65;65m▀[0m[38;2;65;65;65m[48;2;182;172;87m▀[0m[38;2;243;230;122m[48;2;243;230;122m▀[0m[38;2;243;230;122m[48;2;243;230;122m▀[0m[38;2;65;95;1m[48;2;243;230;122m▀[0m[38;2;65;65;65m[48;2;65;65;65m▀[0m[38;2;93;125;12m[48;2;146;167;59m▀[0m[38;2;65;65;65m[48;2;65;65;65m▀[0m[38;2;182;172;87m[48;2;182;172;87m▀[0m[38;2;65;65;65m[48;2;65;65;65m▀[0m[38;2;146;167;59m[48;2;243;230;122m▀[0m[38;2;65;65;65m[48;2;65;65;65m▀[0m[38;2;182;172;87m[48;2;182;172;87m▀[0m[38;2;0;0;0m[48;2;65;65;65m▀[0m[38;2;0;0;0m▄    
     [38;2;0;0;0m▀[38;2;0;0;0m[48;2;0;0;0m▀[0m[38;2;65;65;65m[48;2;182;172;87m▀[0m[38;2;0;0;0m[48;2;243;230;122m▀[0m[38;2;182;172;87m[48;2;182;172;87m▀[0m[38;2;243;230;122m[48;2;243;230;122m▀[0m[38;2;243;230;122m[48;2;243;230;122m▀[0m[38;2;243;230;122m[48;2;115;115;99m▀[0m[38;2;115;115;99m[48;2;146;167;59m▀[0m[38;2;93;125;12m[48;2;146;167;59m▀[0m[38;2;146;167;59m[48;2;65;65;65m▀[0m[38;2;146;167;59m[48;2;146;167;59m▀[0m[38;2;65;65;65m[48;2;65;65;65m▀[0m[38;2;93;125;12m[48;2;146;167;59m▀[0m[38;2;146;167;59m[48;2;93;125;12m▀[0m[38;2;65;65;65m[48;2;65;65;65m▀[0m[38;2;182;172;87m[48;2;115;115;99m▀[0m[38;2;182;172;87m[48;2;182;172;87m▀[0m[38;2;182;172;87m[48;2;0;0;0m▀[0m[38;2;0;0;0m▀   
    [38;2;0;0;0m▄[38;2;0;0;0m[48;2;182;172;87m▀[0m[38;2;182;172;87m[48;2;65;65;65m▀[0m[38;2;65;65;65m[48;2;115;115;99m▀[0m[38;2;182;172;87m[48;2;115;115;99m▀[0m[38;2;115;115;99m[48;2;65;65;65m▀[0m[38;2;243;230;122m[48;2;243;230;122m▀[0m[38;2;243;230;122m[48;2;243;230;122m▀[0m[38;2;182;172;87m[48;2;243;230;122m▀[0m[38;2;65;65;65m[48;2;182;172;87m▀[0m[38;2;65;65;65m[48;2;0;0;0m▀[0m[38;2;115;115;99m[48;2;65;95;1m▀[0m[38;2;93;125;12m[48;2;0;0;0m▀[0m[38;2;93;125;12m[48;2;212;133;156m▀[0m[38;2;146;167;59m[48;2;146;167;59m▀[0m[38;2;65;65;65m[48;2;65;65;65m▀[0m[38;2;182;172;87m[48;2;182;172;87m▀[0m[38;2;182;172;87m[48;2;65;95;1m▀[0m[38;2;0;0;0m[48;2;182;172;87m▀[0m[38;2;0;0;0m▄    
    [38;2;0;0;0m▀[38;2;115;115;99m[48;2;0;0;0m▀[0m[38;2;65;65;65m[48;2;93;125;12m▀[0m[38;2;115;115;99m[48;2;65;65;65m▀[0m[38;2;115;115;99m[48;2;65;65;65m▀[0m[38;2;65;65;65m[48;2;243;230;122m▀[0m[38;2;182;172;87m[48;2;115;115;99m▀[0m[38;2;243;230;122m[48;2;115;115;99m▀[0m[38;2;65;65;65m[48;2;243;230;122m▀[0m[38;2;0;0;0m[48;2;0;0;0m▀[0m [38;2;0;0;0m▀[38;2;65;65;65m[48;2;0;0;0m▀[0m[38;2;184;105;128m[48;2;146;167;59m▀[0m[38;2;146;167;59m[48;2;0;0;0m▀[0m[38;2;93;125;12m[48;2;146;167;59m▀[0m[38;2;65;65;65m[48;2;65;65;65m▀[0m[38;2;93;125;12m[48;2;0;0;0m▀[0m[38;2;65;95;1m[48;2;93;125;12m▀[0m[38;2;0;0;0m[48;2;0;0;0m▀[0m    
     [38;2;0;0;0m▀[38;2;93;125;12m[48;2;0;0;0m▀[0m[38;2;0;0;0m▀[38;2;0;0;0m[48;2;0;0;0m▀[0m[38;2;93;125;12m[48;2;146;167;59m▀[0m[38;2;243;230;122m[48;2;93;125;12m▀[0m[38;2;182;172;87m[48;2;182;172;87m▀[0m[38;2;0;0;0m[48;2;0;0;0m▀[0m    [38;2;0;0;0m▀ [38;2;0;0;0m▀[38;2;0;0;0m▀ [38;2;0;0;0m▀[38;2;0;0;0m▀    
         [38;2;0;0;0m[48;2;0;0;0m▀[0m[38;2;146;167;59m[48;2;146;167;59m▀[0m[38;2;0;0;0m[48;2;0;0;0m▀[0m                
          [38;2;0;0;0m▀                 
[0m