           [38;2;0;0;0m▄[38;2;0;0;0m▄[38;2;0;0;0m[48;2;243;230;122m▀[0m[38;2;0;0;0m[48;2;243;230;122m▀[0m[38;2;0;0;0m[48;2;0;0;0m▀[0m            
  [38;2;0;0;0m▄      [38;2;0;0;0m▄[38;2;0;0;0m[48;2;243;230;122m▀[0m[38;2;243;230;122m[48;2;243;230;122m▀[0m[38;2;243;230;122m[48;2;243;230;122m▀[0m[38;2;243;230;122m[48;2;115;115;99m▀[0m[38;2;0;0;0m[48;2;0;0;0m▀[0m             
 [38;2;0;0;0m[48;2;0;0;0m▀[0m[38;2;182;172;87m[48;2;182;172;87m▀[0m[38;2;0;0;0m[48;2;182;172;87m▀[0m[38;2;0;0;0m▄[38;2;0;0;0m▄[38;2;0;0;0m▄[38;2;0;0;0m[48;2;243;230;122m▀[0m[38;2;0;0;0m[48;2;243;230;122m▀[0m[38;2;243;230;122m[48;2;65;65;65m▀[0m[38;2;65;65;65m[48;2;243;230;122m▀[0m[38;2;243;230;122m[48;2;0;0;0m▀[0m[38;2;243;230;122m[48;2;182;172;87m▀[0m[38;2;65;65;65m[48;2;65;65;65m▀[0m[38;2;0;0;0m[48;2;0;0;0m▀[0m             
 [38;2;0;0;0m▀[38;2;182;172;87m[48;2;65;65;65m▀[0m[38;2;115;115;99m[48;2;243;230;122m▀[0m[38;2;243;230;122m[48;2;243;230;122m▀[0m[38;2;243;230;122m[48;2;243;230;122m▀[0m[38;2;243;230;122m[48;2;243;230;122m▀[0m[38;2;243;230;122m[48;2;243;230;122m▀[0m[38;2;65;65;65m[48;2;65;65;65m▀[0m[38;2;243;230;122m[48;2;243;230;122m▀[0m[38;2;243;230;122m[48;2;243;230;122m▀[0m[38;2;0;0;0m[48;2;0;0;0m▀[0m[38;2;65;65;65m[48;2;65;65;65m▀[0m[38;2;0;0;0m[48;2;0;0;0m▀[0m         [38;2;0;0;0m▄[38;2;0;0;0m▄[38;2;0;0;0m[48;2;243;230;122m▀[0m[38;2;0;0;0m[48;2;243;230;122m▀[0m[38;2;0;0;0m▄
 [38;2;0;0;0m[48;2;0;0;0m▀[0m[38;2;0;0;0m[48;2;243;230;122m▀[0m[38;2;243;230;122m[48;2;243;230;122m▀[0m[38;2;243;230;122m[48;2;243;230;122m▀[0m[38;2;243;230;122m[48;2;243;230;122m▀[0m[38;2;243;230;122m[48;2;243;230;122m▀[0m[38;2;65;65;65m[48;2;243;230;122m▀[0m[38;2;243;230;122m[48;2;243;230;122m▀[0m[38;2;243;230;122m[48;2;243;230;122m▀[0m[38;2;243;230;122m[48;2;243;230;122m▀[0m[38;2;0;0;0m[48;2;0;0;0m▀[0m[38;2;0;0;0m▀ [38;2;0;0;0m▄[38;2;0;0;0m[48;2;255;88;91m▀[0m[38;2;0;0;0m[48;2;243;230;122m▀[0m[38;2;0;0;0m▄[38;2;0;0;0m▄[38;2;0;0;0m[48;2;243;230;122m▀[0m[38;2;0;0;0m[48;2;0;0;0m▀[0m[38;2;65;65;65m▄[38;2;0;0;0m[48;2;243;230;122m▀[0m[38;2;243;230;122m[48;2;243;230;122m▀[0m[38;2;243;230;122m[48;2;182;172;87m▀[0m[38;2;243;230;122m[48;2;0;0;0m▀[0m[38;2;0;0;0m▀ 
[38;2;0;0;0m[48;2;0;0;0m▀[0m[38;2;220;37;39m[48;2;255;88;91m▀[0m[38;2;243;230;122m[48;2;220;37;39m▀[0m[38;2;243;230;122m[48;2;243;230;122m▀[0m[38;2;243;230;122m[48;2;243;230;122m▀[0m[38;2;243;230;122m[48;2;243;230;122m▀[0m[38;2;243;230;122m[48;2;243;230;122m▀[0m[38;2;243;230;122m[48;2;248;174;34m▀[0m[38;2;243;230;122m[48;2;65;65;65m▀[0m[38;2;243;230;122m[48;2;243;230;122m▀[0m[38;2;243;230;122m[48;2;243;230;122m▀[0m[38;2;0;0;0m[48;2;65;65;65m▀[0m[38;2;0;0;0m▄[38;2;0;0;0m▄ [38;2;0;0;0m▀[38;2;220;37;39m[48;2;0;0;0m▀[0m[38;2;243;230;122m[48;2;248;174;34m▀[0m[38;2;255;88;91m[48;2;255;88;91m▀[0m[38;2;220;37;39m[48;2;65;65;65m▀[0m[38;2;65;65;65m[48;2;182;172;87m▀[0m[38;2;243;230;122m[48;2;182;172;87m▀[0m[38;2;243;230;122m[48;2;182;172;87m▀[0m[38;2;182;172;87m[48;2;65;65;65m▀[0m[38;2;65;65;65m[48;2;0;0;0m▀[0m[38;2;0;0;0m▀  
[38;2;0;0;0m[48;2;0;0;0m▀[0m[38;2;255;88;91m[48;2;255;88;91m▀[0m[38;2;220;37;39m[48;2;220;37;39m▀[0m[38;2;243;230;122m[48;2;243;230;122m▀[0m[38;2;243;230;122m[48;2;115;115;99m▀[0m[38;2;182;172;87m[48;2;65;65;65m▀[0m[38;2;214;99;66m[48;2;0;0;0m▀[0m[38;2;248;174;34m[48;2;0;0;0m▀[0m[38;2;65;65;65m[48;2;248;174;34m▀[0m[38;2;243;230;122m[48;2;182;172;87m▀[0m[38;2;65;65;65m[48;2;65;65;65m▀[0m[38;2;65;65;65m[48;2;182;172;87m▀[0m[38;2;199;16;18m[48;2;65;65;65m▀[0m[38;2;220;37;39m[48;2;65;65;65m▀[0m[38;2;0;0;0m[48;2;255;88;91m▀[0m[38;2;0;0;0m[48;2;255;88;91m▀[0m[38;2;255;88;91m[48;2;220;37;39m▀[0m[38;2;255;88;91m[48;2;65;65;65m▀[0m[38;2;255;88;91m[48;2;255;88;91m▀[0m[38;2;65;65;65m[48;2;220;37;39m▀[0m[38;2;182;172;87m[48;2;65;65;65m▀[0m[38;2;182;172;87m[48;2;65;65;65m▀[0m[38;2;65;65;65m[48;2;65;65;65m▀[0m[38;2;65;65;65m[48;2;0;0;0m▀[0m[38;2;0;0;0m▀   
 [38;2;0;0;0m▀[38;2;0;0;0m▀[38;2;0;0;0m▀[38;2;65;65;65m[48;2;0;0;0m▀[0m[38;2;0;0;0m[48;2;182;172;87m▀[0m[38;2;0;0;0m[48;2;243;230;122m▀[0m[38;2;65;65;65m[48;2;243;230;122m▀[0m[38;2;182;172;87m[48;2;65;65;65m▀[0m[38;2;182;172;87m[48;2;65;65;65m▀[0m[38;2;65;65;65m[48;2;182;172;87m▀[0m[38;2;243;230;122m[48;2;243;230;122m▀[0m[38;2;243;230;122m[48;2;243;230;122m▀[0m[38;2;199;16;18m[48;2;243;230;122m▀[0m[38;2;65;65;65m[48;2;65;65;65m▀[0m[38;2;220;37;39m[48;2;255;88;91m▀[0m[38;2;65;65;65m[48;2;65;65;65m▀[0m[38;2;182;172;87m[48;2;182;172;87m▀[0m[38;2;65;65;65m[48;2;65;65;65m▀[0m[38;2;255;88;91m[48;2;243;230;122m▀[0m[38;2;65;65;65m[48;2;65;65;65m▀[0m[38;2;182;172;87m[48;2;182;172;87m▀[0m[38;2;0;0;0m[48;2;65;65;65m▀[0m[38;2;0;0;0m▄    
     [38;2;0;0;0m▀[38;2;0;0;0m[48;2;0;0;0m▀[0m[38;2;65;65;65m[48;2;182;172;87m▀[0m[38;2;0;0;0m[48;2;243;230;122m▀[0m[38;2;182;172;87m[48;2;182;172;87m▀[0m[38;2;243;230;122m[48;2;243;230;122m▀[0m[38;2;243;230;122m[48;2;243;230;122m▀[0m[38;2;243;230;122m[48;2;115;115;99m▀[0m[38;2;115;115;99m[48;2;255;88;91m▀[0m[38;2;220;37;39m[48;2;255;88;91m▀[0m[38;2;255;88;91m[48;2;65;65;65m▀[0m[38;2;255;88;91m[48;2;255;88;91m▀[0m[38;2;65;65;65m[48;2;65;65;65m▀[0m[38;2;220;37;39m[48;2;255;88;91m▀[0m[38;2;255;88;91m[48;2;220;37;39m▀[0m[38;2;65;65;65m[48;2;65;65;65m▀[0m[38;2;182;172;87m[48;2;115;115;99m▀[0m[38;2;182;172;87m[48;2;182;172;87m▀[0m[38;2;182;172;87m[48;2;0;0;0m▀[0m[38;2;0;0;0m▀   
    [38;2;0;0;0m▄[38;2;0;0;0m[48;2;182;172;87m▀[0m[38;2;182;172;87m[48;2;65;65;65m▀[0m[38;2;65;65;65m[48;2;115;115;99m▀[0m[38;2;182;172;87m[48;2;115;115;99m▀[0m[38;2;115;115;99m[48;2;65;65;65m▀[0m[38;2;243;230;122m[48;2;243;230;122m▀[0m[38;2;243;230;122m[48;2;243;230;122m▀[0m[38;2;182;172;87m[48;2;243;230;122m▀[0m[38;2;65;65;65m[48;2;182;172;87m▀[0m[38;2;65;65;65m[48;2;0;0;0m▀[0m[38;2;115;115;99m[48;2;199;16;18m▀[0m[38;2;220;37;39m[48;2;0;0;0m▀[0m[38;2;220;37;39m[48;2;248;174;34m▀[0m[38;2;255;88;91m[48;2;255;88;91m▀[0m[38;2;65;65;65m[48;2;65;65;65m▀[0m[38;2;182;172;87m[48;2;182;172;87m▀[0m[38;2;182;172;87m[48;2;199;16;18m▀[0m[38;2;0;0;0m[48;2;182;172;87m▀[0m[38;2;0;0;0m▄    
    [38;2;0;0;0m▀[38;2;115;115;99m[48;2;0;0;0m▀[0m[38;2;65;65;65m[48;2;220;37;39m▀[0m[38;2;115;115;99m[48;2;65;65;65m▀[0m[38;2;115;115;99m[48;2;65;65;65m▀[0m[38;2;65;65;65m[48;2;243;230;122m▀[0m[38;2;182;172;87m[48;2;115;115;99m▀[0m[38;2;243;230;122m[48;2;115;115;99m▀[0m[38;2;65;65;65m[48;2;243;230;122m▀[0m[38;2;0;0;0m[48;2;0;0;0m▀[0m [38;2;0;0;0m▀[38;2;65;65;65m[48;2;0;0;0m▀[0m[38;2;189;132;28m[48;2;255;88;91m▀[0m[38;2;255;88;91m[48;2;0;0;0m▀[0m[38;2;220;37;39m[48;2;255;88;91m▀[0m[38;2;65;65;65m[48;2;65;65;65m▀[0m[38;2;220;37;39m[48;2;0;0;0m▀[0m[38;2;199;16;18m[48;2;220;37;39m▀[0m[38;2;0;0;0m[48;2;0;0;0m▀[0m    
     [38;2;0;0;0m▀[38;2;220;37;39m[48;2;0;0;0m▀[0m[38;2;0;0;0m▀[38;2;0;0;0m[48;2;0;0;0m▀[0m[38;2;220;37;39m[48;2;255;88;91m▀[0m[38;2;243;230;122m[48;2;220;37;39m▀[0m[38;2;182;172;87m[48;2;182;172;87m▀[0m[38;2;0;0;0m[48;2;0;0;0m▀[0m    [38;2;0;0;0m▀ [38;2;0;0;0m▀[38;2;0;0;0m▀ [38;2;0;0;0m▀[38;2;0;0;0m▀    
         [38;2;0;0;0m[48;2;0;0;0m▀[0m[38;2;255;88;91m[48;2;255;88;91m▀[0m[38;2;0;0;0m[48;2;0;0;0m▀[0m                
          [38;2;0;0;0m▀                 
[0m