           [38;2;0;0;0m▄[38;2;0;0;0m▄[38;2;0;0;0m[48;2;243;230;122m▀[0m[38;2;0;0;0m[48;2;243;230;122m▀[0m[38;2;0;0;0m[48;2;0;0;0m▀[0m            
  [38;2;0;0;0m▄      [38;2;0;0;0m▄[38;2;0;0;0m[48;2;243;230;122m▀[0m[38;2;243;230;122m[48;2;243;230;122m▀[0m[38;2;243;230;122m[48;2;243;230;122m▀[0m[38;2;243;230;122m[48;2;115;115;99m▀[0m[38;2;0;0;0m[48;2;0;0;0m▀[0m             
 [38;2;0;0;0m[48;2;0;0;0m▀[0m[38;2;182;172;87m[48;2;182;172;87m▀[0m[38;2;0;0;0m[48;2;182;172;87m▀[0m[38;2;0;0;0m▄[38;2;0;0;0m▄[38;2;0;0;0m▄[38;2;0;0;0m[48;2;243;230;122m▀[0m[38;2;0;0;0m[48;2;243;230;122m▀[0m[38;2;243;230;122m[48;2;65;65;65m▀[0m[38;2;65;65;65m[48;2;243;230;122m▀[0m[38;2;243;230;122m[48;2;0;0;0m▀[0m[38;2;243;230;122m[48;2;182;172;87m▀[0m[38;2;65;65;65m[48;2;65;65;65m▀[0m[38;2;0;0;0m[48;2;0;0;0m▀[0m             
 [38;2;0;0;0m▀[38;2;182;172;87m[48;2;65;65;65m▀[0m[38;2;115;115;99m[48;2;243;230;122m▀[0m[38;2;243;230;122m[48;2;243;230;122m▀[0m[38;2;243;230;122m[48;2;243;230;122m▀[0m[38;2;243;230;122m[48;2;243;230;122m▀[0m[38;2;243;230;122m[48;2;243;230;122m▀[0m[38;2;65;65;65m[48;2;65;65;65m▀[0m[38;2;243;230;122m[48;2;243;230;122m▀[0m[38;2;243;230;122m[48;2;243;230;122m▀[0m[38;2;0;0;0m[48;2;0;0;0m▀[0m[38;2;65;65;65m[48;2;65;65;65m▀[0m[38;2;0;0;0m[48;2;0;0;0m▀[0m         [38;2;0;0;0m▄[38;2;0;0;0m▄[38;2;0;0;0m[48;2;243;230;122m▀[0m[38;2;0;0;0m[48;2;243;230;122m▀[0m[38;2;0;0;0m▄
 [38;2;0;0;0m[48;2;0;0;0m▀[0m[38;2;0;0;0m[48;2;243;230;122m▀[0m[38;2;243;230;122m[48;2;243;230;122m▀[0m[38;2;243;230;122m[48;2;243;230;122m▀[0m[38;2;243;230;122m[48;2;243;230;122m▀[0m[38;2;243;230;122m[48;2;243;230;122m▀[0m[38;2;65;65;65m[48;2;243;230;122m▀[0m[38;2;243;230;122m[48;2;243;230;122m▀[0m[38;2;243;230;122m[48;2;243;230;122m▀[0m[38;2;243;230;122m[48;2;243;230;122m▀[0m[38;2;0;0;0m[48;2;0;0;0m▀[0m[38;2;0;0;0m▀ [38;2;0;0;0m▄[38;2;0;0;0m[48;2;176;162;44m▀[0m[38;2;0;0;0m[48;2;243;230;122m▀[0m[38;2;0;0;0m▄[38;2;0;0;0m▄[38;2;0;0;0m[48;2;243;230;122m▀[0m[38;2;0;0;0m[48;2;0;0;0m▀[0m[38;2;65;65;65m▄[38;2;0;0;0m[48;2;243;230;122m▀[0m[38;2;243;230;122m[48;2;243;230;122m▀[0m[38;2;243;230;122m[48;2;182;172;87m▀[0m[38;2;243;230;122m[48;2;0;0;0m▀[0m[38;2;0;0;0m▀ 
[38;2;0;0;0m[48;2;0;0;0m▀[0m[38;2;134;121;8m[48;2;176;162;44m▀[0m[38;2;243;230;122m[48;2;134;121;8m▀[0m[38;2;243;230;122m[48;2;243;230;122m▀[0m[38;2;243;230;122m[48;2;243;230;122m▀[0m[38;2;243;230;122m[48;2;243;230;122m▀[0m[38;2;243;230;122m[48;2;243;230;122m▀[0m[38;2;243;230;122m[48;2;254;255;223m▀[0m[38;2;243;230;122m[48;2;65;65;65m▀[0m[38;2;243;230;122m[48;2;243;230;122m▀[0m[38;2;243;230;122m[48;2;243;230;122m▀[0m[38;2;0;0;0m[48;2;65;65;65m▀[0m[38;2;0;0;0m▄[38;2;0;0;0m▄ [38;2;0;0;0m▀[38;2;134;121;8m[48;2;0;0;0m▀[0m[38;2;243;230;122m[48;2;254;255;223m▀[0m[38;2;176;162;44m[48;2;176;162;44m▀[0m[38;2;134;121;8m[48;2;65;65;65m▀[0m[38;2;65;65;65m[48;2;182;172;87m▀[0m[38;2;243;230;122m[48;2;182;172;87m▀[0m[38;2;243;230;122m[48;2;182;172;87m▀[0m[38;2;182;172;87m[48;2;65;65;65m▀[0m[38;2;65;65;65m[48;2;0;0;0m▀[0m[38;2;0;0;0m▀  
[38;2;0;0;0m[48;2;0;0;0m▀[0m[38;2;176;162;44m[48;2;176;162;44m▀[0m[38;2;134;121;8m[48;2;134;121;8m▀[0m[38;2;243;230;122m[48;2;243;230;122m▀[0m[38;2;243;230;122m[48;2;115;115;99m▀[0m[38;2;182;172;87m[48;2;65;65;65m▀[0m[38;2;151;105;71m[48;2;0;0;0m▀[0m[38;2;254;255;223m[48;2;0;0;0m▀[0m[38;2;65;65;65m[48;2;254;255;223m▀[0m[38;2;243;230;122m[48;2;182;172;87m▀[0m[38;2;65;65;65m[48;2;65;65;65m▀[0m[38;2;65;65;65m[48;2;182;172;87m▀[0m[38;2;110;99;6m[48;2;65;65;65m▀[0m[38;2;134;121;8m[48;2;65;65;65m▀[0m[38;2;0;0;0m[48;2;176;162;44m▀[0m[38;2;0;0;0m[48;2;176;162;44m▀[0m[38;2;176;162;44m[48;2;134;121;8m▀[0m[38;2;176;162;44m[48;2;65;65;65m▀[0m[38;2;176;162;44m[48;2;176;162;44m▀[0m[38;2;65;65;65m[48;2;134;121;8m▀[0m[38;2;182;172;87m[48;2;65;65;65m▀[0m[38;2;182;172;87m[48;2;65;65;65m▀[0m[38;2;65;65;65m[48;2;65;65;65m▀[0m[38;2;65;65;65m[48;2;0;0;0m▀[0m[38;2;0;0;0m▀   
 [38;2;0;0;0m▀[38;2;0;0;0m▀[38;2;0;0;0m▀[38;2;65;65;65m[48;2;0;0;0m▀[0m[38;2;0;0;0m[48;2;182;172;87m▀[0m[38;2;0;0;0m[48;2;243;230;122m▀[0m[38;2;65;65;65m[48;2;243;230;122m▀[0m[38;2;182;172;87m[48;2;65;65;65m▀[0m[38;2;182;172;87m[48;2;65;65;65m▀[0m[38;2;65;65;65m[48;2;182;172;87m▀[0m[38;2;243;230;122m[48;2;243;230;122m▀[0m[38;2;243;230;122m[48;2;243;230;122m▀[0m[38;2;110;99;6m[48;2;243;230;122m▀[0m[38;2;65;65;65m[48;2;65;65;65m▀[0m[38;2;134;121;8m[48;2;176;162;44m▀[0m[38;2;65;65;65m[48;2;65;65;65m▀[0m[38;2;182;172;87m[48;2;182;172;87m▀[0m[38;2;65;65;65m[48;2;65;65;65m▀[0m[38;2;176;162;44m[48;2;243;230;122m▀[0m[38;2;65;65;65m[48;2;65;65;65m▀[0m[38;2;182;172;87m[48;2;182;172;87m▀[0m[38;2;0;0;0m[48;2;65;65;65m▀[0m[38;2;0;0;0m▄    
     [38;2;0;0;0m▀[38;2;0;0;0m[48;2;0;0;0m▀[0m[38;2;65;65;65m[48;2;182;172;87m▀[0m[38;2;0;0;0m[48;2;243;230;122m▀[0m[38;2;182;172;87m[48;2;182;172;87m▀[0m[38;2;243;230;122m[48;2;243;230;122m▀[0m[38;2;243;230;122m[48;2;243;230;122m▀[0m[38;2;243;230;122m[48;2;115;115;99m▀[0m[38;2;115;115;99m[48;2;176;162;44m▀[0m[38;2;134;121;8m[48;2;176;162;44m▀[0m[38;2;176;162;44m[48;2;65;65;65m▀[0m[38;2;176;162;44m[48;2;176;162;44m▀[0m[38;2;65;65;65m[48;2;65;65;65m▀[0m[38;2;134;121;8m[48;2;176;162;44m▀[0m[38;2;176;162;44m[48;2;134;121;8m▀[0m[38;2;65;65;65m[48;2;65;65;65m▀[0m[38;2;182;172;87m[48;2;115;115;99m▀[0m[38;2;182;172;87m[48;2;182;172;87m▀[0m[38;2;182;172;87m[48;2;0;0;0m▀[0m[38;2;0;0;0m▀   
    [38;2;0;0;0m▄[38;2;0;0;0m[48;2;182;172;87m▀[0m[38;2;182;172;87m[48;2;65;65;65m▀[0m[38;2;65;65;65m[48;2;115;115;99m▀[0m[38;2;182;172;87m[48;2;115;115;99m▀[0m[38;2;115;115;99m[48;2;65;65;65m▀[0m[38;2;243;230;122m[48;2;243;230;122m▀[0m[38;2;243;230;122m[48;2;243;230;122m▀[0m[38;2;182;172;87m[48;2;243;230;122m▀[0m[38;2;65;65;65m[48;2;182;172;87m▀[0m[38;2;65;65;65m[48;2;0;0;0m▀[0m[38;2;115;115;99m[48;2;110;99;6m▀[0m[38;2;134;121;8m[48;2;0;0;0m▀[0m[38;2;134;121;8m[48;2;254;255;223m▀[0m[38;2;176;162;44m[48;2;176;162;44m▀[0m[38;2;65;65;65m[48;2;65;65;65m▀[0m[38;2;182;172;87m[48;2;182;172;87m▀[0m[38;2;182;172;87m[48;2;110;99;6m▀[0m[38;2;0;0;0m[48;2;182;172;87m▀[0m[38;2;0;0;0m▄    
    [38;2;0;0;0m▀[38;2;115;115;99m[48;2;0;0;0m▀[0m[38;2;65;65;65m[48;2;134;121;8m▀[0m[38;2;115;115;99m[48;2;65;65;65m▀[0m[38;2;115;115;99m[48;2;65;65;65m▀[0m[38;2;65;65;65m[48;2;243;230;122m▀[0m[38;2;182;172;87m[48;2;115;115;99m▀[0m[38;2;243;230;122m[48;2;115;115;99m▀[0m[38;2;65;65;65m[48;2;243;230;122m▀[0m[38;2;0;0;0m[48;2;0;0;0m▀[0m [38;2;0;0;0m▀[38;2;65;65;65m[48;2;0;0;0m▀[0m[38;2;226;230;139m[48;2;176;162;44m▀[0m[38;2;176;162;44m[48;2;0;0;0m▀[0m[38;2;134;121;8m[48;2;176;162;44m▀[0m[38;2;65;65;65m[48;2;65;65;65m▀[0m[38;2;134;121;8m[48;2;0;0;0m▀[0m[38;2;110;99;6m[48;2;134;121;8m▀[0m[38;2;0;0;0m[48;2;0;0;0m▀[0m    
     [38;2;0;0;0m▀[38;2;134;121;8m[48;2;0;0;0m▀[0m[38;2;0;0;0m▀[38;2;0;0;0m[48;2;0;0;0m▀[0m[38;2;134;121;8m[48;2;176;162;44m▀[0m[38;2;243;230;122m[48;2;134;121;8m▀[0m[38;2;182;172;87m[48;2;182;172;87m▀[0m[38;2;0;0;0m[48;2;0;0;0m▀[0m    [38;2;0;0;0m▀ [38;2;0;0;0m▀[38;2;0;0;0m▀ [38;2;0;0;0m▀[38;2;0;0;0m▀    
         [38;2;0;0;0m[48;2;0;0;0m▀[0m[38;2;176;162;44m[48;2;176;162;44m▀[0m[38;2;0;0;0m[48;2;0;0;0m▀[0m                
          [38;2;0;0;0m▀                 
[0m