  [38;2;0;0;0m▄[38;2;0;0;0m[48;2;229;217;127m▀[0m[38;2;0;0;0m[48;2;248;246;200m▀[0m[38;2;0;0;0m▄                
  [38;2;0;0;0m[48;2;0;0;0m▀[0m[38;2;248;246;200m[48;2;248;246;200m▀[0m[38;2;248;246;200m[48;2;197;189;180m▀[0m[38;2;0;0;0m[48;2;248;238;167m▀[0m[38;2;0;0;0m▄               
  [38;2;0;0;0m▄[38;2;0;0;0m[48;2;248;246;200m▀[0m[38;2;197;189;180m[48;2;248;246;200m▀[0m[38;2;248;238;167m[48;2;197;189;180m▀[0m[38;2;248;238;167m[48;2;255;255;255m▀[0m[38;2;0;0;0m[48;2;131;139;156m▀[0m[38;2;0;0;0m▄[38;2;0;0;0m▄[38;2;0;0;0m▄      [38;2;0;0;0m▄[38;2;0;0;0m▄[38;2;0;0;0m▄[38;2;0;0;0m▄ 
  [38;2;0;0;0m▀[38;2;248;246;200m[48;2;0;0;0m▀[0m[38;2;197;189;180m[48;2;197;189;180m▀[0m[38;2;255;255;255m[48;2;131;139;156m▀[0m[38;2;131;139;156m[48;2;255;255;255m▀[0m[38;2;255;255;255m[48;2;255;255;255m▀[0m[38;2;255;255;255m[48;2;255;255;255m▀[0m[38;2;255;255;255m[48;2;255;255;255m▀[0m[38;2;255;255;255m[48;2;255;255;255m▀[0m[38;2;0;0;0m[48;2;255;255;255m▀[0m[38;2;0;0;0m[48;2;255;255;255m▀[0m[38;2;0;0;0m▄[38;2;0;0;0m▄[38;2;0;0;0m[48;2;248;238;167m▀[0m[38;2;0;0;0m[48;2;248;238;167m▀[0m[38;2;248;238;167m[48;2;197;189;180m▀[0m[38;2;229;217;127m[48;2;248;246;200m▀[0m[38;2;248;246;200m[48;2;248;246;200m▀[0m[38;2;229;217;127m[48;2;248;246;200m▀[0m[38;2;0;0;0m[48;2;0;0;0m▀[0m
  [38;2;0;0;0m▄[38;2;0;0;0m[48;2;215;190;123m▀[0m[38;2;248;246;200m[48;2;65;65;65m▀[0m[38;2;131;139;156m[48;2;244;223;1m▀[0m[38;2;255;255;255m[48;2;197;189;180m▀[0m[38;2;255;255;255m[48;2;255;255;255m▀[0m[38;2;255;255;255m[48;2;255;255;255m▀[0m[38;2;255;255;255m[48;2;255;255;255m▀[0m[38;2;255;255;255m[48;2;255;255;255m▀[0m[38;2;255;255;255m[48;2;197;189;180m▀[0m[38;2;197;189;180m[48;2;255;255;255m▀[0m[38;2;255;255;255m[48;2;255;255;255m▀[0m[38;2;248;238;167m[48;2;255;255;255m▀[0m[38;2;248;238;167m[48;2;197;189;180m▀[0m[38;2;197;189;180m[48;2;248;246;200m▀[0m[38;2;248;246;200m[48;2;248;246;200m▀[0m[38;2;215;190;123m[48;2;248;246;200m▀[0m[38;2;215;190;123m[48;2;0;0;0m▀[0m[38;2;0;0;0m▀ 
[38;2;0;0;0m▄[38;2;0;0;0m[48;2;229;217;127m▀[0m[38;2;215;190;123m[48;2;187;149;69m▀[0m[38;2;65;65;65m[48;2;65;65;65m▀[0m[38;2;248;246;200m[48;2;248;246;200m▀[0m[38;2;157;125;24m[48;2;248;246;200m▀[0m[38;2;229;217;127m[48;2;248;246;200m▀[0m[38;2;229;217;127m[48;2;248;246;200m▀[0m[38;2;255;255;255m[48;2;229;217;127m▀[0m[38;2;215;190;123m[48;2;255;249;2m▀[0m[38;2;255;255;255m[48;2;217;198;1m▀[0m[38;2;255;255;255m[48;2;255;255;255m▀[0m[38;2;255;255;255m[48;2;255;255;255m▀[0m[38;2;255;255;255m[48;2;255;255;255m▀[0m[38;2;255;255;255m[48;2;197;189;180m▀[0m[38;2;197;189;180m[48;2;248;246;200m▀[0m[38;2;248;246;200m[48;2;248;246;200m▀[0m[38;2;215;190;123m[48;2;248;246;200m▀[0m[38;2;215;190;123m[48;2;0;0;0m▀[0m[38;2;0;0;0m▀  
[38;2;0;0;0m▀[38;2;187;149;69m[48;2;0;0;0m▀[0m[38;2;215;190;123m[48;2;187;149;69m▀[0m[38;2;65;65;65m[48;2;187;149;69m▀[0m[38;2;248;246;200m[48;2;0;0;0m▀[0m[38;2;229;217;127m[48;2;248;246;200m▀[0m[38;2;248;246;200m[48;2;215;190;123m▀[0m[38;2;248;246;200m[48;2;215;190;123m▀[0m[38;2;248;246;200m[48;2;248;246;200m▀[0m[38;2;157;125;24m[48;2;248;246;200m▀[0m[38;2;244;223;1m[48;2;248;246;200m▀[0m[38;2;255;255;255m[48;2;229;217;127m▀[0m[38;2;197;189;180m[48;2;248;246;200m▀[0m[38;2;197;189;180m[48;2;248;246;200m▀[0m[38;2;248;246;200m[48;2;248;246;200m▀[0m[38;2;248;246;200m[48;2;187;149;69m▀[0m[38;2;248;246;200m[48;2;0;0;0m▀[0m[38;2;0;0;0m▀    
  [38;2;0;0;0m▀[38;2;0;0;0m▀ [38;2;0;0;0m[48;2;0;0;0m▀[0m[38;2;248;246;200m[48;2;131;139;156m▀[0m[38;2;131;139;156m[48;2;255;255;255m▀[0m[38;2;248;246;200m[48;2;131;139;156m▀[0m[38;2;248;246;200m[48;2;248;246;200m▀[0m[38;2;248;246;200m[48;2;229;217;127m▀[0m[38;2;229;217;127m[48;2;255;255;255m▀[0m[38;2;248;246;200m[48;2;65;65;65m▀[0m[38;2;187;149;69m[48;2;215;190;123m▀[0m[38;2;187;149;69m[48;2;248;246;200m▀[0m[38;2;229;217;127m[48;2;187;149;69m▀[0m[38;2;0;0;0m[48;2;229;217;127m▀[0m[38;2;0;0;0m▄    
   [38;2;0;0;0m▄[38;2;0;0;0m[48;2;65;65;65m▀[0m[38;2;255;255;255m[48;2;197;189;180m▀[0m[38;2;255;255;255m[48;2;255;255;255m▀[0m[38;2;255;255;255m[48;2;255;255;255m▀[0m[38;2;255;255;255m[48;2;197;189;180m▀[0m[38;2;131;139;156m[48;2;65;65;65m▀[0m[38;2;255;255;255m[48;2;197;189;180m▀[0m[38;2;255;255;255m[48;2;255;255;255m▀[0m[38;2;65;65;65m[48;2;255;255;255m▀[0m[38;2;248;246;200m[48;2;65;65;65m▀[0m[38;2;187;149;69m[48;2;229;217;127m▀[0m[38;2;187;149;69m[48;2;229;217;127m▀[0m[38;2;229;217;127m[48;2;65;65;65m▀[0m[38;2;0;0;0m[48;2;255;255;255m▀[0m[38;2;0;0;0m[48;2;255;255;255m▀[0m[38;2;0;0;0m[48;2;255;255;255m▀[0m[38;2;0;0;0m▄ 
  [38;2;0;0;0m▄[38;2;0;0;0m[48;2;230;220;149m▀[0m[38;2;248;238;167m[48;2;186;152;87m▀[0m[38;2;65;65;65m[48;2;229;217;127m▀[0m[38;2;197;189;180m[48;2;65;65;65m▀[0m[38;2;197;189;180m[48;2;65;65;65m▀[0m[38;2;65;65;65m[48;2;248;246;200m▀[0m[38;2;255;255;255m[48;2;186;152;87m▀[0m[38;2;255;255;255m[48;2;255;255;255m▀[0m[38;2;65;65;65m[48;2;255;255;255m▀[0m[38;2;255;255;255m[48;2;65;65;65m▀[0m[38;2;255;255;255m[48;2;65;65;65m▀[0m[38;2;65;65;65m[48;2;229;217;127m▀[0m[38;2;65;65;65m[48;2;215;190;123m▀[0m[38;2;255;255;255m[48;2;65;65;65m▀[0m[38;2;255;255;255m[48;2;255;255;255m▀[0m[38;2;255;255;255m[48;2;255;255;255m▀[0m[38;2;0;0;0m[48;2;0;0;0m▀[0m  
  [38;2;0;0;0m▀[38;2;230;220;149m[48;2;0;0;0m▀[0m[38;2;186;152;87m[48;2;186;152;87m▀[0m[38;2;229;217;127m[48;2;0;0;0m▀[0m[38;2;229;217;127m[48;2;229;217;127m▀[0m[38;2;248;246;200m[48;2;229;217;127m▀[0m[38;2;248;246;200m[48;2;248;246;200m▀[0m[38;2;248;246;200m[48;2;229;217;127m▀[0m[38;2;186;152;87m[48;2;186;152;87m▀[0m[38;2;255;255;255m[48;2;255;255;255m▀[0m[38;2;255;255;255m[48;2;255;255;255m▀[0m[38;2;255;255;255m[48;2;248;238;167m▀[0m[38;2;65;65;65m[48;2;248;238;167m▀[0m[38;2;65;65;65m[48;2;230;220;149m▀[0m[38;2;197;189;180m[48;2;65;65;65m▀[0m[38;2;197;189;180m[48;2;156;148;139m▀[0m[38;2;156;148;139m[48;2;0;0;0m▀[0m[38;2;0;0;0m▀  
    [38;2;0;0;0m▀ [38;2;0;0;0m▀[38;2;0;0;0m[48;2;0;0;0m▀[0m[38;2;65;65;65m[48;2;197;189;180m▀[0m[38;2;65;65;65m[48;2;197;189;180m▀[0m[38;2;229;217;127m[48;2;65;65;65m▀[0m[38;2;186;152;87m[48;2;131;139;156m▀[0m[38;2;186;152;87m[48;2;131;139;156m▀[0m[38;2;248;238;167m[48;2;186;152;87m▀[0m[38;2;230;220;149m[48;2;186;152;87m▀[0m[38;2;230;220;149m[48;2;0;0;0m▀[0m[38;2;0;0;0m▀[38;2;0;0;0m▀    
        [38;2;0;0;0m▀[38;2;0;0;0m▀[38;2;0;0;0m▀[38;2;255;255;255m[48;2;0;0;0m▀[0m[38;2;255;255;255m[48;2;0;0;0m▀[0m[38;2;197;189;180m[48;2;0;0;0m▀[0m[38;2;0;0;0m▀       
[0m