              [38;2;7;7;7m▄[38;2;7;7;7m▄[38;2;7;7;7m▄[38;2;7;7;7m▄[38;2;7;7;7m▄[38;2;7;7;7m▄[38;2;7;7;7m▄ [38;2;7;7;7m▄[38;2;7;7;7m▄[38;2;7;7;7m▄[38;2;7;7;7m▄[38;2;7;7;7m▄[38;2;7;7;7m[48;2;174;148;131m▀[0m[38;2;7;7;7m[48;2;141;116;109m▀[0m[38;2;7;7;7m[48;2;174;148;131m▀[0m[38;2;7;7;7m[48;2;228;247;255m▀[0m[38;2;7;7;7m[48;2;248;248;248m▀[0m[38;2;7;7;7m▄       
           [38;2;7;7;7m▄[38;2;0;5;7m[48;2;248;248;248m▀[0m[38;2;0;5;7m[48;2;141;116;109m▀[0m[38;2;248;248;248m[48;2;141;116;109m▀[0m[38;2;248;248;248m[48;2;174;148;131m▀[0m[38;2;248;248;248m[48;2;228;247;255m▀[0m[38;2;228;247;255m[48;2;228;247;255m▀[0m[38;2;228;247;255m[48;2;228;247;255m▀[0m[38;2;248;248;248m[48;2;248;248;248m▀[0m[38;2;248;248;248m[48;2;248;248;248m▀[0m[38;2;7;7;7m[48;2;248;248;248m▀[0m[38;2;141;116;109m[48;2;228;247;255m▀[0m[38;2;174;148;131m[48;2;141;116;109m▀[0m[38;2;228;247;255m[48;2;141;116;109m▀[0m[38;2;228;247;255m[48;2;141;116;109m▀[0m[38;2;228;247;255m[48;2;174;148;131m▀[0m[38;2;228;247;255m[48;2;228;247;255m▀[0m[38;2;228;247;255m[48;2;228;247;255m▀[0m[38;2;174;148;131m[48;2;248;248;248m▀[0m[38;2;141;116;109m[48;2;248;248;248m▀[0m[38;2;174;148;131m[48;2;248;248;248m▀[0m[38;2;7;7;7m[48;2;248;248;248m▀[0m[38;2;7;7;7m▄      
        [38;2;0;5;7m▄[38;2;7;7;7m[48;2;248;248;248m▀[0m[38;2;7;7;7m[48;2;248;248;248m▀[0m[38;2;248;248;248m[48;2;248;248;248m▀[0m[38;2;248;248;248m[48;2;248;248;248m▀[0m[38;2;248;248;248m[48;2;248;248;248m▀[0m[38;2;248;248;248m[48;2;228;247;255m▀[0m[38;2;141;116;109m[48;2;228;247;255m▀[0m[38;2;141;116;109m[48;2;248;248;248m▀[0m[38;2;141;116;109m[48;2;141;116;109m▀[0m[38;2;174;148;131m[48;2;174;148;131m▀[0m[38;2;174;148;131m[48;2;141;116;109m▀[0m[38;2;248;248;248m[48;2;141;116;109m▀[0m[38;2;228;247;255m[48;2;174;148;131m▀[0m[38;2;228;247;255m[48;2;228;247;255m▀[0m[38;2;228;247;255m[48;2;228;247;255m▀[0m[38;2;228;247;255m[48;2;228;247;255m▀[0m[38;2;174;148;131m[48;2;228;247;255m▀[0m[38;2;141;116;109m[48;2;228;247;255m▀[0m[38;2;141;116;109m[48;2;248;248;248m▀[0m[38;2;141;116;109m[48;2;248;248;248m▀[0m[38;2;174;148;131m[48;2;141;116;109m▀[0m[38;2;248;248;248m[48;2;141;116;109m▀[0m[38;2;248;248;248m[48;2;141;116;109m▀[0m[38;2;228;247;255m[48;2;174;148;131m▀[0m[38;2;228;247;255m[48;2;228;247;255m▀[0m[38;2;7;7;7m[48;2;7;7;7m▀[0m     
       [38;2;7;7;7m[48;2;7;7;7m▀[0m[38;2;141;116;109m[48;2;176;164;155m▀[0m[38;2;248;248;248m[48;2;141;116;109m▀[0m[38;2;248;248;248m[48;2;141;116;109m▀[0m[38;2;248;248;248m[48;2;248;248;248m▀[0m[38;2;248;248;248m[48;2;248;248;248m▀[0m[38;2;228;247;255m[48;2;248;248;248m▀[0m[38;2;228;247;255m[48;2;248;248;248m▀[0m[38;2;248;248;248m[48;2;248;248;248m▀[0m[38;2;248;248;248m[48;2;248;248;248m▀[0m[38;2;248;248;248m[48;2;248;248;248m▀[0m[38;2;248;248;248m[48;2;228;247;255m▀[0m[38;2;228;247;255m[48;2;228;247;255m▀[0m[38;2;228;247;255m[48;2;228;247;255m▀[0m[38;2;141;116;109m[48;2;228;247;255m▀[0m[38;2;141;116;109m[48;2;228;247;255m▀[0m[38;2;141;116;109m[48;2;141;116;109m▀[0m[38;2;141;116;109m[48;2;141;116;109m▀[0m[38;2;174;148;131m[48;2;141;116;109m▀[0m[38;2;248;248;248m[48;2;174;148;131m▀[0m[38;2;248;248;248m[48;2;248;248;248m▀[0m[38;2;248;248;248m[48;2;248;248;248m▀[0m[38;2;248;248;248m[48;2;228;247;255m▀[0m[38;2;228;247;255m[48;2;228;247;255m▀[0m[38;2;228;247;255m[48;2;228;247;255m▀[0m[38;2;141;116;109m[48;2;228;247;255m▀[0m[38;2;7;7;7m[48;2;228;247;255m▀[0m[38;2;7;7;7m▄     
       [38;2;7;7;7m▀[38;2;176;164;155m[48;2;7;7;7m▀[0m[38;2;66;66;66m[48;2;248;248;248m▀[0m[38;2;66;66;66m[48;2;228;247;255m▀[0m[38;2;141;116;109m[48;2;66;66;66m▀[0m[38;2;141;116;109m[48;2;66;66;66m▀[0m[38;2;141;116;109m[48;2;176;164;155m▀[0m[38;2;248;248;248m[48;2;141;116;109m▀[0m[38;2;248;248;248m[48;2;141;116;109m▀[0m[38;2;248;248;248m[48;2;141;116;109m▀[0m[38;2;228;247;255m[48;2;228;247;255m▀[0m[38;2;228;247;255m[48;2;228;247;255m▀[0m[38;2;228;247;255m[48;2;228;247;255m▀[0m[38;2;228;247;255m[48;2;228;247;255m▀[0m[38;2;228;247;255m[48;2;228;247;255m▀[0m[38;2;228;247;255m[48;2;228;247;255m▀[0m[38;2;228;247;255m[48;2;248;248;248m▀[0m[38;2;248;248;248m[48;2;248;248;248m▀[0m[38;2;248;248;248m[48;2;248;248;248m▀[0m[38;2;141;116;109m[48;2;248;248;248m▀[0m[38;2;141;116;109m[48;2;228;247;255m▀[0m[38;2;174;148;131m[48;2;141;116;109m▀[0m[38;2;228;247;255m[48;2;141;116;109m▀[0m[38;2;228;247;255m[48;2;141;116;109m▀[0m[38;2;228;247;255m[48;2;141;116;109m▀[0m[38;2;228;247;255m[48;2;141;116;109m▀[0m[38;2;141;116;109m[48;2;176;164;155m▀[0m[38;2;176;164;155m[48;2;176;164;155m▀[0m[38;2;7;7;7m[48;2;7;7;7m▀[0m    
      [38;2;7;7;7m▄[38;2;7;7;7m[48;2;228;247;255m▀[0m[38;2;147;109;91m[48;2;228;247;255m▀[0m[38;2;228;247;255m[48;2;228;247;255m▀[0m[38;2;228;247;255m[48;2;248;248;248m▀[0m[38;2;248;248;248m[48;2;248;248;248m▀[0m[38;2;248;248;248m[48;2;248;248;248m▀[0m[38;2;66;66;66m[48;2;248;248;248m▀[0m[38;2;66;66;66m[48;2;228;247;255m▀[0m[38;2;66;66;66m[48;2;228;247;255m▀[0m[38;2;66;66;66m[48;2;228;247;255m▀[0m[38;2;141;116;109m[48;2;66;66;66m▀[0m[38;2;141;116;109m[48;2;66;66;66m▀[0m[38;2;141;116;109m[48;2;176;164;155m▀[0m[38;2;228;247;255m[48;2;141;116;109m▀[0m[38;2;228;247;255m[48;2;141;116;109m▀[0m[38;2;248;248;248m[48;2;141;116;109m▀[0m[38;2;248;248;248m[48;2;248;248;248m▀[0m[38;2;248;248;248m[48;2;248;248;248m▀[0m[38;2;248;248;248m[48;2;141;116;109m▀[0m[38;2;228;247;255m[48;2;141;116;109m▀[0m[38;2;141;116;109m[48;2;141;116;109m▀[0m[38;2;141;116;109m[48;2;176;164;155m▀[0m[38;2;176;164;155m[48;2;176;164;155m▀[0m[38;2;176;164;155m[48;2;176;164;155m▀[0m[38;2;176;164;155m[48;2;114;78;70m▀[0m[38;2;141;116;109m[48;2;141;116;109m▀[0m[38;2;176;164;155m[48;2;176;164;155m▀[0m[38;2;114;78;70m[48;2;66;66;66m▀[0m[38;2;7;7;7m[48;2;141;116;109m▀[0m[38;2;7;7;7m▄   
    [38;2;0;5;7m▄[38;2;7;7;7m[48;2;248;248;248m▀[0m[38;2;233;184;79m[48;2;228;247;255m▀[0m[38;2;233;184;79m[48;2;233;184;79m▀[0m[38;2;228;247;255m[48;2;233;184;79m▀[0m[38;2;248;248;248m[48;2;233;184;79m▀[0m[38;2;248;248;248m[48;2;248;248;248m▀[0m[38;2;248;248;248m[48;2;248;248;248m▀[0m[38;2;189;121;63m[48;2;248;248;248m▀[0m[38;2;189;121;63m[48;2;233;184;79m▀[0m[38;2;233;184;79m[48;2;189;121;63m▀[0m[38;2;228;247;255m[48;2;140;165;177m▀[0m[38;2;228;247;255m[48;2;140;165;177m▀[0m[38;2;228;247;255m[48;2;66;66;66m▀[0m[38;2;140;165;177m[48;2;189;214;221m▀[0m[38;2;66;66;66m[48;2;66;66;66m▀[0m[38;2;176;164;155m[48;2;176;164;155m▀[0m[38;2;176;164;155m[48;2;176;164;155m▀[0m[38;2;141;116;109m[48;2;176;164;155m▀[0m[38;2;141;116;109m[48;2;141;116;109m▀[0m[38;2;141;116;109m[48;2;176;164;155m▀[0m[38;2;176;164;155m[48;2;176;164;155m▀[0m[38;2;176;164;155m[48;2;176;164;155m▀[0m[38;2;141;116;109m[48;2;141;116;109m▀[0m[38;2;176;164;155m[48;2;114;78;70m▀[0m[38;2;176;164;155m[48;2;114;78;70m▀[0m[38;2;176;164;155m[48;2;176;164;155m▀[0m[38;2;176;164;155m[48;2;141;116;109m▀[0m[38;2;141;116;109m[48;2;141;116;109m▀[0m[38;2;114;78;70m[48;2;66;66;66m▀[0m[38;2;66;66;66m[48;2;141;116;109m▀[0m[38;2;141;116;109m[48;2;91;99;96m▀[0m[38;2;141;116;109m[48;2;141;116;109m▀[0m[38;2;7;7;7m[48;2;7;7;7m▀[0m  
   [38;2;7;7;7m[48;2;7;7;7m▀[0m[38;2;248;248;248m[48;2;140;165;177m▀[0m[38;2;228;247;255m[48;2;140;165;177m▀[0m[38;2;228;247;255m[48;2;140;165;177m▀[0m[38;2;228;247;255m[48;2;140;165;177m▀[0m[38;2;228;247;255m[48;2;140;165;177m▀[0m[38;2;189;121;63m[48;2;189;121;63m▀[0m[38;2;233;184;79m[48;2;189;214;221m▀[0m[38;2;140;165;177m[48;2;247;214;71m▀[0m[38;2;140;165;177m[48;2;91;99;96m▀[0m[38;2;140;165;177m[48;2;247;214;71m▀[0m[38;2;140;165;177m[48;2;247;214;71m▀[0m[38;2;189;214;221m[48;2;91;99;96m▀[0m[38;2;66;66;66m[48;2;66;66;66m▀[0m[38;2;240;145;97m[48;2;240;145;97m▀[0m[38;2;66;66;66m[48;2;140;165;177m▀[0m[38;2;176;164;155m[48;2;66;66;66m▀[0m[38;2;176;164;155m[48;2;176;164;155m▀[0m[38;2;176;164;155m[48;2;114;78;70m▀[0m[38;2;176;164;155m[48;2;176;164;155m▀[0m[38;2;141;116;109m[48;2;141;116;109m▀[0m[38;2;176;164;155m[48;2;176;164;155m▀[0m[38;2;114;78;70m[48;2;176;164;155m▀[0m[38;2;176;164;155m[48;2;141;116;109m▀[0m[38;2;141;116;109m[48;2;66;66;66m▀[0m[38;2;114;78;70m[48;2;66;66;66m▀[0m[38;2;114;78;70m[48;2;141;116;109m▀[0m[38;2;141;116;109m[48;2;141;116;109m▀[0m[38;2;141;116;109m[48;2;7;7;7m▀[0m[38;2;66;66;66m[48;2;91;99;96m▀[0m[38;2;141;116;109m[48;2;141;116;109m▀[0m[38;2;141;116;109m[48;2;189;121;63m▀[0m[38;2;91;99;96m[48;2;189;121;63m▀[0m[38;2;141;116;109m[48;2;189;121;63m▀[0m[38;2;189;121;63m[48;2;141;116;109m▀[0m[38;2;7;7;7m[48;2;7;7;7m▀[0m 
 [38;2;7;7;7m[48;2;7;7;7m▀[0m[38;2;7;7;7m[48;2;240;145;97m▀[0m[38;2;240;145;97m[48;2;240;145;97m▀[0m[38;2;66;66;66m[48;2;240;145;97m▀[0m[38;2;66;66;66m[48;2;91;99;96m▀[0m[38;2;189;214;221m[48;2;66;66;66m▀[0m[38;2;189;214;221m[48;2;91;99;96m▀[0m[38;2;189;214;221m[48;2;91;99;96m▀[0m[38;2;189;214;221m[48;2;91;99;96m▀[0m[38;2;189;121;63m[48;2;91;99;96m▀[0m[38;2;91;99;96m[48;2;189;214;221m▀[0m[38;2;247;214;71m[48;2;91;99;96m▀[0m[38;2;247;214;71m[48;2;91;99;96m▀[0m[38;2;91;99;96m[48;2;66;66;66m▀[0m[38;2;66;66;66m[48;2;66;66;66m▀[0m[38;2;140;165;177m[48;2;240;145;97m▀[0m[38;2;240;145;97m[48;2;240;145;97m▀[0m[38;2;240;145;97m[48;2;240;145;97m▀[0m[38;2;66;66;66m[48;2;140;165;177m▀[0m[38;2;66;66;66m[48;2;66;66;66m▀[0m[38;2;176;164;155m[48;2;141;116;109m▀[0m[38;2;141;116;109m[48;2;141;116;109m▀[0m[38;2;114;78;70m[48;2;114;78;70m▀[0m[38;2;114;78;70m[48;2;66;66;66m▀[0m[38;2;66;66;66m[48;2;141;116;109m▀[0m[38;2;66;66;66m[48;2;176;164;155m▀[0m[38;2;176;164;155m[48;2;176;164;155m▀[0m[38;2;141;116;109m[48;2;141;116;109m▀[0m[38;2;66;66;66m[48;2;7;7;7m▀[0m[38;2;7;7;7m▀ [38;2;7;7;7m▀[38;2;189;121;63m[48;2;7;7;7m▀[0m[38;2;233;184;79m[48;2;91;99;96m▀[0m[38;2;233;184;79m[48;2;141;116;109m▀[0m[38;2;91;99;96m[48;2;141;116;109m▀[0m[38;2;141;116;109m[48;2;91;99;96m▀[0m[38;2;114;78;70m[48;2;176;164;155m▀[0m[38;2;7;7;7m[48;2;7;7;7m▀[0m
[38;2;7;7;7m▄[38;2;7;7;7m[48;2;240;145;97m▀[0m[38;2;240;145;97m[48;2;240;145;97m▀[0m[38;2;240;145;97m[48;2;240;145;97m▀[0m[38;2;240;145;97m[48;2;240;145;97m▀[0m[38;2;240;145;97m[48;2;240;145;97m▀[0m[38;2;66;66;66m[48;2;66;66;66m▀[0m[38;2;66;66;66m[48;2;141;116;109m▀[0m[38;2;140;165;177m[48;2;66;66;66m▀[0m[38;2;140;165;177m[48;2;66;66;66m▀[0m[38;2;140;165;177m[48;2;66;66;66m▀[0m[38;2;91;99;96m[48;2;66;66;66m▀[0m[38;2;66;66;66m[48;2;240;145;97m▀[0m[38;2;66;66;66m[48;2;240;145;97m▀[0m[38;2;140;165;177m[48;2;240;145;97m▀[0m[38;2;248;248;248m[48;2;248;248;248m▀[0m[38;2;140;165;177m[48;2;140;165;177m▀[0m[38;2;240;145;97m[48;2;240;145;97m▀[0m[38;2;140;165;177m[48;2;248;248;248m▀[0m[38;2;66;66;66m[48;2;66;66;66m▀[0m[38;2;141;116;109m[48;2;141;116;109m▀[0m[38;2;114;78;70m[48;2;141;116;109m▀[0m[38;2;141;116;109m[48;2;7;7;7m▀[0m[38;2;66;66;66m[48;2;66;66;66m▀[0m[38;2;176;164;155m[48;2;176;164;155m▀[0m[38;2;141;116;109m[48;2;189;121;63m▀[0m[38;2;176;164;155m[48;2;189;121;63m▀[0m[38;2;176;164;155m[48;2;189;121;63m▀[0m[38;2;141;116;109m[48;2;189;121;63m▀[0m[38;2;176;164;155m[48;2;176;164;155m▀[0m[38;2;7;7;7m[48;2;7;7;7m▀[0m [38;2;7;7;7m[48;2;7;7;7m▀[0m[38;2;176;164;155m[48;2;189;121;63m▀[0m[38;2;91;99;96m[48;2;91;99;96m▀[0m[38;2;114;78;70m[48;2;176;164;155m▀[0m[38;2;176;164;155m[48;2;176;164;155m▀[0m[38;2;91;99;96m[48;2;91;99;96m▀[0m[38;2;176;164;155m[48;2;189;121;63m▀[0m[38;2;7;7;7m[48;2;7;7;7m▀[0m
[38;2;7;7;7m[48;2;7;7;7m▀[0m[38;2;240;145;97m[48;2;7;7;7m▀[0m[38;2;240;145;97m[48;2;7;7;7m▀[0m[38;2;240;145;97m[48;2;7;7;7m▀[0m[38;2;7;7;7m▀[38;2;7;7;7m[48;2;7;7;7m▀[0m[38;2;141;116;109m[48;2;66;66;66m▀[0m[38;2;91;99;96m[48;2;91;99;96m▀[0m[38;2;141;116;109m[48;2;141;116;109m▀[0m[38;2;66;66;66m[48;2;66;66;66m▀[0m[38;2;240;145;97m[48;2;240;145;97m▀[0m[38;2;240;145;97m[48;2;240;145;97m▀[0m[38;2;248;248;248m[48;2;240;145;97m▀[0m[38;2;240;145;97m[48;2;240;145;97m▀[0m[38;2;240;145;97m[48;2;140;165;177m▀[0m[38;2;240;145;97m[48;2;248;248;248m▀[0m[38;2;240;145;97m[48;2;140;165;177m▀[0m[38;2;248;248;248m[48;2;248;248;248m▀[0m[38;2;248;248;248m[48;2;0;5;7m▀[0m[38;2;140;165;177m[48;2;0;5;7m▀[0m[38;2;66;66;66m[48;2;0;5;7m▀[0m[38;2;7;7;7m▀ [38;2;7;7;7m▀[38;2;189;121;63m[48;2;0;5;7m▀[0m[38;2;233;184;79m[48;2;189;121;63m▀[0m[38;2;233;184;79m[48;2;114;78;70m▀[0m[38;2;176;164;155m[48;2;176;164;155m▀[0m[38;2;176;164;155m[48;2;189;121;63m▀[0m[38;2;176;164;155m[48;2;210;194;184m▀[0m[38;2;7;7;7m[48;2;176;164;155m▀[0m[38;2;7;7;7m▄ [38;2;7;7;7m▀[38;2;7;7;7m▀[38;2;7;7;7m▀[38;2;7;7;7m▀[38;2;7;7;7m▀[38;2;7;7;7m▀ 
      [38;2;7;7;7m▀[38;2;7;7;7m▀[38;2;66;66;66m[48;2;7;7;7m▀[0m[38;2;240;145;97m[48;2;240;145;97m▀[0m[38;2;240;145;97m[48;2;240;145;97m▀[0m[38;2;240;145;97m[48;2;240;145;97m▀[0m[38;2;240;145;97m[48;2;240;145;97m▀[0m[38;2;140;165;177m[48;2;7;7;7m▀[0m[38;2;248;248;248m[48;2;7;7;7m▀[0m[38;2;248;248;248m[48;2;7;7;7m▀[0m[38;2;7;7;7m▀[38;2;7;7;7m▀     [38;2;7;7;7m[48;2;7;7;7m▀[0m[38;2;210;194;184m[48;2;210;123;94m▀[0m[38;2;189;121;63m[48;2;91;99;96m▀[0m[38;2;210;194;184m[48;2;210;194;184m▀[0m[38;2;210;194;184m[48;2;114;78;70m▀[0m[38;2;91;99;96m[48;2;91;99;96m▀[0m[38;2;189;121;63m[48;2;189;121;63m▀[0m[38;2;210;194;184m[48;2;7;7;7m▀[0m[38;2;7;7;7m▀        
        [38;2;7;7;7m▀[38;2;7;7;7m▀[38;2;7;7;7m▀[38;2;7;7;7m▀[38;2;7;7;7m▀           [38;2;7;7;7m▀[38;2;7;7;7m▀[38;2;7;7;7m▀[38;2;7;7;7m▀[38;2;7;7;7m▀[38;2;7;7;7m▀          
[0m