      [38;2;0;0;0m▄[38;2;0;0;0m[48;2;191;157;74m▀[0m[38;2;0;0;0m▄        [38;2;0;0;0m▄[38;2;0;0;0m▄[38;2;0;0;0m▄            
     [38;2;0;0;0m▄[38;2;0;0;0m[48;2;191;157;74m▀[0m[38;2;191;157;74m[48;2;148;106;53m▀[0m[38;2;0;0;0m[48;2;191;157;74m▀[0m[38;2;0;0;0m▄    [38;2;0;0;0m▄[38;2;0;0;0m[48;2;253;224;117m▀[0m[38;2;0;0;0m[48;2;253;224;117m▀[0m[38;2;253;224;117m[48;2;253;224;117m▀[0m[38;2;253;224;117m[48;2;148;106;53m▀[0m[38;2;0;0;0m[48;2;0;0;0m▀[0m     [38;2;189;74;66m▄[38;2;189;74;66m▄     
  [38;2;189;74;66m[48;2;189;74;66m▀[0m[38;2;189;74;66m[48;2;239;148;66m▀[0m[38;2;189;74;66m▄[38;2;0;0;0m[48;2;0;0;0m▀[0m[38;2;191;157;74m[48;2;191;157;74m▀[0m[38;2;148;106;53m[48;2;191;157;74m▀[0m[38;2;191;157;74m[48;2;191;157;74m▀[0m[38;2;0;0;0m[48;2;0;0;0m▀[0m  [38;2;0;0;0m▄[38;2;0;0;0m[48;2;253;224;117m▀[0m[38;2;253;224;117m[48;2;253;224;117m▀[0m[38;2;253;224;117m[48;2;253;224;117m▀[0m[38;2;253;224;117m[48;2;191;157;74m▀[0m[38;2;191;157;74m[48;2;253;224;117m▀[0m[38;2;253;224;117m[48;2;0;0;0m▀[0m[38;2;0;0;0m▀   [38;2;189;74;66m▄[38;2;189;74;66m[48;2;239;148;66m▀[0m[38;2;239;148;66m[48;2;189;74;66m▀[0m[38;2;189;74;66m▀     
   [38;2;189;74;66m[48;2;189;74;66m▀[0m[38;2;239;148;66m[48;2;239;148;66m▀[0m[38;2;189;74;66m[48;2;189;74;66m▀[0m[38;2;0;0;0m[48;2;0;0;0m▀[0m[38;2;191;157;74m[48;2;65;65;65m▀[0m[38;2;65;65;65m[48;2;215;90;60m▀[0m[38;2;65;65;65m[48;2;65;65;65m▀[0m[38;2;0;0;0m[48;2;191;157;74m▀[0m[38;2;0;0;0m▄[38;2;0;0;0m[48;2;253;224;117m▀[0m[38;2;253;224;117m[48;2;253;224;117m▀[0m[38;2;253;224;117m[48;2;253;224;117m▀[0m[38;2;253;224;117m[48;2;253;224;117m▀[0m[38;2;253;224;117m[48;2;191;157;74m▀[0m[38;2;148;106;53m[48;2;253;224;117m▀[0m[38;2;0;0;0m[48;2;0;0;0m▀[0m    [38;2;189;74;66m[48;2;189;74;66m▀[0m[38;2;239;148;66m[48;2;239;148;66m▀[0m[38;2;189;74;66m[48;2;239;148;66m▀[0m[38;2;189;74;66m▄  [38;2;189;74;66m▄  
 [38;2;189;74;66m▄[38;2;189;74;66m[48;2;239;148;66m▀[0m[38;2;239;148;66m[48;2;239;148;66m▀[0m[38;2;239;148;66m[48;2;189;74;66m▀[0m[38;2;189;74;66m▀[38;2;0;0;0m[48;2;0;0;0m▀[0m[38;2;215;90;60m[48;2;215;90;60m▀[0m[38;2;171;67;60m[48;2;171;67;60m▀[0m[38;2;65;65;65m[48;2;65;65;65m▀[0m[38;2;191;157;74m[48;2;129;105;56m▀[0m[38;2;129;105;56m[48;2;253;224;117m▀[0m[38;2;253;224;117m[48;2;253;224;117m▀[0m[38;2;253;224;117m[48;2;253;224;117m▀[0m[38;2;253;224;117m[48;2;171;67;60m▀[0m[38;2;253;224;117m[48;2;171;67;60m▀[0m[38;2;253;224;117m[48;2;191;157;74m▀[0m[38;2;0;0;0m[48;2;0;0;0m▀[0m      [38;2;189;74;66m[48;2;189;74;66m▀[0m[38;2;239;148;66m[48;2;239;148;66m▀[0m[38;2;189;74;66m[48;2;189;74;66m▀[0m [38;2;189;74;66m[48;2;189;74;66m▀[0m[38;2;239;148;66m[48;2;239;148;66m▀[0m[38;2;189;74;66m[48;2;189;74;66m▀[0m 
[38;2;189;74;66m▄[38;2;189;74;66m[48;2;247;222;49m▀[0m[38;2;247;222;49m[48;2;247;222;49m▀[0m[38;2;189;74;66m[48;2;189;74;66m▀[0m  [38;2;0;0;0m[48;2;0;0;0m▀[0m[38;2;215;90;60m[48;2;65;65;65m▀[0m[38;2;215;90;60m[48;2;215;90;60m▀[0m[38;2;215;90;60m[48;2;129;105;56m▀[0m[38;2;129;105;56m[48;2;253;224;117m▀[0m[38;2;253;224;117m[48;2;253;224;117m▀[0m[38;2;253;224;117m[48;2;65;65;65m▀[0m[38;2;65;65;65m[48;2;247;222;49m▀[0m[38;2;171;67;60m[48;2;171;67;60m▀[0m[38;2;65;65;65m[48;2;65;65;65m▀[0m[38;2;191;157;74m[48;2;191;157;74m▀[0m[38;2;0;0;0m[48;2;0;0;0m▀[0m    [38;2;189;74;66m▄[38;2;189;74;66m[48;2;247;222;49m▀[0m[38;2;247;222;49m[48;2;247;222;49m▀[0m[38;2;239;148;66m[48;2;189;74;66m▀[0m[38;2;189;74;66m▀ [38;2;189;74;66m[48;2;189;74;66m▀[0m[38;2;239;148;66m[48;2;239;148;66m▀[0m[38;2;189;74;66m[48;2;239;148;66m▀[0m[38;2;189;74;66m▄
[38;2;189;74;66m[48;2;189;74;66m▀[0m[38;2;247;222;49m[48;2;247;222;49m▀[0m[38;2;247;222;49m[48;2;247;222;49m▀[0m[38;2;189;74;66m[48;2;247;222;49m▀[0m[38;2;189;74;66m▄  [38;2;0;0;0m[48;2;0;0;0m▀[0m[38;2;171;67;60m[48;2;215;90;60m▀[0m[38;2;129;105;56m[48;2;215;90;60m▀[0m[38;2;253;224;117m[48;2;171;67;60m▀[0m[38;2;129;105;56m[48;2;171;67;60m▀[0m[38;2;189;74;66m[48;2;247;222;49m▀[0m[38;2;247;222;49m[48;2;171;67;60m▀[0m[38;2;171;67;60m[48;2;171;67;60m▀[0m[38;2;215;90;60m[48;2;65;65;65m▀[0m[38;2;65;65;65m[48;2;253;224;117m▀[0m[38;2;191;157;74m[48;2;65;65;65m▀[0m[38;2;0;0;0m[48;2;0;0;0m▀[0m [38;2;0;0;0m▄[38;2;0;0;0m▄[38;2;189;74;66m▀[38;2;247;222;49m[48;2;189;74;66m▀[0m[38;2;247;222;49m[48;2;247;222;49m▀[0m[38;2;189;74;66m[48;2;189;74;66m▀[0m [38;2;189;74;66m▄[38;2;189;74;66m[48;2;239;148;66m▀[0m[38;2;239;148;66m[48;2;239;148;66m▀[0m[38;2;239;148;66m[48;2;239;148;66m▀[0m[38;2;189;74;66m[48;2;189;74;66m▀[0m
 [38;2;189;74;66m▀[38;2;239;148;66m[48;2;189;74;66m▀[0m[38;2;247;222;49m[48;2;247;222;49m▀[0m[38;2;189;74;66m[48;2;247;222;49m▀[0m[38;2;0;0;0m▄[38;2;0;0;0m[48;2;65;65;65m▀[0m[38;2;0;0;0m[48;2;129;105;56m▀[0m[38;2;65;65;65m[48;2;129;105;56m▀[0m[38;2;215;90;60m[48;2;65;65;65m▀[0m[38;2;65;65;65m[48;2;65;65;65m▀[0m[38;2;65;65;65m[48;2;171;67;60m▀[0m[38;2;171;67;60m[48;2;171;67;60m▀[0m[38;2;65;65;65m[48;2;65;65;65m▀[0m[38;2;215;90;60m[48;2;65;65;65m▀[0m[38;2;65;65;65m[48;2;253;224;117m▀[0m[38;2;253;224;117m[48;2;65;65;65m▀[0m[38;2;253;224;117m[48;2;171;67;60m▀[0m[38;2;171;67;60m[48;2;215;90;60m▀[0m[38;2;0;0;0m[48;2;215;90;60m▀[0m[38;2;215;90;60m[48;2;215;90;60m▀[0m[38;2;215;90;60m[48;2;179;142;86m▀[0m[38;2;0;0;0m[48;2;129;105;56m▀[0m[38;2;0;0;0m[48;2;179;142;86m▀[0m[38;2;247;222;49m[48;2;0;0;0m▀[0m[38;2;189;74;66m[48;2;189;74;66m▀[0m[38;2;189;74;66m[48;2;239;148;66m▀[0m[38;2;239;148;66m[48;2;247;222;49m▀[0m[38;2;247;222;49m[48;2;247;222;49m▀[0m[38;2;247;222;49m[48;2;189;74;66m▀[0m[38;2;189;74;66m▀ 
   [38;2;189;74;66m▀[38;2;0;0;0m[48;2;0;0;0m▀[0m[38;2;179;142;86m[48;2;255;255;255m▀[0m[38;2;65;65;65m[48;2;65;65;65m▀[0m[38;2;129;105;56m[48;2;0;0;0m▀[0m[38;2;0;0;0m▀[38;2;0;0;0m▀[38;2;191;157;74m[48;2;0;0;0m▀[0m[38;2;65;65;65m[48;2;191;157;74m▀[0m[38;2;65;65;65m[48;2;191;157;74m▀[0m[38;2;191;157;74m[48;2;95;78;66m▀[0m[38;2;253;224;117m[48;2;95;78;66m▀[0m[38;2;253;224;117m[48;2;253;224;117m▀[0m[38;2;253;224;117m[48;2;253;224;117m▀[0m[38;2;65;65;65m[48;2;253;224;117m▀[0m[38;2;215;90;60m[48;2;65;65;65m▀[0m[38;2;171;67;60m[48;2;0;0;0m▀[0m[38;2;0;0;0m▀[38;2;0;0;0m▀[38;2;179;142;86m[48;2;0;0;0m▀[0m[38;2;129;105;56m[48;2;179;142;86m▀[0m[38;2;179;142;86m[48;2;179;142;86m▀[0m[38;2;0;0;0m[48;2;0;0;0m▀[0m[38;2;247;222;49m[48;2;247;222;49m▀[0m[38;2;247;222;49m[48;2;189;74;66m▀[0m[38;2;247;222;49m[48;2;189;74;66m▀[0m[38;2;189;74;66m▀  
     [38;2;0;0;0m▀[38;2;179;142;86m[48;2;0;0;0m▀[0m[38;2;0;0;0m▀  [38;2;0;0;0m▄[38;2;0;0;0m[48;2;95;78;66m▀[0m[38;2;191;157;74m[48;2;95;78;66m▀[0m[38;2;95;78;66m[48;2;171;67;60m▀[0m[38;2;215;90;60m[48;2;215;90;60m▀[0m[38;2;95;78;66m[48;2;215;90;60m▀[0m[38;2;253;224;117m[48;2;171;67;60m▀[0m[38;2;253;224;117m[48;2;95;78;66m▀[0m[38;2;253;224;117m[48;2;253;224;117m▀[0m[38;2;191;157;74m[48;2;0;0;0m▀[0m[38;2;0;0;0m▀ [38;2;0;0;0m▀[38;2;179;142;86m[48;2;0;0;0m▀[0m[38;2;129;105;56m[48;2;255;255;255m▀[0m[38;2;255;255;255m[48;2;0;0;0m▀[0m[38;2;0;0;0m[48;2;0;0;0m▀[0m     
         [38;2;0;0;0m[48;2;0;0;0m▀[0m[38;2;95;78;66m[48;2;95;78;66m▀[0m[38;2;95;78;66m[48;2;95;78;66m▀[0m[38;2;95;78;66m[48;2;95;78;66m▀[0m[38;2;95;78;66m[48;2;134;60;52m▀[0m[38;2;171;67;60m[48;2;0;0;0m▀[0m[38;2;215;90;60m[48;2;0;0;0m▀[0m[38;2;95;78;66m[48;2;95;78;66m▀[0m[38;2;95;78;66m[48;2;95;78;66m▀[0m[38;2;0;0;0m[48;2;95;78;66m▀[0m[38;2;0;0;0m▄    [38;2;0;0;0m▀[38;2;0;0;0m▀      
          [38;2;0;0;0m[48;2;0;0;0m▀[0m[38;2;171;67;60m[48;2;0;0;0m▀[0m[38;2;0;0;0m▀[38;2;134;60;52m[48;2;0;0;0m▀[0m[38;2;0;0;0m▀ [38;2;0;0;0m[48;2;0;0;0m▀[0m[38;2;95;78;66m[48;2;215;90;60m▀[0m[38;2;95;78;66m[48;2;171;67;60m▀[0m[38;2;215;90;60m[48;2;215;90;60m▀[0m[38;2;0;0;0m[48;2;215;90;60m▀[0m[38;2;0;0;0m▄[38;2;0;0;0m▄         
                 [38;2;0;0;0m[48;2;0;0;0m▀[0m[38;2;215;90;60m[48;2;215;90;60m▀[0m[38;2;215;90;60m[48;2;0;0;0m▀[0m[38;2;215;90;60m[48;2;215;90;60m▀[0m[38;2;171;67;60m[48;2;0;0;0m▀[0m[38;2;0;0;0m▀         
                  [38;2;0;0;0m▀ [38;2;0;0;0m▀           
[0m