              [38;2;0;0;0m▄[38;2;0;0;0m▄[38;2;0;0;0m[48;2;255;172;1m▀[0m[38;2;0;0;0m[48;2;255;226;0m▀[0m[38;2;0;0;0m[48;2;255;226;0m▀[0m[38;2;0;0;0m[48;2;255;226;0m▀[0m[38;2;0;0;0m▄          
             [38;2;0;0;0m[48;2;0;0;0m▀[0m[38;2;209;118;1m[48;2;255;172;1m▀[0m[38;2;255;226;0m[48;2;255;172;1m▀[0m[38;2;255;226;0m[48;2;255;226;0m▀[0m[38;2;255;226;0m[48;2;255;172;1m▀[0m[38;2;255;226;0m[48;2;255;226;0m▀[0m[38;2;255;172;1m[48;2;255;226;0m▀[0m[38;2;255;226;0m[48;2;255;141;1m▀[0m[38;2;0;0;0m[48;2;0;0;0m▀[0m         
       [38;2;0;0;0m▄[38;2;0;0;0m▄   [38;2;0;0;0m▄[38;2;0;0;0m[48;2;219;193;145m▀[0m[38;2;219;193;145m[48;2;219;193;145m▀[0m[38;2;255;118;0m[48;2;219;193;145m▀[0m[38;2;255;118;0m[48;2;164;138;90m▀[0m[38;2;219;193;145m[48;2;219;193;145m▀[0m[38;2;255;172;1m[48;2;164;138;90m▀[0m[38;2;255;172;1m[48;2;255;118;0m▀[0m[38;2;164;138;90m[48;2;164;138;90m▀[0m[38;2;0;0;0m[48;2;164;138;90m▀[0m[38;2;0;0;0m▄        
   [38;2;0;0;0m▄ [38;2;0;0;0m▄[38;2;0;0;0m[48;2;127;126;161m▀[0m[38;2;127;126;161m[48;2;127;126;161m▀[0m[38;2;0;0;0m[48;2;0;0;0m▀[0m [38;2;0;0;0m▄[38;2;0;0;0m[48;2;65;65;65m▀[0m[38;2;219;193;145m[48;2;65;65;65m▀[0m[38;2;164;138;90m[48;2;219;193;145m▀[0m[38;2;219;193;145m[48;2;219;193;145m▀[0m[38;2;219;193;145m[48;2;164;138;90m▀[0m[38;2;164;138;90m[48;2;219;193;145m▀[0m[38;2;219;193;145m[48;2;219;193;145m▀[0m[38;2;219;193;145m[48;2;219;193;145m▀[0m[38;2;255;118;0m[48;2;164;138;90m▀[0m[38;2;255;118;0m[48;2;255;118;0m▀[0m[38;2;219;193;145m[48;2;164;138;90m▀[0m[38;2;0;0;0m[48;2;164;138;90m▀[0m[38;2;0;0;0m▄       
  [38;2;0;0;0m[48;2;0;0;0m▀[0m[38;2;102;100;133m[48;2;102;100;133m▀[0m[38;2;0;0;0m[48;2;102;100;133m▀[0m[38;2;0;0;0m[48;2;79;78;103m▀[0m[38;2;127;126;161m[48;2;127;126;161m▀[0m[38;2;127;126;161m[48;2;127;126;161m▀[0m[38;2;127;126;161m[48;2;127;126;161m▀[0m[38;2;0;0;0m[48;2;79;78;103m▀[0m[38;2;79;78;103m[48;2;127;126;161m▀[0m[38;2;127;126;161m[48;2;127;126;161m▀[0m[38;2;65;65;65m[48;2;65;65;65m▀[0m[38;2;219;193;145m[48;2;164;138;90m▀[0m[38;2;219;193;145m[48;2;219;193;145m▀[0m[38;2;219;193;145m[48;2;219;193;145m▀[0m[38;2;219;193;145m[48;2;219;193;145m▀[0m[38;2;164;138;90m[48;2;164;138;90m▀[0m[38;2;219;193;145m[48;2;219;193;145m▀[0m[38;2;164;138;90m[48;2;255;118;0m▀[0m[38;2;255;118;0m[48;2;255;118;0m▀[0m[38;2;255;118;0m[48;2;255;118;0m▀[0m[38;2;219;193;145m[48;2;255;118;0m▀[0m[38;2;164;138;90m[48;2;65;65;65m▀[0m[38;2;0;0;0m[48;2;0;0;0m▀[0m[38;2;0;0;0m▄     
[38;2;0;0;0m[48;2;0;0;0m▀[0m[38;2;0;0;0m[48;2;102;100;133m▀[0m[38;2;79;78;103m[48;2;102;100;133m▀[0m[38;2;102;100;133m[48;2;79;78;103m▀[0m[38;2;102;100;133m[48;2;79;78;103m▀[0m[38;2;79;78;103m[48;2;127;126;161m▀[0m[38;2;102;100;133m[48;2;79;78;103m▀[0m[38;2;127;126;161m[48;2;127;126;161m▀[0m[38;2;79;78;103m[48;2;79;78;103m▀[0m[38;2;127;126;161m[48;2;127;126;161m▀[0m[38;2;127;126;161m[48;2;127;126;161m▀[0m[38;2;102;100;133m[48;2;79;78;103m▀[0m[38;2;65;65;65m[48;2;65;65;65m▀[0m[38;2;65;65;65m[48;2;127;126;161m▀[0m[38;2;65;65;65m[48;2;127;126;161m▀[0m[38;2;65;65;65m[48;2;127;126;161m▀[0m[38;2;219;193;145m[48;2;65;65;65m▀[0m[38;2;164;138;90m[48;2;255;118;0m▀[0m[38;2;255;118;0m[48;2;65;65;65m▀[0m[38;2;65;65;65m[48;2;123;123;106m▀[0m[38;2;65;65;65m[48;2;65;65;65m▀[0m[38;2;255;118;0m[48;2;65;65;65m▀[0m[38;2;65;65;65m[48;2;123;123;106m▀[0m[38;2;65;65;65m[48;2;123;123;106m▀[0m[38;2;123;123;106m[48;2;65;65;65m▀[0m[38;2;123;123;106m[48;2;123;123;106m▀[0m[38;2;0;0;0m[48;2;123;123;106m▀[0m[38;2;0;0;0m▄   
 [38;2;0;0;0m▀[38;2;102;100;133m[48;2;0;0;0m▀[0m[38;2;79;78;103m[48;2;127;126;161m▀[0m[38;2;127;126;161m[48;2;65;65;65m▀[0m[38;2;127;126;161m[48;2;127;126;161m▀[0m[38;2;127;126;161m[48;2;65;65;65m▀[0m[38;2;127;126;161m[48;2;127;126;161m▀[0m[38;2;127;126;161m[48;2;127;126;161m▀[0m[38;2;127;126;161m[48;2;127;126;161m▀[0m[38;2;102;100;133m[48;2;127;126;161m▀[0m[38;2;65;65;65m[48;2;127;126;161m▀[0m[38;2;127;126;161m[48;2;127;126;161m▀[0m[38;2;127;126;161m[48;2;102;100;133m▀[0m[38;2;127;126;161m[48;2;65;65;65m▀[0m[38;2;65;65;65m[48;2;255;118;0m▀[0m[38;2;255;118;0m[48;2;65;65;65m▀[0m[38;2;65;65;65m[48;2;65;65;65m▀[0m[38;2;123;123;106m[48;2;65;65;65m▀[0m[38;2;123;123;106m[48;2;123;123;106m▀[0m[38;2;123;123;106m[48;2;123;123;106m▀[0m[38;2;65;65;65m[48;2;65;65;65m▀[0m[38;2;65;65;65m[48;2;65;65;65m▀[0m[38;2;123;123;106m[48;2;65;65;65m▀[0m[38;2;65;65;65m[48;2;127;126;161m▀[0m[38;2;65;65;65m[48;2;65;65;65m▀[0m[38;2;65;65;65m[48;2;127;126;161m▀[0m[38;2;0;0;0m[48;2;65;65;65m▀[0m[38;2;0;0;0m▄  
  [38;2;0;0;0m[48;2;0;0;0m▀[0m[38;2;115;106;74m[48;2;65;65;65m▀[0m[38;2;65;65;65m[48;2;102;100;133m▀[0m[38;2;65;65;65m[48;2;65;65;65m▀[0m[38;2;65;65;65m[48;2;127;126;161m▀[0m[38;2;115;106;74m[48;2;65;65;65m▀[0m[38;2;127;126;161m[48;2;127;126;161m▀[0m[38;2;127;126;161m[48;2;102;100;133m▀[0m[38;2;127;126;161m[48;2;127;126;161m▀[0m[38;2;65;65;65m[48;2;102;100;133m▀[0m[38;2;65;65;65m[48;2;65;65;65m▀[0m[38;2;65;65;65m[48;2;102;100;133m▀[0m[38;2;65;65;65m[48;2;65;65;65m▀[0m[38;2;255;118;0m[48;2;127;126;161m▀[0m[38;2;65;65;65m[48;2;65;65;65m▀[0m[38;2;65;65;65m[48;2;65;65;65m▀[0m[38;2;65;65;65m[48;2;65;65;65m▀[0m[38;2;65;65;65m[48;2;65;65;65m▀[0m[38;2;65;65;65m[48;2;65;65;65m▀[0m[38;2;255;118;0m[48;2;127;126;161m▀[0m[38;2;65;65;65m[48;2;65;65;65m▀[0m[38;2;65;65;65m[48;2;255;226;0m▀[0m[38;2;255;226;0m[48;2;65;65;65m▀[0m[38;2;65;65;65m[48;2;255;226;0m▀[0m[38;2;255;226;0m[48;2;65;65;65m▀[0m[38;2;65;65;65m[48;2;123;123;106m▀[0m[38;2;0;0;0m[48;2;102;100;133m▀[0m[38;2;0;0;0m▄ 
  [38;2;0;0;0m▀[38;2;255;255;255m[48;2;0;0;0m▀[0m[38;2;219;193;145m[48;2;219;193;145m▀[0m[38;2;102;100;133m[48;2;219;193;145m▀[0m[38;2;219;193;145m[48;2;219;193;145m▀[0m[38;2;164;138;90m[48;2;164;138;90m▀[0m[38;2;127;126;161m[48;2;255;255;255m▀[0m[38;2;0;0;0m[48;2;255;255;255m▀[0m[38;2;255;255;255m[48;2;255;255;255m▀[0m[38;2;65;65;65m[48;2;164;138;90m▀[0m[38;2;102;100;133m[48;2;65;65;65m▀[0m[38;2;65;65;65m[48;2;65;65;65m▀[0m[38;2;123;123;106m[48;2;65;65;65m▀[0m[38;2;65;65;65m[48;2;65;65;65m▀[0m[38;2;255;226;0m[48;2;65;65;65m▀[0m[38;2;65;65;65m[48;2;255;226;0m▀[0m[38;2;65;65;65m[48;2;255;226;0m▀[0m[38;2;65;65;65m[48;2;255;226;0m▀[0m[38;2;255;226;0m[48;2;123;123;106m▀[0m[38;2;255;226;0m[48;2;65;65;65m▀[0m[38;2;255;226;0m[48;2;65;65;65m▀[0m[38;2;65;65;65m[48;2;65;65;65m▀[0m[38;2;65;65;65m[48;2;123;123;106m▀[0m[38;2;65;65;65m[48;2;65;65;65m▀[0m[38;2;65;65;65m[48;2;102;100;133m▀[0m[38;2;65;65;65m[48;2;102;100;133m▀[0m[38;2;102;100;133m[48;2;79;78;103m▀[0m[38;2;79;78;103m[48;2;102;100;133m▀[0m[38;2;0;0;0m[48;2;0;0;0m▀[0m
  [38;2;0;0;0m[48;2;0;0;0m▀[0m[38;2;219;193;145m[48;2;219;193;145m▀[0m[38;2;219;193;145m[48;2;219;193;145m▀[0m[38;2;219;193;145m[48;2;219;193;145m▀[0m[38;2;219;193;145m[48;2;219;193;145m▀[0m[38;2;219;193;145m[48;2;219;193;145m▀[0m[38;2;164;138;90m[48;2;219;193;145m▀[0m[38;2;255;255;255m[48;2;164;138;90m▀[0m[38;2;164;138;90m[48;2;115;106;74m▀[0m[38;2;164;138;90m[48;2;255;255;255m▀[0m[38;2;65;65;65m[48;2;65;65;65m▀[0m[38;2;102;100;133m[48;2;102;100;133m▀[0m[38;2;65;65;65m[48;2;102;100;133m▀[0m[38;2;65;65;65m[48;2;127;126;161m▀[0m[38;2;123;123;106m[48;2;65;65;65m▀[0m[38;2;65;65;65m[48;2;123;123;106m▀[0m[38;2;65;65;65m[48;2;123;123;106m▀[0m[38;2;123;123;106m[48;2;65;65;65m▀[0m[38;2;65;65;65m[48;2;127;126;161m▀[0m[38;2;123;123;106m[48;2;65;65;65m▀[0m[38;2;123;123;106m[48;2;65;65;65m▀[0m[38;2;65;65;65m[48;2;102;100;133m▀[0m[38;2;65;65;65m[48;2;102;100;133m▀[0m[38;2;102;100;133m[48;2;102;100;133m▀[0m[38;2;102;100;133m[48;2;102;100;133m▀[0m[38;2;79;78;103m[48;2;102;100;133m▀[0m[38;2;102;100;133m[48;2;0;0;0m▀[0m[38;2;0;0;0m[48;2;0;0;0m▀[0m 
  [38;2;0;0;0m▀[38;2;65;65;65m[48;2;0;0;0m▀[0m[38;2;219;193;145m[48;2;0;0;0m▀[0m[38;2;219;193;145m[48;2;164;138;90m▀[0m[38;2;219;193;145m[48;2;115;106;74m▀[0m[38;2;65;65;65m[48;2;164;138;90m▀[0m[38;2;164;138;90m[48;2;115;106;74m▀[0m[38;2;115;106;74m[48;2;255;255;255m▀[0m[38;2;219;193;145m[48;2;255;255;255m▀[0m[38;2;219;193;145m[48;2;65;65;65m▀[0m[38;2;65;65;65m[48;2;102;100;133m▀[0m[38;2;102;100;133m[48;2;102;100;133m▀[0m[38;2;102;100;133m[48;2;127;126;161m▀[0m[38;2;127;126;161m[48;2;127;126;161m▀[0m[38;2;127;126;161m[48;2;127;126;161m▀[0m[38;2;65;65;65m[48;2;127;126;161m▀[0m[38;2;65;65;65m[48;2;127;126;161m▀[0m[38;2;127;126;161m[48;2;127;126;161m▀[0m[38;2;127;126;161m[48;2;127;126;161m▀[0m[38;2;127;126;161m[48;2;127;126;161m▀[0m[38;2;127;126;161m[48;2;127;126;161m▀[0m[38;2;102;100;133m[48;2;79;78;103m▀[0m[38;2;102;100;133m[48;2;79;78;103m▀[0m[38;2;102;100;133m[48;2;102;100;133m▀[0m[38;2;79;78;103m[48;2;102;100;133m▀[0m[38;2;102;100;133m[48;2;0;0;0m▀[0m[38;2;0;0;0m▀  
    [38;2;0;0;0m▄[38;2;0;0;0m[48;2;102;100;133m▀[0m[38;2;65;65;65m[48;2;102;100;133m▀[0m[38;2;65;65;65m[48;2;102;100;133m▀[0m[38;2;65;65;65m[48;2;102;100;133m▀[0m[38;2;65;65;65m[48;2;102;100;133m▀[0m[38;2;65;65;65m[48;2;102;100;133m▀[0m[38;2;102;100;133m[48;2;102;100;133m▀[0m[38;2;102;100;133m[48;2;127;126;161m▀[0m[38;2;127;126;161m[48;2;127;126;161m▀[0m[38;2;127;126;161m[48;2;127;126;161m▀[0m[38;2;127;126;161m[48;2;127;126;161m▀[0m[38;2;127;126;161m[48;2;127;126;161m▀[0m[38;2;127;126;161m[48;2;127;126;161m▀[0m[38;2;127;126;161m[48;2;79;78;103m▀[0m[38;2;127;126;161m[48;2;127;126;161m▀[0m[38;2;102;100;133m[48;2;127;126;161m▀[0m[38;2;127;126;161m[48;2;79;78;103m▀[0m[38;2;127;126;161m[48;2;127;126;161m▀[0m[38;2;127;126;161m[48;2;127;126;161m▀[0m[38;2;65;65;65m[48;2;0;0;0m▀[0m[38;2;65;65;65m[48;2;0;0;0m▀[0m[38;2;65;65;65m[48;2;0;0;0m▀[0m[38;2;0;0;0m▀   
     [38;2;0;0;0m▀[38;2;0;0;0m▀[38;2;102;100;133m[48;2;0;0;0m▀[0m[38;2;102;100;133m[48;2;102;100;133m▀[0m[38;2;102;100;133m[48;2;0;0;0m▀[0m[38;2;127;126;161m[48;2;79;78;103m▀[0m[38;2;127;126;161m[48;2;127;126;161m▀[0m[38;2;127;126;161m[48;2;79;78;103m▀[0m[38;2;127;126;161m[48;2;127;126;161m▀[0m[38;2;127;126;161m[48;2;0;0;0m▀[0m[38;2;127;126;161m[48;2;127;126;161m▀[0m[38;2;79;78;103m[48;2;65;65;65m▀[0m[38;2;127;126;161m[48;2;65;65;65m▀[0m[38;2;127;126;161m[48;2;65;65;65m▀[0m[38;2;79;78;103m[48;2;0;0;0m▀[0m[38;2;0;0;0m▀[38;2;0;0;0m▀[38;2;0;0;0m▀[38;2;0;0;0m▀       
        [38;2;0;0;0m▀ [38;2;0;0;0m▀[38;2;79;78;103m[48;2;0;0;0m▀[0m[38;2;0;0;0m▀[38;2;0;0;0m▀ [38;2;0;0;0m▀[38;2;0;0;0m▀[38;2;0;0;0m▀[38;2;0;0;0m▀            
[0m