       [38;2;0;0;0m▄[38;2;0;0;0m▄[38;2;0;0;0m[48;2;76;178;210m▀[0m[38;2;0;0;0m[48;2;76;178;210m▀[0m[38;2;0;0;0m[48;2;76;178;210m▀[0m[38;2;0;0;0m▄ 
    [38;2;0;0;0m▄[38;2;0;0;0m[48;2;76;178;210m▀[0m[38;2;0;0;0m[48;2;114;216;248m▀[0m[38;2;114;216;248m[48;2;114;216;248m▀[0m[38;2;114;216;248m[48;2;76;178;210m▀[0m[38;2;76;178;210m[48;2;76;178;210m▀[0m[38;2;76;178;210m[48;2;0;0;0m▀[0m[38;2;0;0;0m▀  
  [38;2;0;0;0m▄[38;2;0;0;0m[48;2;0;118;135m▀[0m[38;2;76;178;210m[48;2;0;118;135m▀[0m[38;2;0;118;135m[48;2;34;197;192m▀[0m[38;2;0;118;135m[48;2;34;197;192m▀[0m[38;2;0;118;135m[48;2;34;197;192m▀[0m[38;2;76;178;210m[48;2;0;118;135m▀[0m[38;2;76;178;210m[48;2;0;118;135m▀[0m[38;2;0;0;0m[48;2;76;178;210m▀[0m[38;2;0;0;0m▄  
 [38;2;0;0;0m[48;2;0;0;0m▀[0m[38;2;0;118;135m[48;2;34;197;192m▀[0m[38;2;34;197;192m[48;2;34;197;192m▀[0m[38;2;53;216;211m[48;2;53;216;211m▀[0m[38;2;53;216;211m[48;2;53;216;211m▀[0m[38;2;34;197;192m[48;2;34;197;192m▀[0m[38;2;34;197;192m[48;2;34;197;192m▀[0m[38;2;34;197;192m[48;2;34;197;192m▀[0m[38;2;34;197;192m[48;2;34;197;192m▀[0m[38;2;0;118;135m[48;2;34;197;192m▀[0m[38;2;76;178;210m[48;2;0;118;135m▀[0m[38;2;0;0;0m[48;2;0;0;0m▀[0m 
[38;2;0;0;0m[48;2;0;0;0m▀[0m[38;2;0;118;135m[48;2;158;255;144m▀[0m[38;2;34;197;192m[48;2;34;197;192m▀[0m[38;2;34;197;192m[48;2;34;197;192m▀[0m[38;2;34;197;192m[48;2;34;197;192m▀[0m[38;2;34;197;192m[48;2;34;197;192m▀[0m[38;2;34;197;192m[48;2;34;197;192m▀[0m[38;2;34;197;192m[48;2;34;197;192m▀[0m[38;2;34;197;192m[48;2;34;197;192m▀[0m[38;2;34;197;192m[48;2;34;197;192m▀[0m[38;2;34;197;192m[48;2;34;197;192m▀[0m[38;2;0;118;135m[48;2;34;197;192m▀[0m[38;2;76;178;210m[48;2;0;118;135m▀[0m[38;2;0;0;0m[48;2;0;0;0m▀[0m
[38;2;0;0;0m[48;2;0;0;0m▀[0m[38;2;65;65;65m[48;2;158;255;144m▀[0m[38;2;34;197;192m[48;2;158;255;144m▀[0m[38;2;34;197;192m[48;2;34;197;192m▀[0m[38;2;95;233;164m[48;2;158;255;144m▀[0m[38;2;158;255;144m[48;2;255;255;255m▀[0m[38;2;158;255;144m[48;2;65;65;65m▀[0m[38;2;158;255;144m[48;2;158;255;144m▀[0m[38;2;95;233;164m[48;2;158;255;144m▀[0m[38;2;34;197;192m[48;2;34;197;192m▀[0m[38;2;34;197;192m[48;2;34;197;192m▀[0m[38;2;34;197;192m[48;2;11;174;170m▀[0m[38;2;0;118;135m[48;2;0;118;135m▀[0m[38;2;0;0;0m[48;2;0;0;0m▀[0m
 [38;2;0;0;0m[48;2;0;0;0m▀[0m[38;2;158;255;144m[48;2;11;174;170m▀[0m[38;2;158;255;144m[48;2;11;174;170m▀[0m[38;2;158;255;144m[48;2;73;211;142m▀[0m[38;2;65;65;65m[48;2;158;255;144m▀[0m[38;2;0;0;0m[48;2;158;255;144m▀[0m[38;2;158;255;144m[48;2;158;255;144m▀[0m[38;2;158;255;144m[48;2;73;211;142m▀[0m[38;2;34;197;192m[48;2;11;174;170m▀[0m[38;2;11;174;170m[48;2;11;174;170m▀[0m[38;2;0;118;135m[48;2;0;118;135m▀[0m[38;2;0;0;0m[48;2;0;0;0m▀[0m 
  [38;2;0;0;0m[48;2;0;0;0m▀[0m[38;2;65;65;65m[48;2;156;199;226m▀[0m[38;2;11;174;170m[48;2;65;65;65m▀[0m[38;2;11;174;170m[48;2;65;65;65m▀[0m[38;2;65;65;65m[48;2;0;118;135m▀[0m[38;2;11;174;170m[48;2;0;118;135m▀[0m[38;2;11;174;170m[48;2;65;65;65m▀[0m[38;2;11;174;170m[48;2;65;65;65m▀[0m[38;2;65;65;65m[48;2;97;140;167m▀[0m[38;2;0;0;0m[48;2;0;0;0m▀[0m  
 [38;2;0;0;0m[48;2;0;0;0m▀[0m[38;2;156;199;226m[48;2;156;199;226m▀[0m[38;2;156;199;226m[48;2;97;140;167m▀[0m[38;2;156;199;226m[48;2;156;199;226m▀[0m[38;2;156;199;226m[48;2;156;199;226m▀[0m[38;2;97;140;167m[48;2;156;199;226m▀[0m[38;2;97;140;167m[48;2;156;199;226m▀[0m[38;2;97;140;167m[48;2;156;199;226m▀[0m[38;2;156;199;226m[48;2;156;199;226m▀[0m[38;2;97;140;167m[48;2;156;199;226m▀[0m[38;2;97;140;167m[48;2;97;140;167m▀[0m[38;2;0;0;0m[48;2;0;0;0m▀[0m 
 [38;2;0;0;0m▀[38;2;65;65;65m[48;2;0;0;0m▀[0m[38;2;97;140;167m[48;2;0;0;0m▀[0m[38;2;156;199;226m[48;2;97;140;167m▀[0m[38;2;156;199;226m[48;2;156;199;226m▀[0m[38;2;156;199;226m[48;2;97;140;167m▀[0m[38;2;97;140;167m[48;2;0;0;0m▀[0m[38;2;156;199;226m[48;2;97;140;167m▀[0m[38;2;156;199;226m[48;2;156;199;226m▀[0m[38;2;156;199;226m[48;2;0;0;0m▀[0m[38;2;0;0;0m[48;2;0;0;0m▀[0m  
    [38;2;0;0;0m▀[38;2;0;0;0m▀[38;2;0;0;0m▀ [38;2;0;0;0m▀[38;2;0;0;0m▀    
[0m