          [38;2;0;0;0m▄[38;2;0;0;0m▄[38;2;0;0;0m[48;2;252;216;229m▀[0m[38;2;0;0;0m[48;2;0;0;0m▀[0m [38;2;0;0;0m▄[38;2;0;0;0m▄         
        [38;2;0;0;0m▄[38;2;0;0;0m[48;2;252;216;229m▀[0m[38;2;252;216;229m[48;2;252;216;229m▀[0m[38;2;252;215;228m[48;2;249;174;191m▀[0m[38;2;252;215;228m[48;2;252;215;228m▀[0m[38;2;79;59;63m[48;2;249;197;215m▀[0m[38;2;0;4;0m[48;2;249;197;215m▀[0m[38;2;252;197;215m[48;2;252;197;215m▀[0m[38;2;0;0;0m[48;2;0;0;0m▀[0m         
  [38;2;0;0;0m[48;2;0;0;0m▀[0m[38;2;0;0;0m[48;2;229;135;166m▀[0m[38;2;0;0;0m▄  [38;2;0;0;0m▄[38;2;0;0;0m[48;2;249;177;192m▀[0m[38;2;252;215;228m[48;2;249;174;191m▀[0m[38;2;249;174;191m[48;2;252;215;228m▀[0m[38;2;252;216;229m[48;2;249;174;191m▀[0m[38;2;249;174;191m[48;2;249;174;191m▀[0m[38;2;252;216;229m[48;2;249;174;191m▀[0m[38;2;249;174;191m[48;2;249;174;191m▀[0m[38;2;249;177;192m[48;2;249;177;192m▀[0m[38;2;0;0;0m[48;2;0;0;0m▀[0m         
[38;2;0;0;0m▄[38;2;0;0;0m▄[38;2;0;0;0m[48;2;200;97;98m▀[0m[38;2;229;137;166m[48;2;229;137;166m▀[0m[38;2;229;137;166m[48;2;229;137;166m▀[0m[38;2;0;0;0m[48;2;0;0;0m▀[0m [38;2;0;0;0m[48;2;0;0;0m▀[0m[38;2;249;177;192m[48;2;249;177;192m▀[0m[38;2;249;175;192m[48;2;249;175;192m▀[0m[38;2;249;175;192m[48;2;249;175;192m▀[0m[38;2;249;175;192m[48;2;249;175;192m▀[0m[38;2;249;175;192m[48;2;249;175;192m▀[0m[38;2;249;175;192m[48;2;249;175;192m▀[0m[38;2;249;175;192m[48;2;249;175;192m▀[0m[38;2;0;0;0m[48;2;0;0;0m▀[0m   [38;2;0;0;0m▄[38;2;0;0;0m▄[38;2;0;0;0m▄    
[38;2;0;0;0m[48;2;0;0;0m▀[0m[38;2;229;137;166m[48;2;229;137;166m▀[0m[38;2;229;137;166m[48;2;229;137;166m▀[0m[38;2;164;147;156m[48;2;74;56;66m▀[0m[38;2;74;56;66m[48;2;255;239;247m▀[0m[38;2;79;32;43m[48;2;254;99;176m▀[0m[38;2;0;20;16m[48;2;254;99;176m▀[0m[38;2;66;65;66m[48;2;66;65;66m▀[0m[38;2;249;177;192m[48;2;249;177;192m▀[0m[38;2;249;175;192m[48;2;249;175;192m▀[0m[38;2;249;175;192m[48;2;249;175;192m▀[0m[38;2;249;175;192m[48;2;249;175;192m▀[0m[38;2;249;175;192m[48;2;249;175;192m▀[0m[38;2;249;181;192m[48;2;79;54;55m▀[0m[38;2;0;4;0m[48;2;0;4;0m▀[0m [38;2;0;0;0m▄[38;2;0;0;0m[48;2;249;177;192m▀[0m[38;2;0;0;0m[48;2;249;177;192m▀[0m[38;2;249;175;192m[48;2;249;175;192m▀[0m[38;2;249;175;192m[48;2;249;175;192m▀[0m[38;2;249;177;192m[48;2;249;177;192m▀[0m[38;2;0;0;0m[48;2;249;177;192m▀[0m[38;2;0;0;0m[48;2;249;177;192m▀[0m[38;2;0;0;0m▄ 
[38;2;0;0;0m▀[38;2;229;135;166m[48;2;0;0;0m▀[0m[38;2;229;135;166m[48;2;229;135;166m▀[0m[38;2;66;65;66m[48;2;66;65;66m▀[0m[38;2;254;91;162m[48;2;254;91;162m▀[0m[38;2;254;91;162m[48;2;254;91;162m▀[0m[38;2;254;91;162m[48;2;255;134;193m▀[0m[38;2;66;65;66m[48;2;66;65;66m▀[0m[38;2;66;65;66m[48;2;66;65;66m▀[0m[38;2;249;177;192m[48;2;66;65;66m▀[0m[38;2;249;177;192m[48;2;66;65;66m▀[0m[38;2;90;44;57m[48;2;255;252;254m▀[0m[38;2;90;44;57m[48;2;204;162;179m▀[0m[38;2;66;65;66m[48;2;255;152;203m▀[0m[38;2;222;117;66m[48;2;66;65;66m▀[0m[38;2;0;8;16m[48;2;206;127;90m▀[0m[38;2;222;128;159m[48;2;68;55;40m▀[0m[38;2;229;137;166m[48;2;229;137;166m▀[0m[38;2;249;177;192m[48;2;229;137;166m▀[0m[38;2;249;175;192m[48;2;249;175;192m▀[0m[38;2;249;175;192m[48;2;249;175;192m▀[0m[38;2;249;177;192m[48;2;249;177;192m▀[0m[38;2;249;177;192m[48;2;229;137;166m▀[0m[38;2;0;0;0m[48;2;66;65;66m▀[0m[38;2;0;0;0m▄ 
 [38;2;0;0;0m▀[38;2;229;135;166m[48;2;0;0;0m▀[0m[38;2;220;126;157m[48;2;66;56;74m▀[0m[38;2;66;56;74m[48;2;255;170;90m▀[0m[38;2;66;65;66m[48;2;247;191;49m▀[0m[38;2;66;65;66m[48;2;247;191;49m▀[0m[38;2;247;191;49m[48;2;247;191;49m▀[0m[38;2;247;191;49m[48;2;247;191;49m▀[0m[38;2;247;191;49m[48;2;247;191;49m▀[0m[38;2;66;65;66m[48;2;66;65;66m▀[0m[38;2;254;91;162m[48;2;254;91;162m▀[0m[38;2;254;91;162m[48;2;254;91;162m▀[0m[38;2;254;117;162m[48;2;241;119;149m▀[0m[38;2;66;69;66m[48;2;66;69;66m▀[0m[38;2;198;150;41m[48;2;198;150;41m▀[0m[38;2;66;65;66m[48;2;198;150;41m▀[0m[38;2;229;135;166m[48;2;66;65;66m▀[0m[38;2;229;135;166m[48;2;229;135;166m▀[0m[38;2;229;137;166m[48;2;229;137;166m▀[0m[38;2;249;177;192m[48;2;249;177;192m▀[0m[38;2;249;175;192m[48;2;249;175;192m▀[0m[38;2;249;175;192m[48;2;249;175;192m▀[0m[38;2;249;177;192m[48;2;249;177;192m▀[0m[38;2;249;177;192m[48;2;0;0;0m▀[0m[38;2;0;0;0m▀
  [38;2;0;0;0m▄[38;2;16;0;0m[48;2;16;0;0m▀[0m[38;2;255;227;239m[48;2;135;113;119m▀[0m[38;2;239;52;90m[48;2;239;52;90m▀[0m[38;2;247;191;49m[48;2;247;191;49m▀[0m[38;2;247;191;49m[48;2;247;191;49m▀[0m[38;2;247;191;49m[48;2;247;191;49m▀[0m[38;2;247;191;49m[48;2;247;191;49m▀[0m[38;2;247;191;49m[48;2;247;191;49m▀[0m[38;2;66;65;66m[48;2;247;191;49m▀[0m[38;2;66;65;66m[48;2;247;191;49m▀[0m[38;2;74;69;57m[48;2;255;191;41m▀[0m[38;2;194;149;46m[48;2;194;149;46m▀[0m[38;2;200;152;40m[48;2;200;152;40m▀[0m[38;2;200;152;40m[48;2;200;152;40m▀[0m[38;2;66;65;66m[48;2;66;65;66m▀[0m[38;2;229;135;166m[48;2;229;135;166m▀[0m[38;2;229;137;166m[48;2;249;177;192m▀[0m[38;2;249;177;192m[48;2;249;177;192m▀[0m[38;2;249;177;192m[48;2;0;0;0m▀[0m[38;2;249;177;192m[48;2;0;0;0m▀[0m[38;2;0;0;0m▀  
[38;2;0;0;0m▄[38;2;0;0;0m[48;2;229;135;166m▀[0m[38;2;229;135;166m[48;2;229;135;166m▀[0m[38;2;66;56;74m[48;2;220;126;157m▀[0m[38;2;255;170;90m[48;2;66;56;74m▀[0m[38;2;247;191;49m[48;2;247;191;49m▀[0m[38;2;247;191;49m[48;2;173;81;82m▀[0m[38;2;247;191;49m[48;2;247;191;49m▀[0m[38;2;247;191;49m[48;2;247;191;49m▀[0m[38;2;244;165;96m[48;2;244;165;96m▀[0m[38;2;255;255;222m[48;2;239;121;33m▀[0m[38;2;239;52;90m[48;2;239;52;90m▀[0m[38;2;247;191;49m[48;2;247;191;49m▀[0m[38;2;247;191;49m[48;2;247;191;49m▀[0m[38;2;201;152;41m[48;2;201;152;41m▀[0m[38;2;198;150;41m[48;2;198;150;41m▀[0m[38;2;198;150;41m[48;2;66;65;66m▀[0m[38;2;66;65;66m[48;2;0;0;0m▀[0m[38;2;0;0;0m▀[38;2;0;0;0m▀[38;2;0;0;0m▀     
[38;2;0;0;0m▀[38;2;88;57;62m[48;2;0;12;8m▀[0m[38;2;175;100;115m[48;2;240;144;166m▀[0m[38;2;229;135;166m[48;2;229;135;166m▀[0m[38;2;66;65;66m[48;2;229;135;166m▀[0m[38;2;247;195;49m[48;2;66;69;66m▀[0m[38;2;247;195;49m[48;2;186;152;54m▀[0m[38;2;195;71;82m[48;2;239;150;165m▀[0m[38;2;195;71;82m[48;2;195;71;82m▀[0m[38;2;247;191;49m[48;2;247;191;49m▀[0m[38;2;247;191;49m[48;2;247;191;49m▀[0m[38;2;247;191;49m[48;2;247;191;49m▀[0m[38;2;247;191;49m[48;2;201;152;41m▀[0m[38;2;200;152;40m[48;2;200;152;40m▀[0m[38;2;200;152;40m[48;2;200;152;40m▀[0m[38;2;206;127;90m[48;2;66;65;66m▀[0m[38;2;66;65;66m[48;2;222;128;159m▀[0m[38;2;229;135;166m[48;2;229;135;166m▀[0m[38;2;0;0;0m[48;2;229;135;166m▀[0m[38;2;0;0;0m[48;2;249;177;192m▀[0m[38;2;0;0;0m▄     
 [38;2;0;0;0m▀[38;2;229;135;166m[48;2;0;0;0m▀[0m[38;2;229;144;175m[48;2;0;8;8m▀[0m[38;2;68;45;54m[48;2;0;8;8m▀[0m[38;2;249;177;192m[48;2;66;65;66m▀[0m[38;2;66;65;66m[48;2;249;177;192m▀[0m[38;2;49;77;66m[48;2;95;116;57m▀[0m[38;2;195;170;41m[48;2;49;77;66m▀[0m[38;2;198;150;41m[48;2;66;65;66m▀[0m[38;2;198;150;41m[48;2;66;65;66m▀[0m[38;2;198;150;41m[48;2;66;65;66m▀[0m[38;2;198;150;41m[48;2;66;65;66m▀[0m[38;2;66;65;66m[48;2;249;177;192m▀[0m[38;2;66;65;66m[48;2;249;177;192m▀[0m[38;2;229;135;166m[48;2;66;65;66m▀[0m[38;2;229;135;166m[48;2;229;135;166m▀[0m[38;2;229;137;166m[48;2;229;137;166m▀[0m[38;2;229;137;166m[48;2;249;177;192m▀[0m[38;2;249;175;192m[48;2;249;175;192m▀[0m[38;2;249;175;192m[48;2;249;175;192m▀[0m[38;2;0;0;0m[48;2;0;0;0m▀[0m    
    [38;2;0;0;0m▄[38;2;0;0;0m[48;2;249;172;183m▀[0m[38;2;159;97;104m[48;2;249;172;183m▀[0m[38;2;249;177;192m[48;2;249;177;192m▀[0m[38;2;57;150;66m[48;2;249;177;192m▀[0m[38;2;249;175;192m[48;2;249;175;192m▀[0m[38;2;249;175;192m[48;2;249;175;192m▀[0m[38;2;249;177;192m[48;2;249;177;192m▀[0m[38;2;249;177;192m[48;2;200;98;98m▀[0m[38;2;229;135;166m[48;2;0;0;0m▀[0m[38;2;0;0;0m▀[38;2;229;135;166m[48;2;0;0;0m▀[0m[38;2;229;135;166m[48;2;229;135;166m▀[0m[38;2;229;137;166m[48;2;249;177;192m▀[0m[38;2;249;177;192m[48;2;249;177;192m▀[0m[38;2;66;65;66m[48;2;0;0;0m▀[0m[38;2;0;0;0m▀[38;2;0;0;0m▀    
     [38;2;0;0;0m▀[38;2;200;97;98m[48;2;0;0;0m▀[0m[38;2;156;105;71m[48;2;231;158;107m▀[0m[38;2;231;158;107m[48;2;8;0;0m▀[0m[38;2;200;97;98m[48;2;217;148;54m▀[0m[38;2;200;97;98m[48;2;239;191;41m▀[0m[38;2;66;73;57m[48;2;186;143;101m▀[0m[38;2;247;178;123m[48;2;66;73;57m▀[0m[38;2;229;135;166m[48;2;0;0;0m▀[0m[38;2;0;0;0m[48;2;0;0;0m▀[0m [38;2;0;0;0m▀[38;2;0;0;0m▀[38;2;0;0;0m▀[38;2;0;0;0m▀      
       [38;2;0;0;0m▀ [38;2;0;0;0m▀[38;2;0;0;0m▀[38;2;247;191;49m[48;2;0;0;0m▀[0m[38;2;0;0;0m▀             
[0m