  [38;2;0;0;0m▄[38;2;0;0;0m[48;2;246;245;242m▀[0m[38;2;0;4;0m▄[38;2;0;0;0m▄               
 [38;2;0;0;0m[48;2;0;0;0m▀[0m[38;2;49;48;49m[48;2;242;243;242m▀[0m[38;2;246;245;242m[48;2;242;243;242m▀[0m[38;2;192;192;186m[48;2;242;243;242m▀[0m[38;2;242;243;242m[48;2;0;0;0m▀[0m[38;2;0;0;0m▀        [38;2;0;0;0m▄     
  [38;2;0;0;0m▀[38;2;201;200;201m[48;2;0;0;0m▀[0m[38;2;242;243;242m[48;2;242;243;242m▀[0m[38;2;242;243;242m[48;2;242;243;242m▀[0m[38;2;0;0;0m[48;2;242;243;242m▀[0m[38;2;0;0;0m▄[38;2;0;0;0m▄[38;2;0;0;0m▄[38;2;0;0;0m▄[38;2;0;0;0m[48;2;148;150;148m▀[0m[38;2;0;0;0m[48;2;246;245;246m▀[0m[38;2;0;0;0m▄[38;2;0;0;0m[48;2;248;249;248m▀[0m[38;2;242;243;242m[48;2;242;243;242m▀[0m[38;2;0;0;0m[48;2;0;0;0m▀[0m    
 [38;2;0;0;0m▄[38;2;0;0;0m▄[38;2;0;0;0m[48;2;137;136;137m▀[0m[38;2;242;243;242m[48;2;82;81;82m▀[0m[38;2;82;81;82m[48;2;231;231;231m▀[0m[38;2;82;81;82m[48;2;231;231;231m▀[0m[38;2;231;231;231m[48;2;231;231;231m▀[0m[38;2;231;231;231m[48;2;231;231;231m▀[0m[38;2;231;231;231m[48;2;231;231;231m▀[0m[38;2;231;231;231m[48;2;231;231;231m▀[0m[38;2;148;150;148m[48;2;152;151;152m▀[0m[38;2;254;253;254m[48;2;254;254;254m▀[0m[38;2;248;249;248m[48;2;254;254;254m▀[0m[38;2;248;249;248m[48;2;254;254;254m▀[0m[38;2;186;187;186m[48;2;246;245;242m▀[0m[38;2;0;0;0m[48;2;246;245;242m▀[0m[38;2;0;0;0m▄   
 [38;2;0;0;0m▀[38;2;254;254;254m[48;2;0;0;0m▀[0m[38;2;254;254;254m[48;2;248;249;248m▀[0m[38;2;137;136;137m[48;2;248;249;248m▀[0m[38;2;135;135;135m[48;2;208;208;205m▀[0m[38;2;231;231;231m[48;2;231;231;231m▀[0m[38;2;231;231;231m[48;2;231;231;231m▀[0m[38;2;231;231;231m[48;2;231;231;231m▀[0m[38;2;231;231;231m[48;2;231;231;231m▀[0m[38;2;152;151;152m[48;2;208;208;205m▀[0m[38;2;254;254;254m[48;2;214;212;208m▀[0m[38;2;254;254;254m[48;2;254;253;253m▀[0m[38;2;246;246;246m[48;2;152;151;152m▀[0m[38;2;148;150;148m[48;2;231;231;231m▀[0m[38;2;142;142;137m[48;2;231;231;231m▀[0m[38;2;0;4;0m[48;2;152;151;152m▀[0m[38;2;148;150;148m[48;2;0;0;0m▀[0m[38;2;0;0;0m[48;2;242;243;242m▀[0m[38;2;0;0;0m▄ 
  [38;2;0;0;0m▄[38;2;0;0;0m[48;2;66;48;70m▀[0m[38;2;248;249;248m[48;2;123;104;134m▀[0m[38;2;208;208;205m[48;2;231;231;231m▀[0m[38;2;231;231;231m[48;2;231;231;231m▀[0m[38;2;231;231;231m[48;2;231;231;231m▀[0m[38;2;231;231;231m[48;2;231;231;231m▀[0m[38;2;231;231;231m[48;2;231;231;231m▀[0m[38;2;208;208;205m[48;2;231;231;231m▀[0m[38;2;214;212;208m[48;2;231;231;231m▀[0m[38;2;148;150;148m[48;2;231;231;231m▀[0m[38;2;231;231;231m[48;2;231;231;231m▀[0m[38;2;231;231;231m[48;2;231;231;231m▀[0m[38;2;152;151;152m[48;2;152;151;152m▀[0m[38;2;203;202;203m[48;2;203;202;203m▀[0m[38;2;242;243;242m[48;2;242;243;242m▀[0m[38;2;242;243;242m[48;2;0;0;0m▀[0m[38;2;242;243;242m[48;2;199;201;199m▀[0m[38;2;0;0;0m[48;2;0;0;0m▀[0m
[38;2;0;0;0m▄[38;2;0;0;0m[48;2;205;205;205m▀[0m[38;2;82;83;82m[48;2;77;77;77m▀[0m[38;2;182;161;199m[48;2;231;231;231m▀[0m[38;2;240;227;255m[48;2;135;135;135m▀[0m[38;2;247;247;247m[48;2;253;243;255m▀[0m[38;2;47;47;49m[48;2;194;143;212m▀[0m[38;2;231;231;231m[48;2;231;231;231m▀[0m[38;2;231;231;231m[48;2;231;231;231m▀[0m[38;2;231;231;231m[48;2;209;208;206m▀[0m[38;2;231;231;231m[48;2;209;208;206m▀[0m[38;2;231;231;231m[48;2;231;231;231m▀[0m[38;2;231;231;231m[48;2;208;208;205m▀[0m[38;2;231;231;231m[48;2;231;231;231m▀[0m[38;2;231;231;231m[48;2;208;208;205m▀[0m[38;2;231;231;231m[48;2;206;207;206m▀[0m[38;2;152;151;152m[48;2;206;207;206m▀[0m[38;2;0;0;0m[48;2;0;0;0m▀[0m [38;2;0;0;0m▀ 
 [38;2;0;0;0m▀[38;2;0;0;0m▀[38;2;135;135;135m[48;2;0;0;0m▀[0m[38;2;231;231;231m[48;2;82;82;85m▀[0m[38;2;163;96;190m[48;2;231;231;231m▀[0m[38;2;253;243;255m[48;2;231;231;231m▀[0m[38;2;231;231;231m[48;2;135;135;135m▀[0m[38;2;152;151;152m[48;2;251;251;251m▀[0m[38;2;209;208;206m[48;2;214;211;206m▀[0m[38;2;209;208;206m[48;2;148;147;145m▀[0m[38;2;231;231;231m[48;2;209;208;206m▀[0m[38;2;231;231;231m[48;2;209;208;206m▀[0m[38;2;231;231;231m[48;2;206;207;206m▀[0m[38;2;208;208;205m[48;2;206;207;206m▀[0m[38;2;206;207;206m[48;2;82;82;85m▀[0m[38;2;0;0;0m[48;2;0;0;0m▀[0m    
   [38;2;0;0;0m▀[38;2;164;164;170m[48;2;0;0;0m▀[0m[38;2;82;82;82m[48;2;0;0;0m▀[0m[38;2;0;0;0m▀[38;2;251;251;251m[48;2;0;0;0m▀[0m[38;2;251;251;251m[48;2;82;83;82m▀[0m[38;2;82;83;84m[48;2;82;81;82m▀[0m[38;2;82;83;84m[48;2;165;166;173m▀[0m[38;2;209;208;206m[48;2;82;83;82m▀[0m[38;2;209;208;206m[48;2;0;0;0m▀[0m[38;2;0;0;0m▀[38;2;137;138;137m[48;2;0;0;0m▀[0m[38;2;164;164;170m[48;2;0;0;0m▀[0m[38;2;0;0;0m▀    
        [38;2;0;0;0m▀[38;2;165;166;173m[48;2;0;0;0m▀[0m[38;2;165;166;173m[48;2;0;0;0m▀[0m[38;2;0;0;0m▀         
[0m