            [38;2;7;7;7m▄[38;2;7;7;7m[48;2;106;218;135m▀[0m[38;2;7;7;7m[48;2;7;7;7m▀[0m                           
           [38;2;7;7;7m[48;2;7;7;7m▀[0m[38;2;106;218;135m[48;2;106;218;135m▀[0m[38;2;106;218;135m[48;2;106;218;135m▀[0m[38;2;7;7;7m[48;2;7;7;7m▀[0m     [38;2;7;7;7m▄[38;2;7;7;7m[48;2;180;250;159m▀[0m[38;2;7;7;7m[48;2;7;7;7m▀[0m                   
          [38;2;7;7;7m▄[38;2;7;7;7m[48;2;106;218;135m▀[0m[38;2;106;218;135m[48;2;7;7;7m▀[0m[38;2;7;7;7m▀    [38;2;7;7;7m▄[38;2;7;7;7m[48;2;7;7;7m▀[0m[38;2;180;250;159m[48;2;180;250;159m▀[0m[38;2;180;250;159m[48;2;180;250;159m▀[0m[38;2;7;7;7m[48;2;7;7;7m▀[0m                   
         [38;2;7;7;7m[48;2;7;7;7m▀[0m[38;2;106;218;135m[48;2;106;218;135m▀[0m[38;2;106;218;135m[48;2;7;7;7m▀[0m[38;2;7;7;7m▀ [38;2;7;7;7m▄[38;2;7;7;7m▄[38;2;7;7;7m[48;2;180;250;159m▀[0m[38;2;7;7;7m[48;2;66;66;66m▀[0m[38;2;66;66;66m[48;2;180;250;159m▀[0m[38;2;180;250;159m[48;2;180;250;159m▀[0m[38;2;180;250;159m[48;2;66;66;66m▀[0m[38;2;7;7;7m[48;2;7;7;7m▀[0m                    
       [38;2;7;7;7m▄[38;2;7;7;7m[48;2;106;218;135m▀[0m[38;2;106;218;135m[48;2;106;218;135m▀[0m[38;2;106;218;135m[48;2;7;7;7m▀[0m[38;2;7;7;7m[48;2;0;157;137m▀[0m[38;2;7;7;7m▄[38;2;7;7;7m[48;2;180;250;159m▀[0m[38;2;180;250;159m[48;2;74;167;142m▀[0m[38;2;180;250;159m[48;2;66;66;66m▀[0m[38;2;66;66;66m[48;2;180;250;159m▀[0m[38;2;180;250;159m[48;2;180;250;159m▀[0m[38;2;180;250;159m[48;2;180;250;159m▀[0m[38;2;66;66;66m[48;2;66;66;66m▀[0m[38;2;60;126;108m[48;2;60;126;108m▀[0m[38;2;7;7;7m[48;2;7;7;7m▀[0m                    
      [38;2;7;7;7m▄[38;2;7;7;7m[48;2;106;218;135m▀[0m[38;2;106;218;135m[48;2;106;218;135m▀[0m[38;2;106;218;135m[48;2;66;66;66m▀[0m[38;2;66;66;66m[48;2;66;66;66m▀[0m[38;2;7;7;7m[48;2;180;250;159m▀[0m[38;2;180;250;159m[48;2;74;167;142m▀[0m[38;2;74;167;142m[48;2;74;167;142m▀[0m[38;2;66;66;66m[48;2;66;66;66m▀[0m[38;2;180;250;159m[48;2;180;250;159m▀[0m[38;2;180;250;159m[48;2;180;250;159m▀[0m[38;2;180;250;159m[48;2;66;66;66m▀[0m[38;2;66;66;66m[48;2;60;126;108m▀[0m[38;2;66;66;66m[48;2;60;126;108m▀[0m[38;2;7;7;7m[48;2;7;7;7m▀[0m                     
 [38;2;7;7;7m▄[38;2;7;7;7m▄[38;2;7;7;7m▄[38;2;7;7;7m▄[38;2;7;7;7m▄[38;2;7;7;7m[48;2;66;66;66m▀[0m[38;2;106;218;135m[48;2;106;218;135m▀[0m[38;2;106;218;135m[48;2;66;66;66m▀[0m[38;2;66;66;66m[48;2;66;66;66m▀[0m[38;2;180;250;159m[48;2;66;66;66m▀[0m[38;2;74;167;142m[48;2;66;66;66m▀[0m[38;2;74;167;142m[48;2;74;167;142m▀[0m[38;2;74;167;142m[48;2;66;66;66m▀[0m[38;2;66;66;66m[48;2;180;250;159m▀[0m[38;2;180;250;159m[48;2;180;250;159m▀[0m[38;2;66;66;66m[48;2;66;66;66m▀[0m[38;2;66;66;66m[48;2;60;126;108m▀[0m[38;2;60;126;108m[48;2;7;7;7m▀[0m[38;2;7;7;7m▀                      
[38;2;7;7;7m▀[38;2;60;126;108m[48;2;7;7;7m▀[0m[38;2;60;126;108m[48;2;7;7;7m▀[0m[38;2;60;126;108m[48;2;60;126;108m▀[0m[38;2;60;126;108m[48;2;60;126;108m▀[0m[38;2;60;126;108m[48;2;66;66;66m▀[0m[38;2;66;66;66m[48;2;180;250;159m▀[0m[38;2;66;66;66m[48;2;74;167;142m▀[0m[38;2;74;167;142m[48;2;66;66;66m▀[0m[38;2;74;167;142m[48;2;66;66;66m▀[0m[38;2;74;167;142m[48;2;66;66;66m▀[0m[38;2;74;167;142m[48;2;74;167;142m▀[0m[38;2;66;66;66m[48;2;74;167;142m▀[0m[38;2;66;66;66m[48;2;74;167;142m▀[0m[38;2;66;66;66m[48;2;74;167;142m▀[0m[38;2;66;66;66m[48;2;66;66;66m▀[0m[38;2;60;126;108m[48;2;60;126;108m▀[0m[38;2;60;126;108m[48;2;7;7;7m▀[0m[38;2;7;7;7m▀                       
   [38;2;7;7;7m▀[38;2;60;126;108m[48;2;7;7;7m▀[0m[38;2;66;66;66m[48;2;180;250;159m▀[0m[38;2;74;167;142m[48;2;44;92;79m▀[0m[38;2;74;167;142m[48;2;44;92;79m▀[0m[38;2;44;92;79m[48;2;180;250;159m▀[0m[38;2;44;92;79m[48;2;180;250;159m▀[0m[38;2;74;167;142m[48;2;66;66;66m▀[0m[38;2;66;66;66m[48;2;66;66;66m▀[0m[38;2;74;167;142m[48;2;66;66;66m▀[0m[38;2;74;167;142m[48;2;74;167;142m▀[0m[38;2;66;66;66m[48;2;66;66;66m▀[0m[38;2;66;66;66m[48;2;66;66;66m▀[0m[38;2;7;7;7m[48;2;60;126;108m▀[0m[38;2;7;7;7m▄              [38;2;7;7;7m▄[38;2;7;7;7m[48;2;185;202;177m▀[0m[38;2;7;7;7m[48;2;7;7;7m▀[0m       
     [38;2;7;7;7m[48;2;7;7;7m▀[0m[38;2;180;250;159m[48;2;106;218;135m▀[0m[38;2;180;250;159m[48;2;66;66;66m▀[0m[38;2;255;97;58m[48;2;66;66;66m▀[0m[38;2;7;7;7m[48;2;255;97;58m▀[0m[38;2;255;97;58m[48;2;66;66;66m▀[0m[38;2;66;66;66m[48;2;66;66;66m▀[0m[38;2;74;167;142m[48;2;74;167;142m▀[0m[38;2;74;167;142m[48;2;74;167;142m▀[0m[38;2;66;66;66m[48;2;66;66;66m▀[0m[38;2;60;126;108m[48;2;60;126;108m▀[0m[38;2;60;126;108m[48;2;66;66;66m▀[0m[38;2;7;7;7m[48;2;7;7;7m▀[0m          [38;2;7;7;7m▄[38;2;7;7;7m[48;2;185;202;177m▀[0m[38;2;7;7;7m▄[38;2;7;7;7m[48;2;185;202;177m▀[0m[38;2;185;202;177m[48;2;185;202;177m▀[0m[38;2;7;7;7m[48;2;7;7;7m▀[0m  [38;2;7;7;7m▄[38;2;7;7;7m▄    
    [38;2;7;7;7m[48;2;7;7;7m▀[0m[38;2;106;218;135m[48;2;66;66;66m▀[0m[38;2;106;218;135m[48;2;66;66;66m▀[0m[38;2;99;115;126m[48;2;99;115;126m▀[0m[38;2;66;66;66m[48;2;99;115;126m▀[0m[38;2;66;66;66m[48;2;66;66;66m▀[0m[38;2;66;66;66m[48;2;74;167;142m▀[0m[38;2;74;167;142m[48;2;74;167;142m▀[0m[38;2;74;167;142m[48;2;74;167;142m▀[0m[38;2;66;66;66m[48;2;66;66;66m▀[0m[38;2;74;167;142m[48;2;180;250;159m▀[0m[38;2;66;66;66m[48;2;74;167;142m▀[0m[38;2;7;7;7m[48;2;7;7;7m▀[0m       [38;2;7;7;7m▄[38;2;7;7;7m[48;2;185;202;177m▀[0m[38;2;7;7;7m▄[38;2;7;7;7m▄[38;2;7;7;7m[48;2;185;202;177m▀[0m[38;2;185;202;177m[48;2;66;66;66m▀[0m[38;2;7;7;7m[48;2;185;202;177m▀[0m[38;2;185;202;177m[48;2;74;167;142m▀[0m[38;2;7;7;7m[48;2;60;126;108m▀[0m[38;2;7;7;7m▄[38;2;7;7;7m[48;2;44;92;79m▀[0m[38;2;7;7;7m[48;2;185;202;177m▀[0m[38;2;185;202;177m[48;2;185;202;177m▀[0m[38;2;185;202;177m[48;2;7;7;7m▀[0m[38;2;7;7;7m▀   
    [38;2;7;7;7m▀[38;2;74;167;142m[48;2;7;7;7m▀[0m[38;2;74;167;142m[48;2;74;167;142m▀[0m[38;2;66;66;66m[48;2;74;167;142m▀[0m[38;2;66;66;66m[48;2;74;167;142m▀[0m[38;2;66;66;66m[48;2;74;167;142m▀[0m[38;2;74;167;142m[48;2;74;167;142m▀[0m[38;2;74;167;142m[48;2;66;66;66m▀[0m[38;2;66;66;66m[48;2;66;66;66m▀[0m[38;2;74;167;142m[48;2;60;126;108m▀[0m[38;2;74;167;142m[48;2;60;126;108m▀[0m[38;2;180;250;159m[48;2;180;250;159m▀[0m[38;2;60;126;108m[48;2;66;66;66m▀[0m[38;2;7;7;7m[48;2;66;66;66m▀[0m[38;2;7;7;7m▄     [38;2;7;7;7m[48;2;7;7;7m▀[0m[38;2;185;202;177m[48;2;185;202;177m▀[0m[38;2;44;92;79m[48;2;44;92;79m▀[0m[38;2;44;92;79m[48;2;74;167;142m▀[0m[38;2;185;202;177m[48;2;44;92;79m▀[0m[38;2;44;92;79m[48;2;74;167;142m▀[0m[38;2;74;167;142m[48;2;44;92;79m▀[0m[38;2;44;92;79m[48;2;60;126;108m▀[0m[38;2;66;66;66m[48;2;44;92;79m▀[0m[38;2;185;202;177m[48;2;74;167;142m▀[0m[38;2;185;202;177m[48;2;74;167;142m▀[0m[38;2;74;167;142m[48;2;66;66;66m▀[0m[38;2;7;7;7m[48;2;7;7;7m▀[0m [38;2;7;7;7m▄[38;2;7;7;7m▄[38;2;7;7;7m▄ 
      [38;2;7;7;7m▀[38;2;74;167;142m[48;2;7;7;7m▀[0m[38;2;74;167;142m[48;2;7;7;7m▀[0m[38;2;7;7;7m▀[38;2;7;7;7m▀[38;2;7;7;7m▀[38;2;60;126;108m[48;2;7;7;7m▀[0m[38;2;60;126;108m[48;2;66;66;66m▀[0m[38;2;66;66;66m[48;2;44;92;79m▀[0m[38;2;66;66;66m[48;2;74;167;142m▀[0m[38;2;74;167;142m[48;2;74;167;142m▀[0m[38;2;74;167;142m[48;2;74;167;142m▀[0m[38;2;74;167;142m[48;2;44;92;79m▀[0m[38;2;7;7;7m[48;2;44;92;79m▀[0m[38;2;7;7;7m[48;2;60;126;108m▀[0m[38;2;7;7;7m▄  [38;2;7;7;7m▀[38;2;74;167;142m[48;2;7;7;7m▀[0m[38;2;44;92;79m[48;2;44;92;79m▀[0m[38;2;74;167;142m[48;2;74;167;142m▀[0m[38;2;44;92;79m[48;2;44;92;79m▀[0m[38;2;74;167;142m[48;2;44;92;79m▀[0m[38;2;44;92;79m[48;2;66;66;66m▀[0m[38;2;44;92;79m[48;2;66;66;66m▀[0m[38;2;66;66;66m[48;2;180;250;159m▀[0m[38;2;66;66;66m[48;2;180;250;159m▀[0m[38;2;66;66;66m[48;2;66;66;66m▀[0m[38;2;185;202;177m[48;2;44;92;79m▀[0m[38;2;7;7;7m[48;2;185;202;177m▀[0m[38;2;7;7;7m[48;2;185;202;177m▀[0m[38;2;185;202;177m[48;2;185;202;177m▀[0m[38;2;185;202;177m[48;2;185;202;177m▀[0m[38;2;185;202;177m[48;2;7;7;7m▀[0m[38;2;7;7;7m▀
        [38;2;7;7;7m▄[38;2;7;7;7m▄[38;2;7;7;7m[48;2;66;146;247m▀[0m[38;2;7;7;7m[48;2;44;92;79m▀[0m[38;2;60;126;108m[48;2;74;167;142m▀[0m[38;2;74;167;142m[48;2;74;167;142m▀[0m[38;2;74;167;142m[48;2;60;126;108m▀[0m[38;2;44;92;79m[48;2;44;92;79m▀[0m[38;2;60;126;108m[48;2;44;92;79m▀[0m[38;2;44;92;79m[48;2;66;146;247m▀[0m[38;2;66;146;247m[48;2;66;146;247m▀[0m[38;2;66;146;247m[48;2;66;146;247m▀[0m[38;2;66;146;247m[48;2;44;92;79m▀[0m[38;2;7;7;7m[48;2;66;66;66m▀[0m[38;2;7;7;7m▄[38;2;7;7;7m[48;2;180;250;159m▀[0m[38;2;7;7;7m[48;2;106;218;135m▀[0m[38;2;66;66;66m[48;2;106;218;135m▀[0m[38;2;60;126;108m[48;2;66;66;66m▀[0m[38;2;44;92;79m[48;2;60;126;108m▀[0m[38;2;60;126;108m[48;2;60;126;108m▀[0m[38;2;60;126;108m[48;2;66;66;66m▀[0m[38;2;66;66;66m[48;2;180;250;159m▀[0m[38;2;180;250;159m[48;2;106;218;135m▀[0m[38;2;180;250;159m[48;2;66;66;66m▀[0m[38;2;66;66;66m[48;2;66;66;66m▀[0m[38;2;44;92;79m[48;2;60;126;108m▀[0m[38;2;74;167;142m[48;2;66;66;66m▀[0m[38;2;74;167;142m[48;2;66;66;66m▀[0m[38;2;185;202;177m[48;2;66;66;66m▀[0m[38;2;7;7;7m[48;2;7;7;7m▀[0m[38;2;7;7;7m▀  
        [38;2;7;7;7m[48;2;7;7;7m▀[0m[38;2;119;196;242m[48;2;66;146;247m▀[0m[38;2;66;146;247m[48;2;119;196;242m▀[0m[38;2;66;146;247m[48;2;66;146;247m▀[0m[38;2;44;92;79m[48;2;66;146;247m▀[0m[38;2;44;92;79m[48;2;66;146;247m▀[0m[38;2;44;92;79m[48;2;66;146;247m▀[0m[38;2;66;146;247m[48;2;44;92;79m▀[0m[38;2;66;146;247m[48;2;44;92;79m▀[0m[38;2;66;146;247m[48;2;44;92;79m▀[0m[38;2;44;92;79m[48;2;66;66;66m▀[0m[38;2;44;92;79m[48;2;66;66;66m▀[0m[38;2;66;66;66m[48;2;74;167;142m▀[0m[38;2;74;167;142m[48;2;74;167;142m▀[0m[38;2;66;66;66m[48;2;66;66;66m▀[0m[38;2;66;66;66m[48;2;74;167;142m▀[0m[38;2;180;250;159m[48;2;66;66;66m▀[0m[38;2;180;250;159m[48;2;180;250;159m▀[0m[38;2;106;218;135m[48;2;180;250;159m▀[0m[38;2;66;66;66m[48;2;106;218;135m▀[0m[38;2;74;167;142m[48;2;180;250;159m▀[0m[38;2;180;250;159m[48;2;66;66;66m▀[0m[38;2;66;66;66m[48;2;74;167;142m▀[0m[38;2;66;66;66m[48;2;74;167;142m▀[0m[38;2;60;126;108m[48;2;66;66;66m▀[0m[38;2;60;126;108m[48;2;66;66;66m▀[0m[38;2;66;66;66m[48;2;74;167;142m▀[0m[38;2;66;66;66m[48;2;74;167;142m▀[0m[38;2;74;167;142m[48;2;74;167;142m▀[0m[38;2;74;167;142m[48;2;60;126;108m▀[0m[38;2;60;126;108m[48;2;7;7;7m▀[0m[38;2;7;7;7m▀  
         [38;2;7;7;7m▀[38;2;119;196;242m[48;2;7;7;7m▀[0m[38;2;119;196;242m[48;2;119;196;242m▀[0m[38;2;66;146;247m[48;2;44;92;79m▀[0m[38;2;44;92;79m[48;2;44;92;79m▀[0m[38;2;44;92;79m[48;2;66;66;66m▀[0m[38;2;60;126;108m[48;2;66;66;66m▀[0m[38;2;66;66;66m[48;2;60;126;108m▀[0m[38;2;66;66;66m[48;2;74;167;142m▀[0m[38;2;74;167;142m[48;2;74;167;142m▀[0m[38;2;74;167;142m[48;2;66;66;66m▀[0m[38;2;74;167;142m[48;2;66;66;66m▀[0m[38;2;66;66;66m[48;2;74;167;142m▀[0m[38;2;74;167;142m[48;2;74;167;142m▀[0m[38;2;74;167;142m[48;2;74;167;142m▀[0m[38;2;60;126;108m[48;2;74;167;142m▀[0m[38;2;66;66;66m[48;2;66;66;66m▀[0m[38;2;180;250;159m[48;2;106;218;135m▀[0m[38;2;180;250;159m[48;2;180;250;159m▀[0m[38;2;106;218;135m[48;2;106;218;135m▀[0m[38;2;74;167;142m[48;2;106;218;135m▀[0m[38;2;74;167;142m[48;2;74;167;142m▀[0m[38;2;74;167;142m[48;2;74;167;142m▀[0m[38;2;74;167;142m[48;2;74;167;142m▀[0m[38;2;74;167;142m[48;2;74;167;142m▀[0m[38;2;66;66;66m[48;2;74;167;142m▀[0m[38;2;66;66;66m[48;2;66;66;66m▀[0m[38;2;60;126;108m[48;2;60;126;108m▀[0m[38;2;60;126;108m[48;2;7;7;7m▀[0m[38;2;7;7;7m▀   
    [38;2;7;7;7m▄[38;2;7;7;7m▄    [38;2;7;7;7m▄[38;2;7;7;7m[48;2;74;167;142m▀[0m[38;2;66;66;66m[48;2;74;167;142m▀[0m[38;2;66;66;66m[48;2;74;167;142m▀[0m[38;2;74;167;142m[48;2;74;167;142m▀[0m[38;2;74;167;142m[48;2;74;167;142m▀[0m[38;2;74;167;142m[48;2;66;66;66m▀[0m[38;2;74;167;142m[48;2;66;66;66m▀[0m[38;2;74;167;142m[48;2;60;126;108m▀[0m[38;2;60;126;108m[48;2;60;126;108m▀[0m[38;2;60;126;108m[48;2;60;126;108m▀[0m[38;2;74;167;142m[48;2;60;126;108m▀[0m[38;2;74;167;142m[48;2;60;126;108m▀[0m[38;2;74;167;142m[48;2;74;167;142m▀[0m[38;2;74;167;142m[48;2;60;126;108m▀[0m[38;2;60;126;108m[48;2;60;126;108m▀[0m[38;2;66;66;66m[48;2;66;66;66m▀[0m[38;2;180;250;159m[48;2;180;250;159m▀[0m[38;2;180;250;159m[48;2;180;250;159m▀[0m[38;2;106;218;135m[48;2;106;218;135m▀[0m[38;2;74;167;142m[48;2;74;167;142m▀[0m[38;2;74;167;142m[48;2;74;167;142m▀[0m[38;2;74;167;142m[48;2;74;167;142m▀[0m[38;2;74;167;142m[48;2;74;167;142m▀[0m[38;2;74;167;142m[48;2;74;167;142m▀[0m[38;2;74;167;142m[48;2;74;167;142m▀[0m[38;2;7;7;7m[48;2;7;7;7m▀[0m     
    [38;2;7;7;7m▀[38;2;180;250;159m[48;2;7;7;7m▀[0m[38;2;7;7;7m[48;2;180;250;159m▀[0m[38;2;7;7;7m[48;2;106;218;135m▀[0m[38;2;7;7;7m▄ [38;2;7;7;7m▄[38;2;7;7;7m[48;2;74;167;142m▀[0m[38;2;66;66;66m[48;2;74;167;142m▀[0m[38;2;74;167;142m[48;2;66;66;66m▀[0m[38;2;74;167;142m[48;2;66;66;66m▀[0m[38;2;60;126;108m[48;2;60;126;108m▀[0m[38;2;66;66;66m[48;2;66;66;66m▀[0m[38;2;180;250;159m[48;2;180;250;159m▀[0m[38;2;66;66;66m[48;2;106;218;135m▀[0m[38;2;60;126;108m[48;2;66;66;66m▀[0m[38;2;60;126;108m[48;2;60;126;108m▀[0m[38;2;60;126;108m[48;2;66;66;66m▀[0m[38;2;66;66;66m[48;2;74;167;142m▀[0m[38;2;74;167;142m[48;2;74;167;142m▀[0m[38;2;60;126;108m[48;2;60;126;108m▀[0m[38;2;60;126;108m[48;2;66;66;66m▀[0m[38;2;66;66;66m[48;2;106;218;135m▀[0m[38;2;180;250;159m[48;2;180;250;159m▀[0m[38;2;106;218;135m[48;2;106;218;135m▀[0m[38;2;60;126;108m[48;2;60;126;108m▀[0m[38;2;74;167;142m[48;2;60;126;108m▀[0m[38;2;74;167;142m[48;2;74;167;142m▀[0m[38;2;74;167;142m[48;2;74;167;142m▀[0m[38;2;74;167;142m[48;2;60;126;108m▀[0m[38;2;74;167;142m[48;2;60;126;108m▀[0m[38;2;60;126;108m[48;2;7;7;7m▀[0m[38;2;7;7;7m▀     
      [38;2;7;7;7m▀[38;2;180;250;159m[48;2;7;7;7m▀[0m[38;2;180;250;159m[48;2;180;250;159m▀[0m[38;2;7;7;7m[48;2;180;250;159m▀[0m[38;2;44;92;79m[48;2;106;218;135m▀[0m[38;2;74;167;142m[48;2;44;92;79m▀[0m[38;2;74;167;142m[48;2;74;167;142m▀[0m[38;2;74;167;142m[48;2;60;126;108m▀[0m[38;2;60;126;108m[48;2;60;126;108m▀[0m[38;2;66;66;66m[48;2;7;7;7m▀[0m[38;2;60;126;108m[48;2;7;7;7m▀[0m[38;2;66;66;66m[48;2;66;66;66m▀[0m[38;2;180;250;159m[48;2;180;250;159m▀[0m[38;2;66;66;66m[48;2;180;250;159m▀[0m[38;2;60;126;108m[48;2;66;66;66m▀[0m[38;2;66;66;66m[48;2;74;167;142m▀[0m[38;2;74;167;142m[48;2;74;167;142m▀[0m[38;2;74;167;142m[48;2;74;167;142m▀[0m[38;2;66;66;66m[48;2;66;66;66m▀[0m[38;2;106;218;135m[48;2;106;218;135m▀[0m[38;2;106;218;135m[48;2;7;7;7m▀[0m[38;2;7;7;7m▀[38;2;180;250;159m[48;2;7;7;7m▀[0m[38;2;66;66;66m[48;2;180;250;159m▀[0m[38;2;60;126;108m[48;2;66;66;66m▀[0m[38;2;60;126;108m[48;2;66;66;66m▀[0m[38;2;60;126;108m[48;2;60;126;108m▀[0m[38;2;60;126;108m[48;2;60;126;108m▀[0m[38;2;60;126;108m[48;2;60;126;108m▀[0m[38;2;7;7;7m[48;2;66;66;66m▀[0m[38;2;7;7;7m[48;2;60;126;108m▀[0m[38;2;7;7;7m▄    
        [38;2;7;7;7m[48;2;7;7;7m▀[0m[38;2;180;250;159m[48;2;180;250;159m▀[0m[38;2;180;250;159m[48;2;180;250;159m▀[0m[38;2;44;92;79m[48;2;44;92;79m▀[0m[38;2;74;167;142m[48;2;74;167;142m▀[0m[38;2;60;126;108m[48;2;60;126;108m▀[0m[38;2;7;7;7m[48;2;60;126;108m▀[0m[38;2;7;7;7m▄ [38;2;7;7;7m▀[38;2;66;66;66m[48;2;7;7;7m▀[0m[38;2;180;250;159m[48;2;180;250;159m▀[0m[38;2;66;66;66m[48;2;180;250;159m▀[0m[38;2;74;167;142m[48;2;66;66;66m▀[0m[38;2;74;167;142m[48;2;74;167;142m▀[0m[38;2;74;167;142m[48;2;74;167;142m▀[0m[38;2;66;66;66m[48;2;60;126;108m▀[0m[38;2;7;7;7m[48;2;7;7;7m▀[0m   [38;2;7;7;7m▀[38;2;180;250;159m[48;2;7;7;7m▀[0m[38;2;106;218;135m[48;2;180;250;159m▀[0m[38;2;66;66;66m[48;2;180;250;159m▀[0m[38;2;66;66;66m[48;2;66;66;66m▀[0m[38;2;60;126;108m[48;2;60;126;108m▀[0m[38;2;60;126;108m[48;2;185;202;177m▀[0m[38;2;185;202;177m[48;2;60;126;108m▀[0m[38;2;7;7;7m[48;2;7;7;7m▀[0m    
       [38;2;7;7;7m▄[38;2;7;7;7m[48;2;185;202;177m▀[0m[38;2;180;250;159m[48;2;44;92;79m▀[0m[38;2;44;92;79m[48;2;185;202;177m▀[0m[38;2;74;167;142m[48;2;74;167;142m▀[0m[38;2;60;126;108m[48;2;185;202;177m▀[0m[38;2;60;126;108m[48;2;60;126;108m▀[0m[38;2;60;126;108m[48;2;185;202;177m▀[0m[38;2;7;7;7m[48;2;7;7;7m▀[0m   [38;2;66;66;66m[48;2;7;7;7m▀[0m[38;2;180;250;159m[48;2;180;250;159m▀[0m[38;2;180;250;159m[48;2;180;250;159m▀[0m[38;2;44;92;79m[48;2;44;92;79m▀[0m[38;2;74;167;142m[48;2;60;126;108m▀[0m[38;2;60;126;108m[48;2;60;126;108m▀[0m[38;2;7;7;7m[48;2;60;126;108m▀[0m[38;2;7;7;7m▄   [38;2;7;7;7m▀[38;2;7;7;7m▀[38;2;180;250;159m[48;2;7;7;7m▀[0m[38;2;180;250;159m[48;2;7;7;7m▀[0m[38;2;7;7;7m[48;2;7;7;7m▀[0m[38;2;60;126;108m[48;2;185;202;177m▀[0m[38;2;185;202;177m[48;2;185;202;177m▀[0m[38;2;7;7;7m[48;2;185;202;177m▀[0m[38;2;7;7;7m▄   
       [38;2;7;7;7m[48;2;7;7;7m▀[0m[38;2;74;167;142m[48;2;185;202;177m▀[0m[38;2;185;202;177m[48;2;185;202;177m▀[0m[38;2;74;167;142m[48;2;185;202;177m▀[0m[38;2;185;202;177m[48;2;66;66;66m▀[0m[38;2;60;126;108m[48;2;185;202;177m▀[0m[38;2;185;202;177m[48;2;185;202;177m▀[0m[38;2;60;126;108m[48;2;185;202;177m▀[0m[38;2;185;202;177m[48;2;185;202;177m▀[0m[38;2;7;7;7m[48;2;7;7;7m▀[0m [38;2;7;7;7m[48;2;7;7;7m▀[0m[38;2;44;92;79m[48;2;74;167;142m▀[0m[38;2;180;250;159m[48;2;44;92;79m▀[0m[38;2;44;92;79m[48;2;74;167;142m▀[0m[38;2;74;167;142m[48;2;185;202;177m▀[0m[38;2;185;202;177m[48;2;74;167;142m▀[0m[38;2;60;126;108m[48;2;185;202;177m▀[0m[38;2;185;202;177m[48;2;60;126;108m▀[0m[38;2;7;7;7m[48;2;185;202;177m▀[0m[38;2;7;7;7m▄       [38;2;7;7;7m▀[38;2;185;202;177m[48;2;7;7;7m▀[0m[38;2;185;202;177m[48;2;185;202;177m▀[0m[38;2;7;7;7m[48;2;7;7;7m▀[0m   
       [38;2;7;7;7m[48;2;7;7;7m▀[0m[38;2;66;66;66m[48;2;185;202;177m▀[0m[38;2;185;202;177m[48;2;66;66;66m▀[0m[38;2;66;66;66m[48;2;66;66;66m▀[0m[38;2;185;202;177m[48;2;185;202;177m▀[0m[38;2;66;66;66m[48;2;185;202;177m▀[0m[38;2;185;202;177m[48;2;66;66;66m▀[0m[38;2;185;202;177m[48;2;66;66;66m▀[0m[38;2;66;66;66m[48;2;185;202;177m▀[0m[38;2;7;7;7m[48;2;7;7;7m▀[0m [38;2;7;7;7m[48;2;7;7;7m▀[0m[38;2;185;202;177m[48;2;66;66;66m▀[0m[38;2;185;202;177m[48;2;185;202;177m▀[0m[38;2;185;202;177m[48;2;185;202;177m▀[0m[38;2;185;202;177m[48;2;66;66;66m▀[0m[38;2;66;66;66m[48;2;185;202;177m▀[0m[38;2;185;202;177m[48;2;66;66;66m▀[0m[38;2;185;202;177m[48;2;185;202;177m▀[0m[38;2;185;202;177m[48;2;185;202;177m▀[0m[38;2;7;7;7m[48;2;7;7;7m▀[0m        [38;2;7;7;7m▀[38;2;185;202;177m[48;2;7;7;7m▀[0m[38;2;7;7;7m▀   
        [38;2;7;7;7m[48;2;7;7;7m▀[0m[38;2;185;202;177m[48;2;185;202;177m▀[0m[38;2;7;7;7m[48;2;7;7;7m▀[0m[38;2;185;202;177m[48;2;7;7;7m▀[0m[38;2;7;7;7m▀[38;2;66;66;66m[48;2;7;7;7m▀[0m[38;2;185;202;177m[48;2;185;202;177m▀[0m[38;2;7;7;7m[48;2;7;7;7m▀[0m   [38;2;7;7;7m[48;2;7;7;7m▀[0m[38;2;66;66;66m[48;2;185;202;177m▀[0m[38;2;66;66;66m[48;2;7;7;7m▀[0m[38;2;7;7;7m▀[38;2;185;202;177m[48;2;7;7;7m▀[0m[38;2;185;202;177m[48;2;185;202;177m▀[0m[38;2;66;66;66m[48;2;7;7;7m▀[0m[38;2;66;66;66m[48;2;185;202;177m▀[0m[38;2;185;202;177m[48;2;185;202;177m▀[0m[38;2;7;7;7m[48;2;7;7;7m▀[0m             
         [38;2;7;7;7m▀    [38;2;7;7;7m▀    [38;2;7;7;7m▀[38;2;185;202;177m[48;2;7;7;7m▀[0m[38;2;7;7;7m▀ [38;2;7;7;7m▀[38;2;7;7;7m▀ [38;2;7;7;7m▀[38;2;185;202;177m[48;2;7;7;7m▀[0m[38;2;7;7;7m▀             
[0m