      [38;2;7;7;7m▄[38;2;7;7;7m▄[38;2;7;7;7m[48;2;168;137;104m▀[0m[38;2;7;7;7m[48;2;230;201;145m▀[0m[38;2;7;7;7m[48;2;230;201;145m▀[0m[38;2;7;7;7m[48;2;230;201;145m▀[0m[38;2;7;7;7m[48;2;230;201;145m▀[0m[38;2;7;7;7m[48;2;230;201;145m▀[0m[38;2;7;7;7m▄[38;2;7;7;7m▄      
   [38;2;7;7;7m▄[38;2;7;7;7m[48;2;230;201;145m▀[0m[38;2;7;7;7m[48;2;230;201;145m▀[0m[38;2;230;201;145m[48;2;230;201;145m▀[0m[38;2;168;137;104m[48;2;168;137;104m▀[0m[38;2;230;201;145m[48;2;230;201;145m▀[0m[38;2;230;201;145m[48;2;230;201;145m▀[0m[38;2;230;201;145m[48;2;230;201;145m▀[0m[38;2;168;137;104m[48;2;230;201;145m▀[0m[38;2;230;201;145m[48;2;168;137;104m▀[0m[38;2;230;201;145m[48;2;168;137;104m▀[0m[38;2;230;201;145m[48;2;168;137;104m▀[0m[38;2;168;137;104m[48;2;230;201;145m▀[0m[38;2;7;7;7m[48;2;230;201;145m▀[0m[38;2;7;7;7m[48;2;230;201;145m▀[0m[38;2;7;7;7m▄   
  [38;2;7;7;7m[48;2;7;7;7m▀[0m[38;2;230;201;145m[48;2;168;137;104m▀[0m[38;2;230;201;145m[48;2;230;201;145m▀[0m[38;2;230;201;145m[48;2;230;201;145m▀[0m[38;2;230;201;145m[48;2;230;201;145m▀[0m[38;2;230;201;145m[48;2;230;201;145m▀[0m[38;2;168;137;104m[48;2;230;201;145m▀[0m[38;2;230;201;145m[48;2;168;137;104m▀[0m[38;2;230;201;145m[48;2;168;137;104m▀[0m[38;2;230;201;145m[48;2;230;201;145m▀[0m[38;2;230;201;145m[48;2;230;201;145m▀[0m[38;2;230;201;145m[48;2;230;201;145m▀[0m[38;2;230;201;145m[48;2;230;201;145m▀[0m[38;2;230;201;145m[48;2;230;201;145m▀[0m[38;2;230;201;145m[48;2;168;137;104m▀[0m[38;2;230;201;145m[48;2;168;137;104m▀[0m[38;2;168;137;104m[48;2;230;201;145m▀[0m[38;2;7;7;7m[48;2;7;7;7m▀[0m  
 [38;2;7;7;7m[48;2;7;7;7m▀[0m[38;2;230;201;145m[48;2;133;97;73m▀[0m[38;2;168;137;104m[48;2;230;201;145m▀[0m[38;2;168;137;104m[48;2;230;201;145m▀[0m[38;2;230;201;145m[48;2;230;201;145m▀[0m[38;2;230;201;145m[48;2;230;201;145m▀[0m[38;2;230;201;145m[48;2;230;201;145m▀[0m[38;2;230;201;145m[48;2;230;201;145m▀[0m[38;2;230;201;145m[48;2;230;201;145m▀[0m[38;2;230;201;145m[48;2;230;201;145m▀[0m[38;2;230;201;145m[48;2;230;201;145m▀[0m[38;2;230;201;145m[48;2;230;201;145m▀[0m[38;2;168;137;104m[48;2;230;201;145m▀[0m[38;2;168;137;104m[48;2;230;201;145m▀[0m[38;2;168;137;104m[48;2;230;201;145m▀[0m[38;2;230;201;145m[48;2;230;201;145m▀[0m[38;2;230;201;145m[48;2;230;201;145m▀[0m[38;2;230;201;145m[48;2;230;201;145m▀[0m[38;2;168;137;104m[48;2;168;137;104m▀[0m[38;2;7;7;7m[48;2;7;7;7m▀[0m 
[38;2;7;7;7m[48;2;7;7;7m▀[0m[38;2;230;201;145m[48;2;230;201;145m▀[0m[38;2;133;97;73m[48;2;168;137;104m▀[0m[38;2;230;201;145m[48;2;133;97;73m▀[0m[38;2;230;201;145m[48;2;230;201;145m▀[0m[38;2;230;201;145m[48;2;230;201;145m▀[0m[38;2;230;201;145m[48;2;230;201;145m▀[0m[38;2;168;137;104m[48;2;230;201;145m▀[0m[38;2;230;201;145m[48;2;168;137;104m▀[0m[38;2;230;201;145m[48;2;168;137;104m▀[0m[38;2;230;201;145m[48;2;230;201;145m▀[0m[38;2;230;201;145m[48;2;133;97;73m▀[0m[38;2;133;97;73m[48;2;230;201;145m▀[0m[38;2;230;201;145m[48;2;133;97;73m▀[0m[38;2;230;201;145m[48;2;230;201;145m▀[0m[38;2;230;201;145m[48;2;230;201;145m▀[0m[38;2;230;201;145m[48;2;230;201;145m▀[0m[38;2;230;201;145m[48;2;230;201;145m▀[0m[38;2;230;201;145m[48;2;168;137;104m▀[0m[38;2;168;137;104m[48;2;168;137;104m▀[0m[38;2;168;137;104m[48;2;168;137;104m▀[0m[38;2;7;7;7m[48;2;7;7;7m▀[0m
[38;2;7;7;7m[48;2;7;7;7m▀[0m[38;2;168;137;104m[48;2;165;156;160m▀[0m[38;2;230;201;145m[48;2;230;201;145m▀[0m[38;2;7;7;7m[48;2;7;7;7m▀[0m[38;2;168;137;104m[48;2;133;97;73m▀[0m[38;2;230;201;145m[48;2;230;201;145m▀[0m[38;2;133;97;73m[48;2;168;137;104m▀[0m[38;2;230;201;145m[48;2;133;97;73m▀[0m[38;2;230;201;145m[48;2;133;97;73m▀[0m[38;2;133;97;73m[48;2;168;137;104m▀[0m[38;2;133;97;73m[48;2;230;201;145m▀[0m[38;2;168;137;104m[48;2;230;201;145m▀[0m[38;2;230;201;145m[48;2;168;137;104m▀[0m[38;2;133;97;73m[48;2;133;97;73m▀[0m[38;2;230;201;145m[48;2;168;137;104m▀[0m[38;2;230;201;145m[48;2;230;201;145m▀[0m[38;2;230;201;145m[48;2;230;201;145m▀[0m[38;2;230;201;145m[48;2;168;137;104m▀[0m[38;2;168;137;104m[48;2;168;137;104m▀[0m[38;2;168;137;104m[48;2;109;107;108m▀[0m[38;2;90;88;89m[48;2;90;88;89m▀[0m[38;2;7;7;7m[48;2;7;7;7m▀[0m
[38;2;7;7;7m[48;2;7;7;7m▀[0m[38;2;124;118;121m[48;2;124;118;121m▀[0m[38;2;165;156;160m[48;2;124;118;121m▀[0m[38;2;133;97;73m[48;2;165;156;160m▀[0m[38;2;230;201;145m[48;2;168;137;104m▀[0m[38;2;230;201;145m[48;2;230;201;145m▀[0m[38;2;133;97;73m[48;2;168;137;104m▀[0m[38;2;230;201;145m[48;2;133;97;73m▀[0m[38;2;230;201;145m[48;2;168;137;104m▀[0m[38;2;7;7;7m[48;2;7;7;7m▀[0m[38;2;230;201;145m[48;2;230;201;145m▀[0m[38;2;230;201;145m[48;2;133;97;73m▀[0m[38;2;133;97;73m[48;2;133;97;73m▀[0m[38;2;230;201;145m[48;2;230;201;145m▀[0m[38;2;230;201;145m[48;2;230;201;145m▀[0m[38;2;168;137;104m[48;2;230;201;145m▀[0m[38;2;168;137;104m[48;2;168;137;104m▀[0m[38;2;168;137;104m[48;2;109;107;108m▀[0m[38;2;109;107;108m[48;2;90;88;89m▀[0m[38;2;90;88;89m[48;2;90;88;89m▀[0m[38;2;90;88;89m[48;2;90;88;89m▀[0m[38;2;7;7;7m[48;2;7;7;7m▀[0m
 [38;2;7;7;7m[48;2;7;7;7m▀[0m[38;2;66;66;66m[48;2;248;248;248m▀[0m[38;2;66;66;66m[48;2;248;248;248m▀[0m[38;2;165;156;160m[48;2;189;189;189m▀[0m[38;2;168;137;104m[48;2;66;66;66m▀[0m[38;2;230;201;145m[48;2;124;118;121m▀[0m[38;2;230;201;145m[48;2;165;156;160m▀[0m[38;2;133;97;73m[48;2;165;156;160m▀[0m[38;2;133;97;73m[48;2;165;156;160m▀[0m[38;2;133;97;73m[48;2;165;156;160m▀[0m[38;2;230;201;145m[48;2;109;107;108m▀[0m[38;2;230;201;145m[48;2;109;107;108m▀[0m[38;2;230;201;145m[48;2;109;107;108m▀[0m[38;2;168;137;104m[48;2;109;107;108m▀[0m[38;2;168;137;104m[48;2;90;88;89m▀[0m[38;2;109;107;108m[48;2;90;88;89m▀[0m[38;2;90;88;89m[48;2;90;88;89m▀[0m[38;2;90;88;89m[48;2;90;88;89m▀[0m[38;2;90;88;89m[48;2;90;88;89m▀[0m[38;2;7;7;7m[48;2;7;7;7m▀[0m 
  [38;2;7;7;7m[48;2;7;7;7m▀[0m[38;2;248;248;248m[48;2;66;66;66m▀[0m[38;2;248;248;248m[48;2;66;66;66m▀[0m[38;2;189;189;189m[48;2;189;189;189m▀[0m[38;2;66;66;66m[48;2;248;248;248m▀[0m[38;2;124;118;121m[48;2;66;66;66m▀[0m[38;2;124;118;121m[48;2;124;118;121m▀[0m[38;2;124;118;121m[48;2;124;118;121m▀[0m[38;2;124;118;121m[48;2;124;118;121m▀[0m[38;2;124;118;121m[48;2;124;118;121m▀[0m[38;2;90;88;89m[48;2;90;88;89m▀[0m[38;2;90;88;89m[48;2;90;88;89m▀[0m[38;2;90;88;89m[48;2;90;88;89m▀[0m[38;2;90;88;89m[48;2;90;88;89m▀[0m[38;2;90;88;89m[48;2;90;88;89m▀[0m[38;2;90;88;89m[48;2;90;88;89m▀[0m[38;2;90;88;89m[48;2;90;88;89m▀[0m[38;2;7;7;7m[48;2;7;7;7m▀[0m  
   [38;2;7;7;7m▀[38;2;90;88;89m[48;2;7;7;7m▀[0m[38;2;66;66;66m[48;2;7;7;7m▀[0m[38;2;66;66;66m[48;2;90;88;89m▀[0m[38;2;248;248;248m[48;2;66;66;66m▀[0m[38;2;66;66;66m[48;2;66;66;66m▀[0m[38;2;124;118;121m[48;2;90;88;89m▀[0m[38;2;124;118;121m[48;2;90;88;89m▀[0m[38;2;90;88;89m[48;2;90;88;89m▀[0m[38;2;90;88;89m[48;2;90;88;89m▀[0m[38;2;90;88;89m[48;2;90;88;89m▀[0m[38;2;90;88;89m[48;2;90;88;89m▀[0m[38;2;90;88;89m[48;2;90;88;89m▀[0m[38;2;90;88;89m[48;2;7;7;7m▀[0m[38;2;90;88;89m[48;2;7;7;7m▀[0m[38;2;7;7;7m▀   
      [38;2;7;7;7m▀[38;2;7;7;7m▀[38;2;90;88;89m[48;2;7;7;7m▀[0m[38;2;66;66;66m[48;2;7;7;7m▀[0m[38;2;90;88;89m[48;2;7;7;7m▀[0m[38;2;90;88;89m[48;2;7;7;7m▀[0m[38;2;90;88;89m[48;2;7;7;7m▀[0m[38;2;90;88;89m[48;2;7;7;7m▀[0m[38;2;7;7;7m▀[38;2;7;7;7m▀      
[0m