                [38;2;0;0;0m▄[38;2;0;0;0m[48;2;191;179;196m▀[0m[38;2;0;0;0m▄                           
                [38;2;0;0;0m[48;2;0;0;0m▀[0m[38;2;191;179;196m[48;2;191;179;196m▀[0m[38;2;191;179;196m[48;2;191;179;196m▀[0m[38;2;0;0;0m[48;2;66;67;66m▀[0m[38;2;0;0;0m▄ [38;2;0;0;0m▄  [38;2;0;0;0m▄[38;2;0;0;0m▄[38;2;0;0;0m▄[38;2;0;0;0m[48;2;237;227;241m▀[0m[38;2;0;0;0m[48;2;237;227;241m▀[0m[38;2;0;0;0m[48;2;0;0;0m▀[0m               
                [38;2;0;0;0m[48;2;0;0;0m▀[0m[38;2;191;179;196m[48;2;191;179;196m▀[0m[38;2;66;65;66m[48;2;66;65;66m▀[0m[38;2;237;227;241m[48;2;237;227;241m▀[0m[38;2;66;65;66m[48;2;237;227;241m▀[0m[38;2;0;0;0m[48;2;142;135;145m▀[0m[38;2;233;222;238m[48;2;233;222;238m▀[0m[38;2;0;0;0m[48;2;210;201;215m▀[0m[38;2;0;0;0m[48;2;210;201;215m▀[0m[38;2;238;228;243m[48;2;238;228;243m▀[0m[38;2;238;228;243m[48;2;238;228;243m▀[0m[38;2;237;227;241m[48;2;237;227;241m▀[0m[38;2;237;227;241m[48;2;66;65;66m▀[0m[38;2;0;0;0m[48;2;237;227;241m▀[0m[38;2;0;0;0m▄  [38;2;0;0;0m▄[38;2;0;0;0m▄[38;2;0;0;0m▄[38;2;0;0;0m[48;2;191;179;196m▀[0m[38;2;0;0;0m[48;2;191;179;196m▀[0m[38;2;0;0;0m[48;2;0;0;0m▀[0m       
                [38;2;0;0;0m[48;2;0;0;0m▀[0m[38;2;183;174;186m[48;2;66;65;66m▀[0m[38;2;66;65;66m[48;2;241;228;246m▀[0m[38;2;238;228;243m[48;2;238;228;243m▀[0m[38;2;238;228;243m[48;2;238;228;243m▀[0m[38;2;238;228;243m[48;2;238;228;243m▀[0m[38;2;238;228;243m[48;2;238;228;243m▀[0m[38;2;238;228;243m[48;2;238;228;243m▀[0m[38;2;238;228;243m[48;2;238;228;243m▀[0m[38;2;238;228;243m[48;2;191;179;196m▀[0m[38;2;238;228;243m[48;2;191;179;196m▀[0m[38;2;142;132;147m[48;2;237;227;241m▀[0m[38;2;237;227;241m[48;2;237;227;241m▀[0m[38;2;237;227;241m[48;2;189;179;194m▀[0m[38;2;143;134;148m[48;2;237;227;241m▀[0m[38;2;0;0;0m[48;2;237;227;241m▀[0m[38;2;0;0;0m[48;2;237;227;241m▀[0m[38;2;238;228;243m[48;2;238;228;243m▀[0m[38;2;238;228;243m[48;2;191;179;196m▀[0m[38;2;191;179;196m[48;2;191;179;196m▀[0m[38;2;191;179;196m[48;2;191;179;196m▀[0m[38;2;191;179;196m[48;2;0;0;0m▀[0m[38;2;0;0;0m▀       
               [38;2;0;0;0m▄[38;2;0;0;0m[48;2;191;179;196m▀[0m[38;2;238;228;243m[48;2;238;228;243m▀[0m[38;2;238;228;243m[48;2;238;228;243m▀[0m[38;2;238;228;243m[48;2;238;228;243m▀[0m[38;2;238;228;243m[48;2;191;179;196m▀[0m[38;2;238;228;243m[48;2;238;228;243m▀[0m[38;2;238;228;243m[48;2;238;228;243m▀[0m[38;2;238;228;243m[48;2;238;228;243m▀[0m[38;2;238;228;243m[48;2;238;228;243m▀[0m[38;2;238;228;243m[48;2;238;228;243m▀[0m[38;2;238;228;243m[48;2;238;228;243m▀[0m[38;2;238;228;243m[48;2;238;228;243m▀[0m[38;2;238;228;243m[48;2;191;179;196m▀[0m[38;2;238;228;243m[48;2;238;228;243m▀[0m[38;2;238;228;243m[48;2;238;228;243m▀[0m[38;2;238;228;243m[48;2;238;228;243m▀[0m[38;2;238;228;243m[48;2;191;179;196m▀[0m[38;2;191;179;196m[48;2;191;179;196m▀[0m[38;2;191;179;196m[48;2;191;179;196m▀[0m[38;2;191;179;196m[48;2;191;179;196m▀[0m[38;2;191;179;196m[48;2;0;0;0m▀[0m[38;2;0;0;0m▀        
              [38;2;0;0;0m[48;2;0;0;0m▀[0m[38;2;191;179;196m[48;2;191;179;196m▀[0m[38;2;23;23;23m[48;2;23;23;23m▀[0m[38;2;238;228;243m[48;2;191;179;196m▀[0m[38;2;238;228;243m[48;2;238;228;243m▀[0m[38;2;143;134;148m[48;2;143;134;148m▀[0m[38;2;237;227;241m[48;2;237;227;241m▀[0m[38;2;237;227;241m[48;2;143;134;148m▀[0m[38;2;143;134;148m[48;2;237;227;241m▀[0m[38;2;238;228;243m[48;2;238;228;243m▀[0m[38;2;238;228;243m[48;2;191;179;196m▀[0m[38;2;238;228;243m[48;2;191;179;196m▀[0m[38;2;238;228;243m[48;2;191;179;196m▀[0m[38;2;191;179;196m[48;2;191;179;196m▀[0m[38;2;191;179;196m[48;2;191;179;196m▀[0m[38;2;191;179;196m[48;2;191;179;196m▀[0m[38;2;238;228;243m[48;2;191;179;196m▀[0m[38;2;191;179;196m[48;2;191;179;196m▀[0m[38;2;191;179;196m[48;2;191;179;196m▀[0m[38;2;191;179;196m[48;2;191;179;196m▀[0m[38;2;191;179;196m[48;2;142;132;147m▀[0m[38;2;66;65;65m[48;2;66;65;65m▀[0m[38;2;114;109;119m[48;2;114;109;119m▀[0m[38;2;0;0;0m[48;2;116;111;120m▀[0m[38;2;0;0;0m▄       
             [38;2;0;0;0m[48;2;0;0;0m▀[0m[38;2;191;179;196m[48;2;191;179;196m▀[0m[38;2;97;97;97m[48;2;129;84;117m▀[0m[38;2;225;31;174m[48;2;255;255;255m▀[0m[38;2;174;163;179m[48;2;222;28;171m▀[0m[38;2;174;163;179m[48;2;174;163;179m▀[0m[38;2;142;132;147m[48;2;191;179;196m▀[0m[38;2;191;179;196m[48;2;191;179;196m▀[0m[38;2;191;179;196m[48;2;191;179;196m▀[0m[38;2;191;179;196m[48;2;142;132;147m▀[0m[38;2;191;179;196m[48;2;33;33;33m▀[0m[38;2;191;179;196m[48;2;33;33;33m▀[0m[38;2;171;156;173m[48;2;54;54;54m▀[0m[38;2;59;59;59m[48;2;54;54;54m▀[0m[38;2;13;13;13m[48;2;13;13;13m▀[0m[38;2;191;179;196m[48;2;191;179;196m▀[0m[38;2;191;179;196m[48;2;191;179;196m▀[0m[38;2;191;179;196m[48;2;191;179;196m▀[0m[38;2;191;179;196m[48;2;191;179;196m▀[0m[38;2;191;179;196m[48;2;191;179;196m▀[0m[38;2;191;179;196m[48;2;191;179;196m▀[0m[38;2;191;179;196m[48;2;191;179;196m▀[0m[38;2;143;134;148m[48;2;143;134;148m▀[0m[38;2;66;65;66m[48;2;66;65;66m▀[0m[38;2;0;0;0m[48;2;116;111;120m▀[0m[38;2;0;0;0m▄       
            [38;2;0;0;0m[48;2;0;0;0m▀[0m[38;2;143;134;148m[48;2;143;134;148m▀[0m[38;2;117;111;120m[48;2;33;38;33m▀[0m[38;2;142;127;140m[48;2;134;129;140m▀[0m[38;2;223;29;172m[48;2;134;129;140m▀[0m[38;2;110;66;98m[48;2;191;179;196m▀[0m[38;2;191;179;196m[48;2;191;179;196m▀[0m[38;2;191;179;196m[48;2;191;179;196m▀[0m[38;2;142;132;147m[48;2;191;179;196m▀[0m[38;2;110;110;110m[48;2;225;44;146m▀[0m[38;2;225;44;146m[48;2;255;247;231m▀[0m[38;2;51;6;39m[48;2;222;28;171m▀[0m[38;2;74;74;74m[48;2;74;74;74m▀[0m[38;2;74;74;74m[48;2;74;74;74m▀[0m[38;2;74;74;74m[48;2;191;179;196m▀[0m[38;2;191;179;196m[48;2;191;179;196m▀[0m[38;2;191;179;196m[48;2;191;179;196m▀[0m[38;2;191;179;196m[48;2;191;179;196m▀[0m[38;2;191;179;196m[48;2;191;179;196m▀[0m[38;2;191;179;196m[48;2;191;179;196m▀[0m[38;2;191;179;196m[48;2;191;179;196m▀[0m[38;2;191;179;196m[48;2;142;132;147m▀[0m[38;2;142;132;147m[48;2;142;132;147m▀[0m[38;2;143;134;148m[48;2;143;134;148m▀[0m[38;2;143;134;148m[48;2;143;134;148m▀[0m[38;2;66;65;65m[48;2;66;65;65m▀[0m[38;2;114;109;119m[48;2;114;109;119m▀[0m[38;2;0;0;0m[48;2;116;111;120m▀[0m[38;2;0;0;0m▄   [38;2;0;0;0m▄[38;2;0;0;0m▄
           [38;2;0;0;0m▄[38;2;0;0;0m[48;2;143;134;148m▀[0m[38;2;134;119;127m[48;2;33;40;37m▀[0m[38;2;33;40;37m[48;2;89;57;77m▀[0m[38;2;186;184;186m[48;2;33;36;33m▀[0m[38;2;247;247;247m[48;2;186;184;186m▀[0m[38;2;117;112;120m[48;2;255;255;255m▀[0m[38;2;117;112;120m[48;2;177;162;189m▀[0m[38;2;114;107;120m[48;2;255;247;255m▀[0m[38;2;199;194;202m[48;2;114;107;120m▀[0m[38;2;191;179;196m[48;2;112;107;117m▀[0m[38;2;191;179;196m[48;2;112;107;117m▀[0m[38;2;191;179;196m[48;2;112;107;117m▀[0m[38;2;191;179;196m[48;2;112;107;117m▀[0m[38;2;199;194;202m[48;2;114;107;120m▀[0m[38;2;114;107;120m[48;2;255;247;255m▀[0m[38;2;191;179;196m[48;2;112;107;117m▀[0m[38;2;191;179;196m[48;2;191;179;196m▀[0m[38;2;189;178;194m[48;2;142;132;147m▀[0m[38;2;189;178;194m[48;2;142;132;147m▀[0m[38;2;143;134;148m[48;2;143;134;148m▀[0m[38;2;143;134;148m[48;2;143;134;148m▀[0m[38;2;143;134;148m[48;2;143;134;148m▀[0m[38;2;143;134;148m[48;2;143;134;148m▀[0m[38;2;143;134;148m[48;2;143;134;148m▀[0m[38;2;143;134;148m[48;2;143;134;148m▀[0m[38;2;148;140;153m[48;2;148;140;153m▀[0m[38;2;58;55;62m[48;2;0;12;0m▀[0m[38;2;0;0;0m▀   [38;2;0;0;0m[48;2;0;0;0m▀[0m[38;2;143;134;148m[48;2;143;134;148m▀[0m[38;2;0;0;0m[48;2;0;0;0m▀[0m
          [38;2;0;0;0m▄[38;2;0;0;0m[48;2;143;134;148m▀[0m[38;2;143;134;148m[48;2;143;134;148m▀[0m[38;2;33;38;33m[48;2;33;38;33m▀[0m[38;2;97;60;75m[48;2;97;60;75m▀[0m[38;2;97;60;75m[48;2;97;60;75m▀[0m[38;2;33;38;33m[48;2;0;12;0m▀[0m[38;2;33;38;33m[48;2;62;29;41m▀[0m[38;2;33;38;33m[48;2;62;29;41m▀[0m[38;2;32;39;32m[48;2;0;12;0m▀[0m[38;2;181;182;181m[48;2;32;39;32m▀[0m[38;2;247;251;247m[48;2;33;38;33m▀[0m[38;2;186;189;186m[48;2;33;38;33m▀[0m[38;2;247;251;247m[48;2;33;38;33m▀[0m[38;2;186;189;186m[48;2;33;38;33m▀[0m[38;2;247;251;247m[48;2;33;38;33m▀[0m[38;2;186;189;186m[48;2;33;38;33m▀[0m[38;2;33;38;33m[48;2;33;38;33m▀[0m[38;2;143;134;148m[48;2;143;134;148m▀[0m[38;2;143;134;148m[48;2;143;134;148m▀[0m[38;2;143;134;148m[48;2;143;134;148m▀[0m[38;2;143;134;148m[48;2;143;134;148m▀[0m[38;2;143;134;148m[48;2;143;134;148m▀[0m[38;2;143;134;148m[48;2;143;134;148m▀[0m[38;2;143;134;148m[48;2;143;134;148m▀[0m[38;2;143;134;148m[48;2;143;134;148m▀[0m[38;2;143;134;148m[48;2;143;134;148m▀[0m[38;2;143;134;148m[48;2;143;134;148m▀[0m[38;2;143;134;148m[48;2;143;134;148m▀[0m[38;2;0;0;0m[48;2;0;0;0m▀[0m [38;2;0;0;0m▄[38;2;0;0;0m[48;2;143;134;148m▀[0m[38;2;143;134;148m[48;2;143;134;148m▀[0m[38;2;0;0;0m[48;2;0;0;0m▀[0m 
 [38;2;0;0;0m▄[38;2;0;0;0m▄[38;2;0;0;0m[48;2;207;196;214m▀[0m[38;2;0;0;0m[48;2;124;116;129m▀[0m[38;2;0;0;0m▄    [38;2;0;0;0m[48;2;0;0;0m▀[0m[38;2;143;134;148m[48;2;143;134;148m▀[0m[38;2;33;38;33m[48;2;33;38;33m▀[0m[38;2;97;62;75m[48;2;97;62;75m▀[0m[38;2;97;62;75m[48;2;97;62;75m▀[0m[38;2;0;12;0m[48;2;0;12;0m▀[0m[38;2;62;29;41m[48;2;62;29;41m▀[0m[38;2;62;29;41m[48;2;62;29;41m▀[0m[38;2;0;12;0m[48;2;0;12;0m▀[0m[38;2;62;29;41m[48;2;62;29;41m▀[0m[38;2;62;29;41m[48;2;62;29;41m▀[0m[38;2;62;29;41m[48;2;62;29;41m▀[0m[38;2;62;29;41m[48;2;62;29;41m▀[0m[38;2;62;29;41m[48;2;0;12;0m▀[0m[38;2;62;29;41m[48;2;62;29;41m▀[0m[38;2;62;29;41m[48;2;62;29;41m▀[0m[38;2;62;29;41m[48;2;62;29;41m▀[0m[38;2;33;40;37m[48;2;63;34;52m▀[0m[38;2;114;99;109m[48;2;33;40;37m▀[0m[38;2;143;134;148m[48;2;143;134;148m▀[0m[38;2;143;134;148m[48;2;143;134;148m▀[0m[38;2;143;134;148m[48;2;143;134;148m▀[0m[38;2;143;134;148m[48;2;143;134;148m▀[0m[38;2;143;134;148m[48;2;143;134;148m▀[0m[38;2;143;134;148m[48;2;143;134;148m▀[0m[38;2;143;134;148m[48;2;143;134;148m▀[0m[38;2;143;134;148m[48;2;143;134;148m▀[0m[38;2;143;134;148m[48;2;143;134;148m▀[0m[38;2;143;134;148m[48;2;143;134;148m▀[0m[38;2;0;0;0m[48;2;143;134;148m▀[0m[38;2;0;0;0m▄[38;2;0;4;8m[48;2;219;108;152m▀[0m[38;2;219;108;152m[48;2;135;117;129m▀[0m[38;2;143;134;148m[48;2;0;0;0m▀[0m[38;2;0;0;0m▀ 
[38;2;0;0;0m▀[38;2;191;179;196m[48;2;0;0;0m▀[0m[38;2;191;179;196m[48;2;191;179;196m▀[0m[38;2;66;60;74m[48;2;107;104;111m▀[0m[38;2;191;179;196m[48;2;191;179;196m▀[0m[38;2;143;134;148m[48;2;143;134;148m▀[0m[38;2;0;0;0m[48;2;143;134;148m▀[0m[38;2;0;0;0m▄ [38;2;0;0;0m[48;2;0;0;0m▀[0m[38;2;143;134;148m[48;2;143;134;148m▀[0m[38;2;143;134;148m[48;2;143;134;148m▀[0m[38;2;33;38;33m[48;2;33;38;33m▀[0m[38;2;97;60;75m[48;2;97;60;75m▀[0m[38;2;97;60;75m[48;2;0;12;0m▀[0m[38;2;0;12;0m[48;2;62;29;41m▀[0m[38;2;62;29;41m[48;2;62;29;41m▀[0m[38;2;62;29;41m[48;2;0;12;0m▀[0m[38;2;0;12;0m[48;2;62;29;41m▀[0m[38;2;62;29;41m[48;2;62;29;41m▀[0m[38;2;62;29;41m[48;2;62;29;41m▀[0m[38;2;55;19;33m[48;2;0;12;0m▀[0m[38;2;0;12;0m[48;2;25;7;14m▀[0m[38;2;7;0;0m[48;2;7;0;0m▀[0m[38;2;0;12;0m[48;2;0;12;0m▀[0m[38;2;62;29;41m[48;2;62;29;41m▀[0m[38;2;0;12;0m[48;2;0;12;0m▀[0m[38;2;0;12;0m[48;2;7;0;0m▀[0m[38;2;32;39;32m[48;2;32;39;32m▀[0m[38;2;143;134;148m[48;2;143;134;148m▀[0m[38;2;143;134;148m[48;2;143;134;148m▀[0m[38;2;143;134;148m[48;2;143;134;148m▀[0m[38;2;143;134;148m[48;2;143;134;148m▀[0m[38;2;143;134;148m[48;2;143;134;148m▀[0m[38;2;143;134;148m[48;2;143;134;148m▀[0m[38;2;143;134;148m[48;2;143;134;148m▀[0m[38;2;143;134;148m[48;2;143;134;148m▀[0m[38;2;143;134;148m[48;2;143;134;148m▀[0m[38;2;143;134;148m[48;2;143;134;148m▀[0m[38;2;143;134;148m[48;2;143;134;148m▀[0m[38;2;66;65;66m[48;2;66;65;66m▀[0m[38;2;225;103;144m[48;2;225;103;144m▀[0m[38;2;225;103;144m[48;2;0;0;0m▀[0m[38;2;0;0;0m▀  
 [38;2;0;0;0m▀[38;2;143;134;148m[48;2;0;0;0m▀[0m[38;2;191;179;196m[48;2;142;132;147m▀[0m[38;2;142;132;147m[48;2;142;132;147m▀[0m[38;2;143;134;148m[48;2;143;134;148m▀[0m[38;2;143;134;148m[48;2;143;134;148m▀[0m[38;2;148;140;153m[48;2;148;140;153m▀[0m[38;2;0;12;0m[48;2;58;55;62m▀[0m[38;2;57;65;74m[48;2;57;65;74m▀[0m[38;2;137;124;134m[48;2;219;102;156m▀[0m[38;2;33;38;33m[48;2;33;38;33m▀[0m[38;2;97;60;75m[48;2;97;60;75m▀[0m[38;2;97;60;75m[48;2;97;60;75m▀[0m[38;2;0;12;0m[48;2;0;12;0m▀[0m[38;2;62;29;41m[48;2;62;29;41m▀[0m[38;2;62;29;41m[48;2;62;29;41m▀[0m[38;2;0;12;0m[48;2;0;12;0m▀[0m[38;2;62;29;41m[48;2;62;29;41m▀[0m[38;2;62;29;41m[48;2;0;12;0m▀[0m[38;2;62;29;41m[48;2;0;12;0m▀[0m[38;2;0;12;0m[48;2;0;12;0m▀[0m[38;2;7;0;0m[48;2;7;0;0m▀[0m[38;2;7;0;0m[48;2;7;0;0m▀[0m[38;2;7;0;0m[48;2;7;0;0m▀[0m[38;2;0;12;0m[48;2;7;0;0m▀[0m[38;2;7;0;0m[48;2;7;0;0m▀[0m[38;2;7;0;0m[48;2;7;0;0m▀[0m[38;2;32;39;32m[48;2;32;39;32m▀[0m[38;2;143;134;148m[48;2;143;134;148m▀[0m[38;2;143;134;148m[48;2;143;134;148m▀[0m[38;2;143;134;148m[48;2;143;134;148m▀[0m[38;2;143;134;148m[48;2;143;134;148m▀[0m[38;2;143;134;148m[48;2;143;134;148m▀[0m[38;2;143;134;148m[48;2;143;134;148m▀[0m[38;2;143;134;148m[48;2;143;134;148m▀[0m[38;2;143;134;148m[48;2;143;134;148m▀[0m[38;2;143;134;148m[48;2;143;134;148m▀[0m[38;2;143;134;148m[48;2;143;134;148m▀[0m[38;2;143;134;148m[48;2;143;134;148m▀[0m[38;2;143;134;148m[48;2;225;103;144m▀[0m[38;2;66;67;66m[48;2;0;0;0m▀[0m[38;2;0;0;0m▀   
  [38;2;0;0;0m[48;2;0;0;0m▀[0m[38;2;143;134;148m[48;2;143;134;148m▀[0m[38;2;143;134;148m[48;2;143;134;148m▀[0m[38;2;143;134;148m[48;2;143;134;148m▀[0m[38;2;143;134;148m[48;2;225;103;144m▀[0m[38;2;143;134;148m[48;2;143;134;148m▀[0m[38;2;143;134;148m[48;2;225;103;144m▀[0m[38;2;66;65;66m[48;2;66;65;66m▀[0m[38;2;225;103;144m[48;2;225;103;144m▀[0m[38;2;33;38;33m[48;2;33;38;33m▀[0m[38;2;97;60;75m[48;2;33;38;33m▀[0m[38;2;97;60;75m[48;2;97;60;75m▀[0m[38;2;0;12;0m[48;2;97;60;75m▀[0m[38;2;62;29;41m[48;2;0;12;0m▀[0m[38;2;0;12;0m[48;2;62;29;41m▀[0m[38;2;0;12;0m[48;2;62;29;41m▀[0m[38;2;0;12;0m[48;2;62;29;41m▀[0m[38;2;62;29;41m[48;2;0;12;0m▀[0m[38;2;62;29;41m[48;2;0;12;0m▀[0m[38;2;0;12;0m[48;2;164;0;71m▀[0m[38;2;0;12;0m[48;2;164;0;71m▀[0m[38;2;0;12;0m[48;2;33;39;33m▀[0m[38;2;0;12;0m[48;2;33;39;33m▀[0m[38;2;0;12;0m[48;2;164;0;44m▀[0m[38;2;27;12;18m[48;2;0;12;0m▀[0m[38;2;7;0;0m[48;2;7;0;0m▀[0m[38;2;32;39;32m[48;2;32;39;32m▀[0m[38;2;143;134;148m[48;2;143;134;148m▀[0m[38;2;143;134;148m[48;2;143;134;148m▀[0m[38;2;145;137;148m[48;2;66;65;66m▀[0m[38;2;66;65;66m[48;2;184;171;189m▀[0m[38;2;145;137;148m[48;2;66;65;66m▀[0m[38;2;66;65;66m[48;2;184;171;189m▀[0m[38;2;143;134;148m[48;2;66;65;66m▀[0m[38;2;143;134;148m[48;2;143;134;148m▀[0m[38;2;143;134;148m[48;2;143;134;148m▀[0m[38;2;143;134;148m[48;2;143;134;148m▀[0m[38;2;225;103;144m[48;2;143;134;148m▀[0m[38;2;143;134;148m[48;2;225;103;144m▀[0m[38;2;0;0;0m[48;2;0;0;0m▀[0m    
  [38;2;0;0;0m▀[38;2;219;108;152m[48;2;0;4;8m▀[0m[38;2;135;117;129m[48;2;219;108;152m▀[0m[38;2;225;103;144m[48;2;225;103;144m▀[0m[38;2;143;134;148m[48;2;225;103;144m▀[0m[38;2;225;103;144m[48;2;225;103;144m▀[0m[38;2;225;103;144m[48;2;0;0;0m▀[0m[38;2;0;0;0m▀[38;2;225;103;144m[48;2;0;0;0m▀[0m[38;2;82;48;66m[48;2;168;135;160m▀[0m[38;2;255;223;255m[48;2;82;48;66m▀[0m[38;2;33;38;33m[48;2;247;251;247m▀[0m[38;2;0;12;0m[48;2;186;189;186m▀[0m[38;2;62;29;41m[48;2;33;38;33m▀[0m[38;2;62;29;41m[48;2;33;38;33m▀[0m[38;2;0;12;0m[48;2;164;0;71m▀[0m[38;2;0;12;0m[48;2;164;0;71m▀[0m[38;2;164;0;71m[48;2;164;0;71m▀[0m[38;2;164;0;71m[48;2;33;38;33m▀[0m[38;2;164;0;71m[48;2;33;38;33m▀[0m[38;2;33;38;33m[48;2;164;0;71m▀[0m[38;2;164;0;71m[48;2;164;0;71m▀[0m[38;2;164;0;71m[48;2;164;0;71m▀[0m[38;2;164;0;71m[48;2;33;38;33m▀[0m[38;2;164;0;71m[48;2;33;38;33m▀[0m[38;2;33;38;33m[48;2;62;29;41m▀[0m[38;2;33;38;33m[48;2;33;38;33m▀[0m[38;2;145;137;148m[48;2;66;65;66m▀[0m[38;2;66;65;66m[48;2;184;171;189m▀[0m[38;2;112;107;117m[48;2;191;179;196m▀[0m[38;2;191;179;196m[48;2;112;107;117m▀[0m[38;2;112;107;117m[48;2;191;179;196m▀[0m[38;2;191;179;196m[48;2;191;179;196m▀[0m[38;2;66;65;66m[48;2;184;171;189m▀[0m[38;2;145;137;148m[48;2;66;65;66m▀[0m[38;2;225;103;144m[48;2;143;134;148m▀[0m[38;2;143;134;148m[48;2;225;103;144m▀[0m[38;2;225;103;144m[48;2;225;103;144m▀[0m[38;2;225;103;144m[48;2;0;0;0m▀[0m[38;2;0;0;0m▀    
    [38;2;0;0;0m▀[38;2;0;0;0m▀[38;2;0;0;0m▀[38;2;0;0;0m▀  [38;2;0;0;0m▀[38;2;226;109;146m[48;2;0;20;8m▀[0m[38;2;226;109;146m[48;2;79;37;60m▀[0m[38;2;33;38;33m[48;2;202;16;111m▀[0m[38;2;33;38;33m[48;2;202;16;111m▀[0m[38;2;202;16;111m[48;2;202;16;111m▀[0m[38;2;202;16;111m[48;2;33;38;33m▀[0m[38;2;202;16;111m[48;2;33;38;33m▀[0m[38;2;33;38;33m[48;2;202;16;111m▀[0m[38;2;37;36;33m[48;2;202;10;111m▀[0m[38;2;140;5;76m[48;2;202;10;111m▀[0m[38;2;164;0;71m[48;2;164;0;71m▀[0m[38;2;164;0;71m[48;2;33;38;33m▀[0m[38;2;33;38;33m[48;2;62;29;41m▀[0m[38;2;33;38;33m[48;2;62;29;41m▀[0m[38;2;62;29;41m[48;2;62;29;41m▀[0m[38;2;62;29;41m[48;2;33;38;33m▀[0m[38;2;62;29;41m[48;2;33;38;33m▀[0m[38;2;33;38;33m[48;2;33;38;33m▀[0m[38;2;137;124;134m[48;2;219;102;156m▀[0m[38;2;57;65;74m[48;2;57;65;74m▀[0m[38;2;191;179;196m[48;2;142;132;147m▀[0m[38;2;191;179;196m[48;2;191;179;196m▀[0m[38;2;191;179;196m[48;2;191;179;196m▀[0m[38;2;191;179;196m[48;2;191;179;196m▀[0m[38;2;191;179;196m[48;2;142;132;147m▀[0m[38;2;142;132;147m[48;2;142;132;147m▀[0m[38;2;79;45;60m[48;2;79;45;60m▀[0m[38;2;226;115;148m[48;2;0;28;8m▀[0m[38;2;0;0;0m▀      
       [38;2;0;0;0m▄[38;2;0;0;0m▄[38;2;0;0;0m[48;2;202;16;111m▀[0m[38;2;0;0;0m[48;2;202;16;111m▀[0m[38;2;202;18;111m[48;2;202;18;111m▀[0m[38;2;202;18;111m[48;2;202;18;111m▀[0m[38;2;202;16;109m[48;2;164;0;71m▀[0m[38;2;202;16;109m[48;2;164;0;71m▀[0m[38;2;164;0;71m[48;2;202;16;109m▀[0m[38;2;202;16;109m[48;2;202;16;109m▀[0m[38;2;202;16;109m[48;2;202;16;109m▀[0m[38;2;202;16;109m[48;2;164;0;71m▀[0m[38;2;114;71;92m[48;2;74;44;57m▀[0m[38;2;74;44;57m[48;2;255;235;247m▀[0m[38;2;33;38;33m[48;2;186;189;186m▀[0m[38;2;33;38;33m[48;2;247;251;247m▀[0m[38;2;33;38;33m[48;2;186;189;186m▀[0m[38;2;33;38;33m[48;2;247;251;247m▀[0m[38;2;32;39;32m[48;2;181;182;181m▀[0m[38;2;181;182;181m[48;2;65;66;65m▀[0m[38;2;181;159;194m[48;2;66;56;74m▀[0m[38;2;66;56;74m[48;2;123;107;134m▀[0m[38;2;137;124;134m[48;2;219;102;156m▀[0m[38;2;57;65;74m[48;2;57;65;74m▀[0m[38;2;142;132;147m[48;2;142;132;147m▀[0m[38;2;191;179;196m[48;2;142;132;147m▀[0m[38;2;191;179;196m[48;2;142;132;147m▀[0m[38;2;142;132;147m[48;2;142;132;147m▀[0m[38;2;143;134;148m[48;2;143;134;148m▀[0m[38;2;143;134;148m[48;2;143;134;148m▀[0m[38;2;132;116;129m[48;2;212;111;165m▀[0m[38;2;0;4;8m[48;2;0;4;8m▀[0m       
    [38;2;0;0;0m▄[38;2;0;0;0m[48;2;202;16;111m▀[0m[38;2;0;0;0m[48;2;202;16;111m▀[0m[38;2;202;18;111m[48;2;202;18;111m▀[0m[38;2;202;18;111m[48;2;202;18;111m▀[0m[38;2;202;18;111m[48;2;202;18;111m▀[0m[38;2;202;18;111m[48;2;202;18;111m▀[0m[38;2;164;0;71m[48;2;202;16;109m▀[0m[38;2;164;0;71m[48;2;202;16;109m▀[0m[38;2;202;18;111m[48;2;202;18;111m▀[0m[38;2;202;18;111m[48;2;202;18;111m▀[0m[38;2;190;4;97m[48;2;190;4;97m▀[0m[38;2;190;4;97m[48;2;0;0;0m▀[0m[38;2;154;2;76m[48;2;0;8;0m▀[0m[38;2;79;36;55m[48;2;0;8;0m▀[0m[38;2;226;109;146m[48;2;0;20;8m▀[0m[38;2;79;37;60m[48;2;226;109;146m▀[0m[38;2;66;65;66m[48;2;225;103;144m▀[0m[38;2;66;65;66m[48;2;225;103;144m▀[0m[38;2;66;65;66m[48;2;225;103;144m▀[0m[38;2;66;65;66m[48;2;225;103;144m▀[0m[38;2;66;65;66m[48;2;225;103;144m▀[0m[38;2;225;103;144m[48;2;225;103;144m▀[0m[38;2;225;104;145m[48;2;225;104;145m▀[0m[38;2;225;104;145m[48;2;225;104;145m▀[0m[38;2;226;113;148m[48;2;0;12;0m▀[0m[38;2;79;33;55m[48;2;0;12;0m▀[0m[38;2;143;134;148m[48;2;225;103;144m▀[0m[38;2;225;103;144m[48;2;143;134;148m▀[0m[38;2;143;134;148m[48;2;225;103;144m▀[0m[38;2;225;103;144m[48;2;143;134;148m▀[0m[38;2;143;134;148m[48;2;225;103;144m▀[0m[38;2;225;103;144m[48;2;143;134;148m▀[0m[38;2;132;116;129m[48;2;212;111;165m▀[0m[38;2;0;4;8m[48;2;0;4;8m▀[0m       
   [38;2;0;0;0m[48;2;0;0;0m▀[0m[38;2;202;16;111m[48;2;202;16;111m▀[0m[38;2;202;18;111m[48;2;202;18;111m▀[0m[38;2;202;18;111m[48;2;202;18;111m▀[0m[38;2;202;18;111m[48;2;202;18;111m▀[0m[38;2;202;18;111m[48;2;202;18;111m▀[0m[38;2;202;18;111m[48;2;202;18;111m▀[0m[38;2;202;18;111m[48;2;202;18;111m▀[0m[38;2;202;16;109m[48;2;202;16;109m▀[0m[38;2;202;16;109m[48;2;164;0;71m▀[0m[38;2;177;0;84m[48;2;177;0;84m▀[0m[38;2;177;0;84m[48;2;0;0;0m▀[0m[38;2;0;0;0m▀    [38;2;0;0;0m▀[38;2;0;0;0m▀[38;2;0;0;0m▀[38;2;0;0;0m▀[38;2;0;0;0m▀[38;2;0;0;0m▀[38;2;0;0;0m▀[38;2;0;0;0m▀[38;2;0;0;0m▀  [38;2;0;0;0m▀[38;2;225;103;144m[48;2;0;0;0m▀[0m[38;2;225;103;144m[48;2;0;0;0m▀[0m[38;2;225;103;144m[48;2;0;0;0m▀[0m[38;2;225;103;144m[48;2;0;0;0m▀[0m[38;2;225;103;144m[48;2;0;0;0m▀[0m[38;2;0;0;0m▀        
   [38;2;0;0;0m▀[38;2;164;0;71m[48;2;0;0;0m▀[0m[38;2;202;16;109m[48;2;164;0;71m▀[0m[38;2;202;16;109m[48;2;164;0;71m▀[0m[38;2;202;16;109m[48;2;164;0;71m▀[0m[38;2;202;16;109m[48;2;164;0;71m▀[0m[38;2;177;0;84m[48;2;177;0;84m▀[0m[38;2;177;0;84m[48;2;0;0;0m▀[0m[38;2;164;0;71m[48;2;0;0;0m▀[0m[38;2;0;0;0m▀[38;2;0;0;0m▀                                
     [38;2;0;0;0m▀[38;2;0;0;0m▀[38;2;0;0;0m▀[38;2;0;0;0m▀[38;2;0;0;0m▀                                    
[0m