       [38;2;0;0;0m▄[38;2;0;0;0m▄[38;2;0;0;0m[48;2;98;115;131m▀[0m[38;2;0;0;0m▄      [38;2;0;0;0m▄[38;2;0;0;0m[48;2;98;115;131m▀[0m[38;2;0;0;0m[48;2;98;115;131m▀[0m[38;2;0;0;0m▄              
     [38;2;0;0;0m▄[38;2;0;0;0m[48;2;98;115;131m▀[0m[38;2;98;115;131m[48;2;255;189;74m▀[0m[38;2;57;82;115m[48;2;180;156;90m▀[0m[38;2;65;65;65m[48;2;57;82;115m▀[0m[38;2;57;82;115m[48;2;65;65;65m▀[0m[38;2;0;0;0m[48;2;0;0;0m▀[0m    [38;2;0;0;0m[48;2;0;0;0m▀[0m[38;2;98;115;131m[48;2;98;115;131m▀[0m[38;2;98;115;131m[48;2;98;115;131m▀[0m[38;2;98;115;131m[48;2;98;115;131m▀[0m[38;2;98;115;131m[48;2;98;115;131m▀[0m[38;2;0;0;0m[48;2;98;115;131m▀[0m[38;2;0;0;0m▄            
    [38;2;0;0;0m[48;2;0;0;0m▀[0m[38;2;98;115;131m[48;2;57;82;115m▀[0m[38;2;57;82;115m[48;2;65;65;65m▀[0m[38;2;180;156;90m[48;2;57;82;115m▀[0m[38;2;255;189;74m[48;2;65;65;65m▀[0m[38;2;65;65;65m[48;2;57;82;115m▀[0m[38;2;57;82;115m[48;2;65;65;65m▀[0m[38;2;65;65;65m[48;2;57;82;115m▀[0m[38;2;0;0;0m[48;2;65;65;65m▀[0m[38;2;0;0;0m▄[38;2;0;0;0m▄[38;2;0;0;0m[48;2;57;82;115m▀[0m[38;2;98;115;131m[48;2;98;115;131m▀[0m[38;2;98;115;131m[48;2;98;115;131m▀[0m[38;2;98;115;131m[48;2;98;115;131m▀[0m[38;2;98;115;131m[48;2;98;115;131m▀[0m[38;2;98;115;131m[48;2;98;115;131m▀[0m[38;2;98;115;131m[48;2;98;115;131m▀[0m[38;2;98;115;131m[48;2;98;115;131m▀[0m[38;2;0;0;0m[48;2;0;0;0m▀[0m           
   [38;2;0;0;0m[48;2;0;0;0m▀[0m[38;2;57;82;115m[48;2;57;82;115m▀[0m[38;2;65;65;65m[48;2;65;65;65m▀[0m[38;2;57;82;115m[48;2;65;65;65m▀[0m[38;2;65;65;65m[48;2;57;82;115m▀[0m[38;2;255;189;74m[48;2;180;156;90m▀[0m[38;2;180;156;90m[48;2;255;189;74m▀[0m[38;2;57;82;115m[48;2;65;65;65m▀[0m[38;2;65;65;65m[48;2;65;65;65m▀[0m[38;2;65;65;65m[48;2;98;115;131m▀[0m[38;2;65;65;65m[48;2;98;115;131m▀[0m[38;2;65;65;65m[48;2;65;65;65m▀[0m[38;2;57;82;115m[48;2;57;82;115m▀[0m[38;2;57;82;115m[48;2;57;82;115m▀[0m[38;2;98;115;131m[48;2;57;82;115m▀[0m[38;2;98;115;131m[48;2;57;82;115m▀[0m[38;2;98;115;131m[48;2;98;115;131m▀[0m[38;2;98;115;131m[48;2;98;115;131m▀[0m[38;2;98;115;131m[48;2;98;115;131m▀[0m[38;2;98;115;131m[48;2;98;115;131m▀[0m[38;2;98;115;131m[48;2;57;82;115m▀[0m[38;2;0;0;0m[48;2;65;65;65m▀[0m[38;2;0;0;0m[48;2;210;156;91m▀[0m[38;2;0;0;0m▄        
   [38;2;0;0;0m[48;2;0;0;0m▀[0m[38;2;57;82;115m[48;2;57;82;115m▀[0m[38;2;57;82;115m[48;2;57;82;115m▀[0m[38;2;65;65;65m[48;2;65;65;65m▀[0m[38;2;65;65;65m[48;2;57;82;115m▀[0m[38;2;57;82;115m[48;2;65;65;65m▀[0m[38;2;65;65;65m[48;2;65;65;65m▀[0m[38;2;65;65;65m[48;2;98;115;131m▀[0m[38;2;98;115;131m[48;2;98;115;131m▀[0m[38;2;98;115;131m[48;2;98;115;131m▀[0m[38;2;98;115;131m[48;2;98;115;131m▀[0m[38;2;65;65;65m[48;2;65;65;65m▀[0m[38;2;57;82;115m[48;2;57;82;115m▀[0m[38;2;57;82;115m[48;2;57;82;115m▀[0m[38;2;57;82;115m[48;2;57;82;115m▀[0m[38;2;57;82;115m[48;2;57;82;115m▀[0m[38;2;57;82;115m[48;2;57;82;115m▀[0m[38;2;98;115;131m[48;2;57;82;115m▀[0m[38;2;98;115;131m[48;2;98;115;131m▀[0m[38;2;98;115;131m[48;2;65;65;65m▀[0m[38;2;65;65;65m[48;2;57;82;115m▀[0m[38;2;57;82;115m[48;2;65;65;65m▀[0m[38;2;65;65;65m[48;2;65;65;65m▀[0m[38;2;210;156;91m[48;2;155;101;36m▀[0m[38;2;0;0;0m[48;2;210;156;91m▀[0m[38;2;0;0;0m▄      
   [38;2;0;0;0m▀[38;2;57;82;115m[48;2;0;0;0m▀[0m[38;2;57;82;115m[48;2;57;82;115m▀[0m[38;2;57;82;115m[48;2;57;82;115m▀[0m[38;2;65;65;65m[48;2;65;65;65m▀[0m[38;2;57;82;115m[48;2;65;65;65m▀[0m[38;2;65;65;65m[48;2;57;82;115m▀[0m[38;2;57;82;115m[48;2;57;82;115m▀[0m[38;2;98;115;131m[48;2;57;82;115m▀[0m[38;2;98;115;131m[48;2;57;82;115m▀[0m[38;2;57;82;115m[48;2;57;82;115m▀[0m[38;2;57;82;115m[48;2;57;82;115m▀[0m[38;2;65;65;65m[48;2;65;65;65m▀[0m[38;2;57;82;115m[48;2;57;82;115m▀[0m[38;2;57;82;115m[48;2;57;82;115m▀[0m[38;2;57;82;115m[48;2;57;82;115m▀[0m[38;2;57;82;115m[48;2;57;82;115m▀[0m[38;2;57;82;115m[48;2;57;82;115m▀[0m[38;2;65;65;65m[48;2;57;82;115m▀[0m[38;2;57;82;115m[48;2;65;65;65m▀[0m[38;2;65;65;65m[48;2;57;82;115m▀[0m[38;2;57;82;115m[48;2;65;65;65m▀[0m[38;2;65;65;65m[48;2;57;82;115m▀[0m[38;2;155;101;36m[48;2;65;65;65m▀[0m[38;2;155;101;36m[48;2;65;65;65m▀[0m[38;2;155;101;36m[48;2;155;101;36m▀[0m[38;2;0;0;0m[48;2;0;0;0m▀[0m     
    [38;2;0;0;0m[48;2;0;0;0m▀[0m[38;2;65;65;65m[48;2;155;101;36m▀[0m[38;2;57;82;115m[48;2;65;65;65m▀[0m[38;2;57;82;115m[48;2;57;82;115m▀[0m[38;2;65;65;65m[48;2;57;82;115m▀[0m[38;2;57;82;115m[48;2;65;65;65m▀[0m[38;2;57;82;115m[48;2;57;82;115m▀[0m[38;2;57;82;115m[48;2;57;82;115m▀[0m[38;2;57;82;115m[48;2;57;82;115m▀[0m[38;2;57;82;115m[48;2;57;82;115m▀[0m[38;2;57;82;115m[48;2;65;65;65m▀[0m[38;2;65;65;65m[48;2;65;65;65m▀[0m[38;2;57;82;115m[48;2;65;65;65m▀[0m[38;2;57;82;115m[48;2;57;82;115m▀[0m[38;2;57;82;115m[48;2;57;82;115m▀[0m[38;2;57;82;115m[48;2;57;82;115m▀[0m[38;2;57;82;115m[48;2;57;82;115m▀[0m[38;2;57;82;115m[48;2;57;82;115m▀[0m[38;2;65;65;65m[48;2;57;82;115m▀[0m[38;2;65;65;65m[48;2;65;65;65m▀[0m[38;2;57;82;115m[48;2;65;65;65m▀[0m[38;2;65;65;65m[48;2;155;101;36m▀[0m[38;2;155;101;36m[48;2;155;101;36m▀[0m[38;2;155;101;36m[48;2;100;83;67m▀[0m[38;2;65;65;65m[48;2;210;156;91m▀[0m[38;2;0;0;0m[48;2;100;83;67m▀[0m[38;2;0;0;0m▄    
   [38;2;0;0;0m[48;2;0;0;0m▀[0m[38;2;155;101;36m[48;2;155;101;36m▀[0m[38;2;155;101;36m[48;2;65;65;65m▀[0m[38;2;65;65;65m[48;2;155;101;36m▀[0m[38;2;65;65;65m[48;2;65;65;65m▀[0m[38;2;65;65;65m[48;2;210;156;91m▀[0m[38;2;210;156;91m[48;2;210;156;91m▀[0m[38;2;65;65;65m[48;2;210;156;91m▀[0m[38;2;65;65;65m[48;2;210;156;91m▀[0m[38;2;65;65;65m[48;2;210;156;91m▀[0m[38;2;65;65;65m[48;2;210;156;91m▀[0m[38;2;100;83;67m[48;2;210;156;91m▀[0m[38;2;155;101;36m[48;2;100;83;67m▀[0m[38;2;65;65;65m[48;2;155;101;36m▀[0m[38;2;57;82;115m[48;2;65;65;65m▀[0m[38;2;57;82;115m[48;2;57;82;115m▀[0m[38;2;57;82;115m[48;2;57;82;115m▀[0m[38;2;57;82;115m[48;2;57;82;115m▀[0m[38;2;57;82;115m[48;2;65;65;65m▀[0m[38;2;57;82;115m[48;2;65;65;65m▀[0m[38;2;65;65;65m[48;2;65;65;65m▀[0m[38;2;65;65;65m[48;2;155;101;36m▀[0m[38;2;155;101;36m[48;2;155;101;36m▀[0m[38;2;100;83;67m[48;2;100;83;67m▀[0m[38;2;210;156;91m[48;2;183;129;64m▀[0m[38;2;183;129;64m[48;2;210;156;91m▀[0m[38;2;210;156;91m[48;2;183;129;64m▀[0m[38;2;0;0;0m[48;2;0;0;0m▀[0m    
  [38;2;0;0;0m▄[38;2;0;0;0m▄[38;2;0;0;0m[48;2;210;156;91m▀[0m[38;2;100;83;67m[48;2;210;156;91m▀[0m[38;2;155;101;36m[48;2;65;65;65m▀[0m[38;2;65;65;65m[48;2;57;82;115m▀[0m[38;2;210;156;91m[48;2;65;65;65m▀[0m[38;2;210;156;91m[48;2;210;156;91m▀[0m[38;2;210;156;91m[48;2;210;156;91m▀[0m[38;2;210;156;91m[48;2;210;156;91m▀[0m[38;2;210;156;91m[48;2;210;156;91m▀[0m[38;2;210;156;91m[48;2;210;156;91m▀[0m[38;2;210;156;91m[48;2;100;83;67m▀[0m[38;2;100;83;67m[48;2;65;65;65m▀[0m[38;2;155;101;36m[48;2;155;101;36m▀[0m[38;2;65;65;65m[48;2;65;65;65m▀[0m[38;2;65;65;65m[48;2;155;101;36m▀[0m[38;2;65;65;65m[48;2;155;101;36m▀[0m[38;2;65;65;65m[48;2;155;101;36m▀[0m[38;2;155;101;36m[48;2;155;101;36m▀[0m[38;2;155;101;36m[48;2;100;83;67m▀[0m[38;2;155;101;36m[48;2;100;83;67m▀[0m[38;2;65;65;65m[48;2;210;156;91m▀[0m[38;2;155;101;36m[48;2;100;83;67m▀[0m[38;2;155;101;36m[48;2;65;65;65m▀[0m[38;2;100;83;67m[48;2;65;65;65m▀[0m[38;2;183;129;64m[48;2;210;156;91m▀[0m[38;2;210;156;91m[48;2;183;129;64m▀[0m[38;2;183;129;64m[48;2;210;156;91m▀[0m[38;2;0;0;0m[48;2;0;0;0m▀[0m   
[38;2;0;0;0m▄[38;2;0;0;0m[48;2;213;213;213m▀[0m[38;2;213;213;213m[48;2;213;213;213m▀[0m[38;2;157;71;71m[48;2;157;71;71m▀[0m[38;2;210;156;91m[48;2;210;156;91m▀[0m[38;2;65;65;65m[48;2;65;65;65m▀[0m[38;2;57;82;115m[48;2;57;82;115m▀[0m[38;2;57;82;115m[48;2;57;82;115m▀[0m[38;2;57;82;115m[48;2;65;65;65m▀[0m[38;2;65;65;65m[48;2;223;165;137m▀[0m[38;2;65;65;65m[48;2;223;165;137m▀[0m[38;2;65;65;65m[48;2;223;165;137m▀[0m[38;2;210;156;91m[48;2;65;65;65m▀[0m[38;2;210;156;91m[48;2;65;65;65m▀[0m[38;2;65;65;65m[48;2;57;82;115m▀[0m[38;2;57;82;115m[48;2;57;82;115m▀[0m[38;2;65;65;65m[48;2;65;65;65m▀[0m[38;2;155;101;36m[48;2;155;101;36m▀[0m[38;2;155;101;36m[48;2;155;101;36m▀[0m[38;2;155;101;36m[48;2;100;83;67m▀[0m[38;2;100;83;67m[48;2;210;156;91m▀[0m[38;2;100;83;67m[48;2;210;156;91m▀[0m[38;2;210;156;91m[48;2;210;156;91m▀[0m[38;2;210;156;91m[48;2;210;156;91m▀[0m[38;2;210;156;91m[48;2;210;156;91m▀[0m[38;2;210;156;91m[48;2;210;156;91m▀[0m[38;2;210;156;91m[48;2;210;156;91m▀[0m[38;2;210;156;91m[48;2;210;156;91m▀[0m[38;2;65;65;65m[48;2;210;156;91m▀[0m[38;2;210;156;91m[48;2;65;65;65m▀[0m[38;2;0;0;0m[48;2;0;0;0m▀[0m    
 [38;2;0;0;0m▀[38;2;157;71;71m[48;2;0;0;0m▀[0m[38;2;185;127;84m[48;2;185;127;84m▀[0m[38;2;65;65;65m[48;2;65;65;65m▀[0m[38;2;65;65;65m[48;2;57;82;115m▀[0m[38;2;57;82;115m[48;2;57;82;115m▀[0m[38;2;65;65;65m[48;2;65;65;65m▀[0m[38;2;223;165;137m[48;2;223;165;137m▀[0m[38;2;223;165;137m[48;2;223;165;137m▀[0m[38;2;223;165;137m[48;2;223;165;137m▀[0m[38;2;223;165;137m[48;2;65;65;65m▀[0m[38;2;65;65;65m[48;2;57;82;115m▀[0m[38;2;57;82;115m[48;2;57;82;115m▀[0m[38;2;57;82;115m[48;2;57;82;115m▀[0m[38;2;57;82;115m[48;2;65;65;65m▀[0m[38;2;57;82;115m[48;2;65;65;65m▀[0m[38;2;65;65;65m[48;2;155;101;36m▀[0m[38;2;155;101;36m[48;2;100;83;67m▀[0m[38;2;100;83;67m[48;2;210;156;91m▀[0m[38;2;210;156;91m[48;2;210;156;91m▀[0m[38;2;210;156;91m[48;2;210;156;91m▀[0m[38;2;210;156;91m[48;2;210;156;91m▀[0m[38;2;210;156;91m[48;2;210;156;91m▀[0m[38;2;210;156;91m[48;2;210;156;91m▀[0m[38;2;210;156;91m[48;2;210;156;91m▀[0m[38;2;210;156;91m[48;2;210;156;91m▀[0m[38;2;210;156;91m[48;2;210;156;91m▀[0m[38;2;210;156;91m[48;2;65;65;65m▀[0m[38;2;210;156;91m[48;2;65;65;65m▀[0m[38;2;0;0;0m[48;2;0;0;0m▀[0m    
 [38;2;0;0;0m▄[38;2;0;0;0m▄[38;2;0;0;0m[48;2;213;213;213m▀[0m[38;2;65;65;65m[48;2;0;0;0m▀[0m[38;2;57;82;115m[48;2;57;82;115m▀[0m[38;2;65;65;65m[48;2;65;65;65m▀[0m[38;2;223;165;137m[48;2;223;165;137m▀[0m[38;2;223;165;137m[48;2;223;165;137m▀[0m[38;2;223;165;137m[48;2;223;165;137m▀[0m[38;2;65;65;65m[48;2;65;65;65m▀[0m[38;2;57;82;115m[48;2;57;82;115m▀[0m[38;2;57;82;115m[48;2;65;65;65m▀[0m[38;2;65;65;65m[48;2;255;255;255m▀[0m[38;2;65;65;65m[48;2;157;71;71m▀[0m[38;2;185;127;84m[48;2;185;127;84m▀[0m[38;2;185;127;84m[48;2;185;127;84m▀[0m[38;2;65;65;65m[48;2;65;65;65m▀[0m[38;2;100;83;67m[48;2;155;101;36m▀[0m[38;2;210;156;91m[48;2;100;83;67m▀[0m[38;2;210;156;91m[48;2;210;156;91m▀[0m[38;2;210;156;91m[48;2;210;156;91m▀[0m[38;2;210;156;91m[48;2;183;129;64m▀[0m[38;2;210;156;91m[48;2;210;156;91m▀[0m[38;2;210;156;91m[48;2;183;129;64m▀[0m[38;2;210;156;91m[48;2;210;156;91m▀[0m[38;2;210;156;91m[48;2;210;156;91m▀[0m[38;2;65;65;65m[48;2;65;65;65m▀[0m[38;2;223;165;137m[48;2;223;165;137m▀[0m[38;2;223;165;137m[48;2;223;165;137m▀[0m[38;2;223;165;137m[48;2;223;165;137m▀[0m[38;2;0;0;0m[48;2;185;127;84m▀[0m[38;2;0;0;0m▄  
 [38;2;0;0;0m[48;2;0;0;0m▀[0m[38;2;57;82;115m[48;2;57;82;115m▀[0m[38;2;0;0;0m[48;2;57;82;115m▀[0m[38;2;65;65;65m[48;2;65;65;65m▀[0m[38;2;57;82;115m[48;2;65;65;65m▀[0m[38;2;65;65;65m[48;2;223;165;137m▀[0m[38;2;223;165;137m[48;2;223;165;137m▀[0m[38;2;223;165;137m[48;2;223;165;137m▀[0m[38;2;65;65;65m[48;2;65;65;65m▀[0m[38;2;57;82;115m[48;2;57;82;115m▀[0m[38;2;57;82;115m[48;2;0;0;0m▀[0m[38;2;255;98;65m[48;2;255;98;65m▀[0m[38;2;255;255;255m[48;2;255;255;255m▀[0m[38;2;157;71;71m[48;2;185;127;84m▀[0m[38;2;185;127;84m[48;2;185;127;84m▀[0m[38;2;185;127;84m[48;2;65;65;65m▀[0m[38;2;65;65;65m[48;2;57;82;115m▀[0m[38;2;65;65;65m[48;2;65;65;65m▀[0m[38;2;100;83;67m[48;2;155;101;36m▀[0m[38;2;210;156;91m[48;2;100;83;67m▀[0m[38;2;183;129;64m[48;2;210;156;91m▀[0m[38;2;210;156;91m[48;2;183;129;64m▀[0m[38;2;183;129;64m[48;2;65;65;65m▀[0m[38;2;210;156;91m[48;2;65;65;65m▀[0m[38;2;183;129;64m[48;2;65;65;65m▀[0m[38;2;65;65;65m[48;2;65;65;65m▀[0m[38;2;223;165;137m[48;2;185;127;84m▀[0m[38;2;223;165;137m[48;2;185;127;84m▀[0m[38;2;223;165;137m[48;2;185;127;84m▀[0m[38;2;185;127;84m[48;2;255;255;255m▀[0m[38;2;255;255;255m[48;2;255;255;255m▀[0m[38;2;255;255;255m[48;2;255;255;255m▀[0m[38;2;0;0;0m[48;2;0;0;0m▀[0m 
  [38;2;0;0;0m▀[38;2;57;82;115m[48;2;0;0;0m▀[0m[38;2;57;82;115m[48;2;57;82;115m▀[0m[38;2;65;65;65m[48;2;65;65;65m▀[0m[38;2;223;165;137m[48;2;223;165;137m▀[0m[38;2;223;165;137m[48;2;223;165;137m▀[0m[38;2;223;165;137m[48;2;223;165;137m▀[0m[38;2;185;127;84m[48;2;98;82;49m▀[0m[38;2;65;65;65m[48;2;65;65;65m▀[0m[38;2;255;98;65m[48;2;65;65;65m▀[0m[38;2;255;255;255m[48;2;65;65;65m▀[0m[38;2;65;65;65m[48;2;57;82;115m▀[0m[38;2;65;65;65m[48;2;57;82;115m▀[0m[38;2;65;65;65m[48;2;57;82;115m▀[0m[38;2;57;82;115m[48;2;65;65;65m▀[0m[38;2;65;65;65m[48;2;185;127;84m▀[0m[38;2;121;67;2m[48;2;65;65;65m▀[0m[38;2;65;65;65m[48;2;121;67;2m▀[0m[38;2;65;65;65m[48;2;155;101;36m▀[0m[38;2;65;65;65m[48;2;155;101;36m▀[0m[38;2;65;65;65m[48;2;155;101;36m▀[0m[38;2;155;101;36m[48;2;121;67;2m▀[0m[38;2;155;101;36m[48;2;65;65;65m▀[0m[38;2;155;101;36m[48;2;65;65;65m▀[0m[38;2;65;65;65m[48;2;223;165;137m▀[0m[38;2;255;255;255m[48;2;65;65;65m▀[0m[38;2;255;255;255m[48;2;255;255;255m▀[0m[38;2;0;0;0m[48;2;0;0;0m▀[0m[38;2;0;0;0m▀[38;2;255;255;255m[48;2;0;0;0m▀[0m[38;2;255;255;255m[48;2;0;0;0m▀[0m[38;2;255;255;255m[48;2;0;0;0m▀[0m[38;2;0;0;0m▀
   [38;2;0;0;0m▀[38;2;57;82;115m[48;2;0;0;0m▀[0m[38;2;65;65;65m[48;2;57;82;115m▀[0m[38;2;157;71;71m[48;2;65;65;65m▀[0m[38;2;185;127;84m[48;2;223;165;137m▀[0m[38;2;157;71;71m[48;2;65;65;65m▀[0m[38;2;65;65;65m[48;2;57;82;115m▀[0m[38;2;57;82;115m[48;2;57;82;115m▀[0m[38;2;57;82;115m[48;2;57;82;115m▀[0m[38;2;57;82;115m[48;2;65;65;65m▀[0m[38;2;57;82;115m[48;2;65;65;65m▀[0m[38;2;57;82;115m[48;2;65;65;65m▀[0m[38;2;65;65;65m[48;2;185;127;84m▀[0m[38;2;185;127;84m[48;2;65;65;65m▀[0m[38;2;65;65;65m[48;2;65;65;65m▀[0m[38;2;121;67;2m[48;2;155;101;36m▀[0m[38;2;155;101;36m[48;2;121;67;2m▀[0m[38;2;121;67;2m[48;2;121;67;2m▀[0m[38;2;121;67;2m[48;2;121;67;2m▀[0m[38;2;121;67;2m[48;2;65;65;65m▀[0m[38;2;65;65;65m[48;2;223;165;137m▀[0m[38;2;223;165;137m[48;2;223;165;137m▀[0m[38;2;223;165;137m[48;2;223;165;137m▀[0m[38;2;223;165;137m[48;2;223;165;137m▀[0m[38;2;223;165;137m[48;2;223;165;137m▀[0m[38;2;0;0;0m[48;2;185;127;84m▀[0m[38;2;0;0;0m▄     
   [38;2;0;0;0m[48;2;0;0;0m▀[0m[38;2;65;65;65m[48;2;65;65;65m▀[0m[38;2;65;65;65m[48;2;65;65;65m▀[0m[38;2;65;65;65m[48;2;65;65;65m▀[0m[38;2;57;82;115m[48;2;65;65;65m▀[0m[38;2;57;82;115m[48;2;65;65;65m▀[0m[38;2;57;82;115m[48;2;65;65;65m▀[0m[38;2;57;82;115m[48;2;65;65;65m▀[0m[38;2;65;65;65m[48;2;185;127;84m▀[0m[38;2;185;127;84m[48;2;185;127;84m▀[0m[38;2;185;127;84m[48;2;65;65;65m▀[0m[38;2;185;127;84m[48;2;65;65;65m▀[0m[38;2;65;65;65m[48;2;57;82;115m▀[0m[38;2;57;82;115m[48;2;57;82;115m▀[0m[38;2;57;82;115m[48;2;57;82;115m▀[0m[38;2;65;65;65m[48;2;57;82;115m▀[0m[38;2;65;65;65m[48;2;0;0;0m▀[0m[38;2;0;0;0m▀[38;2;65;65;65m[48;2;0;0;0m▀[0m[38;2;185;127;84m[48;2;185;127;84m▀[0m[38;2;223;165;137m[48;2;157;71;71m▀[0m[38;2;223;165;137m[48;2;223;165;137m▀[0m[38;2;223;165;137m[48;2;223;165;137m▀[0m[38;2;223;165;137m[48;2;223;165;137m▀[0m[38;2;223;165;137m[48;2;157;71;71m▀[0m[38;2;185;127;84m[48;2;185;127;84m▀[0m[38;2;0;0;0m[48;2;0;0;0m▀[0m     
    [38;2;0;0;0m▀[38;2;0;0;0m▀[38;2;65;65;65m[48;2;0;0;0m▀[0m[38;2;65;65;65m[48;2;65;65;65m▀[0m[38;2;65;65;65m[48;2;65;65;65m▀[0m[38;2;65;65;65m[48;2;0;0;0m▀[0m[38;2;65;65;65m[48;2;57;82;115m▀[0m[38;2;65;65;65m[48;2;57;82;115m▀[0m[38;2;65;65;65m[48;2;57;82;115m▀[0m[38;2;57;82;115m[48;2;0;0;0m▀[0m[38;2;0;0;0m▀[38;2;57;82;115m[48;2;0;0;0m▀[0m[38;2;57;82;115m[48;2;0;0;0m▀[0m[38;2;57;82;115m[48;2;57;82;115m▀[0m[38;2;0;0;0m[48;2;0;0;0m▀[0m   [38;2;0;0;0m[48;2;0;0;0m▀[0m[38;2;185;127;84m[48;2;185;127;84m▀[0m[38;2;157;71;71m[48;2;185;127;84m▀[0m[38;2;185;127;84m[48;2;185;127;84m▀[0m[38;2;157;71;71m[48;2;185;127;84m▀[0m[38;2;185;127;84m[48;2;185;127;84m▀[0m[38;2;0;0;0m[48;2;0;0;0m▀[0m      
       [38;2;0;0;0m▀[38;2;0;0;0m▀ [38;2;0;0;0m▀[38;2;57;82;115m[48;2;0;0;0m▀[0m[38;2;0;0;0m▀    [38;2;0;0;0m▀    [38;2;0;0;0m[48;2;0;0;0m▀[0m[38;2;157;71;71m[48;2;255;255;255m▀[0m[38;2;185;127;84m[48;2;0;0;0m▀[0m[38;2;157;71;71m[48;2;255;255;255m▀[0m[38;2;157;71;71m[48;2;255;255;255m▀[0m[38;2;157;71;71m[48;2;255;255;255m▀[0m[38;2;185;127;84m[48;2;157;71;71m▀[0m[38;2;0;0;0m[48;2;0;0;0m▀[0m     
                       [38;2;0;0;0m▀ [38;2;0;0;0m▀[38;2;255;255;255m[48;2;0;0;0m▀[0m[38;2;255;255;255m[48;2;0;0;0m▀[0m[38;2;0;0;0m▀      
[0m