        [38;2;0;0;0m▄[38;2;0;0;0m[48;2;45;54;58m▀[0m[38;2;0;0;0m▄  [38;2;0;0;0m▄[38;2;0;0;0m▄    [38;2;0;0;0m▄[38;2;0;0;0m▄         
        [38;2;0;0;0m[48;2;0;0;0m▀[0m[38;2;45;54;58m[48;2;45;54;58m▀[0m[38;2;0;0;0m[48;2;82;213;238m▀[0m[38;2;0;0;0m▄[38;2;0;0;0m[48;2;230;74;65m▀[0m[38;2;230;74;65m[48;2;230;74;65m▀[0m[38;2;0;0;0m[48;2;0;0;0m▀[0m[38;2;0;0;0m▄ [38;2;0;0;0m▄[38;2;0;0;0m[48;2;90;98;90m▀[0m[38;2;90;98;90m[48;2;90;98;90m▀[0m[38;2;0;0;0m[48;2;0;0;0m▀[0m         
[38;2;0;0;0m▄[38;2;0;0;0m[48;2;172;74;90m▀[0m[38;2;0;0;0m[48;2;172;74;90m▀[0m[38;2;0;0;0m[48;2;172;74;90m▀[0m[38;2;0;0;0m▄  [38;2;0;0;0m[48;2;0;0;0m▀[0m[38;2;45;54;58m[48;2;45;54;58m▀[0m[38;2;45;54;58m[48;2;82;213;238m▀[0m[38;2;82;213;238m[48;2;172;74;90m▀[0m[38;2;172;74;90m[48;2;230;74;65m▀[0m[38;2;230;74;65m[48;2;230;74;65m▀[0m[38;2;230;74;65m[48;2;62;71;76m▀[0m[38;2;82;213;238m[48;2;82;213;238m▀[0m[38;2;82;213;238m[48;2;74;74;74m▀[0m[38;2;74;74;74m[48;2;90;98;90m▀[0m[38;2;90;98;90m[48;2;90;98;90m▀[0m[38;2;90;98;90m[48;2;90;98;90m▀[0m[38;2;0;0;0m[48;2;0;0;0m▀[0m   [38;2;62;71;76m▄[38;2;62;71;76m▄[38;2;62;71;76m▄    
[38;2;0;0;0m▀[38;2;172;74;90m[48;2;0;0;0m▀[0m[38;2;172;74;90m[48;2;0;0;0m▀[0m[38;2;172;74;90m[48;2;172;74;90m▀[0m[38;2;172;74;90m[48;2;172;74;90m▀[0m[38;2;0;0;0m[48;2;74;74;74m▀[0m[38;2;0;0;0m[48;2;74;74;74m▀[0m[38;2;0;0;0m[48;2;255;255;255m▀[0m[38;2;172;74;90m[48;2;230;74;65m▀[0m[38;2;62;71;76m[48;2;172;74;90m▀[0m[38;2;172;74;90m[48;2;230;74;65m▀[0m[38;2;230;74;65m[48;2;230;74;65m▀[0m[38;2;62;71;76m[48;2;230;74;65m▀[0m[38;2;62;71;76m[48;2;255;255;255m▀[0m[38;2;62;71;76m[48;2;62;71;76m▀[0m[38;2;74;74;74m[48;2;62;71;76m▀[0m[38;2;90;98;90m[48;2;90;98;90m▀[0m[38;2;90;98;90m[48;2;74;74;74m▀[0m[38;2;0;0;0m[48;2;172;74;90m▀[0m[38;2;0;0;0m▄[38;2;62;71;76m▄[38;2;62;71;76m[48;2;213;246;255m▀[0m[38;2;62;71;76m[48;2;148;222;238m▀[0m[38;2;213;246;255m[48;2;148;222;238m▀[0m[38;2;148;222;238m[48;2;62;71;76m▀[0m[38;2;62;71;76m▀    
   [38;2;0;0;0m▀[38;2;0;0;0m▀[38;2;90;98;90m[48;2;0;0;0m▀[0m[38;2;90;98;90m[48;2;74;74;74m▀[0m[38;2;255;255;255m[48;2;172;74;90m▀[0m[38;2;172;74;90m[48;2;172;74;90m▀[0m[38;2;172;74;90m[48;2;230;74;65m▀[0m[38;2;230;74;65m[48;2;172;74;90m▀[0m[38;2;172;74;90m[48;2;172;74;90m▀[0m[38;2;255;255;255m[48;2;255;255;255m▀[0m[38;2;255;255;255m[48;2;45;54;58m▀[0m[38;2;45;54;58m[48;2;0;0;0m▀[0m[38;2;45;54;58m[48;2;255;255;255m▀[0m[38;2;45;54;58m[48;2;148;139;82m▀[0m[38;2;74;74;74m[48;2;90;98;90m▀[0m[38;2;172;74;90m[48;2;74;74;74m▀[0m[38;2;0;0;0m[48;2;172;74;90m▀[0m[38;2;213;246;255m[48;2;0;0;0m▀[0m[38;2;213;246;255m[48;2;213;246;255m▀[0m[38;2;213;246;255m[48;2;62;71;76m▀[0m[38;2;62;71;76m▀      
    [38;2;0;0;0m▀[38;2;90;98;90m[48;2;0;0;0m▀[0m[38;2;74;74;74m[48;2;0;0;0m▀[0m[38;2;246;139;156m[48;2;246;139;156m▀[0m[38;2;172;74;90m[48;2;172;74;90m▀[0m[38;2;172;74;90m[48;2;62;71;76m▀[0m[38;2;62;71;76m[48;2;62;71;76m▀[0m[38;2;62;71;76m[48;2;62;71;76m▀[0m[38;2;45;54;58m[48;2;45;54;58m▀[0m[38;2;255;255;255m[48;2;148;139;82m▀[0m[38;2;246;139;156m[48;2;255;255;255m▀[0m[38;2;255;255;255m[48;2;148;139;82m▀[0m[38;2;148;139;82m[48;2;90;98;90m▀[0m[38;2;230;74;65m[48;2;90;98;90m▀[0m[38;2;90;98;90m[48;2;74;74;74m▀[0m[38;2;74;74;74m[48;2;74;74;74m▀[0m[38;2;0;0;0m[48;2;62;71;76m▀[0m[38;2;62;71;76m[48;2;0;0;0m▀[0m[38;2;0;0;0m▄       
     [38;2;62;71;76m▄[38;2;62;71;76m▄[38;2;0;0;0m[48;2;0;0;0m▀[0m[38;2;246;139;156m[48;2;172;74;90m▀[0m[38;2;45;54;58m[48;2;246;139;156m▀[0m[38;2;62;71;76m[48;2;45;54;58m▀[0m[38;2;45;54;58m[48;2;172;74;90m▀[0m[38;2;216;225;229m[48;2;172;74;90m▀[0m[38;2;216;225;229m[48;2;172;74;90m▀[0m[38;2;172;74;90m[48;2;246;139;156m▀[0m[38;2;74;74;74m[48;2;246;139;156m▀[0m[38;2;90;98;90m[48;2;74;74;74m▀[0m[38;2;74;74;74m[48;2;74;74;74m▀[0m[38;2;172;74;90m[48;2;74;74;74m▀[0m[38;2;74;74;74m[48;2;45;54;58m▀[0m[38;2;62;71;76m[48;2;0;0;0m▀[0m[38;2;255;255;255m[48;2;0;0;0m▀[0m[38;2;255;255;255m[48;2;62;71;76m▀[0m[38;2;0;0;0m[48;2;62;71;76m▀[0m[38;2;0;0;0m▄[38;2;0;0;0m▄[38;2;0;0;0m[48;2;62;71;76m▀[0m[38;2;0;0;0m[48;2;62;71;76m▀[0m[38;2;0;0;0m▄ 
    [38;2;62;71;76m▀[38;2;148;222;238m[48;2;62;71;76m▀[0m[38;2;148;222;238m[48;2;62;71;76m▀[0m[38;2;148;222;238m[48;2;62;71;76m▀[0m[38;2;0;0;0m[48;2;189;213;238m▀[0m[38;2;0;0;0m[48;2;0;0;0m▀[0m[38;2;246;139;156m[48;2;74;74;74m▀[0m[38;2;246;139;156m[48;2;74;74;74m▀[0m[38;2;246;139;156m[48;2;172;74;90m▀[0m[38;2;246;139;156m[48;2;172;74;90m▀[0m[38;2;172;74;90m[48;2;172;74;90m▀[0m[38;2;172;74;90m[48;2;74;74;74m▀[0m[38;2;246;139;156m[48;2;74;74;74m▀[0m[38;2;74;74;74m[48;2;62;71;76m▀[0m[38;2;62;71;76m[48;2;62;71;76m▀[0m[38;2;0;0;0m[48;2;62;71;76m▀[0m[38;2;148;222;238m[48;2;0;0;0m▀[0m[38;2;148;222;238m[48;2;148;222;238m▀[0m[38;2;0;0;0m[48;2;213;246;255m▀[0m[38;2;62;71;76m[48;2;0;0;0m▀[0m[38;2;62;71;76m[48;2;0;0;0m▀[0m[38;2;45;54;58m[48;2;62;71;76m▀[0m[38;2;216;225;229m[48;2;62;71;76m▀[0m[38;2;216;225;229m[48;2;0;0;0m▀[0m[38;2;45;54;58m[48;2;0;0;0m▀[0m[38;2;0;0;0m▀
       [38;2;0;0;0m▄[38;2;0;0;0m[48;2;255;255;255m▀[0m[38;2;0;0;0m[48;2;255;255;255m▀[0m[38;2;62;71;76m[48;2;74;74;74m▀[0m[38;2;131;148;139m[48;2;74;74;74m▀[0m[38;2;74;74;74m[48;2;131;148;139m▀[0m[38;2;74;74;74m[48;2;162;171;175m▀[0m[38;2;74;74;74m[48;2;162;171;175m▀[0m[38;2;162;171;175m[48;2;0;0;0m▀[0m[38;2;131;148;139m[48;2;0;0;0m▀[0m[38;2;45;54;58m[48;2;0;0;0m▀[0m[38;2;62;71;76m[48;2;255;255;255m▀[0m[38;2;255;255;255m[48;2;255;255;255m▀[0m[38;2;0;0;0m[48;2;255;255;255m▀[0m[38;2;62;71;76m[48;2;0;0;0m▀[0m[38;2;62;71;76m▀[38;2;148;222;238m[48;2;62;71;76m▀[0m[38;2;148;222;238m[48;2;62;71;76m▀[0m[38;2;0;0;0m[48;2;62;71;76m▀[0m[38;2;0;0;0m▀   
  [38;2;0;0;0m▄[38;2;0;0;0m▄[38;2;0;0;0m▄[38;2;0;0;0m▄[38;2;0;0;0m[48;2;62;71;76m▀[0m[38;2;255;255;255m[48;2;62;71;76m▀[0m[38;2;255;255;255m[48;2;0;0;0m▀[0m[38;2;74;74;74m[48;2;0;0;0m▀[0m[38;2;0;0;0m▀[38;2;45;54;58m[48;2;0;0;0m▀[0m[38;2;45;54;58m[48;2;0;0;0m▀[0m[38;2;0;0;0m[48;2;0;0;0m▀[0m[38;2;0;0;0m▀  [38;2;0;0;0m▄[38;2;0;0;0m[48;2;62;71;76m▀[0m[38;2;255;255;255m[48;2;45;54;58m▀[0m[38;2;45;54;58m[48;2;0;0;0m▀[0m[38;2;74;74;74m[48;2;62;71;76m▀[0m[38;2;0;0;0m[48;2;62;71;76m▀[0m[38;2;0;0;0m▄      
 [38;2;0;0;0m▀[38;2;62;71;76m[48;2;0;0;0m▀[0m[38;2;62;71;76m[48;2;0;0;0m▀[0m[38;2;162;171;175m[48;2;62;71;76m▀[0m[38;2;45;54;58m[48;2;62;71;76m▀[0m[38;2;62;71;76m[48;2;0;0;0m▀[0m[38;2;45;54;58m[48;2;216;225;229m▀[0m[38;2;0;0;0m[48;2;62;71;76m▀[0m[38;2;0;0;0m▄        [38;2;0;0;0m▀[38;2;0;0;0m▀ [38;2;0;0;0m▀[38;2;0;0;0m▀       
    [38;2;0;0;0m▀[38;2;0;0;0m▀ [38;2;0;0;0m▀[38;2;0;0;0m▀                     
[0m