      [38;2;0;0;0m▄[38;2;0;0;0m[48;2;93;99;98m▀[0m[38;2;0;0;0m▄[38;2;0;0;0m[48;2;93;99;98m▀[0m[38;2;0;0;0m▄[38;2;0;0;0m[48;2;93;99;98m▀[0m[38;2;0;0;0m▄                       
     [38;2;0;0;0m▄[38;2;0;0;0m[48;2;75;81;80m▀[0m[38;2;93;99;98m[48;2;93;99;98m▀[0m[38;2;255;246;139m[48;2;255;246;139m▀[0m[38;2;93;99;98m[48;2;93;99;98m▀[0m[38;2;255;246;139m[48;2;255;246;139m▀[0m[38;2;93;99;98m[48;2;93;99;98m▀[0m[38;2;62;62;62m[48;2;93;99;98m▀[0m[38;2;0;0;0m[48;2;62;62;62m▀[0m[38;2;0;0;0m[48;2;75;81;80m▀[0m[38;2;0;0;0m[48;2;62;62;62m▀[0m[38;2;0;0;0m▄[38;2;0;0;0m▄                  
    [38;2;0;0;0m▄[38;2;0;0;0m[48;2;93;99;98m▀[0m[38;2;93;99;98m[48;2;62;62;62m▀[0m[38;2;255;246;139m[48;2;93;99;98m▀[0m[38;2;93;99;98m[48;2;62;62;62m▀[0m[38;2;255;246;139m[48;2;93;99;98m▀[0m[38;2;93;99;98m[48;2;62;62;62m▀[0m[38;2;75;81;80m[48;2;255;246;139m▀[0m[38;2;255;246;139m[48;2;255;246;139m▀[0m[38;2;255;246;139m[48;2;93;99;98m▀[0m[38;2;75;81;80m[48;2;62;62;62m▀[0m[38;2;62;62;62m[48;2;238;131;90m▀[0m[38;2;255;246;139m[48;2;238;131;90m▀[0m[38;2;255;246;139m[48;2;98;106;123m▀[0m[38;2;0;0;0m[48;2;62;62;62m▀[0m[38;2;0;0;0m[48;2;93;99;98m▀[0m[38;2;0;0;0m▄       [38;2;0;0;0m▄[38;2;0;0;0m[48;2;93;99;98m▀[0m[38;2;0;0;0m▄[38;2;0;0;0m[48;2;93;99;98m▀[0m[38;2;0;0;0m▄[38;2;0;0;0m[48;2;93;99;98m▀[0m[38;2;0;0;0m▄ 
   [38;2;0;0;0m[48;2;0;0;0m▀[0m[38;2;75;81;80m[48;2;75;81;80m▀[0m[38;2;62;62;62m[48;2;62;62;62m▀[0m[38;2;75;81;80m[48;2;75;81;80m▀[0m[38;2;62;62;62m[48;2;62;62;62m▀[0m[38;2;75;81;80m[48;2;93;99;98m▀[0m[38;2;93;99;98m[48;2;238;131;90m▀[0m[38;2;255;246;139m[48;2;255;246;139m▀[0m[38;2;62;62;62m[48;2;62;62;62m▀[0m[38;2;93;99;98m[48;2;93;99;98m▀[0m[38;2;93;99;98m[48;2;98;106;123m▀[0m[38;2;98;106;123m[48;2;131;131;148m▀[0m[38;2;62;62;62m[48;2;131;131;148m▀[0m[38;2;98;106;123m[48;2;0;0;0m▀[0m[38;2;131;131;148m[48;2;62;62;62m▀[0m[38;2;131;131;148m[48;2;0;0;0m▀[0m[38;2;62;62;62m[48;2;93;99;98m▀[0m[38;2;62;62;62m[48;2;93;99;98m▀[0m[38;2;0;0;0m[48;2;62;62;62m▀[0m[38;2;0;0;0m▄    [38;2;0;0;0m▄[38;2;0;0;0m[48;2;93;99;98m▀[0m[38;2;93;99;98m[48;2;0;0;0m▀[0m[38;2;0;0;0m[48;2;93;99;98m▀[0m[38;2;93;99;98m[48;2;0;0;0m▀[0m[38;2;0;0;0m[48;2;93;99;98m▀[0m[38;2;93;99;98m[48;2;60;66;65m▀[0m[38;2;0;0;0m[48;2;0;0;0m▀[0m 
    [38;2;0;0;0m[48;2;0;0;0m▀[0m[38;2;75;81;80m[48;2;75;81;80m▀[0m[38;2;62;62;62m[48;2;93;99;98m▀[0m[38;2;93;99;98m[48;2;93;99;98m▀[0m[38;2;62;62;62m[48;2;93;99;98m▀[0m[38;2;255;246;139m[48;2;62;62;62m▀[0m[38;2;62;62;62m[48;2;0;0;0m▀[0m[38;2;93;99;98m[48;2;62;62;62m▀[0m[38;2;93;99;98m[48;2;93;99;98m▀[0m[38;2;75;81;80m[48;2;75;81;80m▀[0m[38;2;62;62;62m[48;2;0;0;0m▀[0m[38;2;0;0;0m[48;2;131;131;148m▀[0m[38;2;131;131;148m[48;2;131;131;148m▀[0m[38;2;0;0;0m[48;2;0;0;0m▀[0m[38;2;93;99;98m[48;2;93;99;98m▀[0m[38;2;93;99;98m[48;2;62;62;62m▀[0m[38;2;93;99;98m[48;2;62;62;62m▀[0m[38;2;75;81;80m[48;2;75;81;80m▀[0m[38;2;0;0;0m[48;2;0;0;0m▀[0m[38;2;0;0;0m▄  [38;2;0;0;0m▄[38;2;0;0;0m[48;2;75;81;80m▀[0m[38;2;93;99;98m[48;2;60;66;65m▀[0m[38;2;60;66;65m[48;2;75;81;80m▀[0m[38;2;93;99;98m[48;2;60;66;65m▀[0m[38;2;60;66;65m[48;2;75;81;80m▀[0m[38;2;93;99;98m[48;2;60;66;65m▀[0m[38;2;60;66;65m[48;2;75;81;80m▀[0m[38;2;0;0;0m[48;2;0;0;0m▀[0m 
    [38;2;0;0;0m[48;2;0;0;0m▀[0m[38;2;93;99;98m[48;2;0;0;0m▀[0m[38;2;93;99;98m[48;2;0;0;0m▀[0m[38;2;0;0;0m[48;2;62;62;62m▀[0m[38;2;0;0;0m[48;2;238;131;90m▀[0m[38;2;0;0;0m[48;2;255;246;139m▀[0m[38;2;255;246;139m[48;2;98;106;123m▀[0m[38;2;98;106;123m[48;2;0;0;0m▀[0m[38;2;93;99;98m[48;2;93;99;98m▀[0m[38;2;0;0;0m[48;2;0;0;0m▀[0m[38;2;131;131;148m[48;2;62;62;62m▀[0m[38;2;131;131;148m[48;2;62;62;62m▀[0m[38;2;62;62;62m[48;2;0;0;0m▀[0m[38;2;62;62;62m[48;2;0;0;0m▀[0m[38;2;0;0;0m[48;2;255;246;139m▀[0m[38;2;98;106;123m[48;2;255;246;139m▀[0m[38;2;62;62;62m[48;2;0;0;0m▀[0m[38;2;0;0;0m[48;2;98;106;123m▀[0m[38;2;98;106;123m[48;2;131;131;148m▀[0m[38;2;60;66;65m[48;2;131;131;148m▀[0m[38;2;0;0;0m[48;2;60;66;65m▀[0m[38;2;0;0;0m[48;2;75;81;80m▀[0m[38;2;238;131;90m[48;2;75;81;80m▀[0m[38;2;255;246;139m[48;2;75;81;80m▀[0m[38;2;255;246;139m[48;2;75;81;80m▀[0m[38;2;75;81;80m[48;2;255;246;139m▀[0m[38;2;75;81;80m[48;2;255;246;139m▀[0m[38;2;75;81;80m[48;2;255;246;139m▀[0m[38;2;75;81;80m[48;2;238;131;90m▀[0m[38;2;93;99;98m[48;2;62;62;62m▀[0m[38;2;0;0;0m[48;2;0;0;0m▀[0m 
 [38;2;0;0;0m▄[38;2;0;0;0m[48;2;255;255;255m▀[0m[38;2;0;0;0m[48;2;62;62;62m▀[0m[38;2;75;81;80m[48;2;98;106;123m▀[0m[38;2;75;81;80m[48;2;98;106;123m▀[0m[38;2;98;106;123m[48;2;98;106;123m▀[0m[38;2;0;0;0m[48;2;98;106;123m▀[0m[38;2;62;62;62m[48;2;0;0;0m▀[0m[38;2;98;106;123m[48;2;0;0;0m▀[0m[38;2;0;0;0m▀[38;2;0;0;0m[48;2;0;0;0m▀[0m[38;2;62;62;62m[48;2;131;131;148m▀[0m[38;2;131;131;148m[48;2;131;131;148m▀[0m[38;2;131;131;148m[48;2;0;0;0m▀[0m[38;2;0;0;0m[48;2;93;99;98m▀[0m[38;2;255;246;139m[48;2;93;99;98m▀[0m[38;2;255;246;139m[48;2;93;99;98m▀[0m[38;2;93;99;98m[48;2;93;99;98m▀[0m[38;2;75;81;80m[48;2;75;81;80m▀[0m[38;2;238;131;90m[48;2;238;131;90m▀[0m[38;2;0;0;0m[48;2;0;0;0m▀[0m[38;2;62;62;62m[48;2;238;131;90m▀[0m[38;2;255;246;139m[48;2;238;131;90m▀[0m[38;2;62;62;62m[48;2;98;106;123m▀[0m[38;2;255;246;139m[48;2;62;62;62m▀[0m[38;2;75;81;80m[48;2;255;246;139m▀[0m[38;2;75;81;80m[48;2;255;246;139m▀[0m[38;2;75;81;80m[48;2;255;246;139m▀[0m[38;2;75;81;80m[48;2;93;99;98m▀[0m[38;2;93;99;98m[48;2;60;66;65m▀[0m[38;2;238;131;90m[48;2;238;131;90m▀[0m[38;2;62;62;62m[48;2;238;131;90m▀[0m[38;2;98;106;123m[48;2;62;62;62m▀[0m[38;2;131;131;148m[48;2;0;0;0m▀[0m[38;2;0;0;0m▀
[38;2;0;0;0m[48;2;0;0;0m▀[0m[38;2;255;255;255m[48;2;255;255;255m▀[0m[38;2;62;62;62m[48;2;62;62;62m▀[0m[38;2;62;62;62m[48;2;189;189;189m▀[0m[38;2;98;106;123m[48;2;62;62;62m▀[0m[38;2;98;106;123m[48;2;98;106;123m▀[0m[38;2;98;106;123m[48;2;98;106;123m▀[0m[38;2;98;106;123m[48;2;0;0;0m▀[0m[38;2;0;0;0m▀ [38;2;0;0;0m▄[38;2;0;0;0m[48;2;60;66;65m▀[0m[38;2;62;62;62m[48;2;0;0;0m▀[0m[38;2;131;131;148m[48;2;0;0;0m▀[0m[38;2;0;0;0m[48;2;255;255;255m▀[0m[38;2;255;246;139m[48;2;98;106;123m▀[0m[38;2;93;99;98m[48;2;238;131;90m▀[0m[38;2;255;246;139m[48;2;75;81;80m▀[0m[38;2;75;81;80m[48;2;75;81;80m▀[0m[38;2;238;131;90m[48;2;238;131;90m▀[0m[38;2;0;0;0m[48;2;0;0;0m▀[0m[38;2;131;131;148m[48;2;93;99;98m▀[0m[38;2;62;62;62m[48;2;75;81;80m▀[0m[38;2;98;106;123m[48;2;0;0;0m▀[0m[38;2;131;131;148m[48;2;62;62;62m▀[0m[38;2;131;131;148m[48;2;238;131;90m▀[0m[38;2;75;81;80m[48;2;255;246;139m▀[0m[38;2;93;99;98m[48;2;60;66;65m▀[0m[38;2;255;246;139m[48;2;238;131;90m▀[0m[38;2;238;131;90m[48;2;62;62;62m▀[0m[38;2;62;62;62m[48;2;98;106;123m▀[0m[38;2;62;62;62m[48;2;131;131;148m▀[0m[38;2;62;62;62m[48;2;0;0;0m▀[0m[38;2;0;0;0m▀  
 [38;2;0;0;0m[48;2;0;0;0m▀[0m[38;2;255;255;255m[48;2;255;255;255m▀[0m[38;2;62;62;62m[48;2;0;0;0m▀[0m[38;2;189;189;189m[48;2;189;189;189m▀[0m[38;2;62;62;62m[48;2;0;0;0m▀[0m[38;2;0;0;0m▀  [38;2;0;0;0m[48;2;0;0;0m▀[0m[38;2;60;66;65m[48;2;238;131;90m▀[0m[38;2;238;131;90m[48;2;60;66;65m▀[0m[38;2;0;0;0m[48;2;0;0;0m▀[0m[38;2;255;255;255m[48;2;62;62;62m▀[0m[38;2;98;106;123m[48;2;255;255;255m▀[0m[38;2;255;255;255m[48;2;62;62;62m▀[0m[38;2;62;62;62m[48;2;189;189;189m▀[0m[38;2;238;131;90m[48;2;62;62;62m▀[0m[38;2;75;81;80m[48;2;0;0;0m▀[0m[38;2;0;0;0m[48;2;255;246;139m▀[0m[38;2;255;246;139m[48;2;93;99;98m▀[0m[38;2;238;131;90m[48;2;255;246;139m▀[0m[38;2;93;99;98m[48;2;93;99;98m▀[0m[38;2;75;81;80m[48;2;75;81;80m▀[0m[38;2;0;0;0m[48;2;0;0;0m▀[0m[38;2;75;81;80m[48;2;238;131;90m▀[0m[38;2;238;131;90m[48;2;62;62;62m▀[0m[38;2;62;62;62m[48;2;98;106;123m▀[0m[38;2;238;131;90m[48;2;131;131;148m▀[0m[38;2;238;131;90m[48;2;0;0;0m▀[0m[38;2;0;0;0m▀[38;2;0;0;0m▀    
  [38;2;0;0;0m▀ [38;2;0;0;0m▀    [38;2;0;0;0m▀[38;2;60;66;65m[48;2;0;0;0m▀[0m[38;2;238;131;90m[48;2;60;66;65m▀[0m[38;2;0;0;0m[48;2;238;131;90m▀[0m[38;2;255;255;255m[48;2;60;66;65m▀[0m[38;2;62;62;62m[48;2;0;0;0m▀[0m[38;2;189;189;189m[48;2;0;0;0m▀[0m[38;2;62;62;62m[48;2;0;0;0m▀[0m[38;2;0;0;0m[48;2;0;0;0m▀[0m[38;2;93;99;98m[48;2;255;246;139m▀[0m[38;2;238;131;90m[48;2;93;99;98m▀[0m[38;2;255;246;139m[48;2;238;131;90m▀[0m[38;2;238;131;90m[48;2;93;99;98m▀[0m[38;2;93;99;98m[48;2;238;131;90m▀[0m[38;2;75;81;80m[48;2;75;81;80m▀[0m[38;2;0;0;0m[48;2;75;81;80m▀[0m[38;2;62;62;62m[48;2;0;0;0m▀[0m[38;2;238;131;90m[48;2;0;0;0m▀[0m[38;2;0;0;0m▀[38;2;0;0;0m▀       
           [38;2;0;0;0m▀[38;2;0;0;0m▀[38;2;0;0;0m▀[38;2;0;0;0m▀  [38;2;0;0;0m▄[38;2;0;0;0m[48;2;189;189;189m▀[0m[38;2;93;99;98m[48;2;93;99;98m▀[0m[38;2;255;246;139m[48;2;255;246;139m▀[0m[38;2;93;99;98m[48;2;93;99;98m▀[0m[38;2;255;246;139m[48;2;255;246;139m▀[0m[38;2;75;81;80m[48;2;75;81;80m▀[0m[38;2;75;81;80m[48;2;0;0;0m▀[0m[38;2;0;0;0m▀          
                  [38;2;0;0;0m▀[38;2;62;62;62m[48;2;0;0;0m▀[0m[38;2;189;189;189m[48;2;0;0;0m▀[0m[38;2;62;62;62m[48;2;0;0;0m▀[0m[38;2;189;189;189m[48;2;0;0;0m▀[0m[38;2;62;62;62m[48;2;0;0;0m▀[0m[38;2;0;0;0m▀           
[0m