                     [38;2;0;0;0m▄[38;2;0;0;0m[48;2;162;114;26m▀[0m[38;2;0;0;0m[48;2;193;151;64m▀[0m[38;2;0;0;0m[48;2;193;151;64m▀[0m[38;2;0;0;0m[48;2;162;114;26m▀[0m[38;2;0;0;0m▄[38;2;0;0;0m▄          
         [38;2;0;0;0m[48;2;0;0;0m▀[0m[38;2;0;0;0m[48;2;121;96;45m▀[0m[38;2;0;0;0m▄     [38;2;0;0;0m▄[38;2;0;0;0m[48;2;119;95;1m▀[0m[38;2;0;0;0m▄[38;2;0;0;0m[48;2;119;95;1m▀[0m[38;2;193;151;64m[48;2;65;65;65m▀[0m[38;2;193;151;64m[48;2;193;151;64m▀[0m[38;2;193;151;64m[48;2;193;151;64m▀[0m[38;2;193;151;64m[48;2;193;151;64m▀[0m[38;2;193;151;64m[48;2;162;114;26m▀[0m[38;2;162;114;26m[48;2;162;114;26m▀[0m[38;2;162;114;26m[48;2;0;0;0m▀[0m[38;2;0;0;0m▀         
    [38;2;0;0;0m▄[38;2;0;0;0m▄[38;2;0;0;0m▄[38;2;0;0;0m▄  [38;2;0;0;0m[48;2;0;0;0m▀[0m[38;2;121;96;45m[48;2;121;96;45m▀[0m[38;2;0;0;0m[48;2;121;96;45m▀[0m[38;2;0;0;0m[48;2;205;180;49m▀[0m[38;2;0;0;0m▄[38;2;0;0;0m▄[38;2;0;0;0m▄[38;2;0;0;0m[48;2;65;65;65m▀[0m[38;2;119;95;1m[48;2;65;65;65m▀[0m[38;2;119;95;1m[48;2;205;180;49m▀[0m[38;2;119;95;1m[48;2;205;180;49m▀[0m[38;2;65;65;65m[48;2;119;95;1m▀[0m[38;2;193;151;64m[48;2;65;65;65m▀[0m[38;2;65;65;65m[48;2;119;95;1m▀[0m[38;2;65;65;65m[48;2;65;65;65m▀[0m[38;2;162;114;26m[48;2;0;0;0m▀[0m[38;2;0;0;0m▀ [38;2;0;0;0m▄[38;2;0;0;0m▄        
 [38;2;0;0;0m▄[38;2;0;0;0m[48;2;255;250;170m▀[0m[38;2;0;0;0m[48;2;255;250;170m▀[0m[38;2;246;230;115m[48;2;250;188;0m▀[0m[38;2;250;188;0m[48;2;246;230;115m▀[0m[38;2;255;250;170m[48;2;250;188;0m▀[0m[38;2;255;250;170m[48;2;255;250;170m▀[0m[38;2;0;0;0m[48;2;246;230;115m▀[0m[38;2;0;0;0m▄ [38;2;0;0;0m▀[38;2;121;96;45m[48;2;0;0;0m▀[0m[38;2;205;180;49m[48;2;121;96;45m▀[0m[38;2;121;96;45m[48;2;65;65;65m▀[0m[38;2;65;65;65m[48;2;255;250;170m▀[0m[38;2;193;151;64m[48;2;162;114;26m▀[0m[38;2;193;151;64m[48;2;193;151;64m▀[0m[38;2;193;151;64m[48;2;162;114;26m▀[0m[38;2;65;65;65m[48;2;193;151;64m▀[0m[38;2;65;65;65m[48;2;193;151;64m▀[0m[38;2;205;180;49m[48;2;65;65;65m▀[0m[38;2;119;95;1m[48;2;119;95;1m▀[0m[38;2;119;95;1m[48;2;119;95;1m▀[0m[38;2;0;0;0m[48;2;0;0;0m▀[0m[38;2;0;0;0m▄[38;2;0;0;0m[48;2;121;96;45m▀[0m[38;2;0;0;0m[48;2;121;96;45m▀[0m[38;2;121;96;45m[48;2;0;0;0m▀[0m[38;2;0;0;0m▀    [38;2;0;0;0m▄[38;2;0;0;0m▄[38;2;0;0;0m▄ 
[38;2;0;0;0m▀[38;2;255;250;170m[48;2;0;0;0m▀[0m[38;2;123;131;139m[48;2;65;65;65m▀[0m[38;2;65;65;65m[48;2;255;250;170m▀[0m[38;2;250;188;0m[48;2;255;250;170m▀[0m[38;2;246;230;115m[48;2;0;0;0m▀[0m[38;2;250;188;0m[48;2;0;0;0m▀[0m[38;2;255;250;170m[48;2;0;0;0m▀[0m[38;2;0;0;0m▀  [38;2;0;0;0m▄[38;2;0;0;0m[48;2;162;114;26m▀[0m[38;2;65;65;65m[48;2;65;65;65m▀[0m[38;2;255;250;170m[48;2;121;96;45m▀[0m[38;2;255;250;170m[48;2;121;96;45m▀[0m[38;2;255;250;170m[48;2;121;96;45m▀[0m[38;2;162;114;26m[48;2;255;250;170m▀[0m[38;2;255;250;170m[48;2;193;151;64m▀[0m[38;2;162;114;26m[48;2;246;230;115m▀[0m[38;2;246;230;115m[48;2;121;96;45m▀[0m[38;2;65;65;65m[48;2;121;96;45m▀[0m[38;2;65;65;65m[48;2;121;96;45m▀[0m[38;2;65;65;65m[48;2;246;230;115m▀[0m[38;2;121;96;45m[48;2;121;96;45m▀[0m[38;2;121;96;45m[48;2;121;96;45m▀[0m[38;2;121;96;45m[48;2;65;65;65m▀[0m[38;2;65;65;65m[48;2;0;0;0m▀[0m[38;2;0;0;0m▀  [38;2;0;0;0m▄[38;2;0;0;0m▄[38;2;0;0;0m[48;2;250;188;0m▀[0m[38;2;255;250;170m[48;2;255;250;170m▀[0m[38;2;246;230;115m[48;2;255;250;170m▀[0m[38;2;65;65;65m[48;2;246;230;115m▀[0m[38;2;0;0;0m[48;2;0;0;0m▀[0m
  [38;2;0;0;0m▀[38;2;0;0;0m▀[38;2;0;0;0m▀     [38;2;0;0;0m[48;2;0;0;0m▀[0m[38;2;162;114;26m[48;2;65;65;65m▀[0m[38;2;65;65;65m[48;2;121;96;45m▀[0m[38;2;121;96;45m[48;2;121;96;45m▀[0m[38;2;121;96;45m[48;2;65;65;65m▀[0m[38;2;0;0;0m[48;2;222;82;8m▀[0m[38;2;255;255;255m[48;2;255;255;255m▀[0m[38;2;255;250;170m[48;2;65;65;65m▀[0m[38;2;65;65;65m[48;2;255;255;255m▀[0m[38;2;246;230;115m[48;2;65;65;65m▀[0m[38;2;121;96;45m[48;2;205;180;49m▀[0m[38;2;121;96;45m[48;2;65;65;65m▀[0m[38;2;121;96;45m[48;2;65;65;65m▀[0m[38;2;205;180;49m[48;2;65;65;65m▀[0m[38;2;65;65;65m[48;2;193;151;64m▀[0m[38;2;0;0;0m[48;2;246;230;115m▀[0m[38;2;0;0;0m[48;2;0;0;0m▀[0m   [38;2;0;0;0m[48;2;0;0;0m▀[0m[38;2;205;180;49m[48;2;250;188;0m▀[0m[38;2;246;230;115m[48;2;250;188;0m▀[0m[38;2;246;230;115m[48;2;250;188;0m▀[0m[38;2;250;188;0m[48;2;246;230;115m▀[0m[38;2;255;250;170m[48;2;250;188;0m▀[0m[38;2;255;250;170m[48;2;0;0;0m▀[0m[38;2;0;0;0m▀
         [38;2;0;0;0m[48;2;0;0;0m▀[0m[38;2;162;114;26m[48;2;162;114;26m▀[0m[38;2;65;65;65m[48;2;65;65;65m▀[0m[38;2;121;96;45m[48;2;65;65;65m▀[0m[38;2;255;250;170m[48;2;65;65;65m▀[0m[38;2;255;250;170m[48;2;65;65;65m▀[0m[38;2;250;188;0m[48;2;255;255;255m▀[0m[38;2;250;188;0m[48;2;65;65;65m▀[0m[38;2;65;65;65m[48;2;65;65;65m▀[0m[38;2;255;250;170m[48;2;65;65;65m▀[0m[38;2;65;65;65m[48;2;193;151;64m▀[0m[38;2;162;114;26m[48;2;119;95;1m▀[0m[38;2;162;114;26m[48;2;119;95;1m▀[0m[38;2;119;95;1m[48;2;162;114;26m▀[0m[38;2;162;114;26m[48;2;193;151;64m▀[0m[38;2;246;230;115m[48;2;246;230;115m▀[0m[38;2;65;65;65m[48;2;65;65;65m▀[0m[38;2;246;230;115m[48;2;246;230;115m▀[0m[38;2;0;0;0m[48;2;0;0;0m▀[0m [38;2;0;0;0m[48;2;0;0;0m▀[0m[38;2;255;250;170m[48;2;255;250;170m▀[0m[38;2;255;250;170m[48;2;123;131;139m▀[0m[38;2;255;250;170m[48;2;255;250;170m▀[0m[38;2;255;250;170m[48;2;123;131;139m▀[0m[38;2;250;188;0m[48;2;255;250;170m▀[0m[38;2;0;0;0m[48;2;0;0;0m▀[0m  
         [38;2;0;0;0m▄[38;2;0;0;0m[48;2;162;114;26m▀[0m[38;2;162;114;26m[48;2;119;95;1m▀[0m[38;2;65;65;65m[48;2;65;65;65m▀[0m[38;2;255;250;170m[48;2;119;95;1m▀[0m[38;2;65;65;65m[48;2;255;255;255m▀[0m[38;2;65;65;65m[48;2;255;250;170m▀[0m[38;2;65;65;65m[48;2;255;255;255m▀[0m[38;2;255;250;170m[48;2;193;151;64m▀[0m[38;2;193;151;64m[48;2;119;95;1m▀[0m[38;2;119;95;1m[48;2;250;188;0m▀[0m[38;2;250;188;0m[48;2;250;188;0m▀[0m[38;2;250;188;0m[48;2;119;95;1m▀[0m[38;2;119;95;1m[48;2;193;151;64m▀[0m[38;2;193;151;64m[48;2;193;151;64m▀[0m[38;2;193;151;64m[48;2;193;151;64m▀[0m[38;2;246;230;115m[48;2;119;95;1m▀[0m[38;2;193;151;64m[48;2;119;95;1m▀[0m[38;2;0;0;0m[48;2;193;151;64m▀[0m[38;2;0;0;0m▄ [38;2;0;0;0m▀[38;2;0;0;0m▀[38;2;255;250;170m[48;2;0;0;0m▀[0m[38;2;65;65;65m[48;2;0;0;0m▀[0m[38;2;0;0;0m▀   
         [38;2;0;0;0m▀[38;2;162;114;26m[48;2;0;0;0m▀[0m[38;2;162;114;26m[48;2;162;114;26m▀[0m[38;2;65;65;65m[48;2;162;114;26m▀[0m[38;2;193;151;64m[48;2;65;65;65m▀[0m[38;2;193;151;64m[48;2;193;151;64m▀[0m[38;2;193;151;64m[48;2;193;151;64m▀[0m[38;2;193;151;64m[48;2;119;95;1m▀[0m[38;2;65;65;65m[48;2;65;65;65m▀[0m[38;2;65;65;65m[48;2;65;65;65m▀[0m[38;2;246;230;115m[48;2;65;65;65m▀[0m[38;2;250;188;0m[48;2;246;230;115m▀[0m[38;2;250;188;0m[48;2;250;188;0m▀[0m[38;2;119;95;1m[48;2;119;95;1m▀[0m[38;2;119;95;1m[48;2;193;151;64m▀[0m[38;2;119;95;1m[48;2;193;151;64m▀[0m[38;2;193;151;64m[48;2;193;151;64m▀[0m[38;2;193;151;64m[48;2;246;230;115m▀[0m[38;2;246;230;115m[48;2;121;96;45m▀[0m[38;2;0;0;0m[48;2;246;230;115m▀[0m[38;2;0;0;0m▄        
          [38;2;0;0;0m▀[38;2;119;95;1m[48;2;0;0;0m▀[0m[38;2;119;95;1m[48;2;162;114;26m▀[0m[38;2;65;65;65m[48;2;162;114;26m▀[0m[38;2;119;95;1m[48;2;65;65;65m▀[0m[38;2;193;151;64m[48;2;65;65;65m▀[0m[38;2;65;65;65m[48;2;246;230;115m▀[0m[38;2;65;65;65m[48;2;65;65;65m▀[0m[38;2;65;65;65m[48;2;65;65;65m▀[0m[38;2;65;65;65m[48;2;246;230;115m▀[0m[38;2;246;230;115m[48;2;250;188;0m▀[0m[38;2;65;65;65m[48;2;250;188;0m▀[0m[38;2;193;151;64m[48;2;65;65;65m▀[0m[38;2;193;151;64m[48;2;193;151;64m▀[0m[38;2;193;151;64m[48;2;193;151;64m▀[0m[38;2;193;151;64m[48;2;193;151;64m▀[0m[38;2;246;230;115m[48;2;193;151;64m▀[0m[38;2;121;96;45m[48;2;246;230;115m▀[0m[38;2;246;230;115m[48;2;0;0;0m▀[0m[38;2;0;0;0m▀        
            [38;2;0;0;0m▀[38;2;0;0;0m[48;2;0;0;0m▀[0m[38;2;193;151;64m[48;2;119;95;1m▀[0m[38;2;193;151;64m[48;2;193;151;64m▀[0m[38;2;65;65;65m[48;2;119;95;1m▀[0m[38;2;246;230;115m[48;2;193;151;64m▀[0m[38;2;246;230;115m[48;2;119;95;1m▀[0m[38;2;193;151;64m[48;2;193;151;64m▀[0m[38;2;193;151;64m[48;2;119;95;1m▀[0m[38;2;65;65;65m[48;2;65;65;65m▀[0m[38;2;162;114;26m[48;2;162;114;26m▀[0m[38;2;119;95;1m[48;2;162;114;26m▀[0m[38;2;119;95;1m[48;2;162;114;26m▀[0m[38;2;193;151;64m[48;2;119;95;1m▀[0m[38;2;193;151;64m[48;2;0;0;0m▀[0m[38;2;0;0;0m▀          
            [38;2;0;0;0m[48;2;0;0;0m▀[0m[38;2;162;114;26m[48;2;162;114;26m▀[0m[38;2;250;188;0m[48;2;250;188;0m▀[0m[38;2;119;95;1m[48;2;250;188;0m▀[0m[38;2;250;188;0m[48;2;65;65;65m▀[0m[38;2;119;95;1m[48;2;0;0;0m▀[0m[38;2;119;95;1m[48;2;250;188;0m▀[0m[38;2;119;95;1m[48;2;0;0;0m▀[0m[38;2;255;250;170m[48;2;255;250;170m▀[0m[38;2;119;95;1m[48;2;255;250;170m▀[0m[38;2;65;65;65m[48;2;193;151;64m▀[0m[38;2;162;114;26m[48;2;65;65;65m▀[0m[38;2;162;114;26m[48;2;0;0;0m▀[0m[38;2;0;0;0m▀            
             [38;2;0;0;0m▀[38;2;162;114;26m[48;2;0;0;0m▀[0m[38;2;250;188;0m[48;2;0;0;0m▀[0m[38;2;0;0;0m▀ [38;2;0;0;0m▀ [38;2;0;0;0m▀[38;2;255;250;170m[48;2;0;0;0m▀[0m[38;2;193;151;64m[48;2;162;114;26m▀[0m[38;2;255;250;170m[48;2;162;114;26m▀[0m[38;2;250;188;0m[48;2;250;188;0m▀[0m[38;2;0;0;0m[48;2;0;0;0m▀[0m            
                     [38;2;0;0;0m▀[38;2;205;180;49m[48;2;0;0;0m▀[0m[38;2;162;114;26m[48;2;0;0;0m▀[0m[38;2;0;0;0m▀             
[0m