   [38;2;0;0;0m▄[38;2;0;0;0m[48;2;189;189;189m▀[0m[38;2;0;0;0m▄  [38;2;0;0;0m▄              
  [38;2;0;0;0m▄[38;2;0;0;0m[48;2;189;189;189m▀[0m[38;2;189;189;189m[48;2;0;0;0m▀[0m[38;2;0;0;0m▀ [38;2;0;0;0m[48;2;0;0;0m▀[0m[38;2;255;255;255m[48;2;255;255;255m▀[0m[38;2;0;0;0m[48;2;0;0;0m▀[0m   [38;2;0;0;0m▄[38;2;0;0;0m▄[38;2;0;0;0m[48;2;0;0;0m▀[0m[38;2;0;0;0m[48;2;0;0;0m▀[0m[38;2;0;0;0m▀     
  [38;2;0;0;0m[48;2;0;0;0m▀[0m[38;2;189;189;189m[48;2;189;189;189m▀[0m[38;2;0;0;0m[48;2;189;189;189m▀[0m[38;2;0;0;0m▄  [38;2;0;0;0m[48;2;0;0;0m▀[0m[38;2;255;255;255m[48;2;255;255;255m▀[0m[38;2;0;0;0m[48;2;255;255;255m▀[0m[38;2;0;0;0m▄ [38;2;0;0;0m▄[38;2;0;0;0m▄[38;2;0;0;0m[48;2;0;0;0m▀[0m[38;2;0;0;0m[48;2;0;0;0m▀[0m[38;2;0;0;0m▀[38;2;0;0;0m▀[38;2;0;0;0m[48;2;0;0;0m▀[0m[38;2;0;0;0m▄[38;2;0;0;0m▄ 
   [38;2;0;0;0m[48;2;0;0;0m▀[0m[38;2;189;189;189m[48;2;88;105;241m▀[0m[38;2;189;189;189m[48;2;88;105;241m▀[0m[38;2;0;0;0m[48;2;59;70;196m▀[0m[38;2;0;0;0m[48;2;255;255;255m▀[0m[38;2;255;255;255m[48;2;255;255;255m▀[0m[38;2;255;255;255m[48;2;255;255;255m▀[0m[38;2;255;255;255m[48;2;0;0;0m▀[0m[38;2;0;0;0m▀   [38;2;0;0;0m▀[38;2;0;0;0m▀[38;2;0;0;0m▀   [38;2;0;0;0m[48;2;0;0;0m▀[0m[38;2;0;0;0m▄
  [38;2;0;0;0m[48;2;0;0;0m▀[0m[38;2;88;105;241m[48;2;234;95;81m▀[0m[38;2;234;95;81m[48;2;59;70;196m▀[0m[38;2;88;105;241m[48;2;0;0;0m▀[0m[38;2;59;70;196m[48;2;255;255;255m▀[0m[38;2;59;70;196m[48;2;59;70;196m▀[0m[38;2;255;255;255m[48;2;0;0;0m▀[0m[38;2;0;0;0m▀ [38;2;0;0;0m▄[38;2;0;0;0m[48;2;255;255;255m▀[0m[38;2;0;0;0m▄        [38;2;0;0;0m[48;2;0;0;0m▀[0m
[38;2;0;0;0m[48;2;0;0;0m▀[0m[38;2;0;0;0m[48;2;234;95;81m▀[0m[38;2;234;95;81m[48;2;234;95;81m▀[0m[38;2;234;95;81m[48;2;234;95;81m▀[0m[38;2;88;105;241m[48;2;234;95;81m▀[0m[38;2;255;66;49m[48;2;88;105;241m▀[0m[38;2;189;189;189m[48;2;88;105;241m▀[0m[38;2;88;105;241m[48;2;234;95;81m▀[0m[38;2;88;105;241m[48;2;88;105;241m▀[0m[38;2;0;0;0m[48;2;59;70;196m▀[0m[38;2;0;0;0m▄[38;2;0;0;0m[48;2;255;255;255m▀[0m[38;2;255;255;255m[48;2;255;255;255m▀[0m[38;2;0;0;0m[48;2;59;70;196m▀[0m[38;2;0;0;0m▄[38;2;0;0;0m▄[38;2;0;0;0m▄   [38;2;0;0;0m▄[38;2;0;0;0m[48;2;0;0;0m▀[0m[38;2;0;0;0m▀
 [38;2;0;0;0m▀[38;2;234;95;81m[48;2;0;0;0m▀[0m[38;2;234;95;81m[48;2;59;70;196m▀[0m[38;2;234;95;81m[48;2;170;68;68m▀[0m[38;2;234;95;81m[48;2;234;95;81m▀[0m[38;2;234;95;81m[48;2;170;68;68m▀[0m[38;2;88;105;241m[48;2;88;105;241m▀[0m[38;2;88;105;241m[48;2;59;70;196m▀[0m[38;2;59;70;196m[48;2;59;70;196m▀[0m[38;2;255;255;255m[48;2;255;255;255m▀[0m[38;2;255;255;255m[48;2;255;255;255m▀[0m[38;2;255;255;255m[48;2;59;70;196m▀[0m[38;2;59;70;196m[48;2;189;189;189m▀[0m[38;2;59;70;196m[48;2;189;189;189m▀[0m[38;2;255;255;255m[48;2;59;70;196m▀[0m[38;2;189;189;189m[48;2;189;189;189m▀[0m[38;2;0;0;0m[48;2;189;189;189m▀[0m[38;2;0;0;0m[48;2;59;70;196m▀[0m[38;2;0;0;0m[48;2;189;189;189m▀[0m[38;2;0;0;0m[48;2;0;0;0m▀[0m  
[38;2;0;0;0m[48;2;0;0;0m▀[0m[38;2;0;0;0m[48;2;189;189;189m▀[0m[38;2;0;0;0m▄[38;2;0;0;0m[48;2;0;0;0m▀[0m[38;2;189;189;189m[48;2;156;156;156m▀[0m[38;2;59;70;196m[48;2;189;189;189m▀[0m[38;2;59;70;196m[48;2;59;70;196m▀[0m[38;2;59;70;196m[48;2;59;70;196m▀[0m[38;2;59;70;196m[48;2;255;255;255m▀[0m[38;2;255;255;255m[48;2;255;255;255m▀[0m[38;2;255;255;255m[48;2;255;255;255m▀[0m[38;2;59;70;196m[48;2;255;255;255m▀[0m[38;2;59;70;196m[48;2;255;255;255m▀[0m[38;2;59;70;196m[48;2;59;70;196m▀[0m[38;2;255;255;255m[48;2;255;255;255m▀[0m[38;2;189;189;189m[48;2;255;255;255m▀[0m[38;2;59;70;196m[48;2;59;70;196m▀[0m[38;2;189;189;189m[48;2;59;70;196m▀[0m[38;2;0;0;0m[48;2;0;0;0m▀[0m[38;2;0;0;0m▀   
[38;2;0;0;0m▀[38;2;189;189;189m[48;2;0;0;0m▀[0m[38;2;189;189;189m[48;2;189;189;189m▀[0m[38;2;189;189;189m[48;2;189;189;189m▀[0m[38;2;0;0;0m[48;2;189;189;189m▀[0m[38;2;189;189;189m[48;2;0;0;0m▀[0m[38;2;255;255;255m[48;2;255;255;255m▀[0m[38;2;255;255;255m[48;2;255;255;255m▀[0m[38;2;255;255;255m[48;2;255;255;255m▀[0m[38;2;59;70;196m[48;2;59;70;196m▀[0m[38;2;59;70;196m[48;2;255;255;255m▀[0m[38;2;189;189;189m[48;2;59;70;196m▀[0m[38;2;59;70;196m[48;2;59;70;196m▀[0m[38;2;189;189;189m[48;2;189;189;189m▀[0m[38;2;255;255;255m[48;2;0;0;0m▀[0m[38;2;59;70;196m[48;2;0;0;0m▀[0m[38;2;88;105;241m[48;2;88;105;241m▀[0m[38;2;88;105;241m[48;2;88;105;241m▀[0m[38;2;88;105;241m[48;2;88;105;241m▀[0m[38;2;0;0;0m[48;2;0;0;0m▀[0m   
  [38;2;0;0;0m▀[38;2;0;0;0m▀[38;2;0;0;0m[48;2;0;0;0m▀[0m[38;2;189;189;189m[48;2;59;70;196m▀[0m[38;2;59;70;196m[48;2;59;70;196m▀[0m[38;2;255;255;255m[48;2;0;0;0m▀[0m[38;2;59;70;196m[48;2;0;0;0m▀[0m[38;2;59;70;196m[48;2;59;70;196m▀[0m[38;2;255;255;255m[48;2;59;70;196m▀[0m[38;2;255;255;255m[48;2;255;255;255m▀[0m[38;2;255;255;255m[48;2;189;189;189m▀[0m[38;2;189;189;189m[48;2;0;0;0m▀[0m[38;2;0;0;0m▀ [38;2;0;0;0m▀[38;2;88;105;241m[48;2;0;0;0m▀[0m[38;2;88;105;241m[48;2;0;0;0m▀[0m[38;2;59;70;196m[48;2;59;70;196m▀[0m[38;2;0;0;0m[48;2;0;0;0m▀[0m  
   [38;2;0;0;0m▄[38;2;0;0;0m[48;2;59;70;196m▀[0m[38;2;189;189;189m[48;2;189;189;189m▀[0m[38;2;189;189;189m[48;2;189;189;189m▀[0m[38;2;0;0;0m[48;2;0;0;0m▀[0m [38;2;0;0;0m▀[38;2;0;0;0m[48;2;0;0;0m▀[0m[38;2;59;70;196m[48;2;88;105;241m▀[0m[38;2;59;70;196m[48;2;88;105;241m▀[0m[38;2;0;0;0m[48;2;0;0;0m▀[0m   [38;2;0;0;0m▄[38;2;0;0;0m[48;2;181;58;58m▀[0m[38;2;59;70;196m[48;2;181;58;58m▀[0m[38;2;0;0;0m[48;2;0;0;0m▀[0m  
  [38;2;0;0;0m▀[38;2;181;58;58m[48;2;0;0;0m▀[0m[38;2;181;58;58m[48;2;0;0;0m▀[0m[38;2;59;70;196m[48;2;0;0;0m▀[0m[38;2;0;0;0m▀  [38;2;0;0;0m[48;2;0;0;0m▀[0m[38;2;189;189;189m[48;2;189;189;189m▀[0m[38;2;59;70;196m[48;2;59;70;196m▀[0m[38;2;255;255;255m[48;2;255;255;255m▀[0m[38;2;189;189;189m[48;2;189;189;189m▀[0m[38;2;0;0;0m[48;2;0;0;0m▀[0m  [38;2;0;0;0m▀[38;2;0;0;0m▀[38;2;0;0;0m▀   
         [38;2;0;0;0m▄[38;2;0;0;0m[48;2;255;66;49m▀[0m[38;2;88;105;241m[48;2;181;58;58m▀[0m[38;2;59;70;196m[48;2;255;66;49m▀[0m[38;2;0;0;0m[48;2;0;0;0m▀[0m         
          [38;2;0;0;0m▀[38;2;0;0;0m▀[38;2;0;0;0m▀          
[0m