             [38;2;0;0;0m▄[38;2;0;0;0m[48;2;114;120;119m▀[0m[38;2;0;0;0m[48;2;114;120;119m▀[0m[38;2;0;0;0m▄   [38;2;0;0;0m▄[38;2;0;0;0m▄[38;2;0;0;0m[48;2;54;60;59m▀[0m[38;2;0;0;0m[48;2;189;189;180m▀[0m[38;2;0;0;0m[48;2;189;189;180m▀[0m[38;2;0;0;0m[48;2;54;60;59m▀[0m[38;2;0;0;0m[48;2;54;60;59m▀[0m[38;2;0;0;0m▄        
  [38;2;0;0;0m▄[38;2;0;0;0m▄[38;2;0;0;0m▄[38;2;0;0;0m▄     [38;2;0;0;0m▄[38;2;0;0;0m[48;2;74;80;79m▀[0m[38;2;114;120;119m[48;2;54;60;59m▀[0m[38;2;54;60;59m[48;2;54;60;59m▀[0m[38;2;54;60;59m[48;2;54;60;59m▀[0m[38;2;74;80;79m[48;2;74;80;79m▀[0m[38;2;0;0;0m[48;2;0;0;0m▀[0m[38;2;0;0;0m▄[38;2;0;0;0m[48;2;54;60;59m▀[0m[38;2;54;60;59m[48;2;54;60;59m▀[0m[38;2;255;205;148m[48;2;54;60;59m▀[0m[38;2;189;189;180m[48;2;54;60;59m▀[0m[38;2;54;60;59m[48;2;0;0;0m▀[0m[38;2;54;60;59m[48;2;0;0;0m▀[0m[38;2;0;0;0m▀[38;2;0;0;0m▀[38;2;0;0;0m▀        
[38;2;0;0;0m▄[38;2;0;0;0m[48;2;189;189;180m▀[0m[38;2;189;189;180m[48;2;54;60;59m▀[0m[38;2;54;60;59m[48;2;255;98;90m▀[0m[38;2;189;189;180m[48;2;255;98;90m▀[0m[38;2;54;60;59m[48;2;54;60;59m▀[0m[38;2;0;0;0m[48;2;54;60;59m▀[0m[38;2;0;0;0m▄[38;2;0;0;0m▄[38;2;0;0;0m▄[38;2;0;0;0m[48;2;69;75;74m▀[0m[38;2;62;62;62m[48;2;69;75;74m▀[0m[38;2;62;62;62m[48;2;205;222;246m▀[0m[38;2;62;62;62m[48;2;205;222;246m▀[0m[38;2;54;60;59m[48;2;205;222;246m▀[0m[38;2;54;60;59m[48;2;189;189;180m▀[0m[38;2;54;60;59m[48;2;62;62;62m▀[0m[38;2;74;80;79m[48;2;62;62;62m▀[0m[38;2;62;62;62m[48;2;62;62;62m▀[0m[38;2;62;62;62m[48;2;62;62;62m▀[0m[38;2;62;62;62m[48;2;114;120;119m▀[0m[38;2;62;62;62m[48;2;114;120;119m▀[0m[38;2;0;0;0m[48;2;62;62;62m▀[0m[38;2;0;0;0m▄[38;2;0;0;0m▄[38;2;0;0;0m▄  [38;2;0;0;0m▄[38;2;0;0;0m[48;2;69;75;74m▀[0m[38;2;0;0;0m[48;2;62;62;62m▀[0m[38;2;0;0;0m[48;2;205;222;246m▀[0m[38;2;0;0;0m[48;2;205;222;246m▀[0m[38;2;0;0;0m▄[38;2;0;0;0m▄[38;2;0;0;0m▄
[38;2;0;0;0m▀[38;2;54;60;59m[48;2;0;0;0m▀[0m[38;2;54;60;59m[48;2;0;0;0m▀[0m[38;2;74;80;79m[48;2;54;60;59m▀[0m[38;2;54;60;59m[48;2;74;80;79m▀[0m[38;2;74;80;79m[48;2;54;60;59m▀[0m[38;2;54;60;59m[48;2;62;62;62m▀[0m[38;2;62;62;62m[48;2;94;100;99m▀[0m[38;2;94;100;99m[48;2;94;100;99m▀[0m[38;2;94;100;99m[48;2;255;246;156m▀[0m[38;2;255;246;156m[48;2;94;100;99m▀[0m[38;2;255;246;156m[48;2;94;100;99m▀[0m[38;2;94;100;99m[48;2;69;75;74m▀[0m[38;2;94;100;99m[48;2;69;75;74m▀[0m[38;2;94;100;99m[48;2;69;75;74m▀[0m[38;2;69;75;74m[48;2;69;75;74m▀[0m[38;2;189;189;180m[48;2;69;75;74m▀[0m[38;2;189;189;180m[48;2;62;62;62m▀[0m[38;2;62;62;62m[48;2;114;120;119m▀[0m[38;2;114;120;119m[48;2;69;75;74m▀[0m[38;2;69;75;74m[48;2;69;75;74m▀[0m[38;2;69;75;74m[48;2;114;120;119m▀[0m[38;2;114;120;119m[48;2;62;62;62m▀[0m[38;2;62;62;62m[48;2;69;75;74m▀[0m[38;2;69;75;74m[48;2;62;62;62m▀[0m[38;2;0;0;0m[48;2;0;0;0m▀[0m[38;2;0;0;0m▄[38;2;0;0;0m[48;2;69;75;74m▀[0m[38;2;69;75;74m[48;2;62;62;62m▀[0m[38;2;62;62;62m[48;2;255;246;156m▀[0m[38;2;189;189;180m[48;2;62;62;62m▀[0m[38;2;62;62;62m[48;2;69;75;74m▀[0m[38;2;62;62;62m[48;2;0;0;0m▀[0m[38;2;69;75;74m[48;2;0;0;0m▀[0m[38;2;69;75;74m[48;2;0;0;0m▀[0m[38;2;0;0;0m▀
   [38;2;0;0;0m▀[38;2;0;0;0m▀[38;2;0;0;0m[48;2;0;0;0m▀[0m[38;2;69;75;74m[48;2;255;246;156m▀[0m[38;2;255;246;156m[48;2;94;100;99m▀[0m[38;2;255;246;156m[48;2;205;222;246m▀[0m[38;2;94;100;99m[48;2;94;100;99m▀[0m[38;2;94;100;99m[48;2;255;255;255m▀[0m[38;2;69;75;74m[48;2;255;205;148m▀[0m[38;2;255;246;156m[48;2;255;205;148m▀[0m[38;2;255;246;156m[48;2;255;246;156m▀[0m[38;2;255;205;148m[48;2;255;246;156m▀[0m[38;2;255;205;148m[48;2;69;75;74m▀[0m[38;2;62;62;62m[48;2;62;62;62m▀[0m[38;2;114;120;119m[48;2;114;120;119m▀[0m[38;2;69;75;74m[48;2;69;75;74m▀[0m[38;2;69;75;74m[48;2;69;75;74m▀[0m[38;2;69;75;74m[48;2;205;222;246m▀[0m[38;2;69;75;74m[48;2;54;60;59m▀[0m[38;2;205;222;246m[48;2;189;189;180m▀[0m[38;2;62;62;62m[48;2;0;0;0m▀[0m[38;2;69;75;74m[48;2;0;0;0m▀[0m[38;2;69;75;74m[48;2;69;75;74m▀[0m[38;2;69;75;74m[48;2;69;75;74m▀[0m[38;2;69;75;74m[48;2;69;75;74m▀[0m[38;2;62;62;62m[48;2;69;75;74m▀[0m[38;2;69;75;74m[48;2;0;0;0m▀[0m[38;2;69;75;74m[48;2;0;0;0m▀[0m[38;2;0;0;0m▀    
   [38;2;0;0;0m▄[38;2;0;0;0m[48;2;94;100;99m▀[0m[38;2;94;100;99m[48;2;94;100;99m▀[0m[38;2;255;246;156m[48;2;255;246;156m▀[0m[38;2;94;100;99m[48;2;205;222;246m▀[0m[38;2;205;222;246m[48;2;94;100;99m▀[0m[38;2;94;100;99m[48;2;94;100;99m▀[0m[38;2;69;75;74m[48;2;94;100;99m▀[0m[38;2;255;246;156m[48;2;69;75;74m▀[0m[38;2;255;246;156m[48;2;69;75;74m▀[0m[38;2;205;222;246m[48;2;69;75;74m▀[0m[38;2;69;75;74m[48;2;69;75;74m▀[0m[38;2;69;75;74m[48;2;69;75;74m▀[0m[38;2;69;75;74m[48;2;255;246;156m▀[0m[38;2;62;62;62m[48;2;189;189;180m▀[0m[38;2;114;120;119m[48;2;62;62;62m▀[0m[38;2;54;60;59m[48;2;74;80;79m▀[0m[38;2;189;189;180m[48;2;0;0;0m▀[0m[38;2;0;0;0m▀[38;2;0;0;0m▀  [38;2;0;0;0m▀[38;2;0;0;0m▀[38;2;0;0;0m▀[38;2;0;0;0m▀       
   [38;2;0;0;0m▀[38;2;94;100;99m[48;2;0;0;0m▀[0m[38;2;94;100;99m[48;2;114;120;119m▀[0m[38;2;94;100;99m[48;2;114;120;119m▀[0m[38;2;94;100;99m[48;2;69;75;74m▀[0m[38;2;94;100;99m[48;2;69;75;74m▀[0m[38;2;94;100;99m[48;2;69;75;74m▀[0m[38;2;69;75;74m[48;2;114;120;119m▀[0m[38;2;114;120;119m[48;2;0;0;0m▀[0m[38;2;114;120;119m[48;2;246;238;74m▀[0m[38;2;114;120;119m[48;2;0;0;0m▀[0m[38;2;69;75;74m[48;2;114;120;119m▀[0m[38;2;69;75;74m[48;2;114;120;119m▀[0m[38;2;69;75;74m[48;2;69;75;74m▀[0m[38;2;69;75;74m[48;2;69;75;74m▀[0m[38;2;62;62;62m[48;2;69;75;74m▀[0m[38;2;74;80;79m[48;2;69;75;74m▀[0m[38;2;0;0;0m[48;2;69;75;74m▀[0m[38;2;0;0;0m▄[38;2;0;0;0m▄[38;2;0;0;0m▄[38;2;0;0;0m▄           
     [38;2;0;0;0m▀[38;2;0;0;0m▀[38;2;114;120;119m[48;2;0;0;0m▀[0m[38;2;114;120;119m[48;2;0;0;0m▀[0m[38;2;114;120;119m[48;2;205;222;246m▀[0m[38;2;74;80;79m[48;2;205;222;246m▀[0m[38;2;74;80;79m[48;2;205;222;246m▀[0m[38;2;0;0;0m[48;2;205;222;246m▀[0m[38;2;74;80;79m[48;2;205;222;246m▀[0m[38;2;205;222;246m[48;2;205;222;246m▀[0m[38;2;205;222;246m[48;2;0;0;0m▀[0m[38;2;114;120;119m[48;2;0;0;0m▀[0m[38;2;62;62;62m[48;2;0;0;0m▀[0m[38;2;69;75;74m[48;2;69;75;74m▀[0m[38;2;69;75;74m[48;2;114;120;119m▀[0m[38;2;114;120;119m[48;2;255;246;156m▀[0m[38;2;114;120;119m[48;2;255;205;148m▀[0m[38;2;69;75;74m[48;2;114;120;119m▀[0m[38;2;69;75;74m[48;2;255;98;90m▀[0m[38;2;69;75;74m[48;2;255;98;90m▀[0m[38;2;0;0;0m[48;2;62;62;62m▀[0m[38;2;0;0;0m[48;2;189;189;180m▀[0m[38;2;0;0;0m▄        
         [38;2;0;0;0m▀[38;2;0;0;0m▀[38;2;0;0;0m▀[38;2;205;222;246m[48;2;0;0;0m▀[0m[38;2;205;222;246m[48;2;0;0;0m▀[0m[38;2;0;0;0m▀   [38;2;0;0;0m[48;2;0;0;0m▀[0m[38;2;69;75;74m[48;2;69;75;74m▀[0m[38;2;114;120;119m[48;2;69;75;74m▀[0m[38;2;114;120;119m[48;2;69;75;74m▀[0m[38;2;255;98;90m[48;2;255;98;90m▀[0m[38;2;205;222;246m[48;2;205;222;246m▀[0m[38;2;205;222;246m[48;2;62;62;62m▀[0m[38;2;62;62;62m[48;2;62;62;62m▀[0m[38;2;62;62;62m[48;2;189;189;180m▀[0m[38;2;0;0;0m[48;2;0;0;0m▀[0m        
                   [38;2;0;0;0m▀[38;2;69;75;74m[48;2;0;0;0m▀[0m[38;2;62;62;62m[48;2;0;0;0m▀[0m[38;2;62;62;62m[48;2;255;255;255m▀[0m[38;2;62;62;62m[48;2;255;255;255m▀[0m[38;2;62;62;62m[48;2;0;0;0m▀[0m[38;2;255;255;255m[48;2;0;0;0m▀[0m[38;2;0;0;0m▀         
                      [38;2;0;0;0m▀[38;2;0;0;0m▀            
[0m