      [38;2;0;0;0m▄     [38;2;0;0;0m▄[38;2;0;0;0m[48;2;68;94;108m▀[0m[38;2;0;0;0m[48;2;68;94;108m▀[0m[38;2;0;0;0m▄[38;2;0;0;0m[48;2;68;94;108m▀[0m[38;2;0;0;0m[48;2;68;94;108m▀[0m[38;2;0;0;0m▄           [38;2;0;0;0m▄[38;2;0;0;0m▄            
     [38;2;0;0;0m[48;2;0;0;0m▀[0m[38;2;206;209;255m[48;2;206;209;255m▀[0m[38;2;0;0;0m[48;2;0;0;0m▀[0m   [38;2;0;0;0m[48;2;0;0;0m▀[0m[38;2;68;94;108m[48;2;68;94;108m▀[0m[38;2;68;94;108m[48;2;68;94;108m▀[0m[38;2;66;65;66m[48;2;66;65;66m▀[0m[38;2;66;65;66m[48;2;68;94;108m▀[0m[38;2;68;94;108m[48;2;66;65;66m▀[0m[38;2;0;0;0m[48;2;66;65;66m▀[0m[38;2;0;0;0m▄         [38;2;0;0;0m▄[38;2;0;0;0m[48;2;206;209;255m▀[0m[38;2;206;209;255m[48;2;206;209;255m▀[0m[38;2;206;209;255m[48;2;206;209;255m▀[0m[38;2;0;0;0m[48;2;0;0;0m▀[0m           
   [38;2;0;0;0m▄[38;2;0;0;0m[48;2;68;94;108m▀[0m[38;2;68;94;108m[48;2;68;94;108m▀[0m[38;2;68;94;108m[48;2;82;81;66m▀[0m[38;2;0;0;0m[48;2;255;134;255m▀[0m[38;2;0;0;0m▄ [38;2;0;0;0m[48;2;0;0;0m▀[0m[38;2;68;94;108m[48;2;68;94;108m▀[0m[38;2;68;94;108m[48;2;66;65;66m▀[0m[38;2;57;60;57m[48;2;206;209;247m▀[0m[38;2;85;111;125m[48;2;57;60;57m▀[0m[38;2;85;111;125m[48;2;57;60;57m▀[0m[38;2;57;60;57m[48;2;206;209;247m▀[0m[38;2;70;96;110m[48;2;66;64;66m▀[0m[38;2;0;0;0m[48;2;0;0;0m▀[0m      [38;2;0;0;0m▄[38;2;0;0;0m▄[38;2;0;0;0m[48;2;206;209;255m▀[0m[38;2;206;209;255m[48;2;206;209;255m▀[0m[38;2;208;211;255m[48;2;208;211;255m▀[0m[38;2;208;211;255m[48;2;208;211;255m▀[0m[38;2;206;209;255m[48;2;136;139;148m▀[0m[38;2;136;139;148m[48;2;206;209;255m▀[0m[38;2;0;0;0m[48;2;206;209;255m▀[0m[38;2;0;0;0m▄         
[38;2;0;0;0m▄[38;2;0;0;0m[48;2;206;209;255m▀[0m[38;2;0;0;0m▄[38;2;0;0;0m[48;2;68;94;108m▀[0m[38;2;68;94;108m[48;2;68;94;108m▀[0m[38;2;82;81;66m[48;2;82;81;66m▀[0m[38;2;255;134;255m[48;2;255;134;255m▀[0m[38;2;255;134;255m[48;2;255;134;255m▀[0m[38;2;0;0;0m[48;2;0;0;0m▀[0m [38;2;0;0;0m▀[38;2;68;78;85m[48;2;0;0;0m▀[0m[38;2;206;209;255m[48;2;206;209;255m▀[0m[38;2;82;81;66m[48;2;206;209;255m▀[0m[38;2;206;209;255m[48;2;206;209;255m▀[0m[38;2;222;237;255m[48;2;150;163;174m▀[0m[38;2;150;163;174m[48;2;8;12;8m▀[0m[38;2;0;0;0m▀     [38;2;0;0;0m▄[38;2;0;0;0m[48;2;165;178;190m▀[0m[38;2;206;209;255m[48;2;170;174;200m▀[0m[38;2;206;209;255m[48;2;134;139;145m▀[0m[38;2;164;177;190m[48;2;206;209;255m▀[0m[38;2;206;209;255m[48;2;206;209;255m▀[0m[38;2;206;209;255m[48;2;136;139;148m▀[0m[38;2;136;139;148m[48;2;206;209;255m▀[0m[38;2;208;211;255m[48;2;208;211;255m▀[0m[38;2;208;211;255m[48;2;208;211;255m▀[0m[38;2;206;209;255m[48;2;0;0;0m▀[0m[38;2;0;0;0m▀         
[38;2;0;0;0m[48;2;0;0;0m▀[0m[38;2;206;209;255m[48;2;206;209;255m▀[0m[38;2;66;65;66m[48;2;206;209;255m▀[0m[38;2;74;77;74m[48;2;74;77;74m▀[0m[38;2;74;77;74m[48;2;255;134;255m▀[0m[38;2;255;134;255m[48;2;255;134;255m▀[0m[38;2;255;134;255m[48;2;255;134;255m▀[0m[38;2;216;79;205m[48;2;216;79;205m▀[0m[38;2;0;0;16m[48;2;79;69;32m▀[0m[38;2;0;0;0m▄[38;2;0;0;0m[48;2;206;209;255m▀[0m[38;2;208;211;255m[48;2;208;211;255m▀[0m[38;2;208;211;255m[48;2;208;211;255m▀[0m[38;2;206;209;255m[48;2;165;178;190m▀[0m[38;2;165;178;190m[48;2;165;178;190m▀[0m[38;2;156;165;181m[48;2;52;59;60m▀[0m[38;2;0;0;0m[48;2;85;111;125m▀[0m[38;2;0;0;0m▄    [38;2;0;0;0m[48;2;0;0;0m▀[0m[38;2;164;177;190m[48;2;164;177;190m▀[0m[38;2;164;177;190m[48;2;164;177;190m▀[0m[38;2;136;139;148m[48;2;136;139;148m▀[0m[38;2;165;178;190m[48;2;165;178;190m▀[0m[38;2;164;177;190m[48;2;164;177;190m▀[0m[38;2;164;177;190m[48;2;164;177;190m▀[0m[38;2;165;178;190m[48;2;165;178;190m▀[0m[38;2;206;209;255m[48;2;165;178;190m▀[0m[38;2;206;209;247m[48;2;137;140;164m▀[0m[38;2;0;0;0m[48;2;0;0;0m▀[0m           
[38;2;0;0;0m[48;2;0;0;0m▀[0m[38;2;208;211;255m[48;2;208;211;255m▀[0m[38;2;208;211;255m[48;2;208;211;255m▀[0m[38;2;66;65;66m[48;2;66;65;66m▀[0m[38;2;255;134;255m[48;2;255;134;255m▀[0m[38;2;255;134;255m[48;2;255;134;255m▀[0m[38;2;255;134;255m[48;2;66;65;66m▀[0m[38;2;66;65;66m[48;2;206;209;255m▀[0m[38;2;66;65;66m[48;2;206;209;255m▀[0m[38;2;208;211;255m[48;2;208;211;255m▀[0m[38;2;208;211;255m[48;2;208;211;255m▀[0m[38;2;206;209;255m[48;2;164;177;190m▀[0m[38;2;206;209;255m[48;2;164;177;190m▀[0m[38;2;165;178;190m[48;2;165;178;190m▀[0m[38;2;66;65;66m[48;2;66;65;66m▀[0m[38;2;68;94;108m[48;2;68;94;108m▀[0m[38;2;68;94;108m[48;2;0;0;0m▀[0m[38;2;0;0;0m▀    [38;2;0;0;0m▀[38;2;181;190;206m[48;2;8;8;8m▀[0m[38;2;123;129;140m[48;2;123;129;140m▀[0m[38;2;164;177;190m[48;2;164;177;190m▀[0m[38;2;164;177;190m[48;2;164;177;190m▀[0m[38;2;164;177;190m[48;2;164;177;190m▀[0m[38;2;164;177;190m[48;2;164;177;190m▀[0m[38;2;165;178;190m[48;2;136;139;148m▀[0m[38;2;136;139;148m[48;2;165;178;190m▀[0m[38;2;165;178;190m[48;2;165;178;190m▀[0m[38;2;165;178;190m[48;2;0;0;0m▀[0m[38;2;0;0;0m[48;2;0;0;0m▀[0m          
 [38;2;0;0;0m[48;2;0;0;0m▀[0m[38;2;206;209;255m[48;2;206;209;255m▀[0m[38;2;66;65;66m[48;2;212;218;239m▀[0m[38;2;248;113;237m[48;2;66;65;66m▀[0m[38;2;66;65;66m[48;2;206;209;255m▀[0m[38;2;206;209;255m[48;2;206;209;255m▀[0m[38;2;206;209;255m[48;2;206;209;255m▀[0m[38;2;206;209;255m[48;2;164;177;190m▀[0m[38;2;206;213;255m[48;2;164;171;192m▀[0m[38;2;164;171;192m[48;2;82;81;66m▀[0m[38;2;165;173;189m[48;2;82;73;66m▀[0m[38;2;82;73;66m[48;2;80;106;120m▀[0m[38;2;66;65;66m[48;2;68;94;108m▀[0m[38;2;68;94;108m[48;2;66;65;66m▀[0m[38;2;0;0;0m[48;2;66;65;66m▀[0m[38;2;0;0;0m▄     [38;2;0;0;0m▄[38;2;0;0;0m[48;2;165;178;190m▀[0m[38;2;165;178;190m[48;2;165;178;190m▀[0m[38;2;165;178;190m[48;2;165;178;190m▀[0m[38;2;165;178;190m[48;2;0;0;0m▀[0m[38;2;165;178;190m[48;2;0;0;0m▀[0m[38;2;165;178;190m[48;2;0;0;0m▀[0m[38;2;165;178;190m[48;2;0;0;0m▀[0m[38;2;0;0;0m▀[38;2;0;0;0m▀      [38;2;0;0;0m▄     
 [38;2;0;0;0m▀[38;2;206;209;255m[48;2;0;0;0m▀[0m[38;2;170;176;197m[48;2;134;137;148m▀[0m[38;2;134;137;148m[48;2;206;213;247m▀[0m[38;2;206;209;255m[48;2;206;209;255m▀[0m[38;2;206;209;255m[48;2;82;81;66m▀[0m[38;2;170;183;196m[48;2;0;0;0m▀[0m[38;2;99;91;66m[48;2;252;131;252m▀[0m[38;2;82;81;66m[48;2;252;131;252m▀[0m[38;2;170;183;196m[48;2;82;81;66m▀[0m[38;2;165;178;190m[48;2;165;178;190m▀[0m[38;2;66;65;66m[48;2;165;178;190m▀[0m[38;2;66;65;66m[48;2;132;139;148m▀[0m[38;2;66;65;66m[48;2;165;178;190m▀[0m[38;2;68;94;108m[48;2;66;65;66m▀[0m[38;2;68;94;108m[48;2;68;94;108m▀[0m[38;2;0;0;0m[48;2;68;94;108m▀[0m[38;2;0;0;0m[48;2;68;94;108m▀[0m[38;2;0;0;0m▄[38;2;0;0;0m[48;2;206;209;255m▀[0m[38;2;8;8;8m[48;2;214;221;255m▀[0m[38;2;145;150;172m[48;2;214;221;255m▀[0m[38;2;165;178;190m[48;2;136;139;148m▀[0m[38;2;165;178;190m[48;2;165;178;190m▀[0m[38;2;0;0;0m[48;2;0;0;0m▀[0m   [38;2;0;0;0m▄[38;2;0;0;0m▄[38;2;0;0;0m▄[38;2;0;0;0m▄    [38;2;0;0;0m[48;2;0;0;0m▀[0m[38;2;99;97;99m[48;2;66;64;66m▀[0m[38;2;0;0;0m[48;2;66;65;66m▀[0m[38;2;0;0;0m▄[38;2;0;0;0m▄[38;2;0;0;0m▄ 
  [38;2;0;0;0m[48;2;0;0;0m▀[0m[38;2;134;139;145m[48;2;206;209;255m▀[0m[38;2;206;209;255m[48;2;170;174;200m▀[0m[38;2;79;77;68m[48;2;93;95;95m▀[0m[38;2;79;77;68m[48;2;93;95;95m▀[0m[38;2;255;227;255m[48;2;109;108;93m▀[0m[38;2;222;101;222m[48;2;109;108;93m▀[0m[38;2;82;85;74m[48;2;82;85;74m▀[0m[38;2;82;85;74m[48;2;206;209;255m▀[0m[38;2;165;178;190m[48;2;136;139;148m▀[0m[38;2;136;139;148m[48;2;165;178;190m▀[0m[38;2;165;178;190m[48;2;165;178;190m▀[0m[38;2;165;178;190m[48;2;66;65;66m▀[0m[38;2;66;60;66m[48;2;137;163;177m▀[0m[38;2;71;97;111m[48;2;71;97;111m▀[0m[38;2;68;94;108m[48;2;68;94;108m▀[0m[38;2;66;65;66m[48;2;66;65;66m▀[0m[38;2;208;211;255m[48;2;208;211;255m▀[0m[38;2;208;211;255m[48;2;208;211;255m▀[0m[38;2;206;209;255m[48;2;136;139;148m▀[0m[38;2;206;209;255m[48;2;136;139;148m▀[0m[38;2;206;213;247m[48;2;170;177;194m▀[0m[38;2;134;142;145m[48;2;170;177;194m▀[0m[38;2;0;0;0m[48;2;165;178;190m▀[0m[38;2;0;0;0m▄ [38;2;0;0;0m[48;2;0;0;0m▀[0m[38;2;66;65;66m[48;2;140;166;180m▀[0m[38;2;140;166;180m[48;2;106;132;146m▀[0m[38;2;108;134;148m[48;2;66;65;66m▀[0m[38;2;108;134;148m[48;2;66;65;66m▀[0m[38;2;0;0;0m[48;2;107;133;147m▀[0m[38;2;0;0;0m▄[38;2;0;0;0m▄[38;2;0;0;0m[48;2;53;79;93m▀[0m[38;2;54;80;94m[48;2;68;94;108m▀[0m[38;2;68;94;108m[48;2;68;94;108m▀[0m[38;2;68;94;108m[48;2;68;94;108m▀[0m[38;2;54;80;94m[48;2;68;94;108m▀[0m[38;2;48;74;88m[48;2;48;74;88m▀[0m[38;2;48;74;88m[48;2;0;0;0m▀[0m[38;2;0;0;0m▀
   [38;2;0;0;0m▀[38;2;66;65;66m[48;2;0;0;0m▀[0m[38;2;85;85;85m[48;2;85;85;85m▀[0m[38;2;255;255;255m[48;2;85;85;85m▀[0m[38;2;82;81;66m[48;2;206;209;255m▀[0m[38;2;82;81;66m[48;2;206;209;255m▀[0m[38;2;206;209;255m[48;2;164;177;190m▀[0m[38;2;206;209;255m[48;2;164;177;190m▀[0m[38;2;132;139;148m[48;2;66;65;66m▀[0m[38;2;165;178;190m[48;2;66;65;66m▀[0m[38;2;66;65;66m[48;2;66;65;66m▀[0m[38;2;139;165;179m[48;2;66;65;66m▀[0m[38;2;140;166;180m[48;2;140;166;180m▀[0m[38;2;68;94;108m[48;2;140;166;180m▀[0m[38;2;66;65;66m[48;2;66;65;66m▀[0m[38;2;206;209;255m[48;2;206;209;255m▀[0m[38;2;206;209;255m[48;2;136;139;148m▀[0m[38;2;136;139;148m[48;2;136;139;148m▀[0m[38;2;165;178;190m[48;2;82;79;68m▀[0m[38;2;82;79;68m[48;2;165;178;190m▀[0m[38;2;82;81;66m[48;2;206;213;255m▀[0m[38;2;164;171;192m[48;2;82;81;66m▀[0m[38;2;165;178;190m[48;2;165;178;190m▀[0m[38;2;82;79;68m[48;2;165;178;190m▀[0m[38;2;8;4;8m[48;2;65;64;65m▀[0m[38;2;149;175;189m[48;2;94;120;134m▀[0m[38;2;108;134;148m[48;2;108;134;148m▀[0m[38;2;66;65;66m[48;2;66;65;66m▀[0m[38;2;68;94;108m[48;2;54;80;94m▀[0m[38;2;68;94;108m[48;2;68;94;108m▀[0m[38;2;66;65;66m[48;2;69;95;109m▀[0m[38;2;77;75;74m[48;2;66;65;66m▀[0m[38;2;53;79;93m[48;2;53;79;93m▀[0m[38;2;53;79;93m[48;2;53;79;93m▀[0m[38;2;51;77;91m[48;2;51;77;91m▀[0m[38;2;93;95;95m[48;2;51;77;91m▀[0m[38;2;66;68;66m[48;2;0;4;0m▀[0m[38;2;66;68;66m[48;2;99;101;99m▀[0m[38;2;0;0;0m[48;2;0;0;0m▀[0m  
   [38;2;0;0;0m[48;2;0;0;0m▀[0m[38;2;94;97;94m[48;2;0;0;0m▀[0m[38;2;94;97;94m[48;2;0;0;0m▀[0m[38;2;0;0;0m▀[38;2;0;0;0m▀[38;2;0;0;0m▀[38;2;66;65;66m[48;2;0;0;0m▀[0m[38;2;66;65;66m[48;2;66;65;66m▀[0m[38;2;206;213;247m[48;2;134;137;148m▀[0m[38;2;134;137;148m[48;2;170;176;197m▀[0m[38;2;165;173;189m[48;2;66;60;66m▀[0m[38;2;66;60;66m[48;2;74;100;114m▀[0m[38;2;68;94;108m[48;2;68;94;108m▀[0m[38;2;140;166;180m[48;2;68;94;108m▀[0m[38;2;68;94;108m[48;2;68;94;108m▀[0m[38;2;66;65;66m[48;2;66;65;66m▀[0m[38;2;165;178;190m[48;2;165;178;190m▀[0m[38;2;82;79;68m[48;2;82;79;68m▀[0m[38;2;165;178;190m[48;2;165;178;190m▀[0m[38;2;206;209;255m[48;2;165;178;190m▀[0m[38;2;208;211;255m[48;2;208;211;255m▀[0m[38;2;208;211;255m[48;2;208;211;255m▀[0m[38;2;66;65;66m[48;2;66;65;66m▀[0m[38;2;165;178;190m[48;2;66;65;66m▀[0m[38;2;66;65;66m[48;2;52;78;92m▀[0m[38;2;66;65;66m[48;2;66;65;66m▀[0m[38;2;108;134;148m[48;2;108;134;148m▀[0m[38;2;66;65;66m[48;2;108;134;148m▀[0m[38;2;52;78;92m[48;2;66;65;66m▀[0m[38;2;52;78;92m[48;2;52;78;92m▀[0m[38;2;68;94;108m[48;2;54;80;94m▀[0m[38;2;68;94;108m[48;2;68;94;108m▀[0m[38;2;66;65;66m[48;2;66;65;66m▀[0m[38;2;52;78;92m[48;2;52;78;92m▀[0m[38;2;53;79;93m[48;2;0;0;0m▀[0m[38;2;0;0;0m▀ [38;2;0;0;0m▀[38;2;0;0;0m▀  
     [38;2;0;0;0m▄[38;2;0;0;0m▄[38;2;0;0;0m[48;2;68;94;108m▀[0m[38;2;0;0;0m[48;2;68;94;108m▀[0m[38;2;95;97;95m[48;2;69;95;109m▀[0m[38;2;95;97;95m[48;2;95;97;95m▀[0m[38;2;60;63;63m[48;2;8;0;0m▀[0m[38;2;165;178;190m[48;2;165;178;190m▀[0m[38;2;52;59;60m[48;2;156;165;181m▀[0m[38;2;85;111;125m[48;2;0;0;0m▀[0m[38;2;68;94;108m[48;2;68;94;108m▀[0m[38;2;68;94;108m[48;2;54;80;94m▀[0m[38;2;68;94;108m[48;2;54;80;94m▀[0m[38;2;68;94;108m[48;2;68;94;108m▀[0m[38;2;66;65;66m[48;2;69;95;109m▀[0m[38;2;77;75;74m[48;2;66;65;66m▀[0m[38;2;165;178;190m[48;2;66;65;66m▀[0m[38;2;165;178;190m[48;2;165;178;190m▀[0m[38;2;165;178;190m[48;2;82;79;68m▀[0m[38;2;82;79;68m[48;2;165;178;190m▀[0m[38;2;71;69;68m[48;2;71;69;68m▀[0m[38;2;107;133;147m[48;2;71;69;68m▀[0m[38;2;66;65;66m[48;2;66;65;66m▀[0m[38;2;66;65;66m[48;2;108;134;148m▀[0m[38;2;108;134;148m[48;2;73;99;113m▀[0m[38;2;73;99;113m[48;2;108;134;148m▀[0m[38;2;71;69;68m[48;2;107;133;147m▀[0m[38;2;71;69;68m[48;2;71;69;68m▀[0m[38;2;54;80;94m[48;2;54;80;94m▀[0m[38;2;69;95;109m[48;2;66;65;57m▀[0m[38;2;68;94;108m[48;2;52;52;49m▀[0m[38;2;8;8;8m[48;2;109;135;149m▀[0m[38;2;0;0;0m▄      
  [38;2;0;0;0m▄[38;2;0;0;0m[48;2;68;94;108m▀[0m[38;2;0;0;0m[48;2;68;94;108m▀[0m[38;2;95;97;95m[48;2;69;95;109m▀[0m[38;2;69;95;109m[48;2;69;95;109m▀[0m[38;2;69;95;109m[48;2;69;95;109m▀[0m[38;2;69;95;109m[48;2;69;95;109m▀[0m[38;2;68;94;108m[48;2;0;0;0m▀[0m[38;2;0;0;0m▀ [38;2;0;0;0m▀[38;2;0;0;0m▀[38;2;0;0;0m▄[38;2;0;0;0m[48;2;58;84;98m▀[0m[38;2;136;162;176m[48;2;136;162;176m▀[0m[38;2;139;165;179m[48;2;139;165;179m▀[0m[38;2;54;80;94m[48;2;139;165;179m▀[0m[38;2;54;80;94m[48;2;71;97;111m▀[0m[38;2;106;132;146m[48;2;106;132;146m▀[0m[38;2;94;120;134m[48;2;74;69;66m▀[0m[38;2;74;69;66m[48;2;214;217;255m▀[0m[38;2;66;65;66m[48;2;206;209;255m▀[0m[38;2;66;65;66m[48;2;206;209;255m▀[0m[38;2;165;178;190m[48;2;165;178;190m▀[0m[38;2;66;65;66m[48;2;165;178;190m▀[0m[38;2;66;65;66m[48;2;66;65;66m▀[0m[38;2;108;134;148m[48;2;66;65;66m▀[0m[38;2;67;93;107m[48;2;46;72;86m▀[0m[38;2;67;93;107m[48;2;111;137;151m▀[0m[38;2;66;92;106m[48;2;108;134;148m▀[0m[38;2;46;72;86m[48;2;108;134;148m▀[0m[38;2;66;65;66m[48;2;108;134;148m▀[0m[38;2;66;65;66m[48;2;108;134;148m▀[0m[38;2;108;134;148m[48;2;108;134;148m▀[0m[38;2;108;134;148m[48;2;0;0;0m▀[0m[38;2;0;0;0m▀      
 [38;2;0;0;0m▄[38;2;0;0;0m[48;2;68;94;108m▀[0m[38;2;66;65;66m[48;2;68;94;108m▀[0m[38;2;68;94;108m[48;2;66;65;66m▀[0m[38;2;69;95;109m[48;2;69;95;109m▀[0m[38;2;69;95;109m[48;2;69;95;109m▀[0m[38;2;68;94;108m[48;2;68;94;108m▀[0m[38;2;0;0;0m[48;2;0;0;0m▀[0m   [38;2;0;0;0m▄[38;2;0;0;0m[48;2;108;134;148m▀[0m[38;2;108;134;148m[48;2;108;134;148m▀[0m[38;2;106;132;146m[48;2;106;132;146m▀[0m[38;2;54;80;94m[48;2;71;97;111m▀[0m[38;2;142;168;182m[48;2;63;89;103m▀[0m[38;2;63;89;103m[48;2;102;128;142m▀[0m[38;2;65;91;105m[48;2;66;69;66m▀[0m[38;2;111;137;151m[48;2;66;69;66m▀[0m[38;2;66;65;66m[48;2;206;209;255m▀[0m[38;2;206;209;255m[48;2;206;209;255m▀[0m[38;2;206;209;255m[48;2;206;209;255m▀[0m[38;2;136;139;148m[48;2;136;139;148m▀[0m[38;2;165;178;190m[48;2;165;178;190m▀[0m[38;2;66;65;66m[48;2;66;65;66m▀[0m[38;2;139;165;179m[48;2;139;165;179m▀[0m[38;2;107;133;147m[48;2;139;165;179m▀[0m[38;2;108;134;148m[48;2;66;92;106m▀[0m[38;2;46;72;86m[48;2;108;134;148m▀[0m[38;2;105;131;145m[48;2;66;65;66m▀[0m[38;2;66;65;66m[48;2;101;101;96m▀[0m[38;2;66;65;66m[48;2;99;101;101m▀[0m[38;2;137;163;177m[48;2;66;65;66m▀[0m[38;2;107;133;147m[48;2;0;0;0m▀[0m[38;2;0;0;0m▀       
 [38;2;0;0;0m▀[38;2;68;94;108m[48;2;0;0;0m▀[0m[38;2;66;65;66m[48;2;66;65;66m▀[0m[38;2;66;65;66m[48;2;68;94;108m▀[0m[38;2;68;94;108m[48;2;68;94;108m▀[0m[38;2;66;65;66m[48;2;68;94;108m▀[0m[38;2;0;0;0m[48;2;0;0;0m▀[0m    [38;2;0;0;0m▀[38;2;108;134;148m[48;2;0;4;0m▀[0m[38;2;108;134;148m[48;2;66;92;106m▀[0m[38;2;66;92;106m[48;2;108;134;148m▀[0m[38;2;108;134;148m[48;2;46;72;86m▀[0m[38;2;110;136;150m[48;2;66;65;66m▀[0m[38;2;66;65;66m[48;2;137;143;137m▀[0m[38;2;208;211;255m[48;2;208;211;255m▀[0m[38;2;208;211;255m[48;2;208;211;255m▀[0m[38;2;208;211;255m[48;2;208;211;255m▀[0m[38;2;208;211;255m[48;2;208;211;255m▀[0m[38;2;136;139;148m[48;2;136;139;148m▀[0m[38;2;165;178;190m[48;2;165;178;190m▀[0m[38;2;66;65;66m[48;2;66;65;66m▀[0m[38;2;139;165;179m[48;2;139;165;179m▀[0m[38;2;139;165;179m[48;2;139;165;179m▀[0m[38;2;139;165;179m[48;2;107;133;147m▀[0m[38;2;67;93;107m[48;2;67;93;107m▀[0m[38;2;111;137;151m[48;2;46;72;86m▀[0m[38;2;66;64;66m[48;2;0;0;0m▀[0m[38;2;99;97;99m[48;2;0;0;0m▀[0m[38;2;0;0;0m▀[38;2;0;0;0m▀         
  [38;2;0;0;0m[48;2;0;0;0m▀[0m[38;2;99;97;99m[48;2;99;97;99m▀[0m[38;2;66;64;66m[48;2;0;0;0m▀[0m[38;2;0;0;0m▀[38;2;68;94;108m[48;2;0;0;0m▀[0m[38;2;68;94;108m[48;2;0;0;0m▀[0m[38;2;0;0;0m▀   [38;2;0;0;0m▄[38;2;0;0;0m▄[38;2;0;0;0m[48;2;165;178;190m▀[0m[38;2;66;65;66m[48;2;159;165;192m▀[0m[38;2;206;217;255m[48;2;66;65;66m▀[0m[38;2;208;211;255m[48;2;208;211;255m▀[0m[38;2;208;211;255m[48;2;208;211;255m▀[0m[38;2;136;139;148m[48;2;136;139;148m▀[0m[38;2;206;209;255m[48;2;136;139;148m▀[0m[38;2;206;213;247m[48;2;170;177;194m▀[0m[38;2;134;142;145m[48;2;170;177;194m▀[0m[38;2;165;178;190m[48;2;165;178;190m▀[0m[38;2;165;178;190m[48;2;0;0;0m▀[0m[38;2;0;0;0m▀[38;2;103;103;74m[48;2;0;0;0m▀[0m[38;2;107;133;147m[48;2;94;97;99m▀[0m[38;2;107;133;147m[48;2;94;97;99m▀[0m[38;2;108;134;148m[48;2;108;134;148m▀[0m[38;2;0;0;0m[48;2;0;0;0m▀[0m             
   [38;2;0;0;0m▀       [38;2;0;0;0m▀[38;2;165;178;190m[48;2;0;0;0m▀[0m[38;2;165;178;190m[48;2;0;0;0m▀[0m[38;2;165;178;190m[48;2;0;0;0m▀[0m[38;2;0;0;0m▀[38;2;198;195;189m[48;2;0;0;0m▀[0m[38;2;0;0;0m[48;2;206;213;247m▀[0m[38;2;137;142;164m[48;2;206;213;247m▀[0m[38;2;165;178;190m[48;2;136;139;148m▀[0m[38;2;136;139;148m[48;2;165;178;190m▀[0m[38;2;165;178;190m[48;2;165;178;190m▀[0m[38;2;165;178;190m[48;2;136;139;148m▀[0m[38;2;66;65;66m[48;2;66;65;66m▀[0m[38;2;66;65;66m[48;2;198;195;189m▀[0m[38;2;16;12;8m[48;2;82;89;90m▀[0m[38;2;82;89;90m[48;2;214;221;255m▀[0m[38;2;167;175;194m[48;2;206;213;247m▀[0m[38;2;67;93;107m[48;2;167;175;194m▀[0m[38;2;114;140;154m[48;2;64;90;104m▀[0m[38;2;255;255;255m[48;2;255;255;255m▀[0m[38;2;0;0;0m[48;2;255;255;255m▀[0m[38;2;0;0;0m▄           
                 [38;2;0;0;0m▀[38;2;0;0;0m▀[38;2;137;140;148m[48;2;0;0;0m▀[0m[38;2;137;140;148m[48;2;0;0;0m▀[0m[38;2;0;0;0m▀[38;2;0;0;0m▀[38;2;0;0;0m▀[38;2;0;0;0m▀[38;2;84;91;90m[48;2;16;12;8m▀[0m[38;2;222;233;255m[48;2;153;161;172m▀[0m[38;2;165;178;190m[48;2;0;0;0m▀[0m[38;2;165;178;190m[48;2;0;0;0m▀[0m[38;2;0;0;0m▀[38;2;0;0;0m▀[38;2;255;255;255m[48;2;0;0;0m▀[0m[38;2;0;0;0m[48;2;0;0;0m▀[0m           
                          [38;2;0;0;0m▀                 
[0m