   [38;2;0;0;0m▄[38;2;0;0;0m[48;2;179;191;52m▀[0m[38;2;0;0;0m▄  [38;2;0;0;0m▄          
   [38;2;0;0;0m[48;2;0;0;0m▀[0m[38;2;179;191;52m[48;2;179;191;52m▀[0m[38;2;65;65;65m[48;2;179;191;52m▀[0m[38;2;0;0;0m[48;2;65;65;65m▀[0m[38;2;0;0;0m[48;2;209;221;81m▀[0m[38;2;209;221;81m[48;2;209;221;81m▀[0m[38;2;0;0;0m[48;2;0;0;0m▀[0m         
   [38;2;0;0;0m[48;2;0;0;0m▀[0m[38;2;65;65;65m[48;2;65;65;65m▀[0m[38;2;179;191;52m[48;2;179;191;52m▀[0m[38;2;65;65;65m[48;2;65;65;65m▀[0m[38;2;209;221;81m[48;2;65;65;65m▀[0m[38;2;107;107;115m[48;2;209;221;81m▀[0m[38;2;0;0;0m[48;2;0;0;0m▀[0m [38;2;0;0;0m▄[38;2;0;0;0m[48;2;107;107;115m▀[0m[38;2;0;0;0m[48;2;107;107;115m▀[0m[38;2;0;0;0m▄    
  [38;2;0;0;0m▄[38;2;0;0;0m[48;2;209;221;81m▀[0m[38;2;209;221;81m[48;2;107;107;115m▀[0m[38;2;65;65;65m[48;2;107;107;115m▀[0m[38;2;209;221;81m[48;2;209;221;81m▀[0m[38;2;65;65;65m[48;2;209;221;81m▀[0m[38;2;209;221;81m[48;2;209;221;81m▀[0m[38;2;209;221;81m[48;2;107;107;115m▀[0m[38;2;0;0;0m[48;2;65;65;65m▀[0m[38;2;0;0;0m[48;2;107;107;115m▀[0m[38;2;107;107;115m[48;2;107;107;115m▀[0m[38;2;107;107;115m[48;2;0;0;0m▀[0m[38;2;0;0;0m▀[38;2;0;0;0m▄[38;2;0;0;0m▄[38;2;0;0;0m▄ 
 [38;2;0;0;0m▄[38;2;0;0;0m[48;2;65;65;65m▀[0m[38;2;107;107;115m[48;2;107;107;115m▀[0m[38;2;107;107;115m[48;2;65;65;65m▀[0m[38;2;209;221;81m[48;2;107;107;115m▀[0m[38;2;209;221;81m[48;2;107;107;115m▀[0m[38;2;107;107;115m[48;2;65;65;65m▀[0m[38;2;107;107;115m[48;2;107;107;115m▀[0m[38;2;107;107;115m[48;2;209;221;81m▀[0m[38;2;65;65;65m[48;2;65;65;65m▀[0m[38;2;65;65;65m[48;2;107;107;115m▀[0m[38;2;65;65;65m[48;2;107;107;115m▀[0m[38;2;0;0;0m[48;2;107;107;115m▀[0m[38;2;0;0;0m[48;2;107;107;115m▀[0m[38;2;143;57;49m[48;2;190;74;65m▀[0m[38;2;190;74;65m[48;2;190;74;65m▀[0m[38;2;190;74;65m[48;2;143;57;49m▀[0m[38;2;0;0;0m[48;2;0;0;0m▀[0m
[38;2;0;0;0m[48;2;0;0;0m▀[0m[38;2;107;107;115m[48;2;65;65;65m▀[0m[38;2;107;107;115m[48;2;107;107;115m▀[0m[38;2;107;107;115m[48;2;209;221;81m▀[0m[38;2;65;65;65m[48;2;209;221;81m▀[0m[38;2;107;107;115m[48;2;65;65;65m▀[0m[38;2;0;0;0m[48;2;247;99;82m▀[0m[38;2;255;255;255m[48;2;107;107;115m▀[0m[38;2;107;107;115m[48;2;209;221;81m▀[0m[38;2;107;107;115m[48;2;65;65;65m▀[0m[38;2;65;65;65m[48;2;131;158;190m▀[0m[38;2;0;0;0m[48;2;0;0;0m▀[0m[38;2;0;0;0m▀[38;2;107;107;115m[48;2;0;0;0m▀[0m[38;2;107;107;115m[48;2;0;0;0m▀[0m[38;2;0;0;0m▀[38;2;0;0;0m▀[38;2;0;0;0m▀ 
 [38;2;0;0;0m▀[38;2;0;0;0m▀[38;2;179;191;52m[48;2;0;0;0m▀[0m[38;2;209;221;81m[48;2;65;65;65m▀[0m[38;2;209;221;81m[48;2;65;65;65m▀[0m[38;2;209;221;81m[48;2;93;118;146m▀[0m[38;2;179;191;52m[48;2;131;158;190m▀[0m[38;2;131;158;190m[48;2;93;118;146m▀[0m[38;2;131;158;190m[48;2;65;65;65m▀[0m[38;2;0;0;0m[48;2;107;107;115m▀[0m[38;2;0;0;0m▄[38;2;0;0;0m▄  [38;2;0;0;0m▄[38;2;0;0;0m▄  
 [38;2;0;0;0m▄[38;2;0;0;0m[48;2;143;57;49m▀[0m[38;2;107;107;115m[48;2;143;57;49m▀[0m[38;2;65;65;65m[48;2;65;65;65m▀[0m[38;2;255;255;255m[48;2;93;118;146m▀[0m[38;2;197;197;189m[48;2;93;118;146m▀[0m[38;2;93;118;146m[48;2;131;158;190m▀[0m[38;2;65;65;65m[48;2;65;65;65m▀[0m[38;2;197;197;189m[48;2;65;65;65m▀[0m[38;2;65;65;65m[48;2;209;221;81m▀[0m[38;2;65;65;65m[48;2;107;107;115m▀[0m[38;2;131;158;190m[48;2;65;65;65m▀[0m[38;2;0;0;0m[48;2;131;158;190m▀[0m[38;2;0;0;0m[48;2;131;158;190m▀[0m[38;2;131;158;190m[48;2;93;118;146m▀[0m[38;2;93;118;146m[48;2;131;158;190m▀[0m[38;2;0;0;0m[48;2;131;158;190m▀[0m[38;2;0;0;0m▄
[38;2;0;0;0m[48;2;0;0;0m▀[0m[38;2;197;197;189m[48;2;0;0;0m▀[0m[38;2;143;57;49m[48;2;0;0;0m▀[0m[38;2;65;65;65m[48;2;0;0;0m▀[0m[38;2;131;158;190m[48;2;179;191;52m▀[0m[38;2;65;65;65m[48;2;179;191;52m▀[0m[38;2;93;118;146m[48;2;65;65;65m▀[0m[38;2;131;158;190m[48;2;93;118;146m▀[0m[38;2;131;158;190m[48;2;65;65;65m▀[0m[38;2;65;65;65m[48;2;65;65;65m▀[0m[38;2;209;221;81m[48;2;190;74;65m▀[0m[38;2;190;74;65m[48;2;190;74;65m▀[0m[38;2;65;65;65m[48;2;190;74;65m▀[0m[38;2;131;158;190m[48;2;65;65;65m▀[0m[38;2;131;158;190m[48;2;93;118;146m▀[0m[38;2;131;158;190m[48;2;0;0;0m▀[0m[38;2;131;158;190m[48;2;0;0;0m▀[0m[38;2;0;0;0m▀ 
   [38;2;0;0;0m▀[38;2;179;191;52m[48;2;0;0;0m▀[0m[38;2;65;65;65m[48;2;197;197;189m▀[0m[38;2;65;65;65m[48;2;65;65;65m▀[0m[38;2;209;221;81m[48;2;65;65;65m▀[0m[38;2;107;107;115m[48;2;209;221;81m▀[0m[38;2;65;65;65m[48;2;209;221;81m▀[0m[38;2;190;74;65m[48;2;65;65;65m▀[0m[38;2;197;197;189m[48;2;255;255;255m▀[0m[38;2;190;74;65m[48;2;0;0;0m▀[0m[38;2;0;0;0m▀[38;2;0;0;0m▀    
   [38;2;0;0;0m▀[38;2;143;57;49m[48;2;0;0;0m▀[0m[38;2;143;57;49m[48;2;0;0;0m▀[0m[38;2;0;0;0m▀[38;2;0;0;0m▀[38;2;65;65;65m[48;2;0;0;0m▀[0m[38;2;107;107;115m[48;2;255;255;255m▀[0m[38;2;65;65;65m[48;2;190;74;65m▀[0m[38;2;0;0;0m[48;2;0;0;0m▀[0m       
       [38;2;0;0;0m▀[38;2;190;74;65m[48;2;0;0;0m▀[0m[38;2;190;74;65m[48;2;0;0;0m▀[0m[38;2;190;74;65m[48;2;0;0;0m▀[0m[38;2;0;0;0m▀       
[0m