[38;2;0;0;0m▄[38;2;0;0;0m[48;2;56;56;61m▀[0m[38;2;0;0;0m[48;2;56;56;61m▀[0m[38;2;0;0;0m[48;2;36;36;36m▀[0m[38;2;0;0;0m▄[38;2;0;0;0m▄                                [38;2;0;0;0m▄[38;2;0;0;0m[48;2;71;71;76m▀[0m[38;2;0;0;0m[48;2;71;71;76m▀[0m[38;2;0;0;0m[48;2;36;36;36m▀[0m[38;2;0;0;0m▄  
[38;2;0;0;0m[48;2;0;0;0m▀[0m[38;2;56;56;61m[48;2;56;56;61m▀[0m[38;2;56;56;61m[48;2;56;56;61m▀[0m[38;2;56;56;61m[48;2;56;56;61m▀[0m[38;2;36;36;36m[48;2;36;36;36m▀[0m[38;2;56;56;61m[48;2;56;56;61m▀[0m[38;2;0;0;0m[48;2;36;36;36m▀[0m[38;2;0;0;0m▄                             [38;2;0;0;0m[48;2;0;0;0m▀[0m[38;2;71;71;76m[48;2;71;71;76m▀[0m[38;2;71;71;76m[48;2;71;71;76m▀[0m[38;2;71;71;76m[48;2;71;71;76m▀[0m[38;2;68;68;73m[48;2;71;71;76m▀[0m[38;2;36;36;36m[48;2;36;36;36m▀[0m[38;2;0;0;0m[48;2;71;71;76m▀[0m[38;2;1;3;6m▄
[38;2;0;0;0m▀[38;2;56;56;61m[48;2;0;0;0m▀[0m[38;2;56;56;61m[48;2;56;56;61m▀[0m[38;2;56;56;61m[48;2;56;56;61m▀[0m[38;2;36;36;36m[48;2;36;36;36m▀[0m[38;2;56;56;61m[48;2;56;56;61m▀[0m[38;2;36;36;36m[48;2;36;36;36m▀[0m[38;2;56;56;61m[48;2;56;56;61m▀[0m[38;2;0;0;0m[48;2;0;0;0m▀[0m                          [38;2;0;0;0m▄[38;2;0;0;0m[48;2;71;71;76m▀[0m[38;2;71;71;76m[48;2;71;71;76m▀[0m[38;2;71;71;76m[48;2;71;71;76m▀[0m[38;2;71;71;76m[48;2;71;71;76m▀[0m[38;2;71;71;76m[48;2;36;36;36m▀[0m[38;2;36;36;36m[48;2;56;56;61m▀[0m[38;2;71;71;76m[48;2;56;56;61m▀[0m[38;2;36;36;36m[48;2;0;0;0m▀[0m[38;2;1;3;6m▀
 [38;2;0;0;0m▀[38;2;56;56;61m[48;2;0;0;0m▀[0m[38;2;56;56;61m[48;2;56;56;61m▀[0m[38;2;56;56;61m[48;2;56;56;61m▀[0m[38;2;36;36;36m[48;2;36;36;36m▀[0m[38;2;56;56;61m[48;2;56;56;61m▀[0m[38;2;36;36;36m[48;2;36;36;36m▀[0m[38;2;0;0;0m[48;2;71;71;76m▀[0m[38;2;0;0;0m▄                        [38;2;0;0;0m▄[38;2;0;0;0m[48;2;71;71;76m▀[0m[38;2;71;71;76m[48;2;71;71;76m▀[0m[38;2;71;71;76m[48;2;36;36;36m▀[0m[38;2;36;36;36m[48;2;71;71;76m▀[0m[38;2;36;36;36m[48;2;71;71;76m▀[0m[38;2;53;53;57m[48;2;36;36;36m▀[0m[38;2;56;56;61m[48;2;36;36;36m▀[0m[38;2;36;36;36m[48;2;56;56;61m▀[0m[38;2;56;56;61m[48;2;36;36;36m▀[0m[38;2;0;0;0m[48;2;0;0;0m▀[0m
[38;2;0;0;0m▄ [38;2;0;0;0m▀[38;2;56;56;61m[48;2;0;0;0m▀[0m[38;2;56;56;61m[48;2;56;56;61m▀[0m[38;2;56;56;61m[48;2;36;36;36m▀[0m[38;2;36;36;36m[48;2;71;71;76m▀[0m[38;2;71;71;76m[48;2;71;71;76m▀[0m[38;2;71;71;76m[48;2;71;71;76m▀[0m[38;2;0;0;0m[48;2;0;0;0m▀[0m  [38;2;0;0;0m▄                    [38;2;0;0;0m▄[38;2;0;0;0m[48;2;71;71;76m▀[0m[38;2;71;71;76m[48;2;71;71;76m▀[0m[38;2;36;36;36m[48;2;71;71;76m▀[0m[38;2;71;71;76m[48;2;71;71;76m▀[0m[38;2;71;71;76m[48;2;71;71;76m▀[0m[38;2;71;71;76m[48;2;71;71;76m▀[0m[38;2;71;71;76m[48;2;36;36;36m▀[0m[38;2;36;36;36m[48;2;36;36;36m▀[0m[38;2;36;36;36m[48;2;56;56;61m▀[0m[38;2;0;0;0m[48;2;0;0;0m▀[0m 
[38;2;0;0;0m[48;2;0;0;0m▀[0m[38;2;0;0;0m[48;2;0;0;0m▀[0m [38;2;0;0;0m[48;2;0;0;0m▀[0m[38;2;36;36;36m[48;2;71;71;76m▀[0m[38;2;71;71;76m[48;2;71;71;76m▀[0m[38;2;71;71;76m[48;2;71;71;76m▀[0m[38;2;71;71;76m[48;2;71;71;76m▀[0m[38;2;56;56;61m[48;2;56;56;61m▀[0m[38;2;0;0;0m[48;2;56;56;61m▀[0m[38;2;0;0;0m▄[38;2;0;0;0m[48;2;42;134;235m▀[0m[38;2;103;179;255m[48;2;104;179;255m▀[0m[38;2;0;0;0m[48;2;0;0;0m▀[0m                  [38;2;0;0;0m[48;2;0;0;0m▀[0m[38;2;71;71;76m[48;2;71;71;76m▀[0m[38;2;71;71;76m[48;2;71;71;76m▀[0m[38;2;71;71;76m[48;2;71;71;76m▀[0m[38;2;71;71;76m[48;2;71;71;76m▀[0m[38;2;71;71;76m[48;2;36;36;36m▀[0m[38;2;71;71;76m[48;2;36;36;36m▀[0m[38;2;36;36;36m[48;2;56;56;61m▀[0m[38;2;36;36;36m[48;2;56;56;61m▀[0m[38;2;56;56;61m[48;2;0;0;0m▀[0m[38;2;0;0;0m▀  
[38;2;0;0;0m[48;2;0;0;0m▀[0m[38;2;103;179;255m[48;2;103;179;255m▀[0m[38;2;0;0;0m[48;2;36;36;36m▀[0m[38;2;36;36;36m[48;2;71;71;76m▀[0m[38;2;71;71;76m[48;2;71;71;76m▀[0m[38;2;71;71;76m[48;2;71;71;76m▀[0m[38;2;71;71;76m[48;2;71;71;76m▀[0m[38;2;71;71;76m[48;2;71;71;76m▀[0m[38;2;56;56;61m[48;2;71;71;76m▀[0m[38;2;56;56;61m[48;2;36;36;36m▀[0m[38;2;36;36;36m[48;2;103;179;255m▀[0m[38;2;104;179;255m[48;2;104;179;255m▀[0m[38;2;104;179;255m[48;2;104;179;255m▀[0m[38;2;0;0;0m[48;2;0;0;0m▀[0m                [38;2;0;0;0m▄[38;2;0;0;0m[48;2;71;71;76m▀[0m[38;2;71;71;76m[48;2;71;71;76m▀[0m[38;2;71;71;76m[48;2;71;71;76m▀[0m[38;2;71;71;76m[48;2;36;36;36m▀[0m[38;2;36;36;36m[48;2;56;56;61m▀[0m[38;2;36;36;36m[48;2;56;56;61m▀[0m[38;2;56;56;61m[48;2;56;56;61m▀[0m[38;2;56;56;61m[48;2;56;56;61m▀[0m[38;2;56;56;61m[48;2;0;0;0m▀[0m[38;2;0;0;0m▀    
[38;2;0;0;0m[48;2;0;0;0m▀[0m[38;2;103;179;255m[48;2;104;179;255m▀[0m[38;2;36;36;36m[48;2;36;36;36m▀[0m[38;2;71;71;76m[48;2;71;71;76m▀[0m[38;2;71;71;76m[48;2;71;71;76m▀[0m[38;2;71;71;76m[48;2;71;71;76m▀[0m[38;2;71;71;76m[48;2;71;71;76m▀[0m[38;2;71;71;76m[48;2;69;69;75m▀[0m[38;2;36;36;36m[48;2;36;36;36m▀[0m[38;2;103;179;255m[48;2;104;179;255m▀[0m[38;2;103;179;255m[48;2;185;1;0m▀[0m[38;2;104;179;255m[48;2;103;179;255m▀[0m[38;2;104;179;255m[48;2;103;179;255m▀[0m[38;2;0;0;0m[48;2;36;36;36m▀[0m[38;2;0;0;0m▄        [38;2;0;0;0m▄[38;2;0;0;0m▄   [38;2;0;0;0m▄[38;2;0;0;0m[48;2;71;71;76m▀[0m[38;2;71;71;76m[48;2;71;71;76m▀[0m[38;2;71;71;76m[48;2;71;71;76m▀[0m[38;2;71;71;76m[48;2;71;71;76m▀[0m[38;2;71;71;76m[48;2;56;56;61m▀[0m[38;2;54;54;58m[48;2;56;56;61m▀[0m[38;2;56;56;61m[48;2;56;56;61m▀[0m[38;2;56;56;61m[48;2;0;0;0m▀[0m[38;2;56;56;61m[48;2;0;0;0m▀[0m[38;2;0;0;0m▀      
[38;2;0;0;0m[48;2;0;0;0m▀[0m[38;2;36;36;36m[48;2;36;36;36m▀[0m[38;2;69;69;75m[48;2;71;71;76m▀[0m[38;2;71;71;76m[48;2;71;71;76m▀[0m[38;2;71;71;76m[48;2;71;71;76m▀[0m[38;2;71;71;76m[48;2;56;56;61m▀[0m[38;2;71;71;76m[48;2;71;71;76m▀[0m[38;2;36;36;36m[48;2;36;36;36m▀[0m[38;2;104;179;255m[48;2;109;182;255m▀[0m[38;2;185;1;0m[48;2;194;1;0m▀[0m[38;2;244;43;37m[48;2;244;44;38m▀[0m[38;2;103;179;255m[48;2;42;134;235m▀[0m[38;2;36;36;36m[48;2;36;36;36m▀[0m[38;2;56;56;61m[48;2;56;56;61m▀[0m[38;2;56;56;61m[48;2;56;56;61m▀[0m[38;2;0;0;0m[48;2;71;71;76m▀[0m[38;2;0;0;0m[48;2;71;71;76m▀[0m[38;2;0;0;0m▄    [38;2;0;0;0m[48;2;0;0;0m▀[0m[38;2;103;179;255m[48;2;103;179;255m▀[0m[38;2;103;179;255m[48;2;103;179;255m▀[0m[38;2;0;0;0m[48;2;36;36;36m▀[0m[38;2;0;0;0m▄[38;2;0;0;0m[48;2;71;71;76m▀[0m[38;2;71;71;76m[48;2;71;71;76m▀[0m[38;2;71;71;76m[48;2;71;71;76m▀[0m[38;2;71;71;76m[48;2;56;56;61m▀[0m[38;2;71;71;76m[48;2;56;56;61m▀[0m[38;2;56;56;61m[48;2;56;56;61m▀[0m[38;2;56;56;61m[48;2;56;56;61m▀[0m[38;2;56;56;61m[48;2;0;0;0m▀[0m[38;2;0;0;0m▀         
 [38;2;0;0;0m[48;2;0;0;0m▀[0m[38;2;71;71;76m[48;2;71;71;76m▀[0m[38;2;71;71;76m[48;2;71;71;76m▀[0m[38;2;71;71;76m[48;2;71;71;76m▀[0m[38;2;56;56;61m[48;2;71;71;76m▀[0m[38;2;71;71;76m[48;2;56;56;61m▀[0m[38;2;109;182;255m[48;2;114;186;255m▀[0m[38;2;125;22;19m[48;2;130;22;19m▀[0m[38;2;244;44;38m[48;2;194;1;0m▀[0m[38;2;194;1;0m[48;2;36;36;36m▀[0m[38;2;36;36;36m[48;2;36;36;36m▀[0m[38;2;56;56;61m[48;2;36;36;36m▀[0m[38;2;56;56;61m[48;2;36;36;36m▀[0m[38;2;56;56;61m[48;2;71;71;76m▀[0m[38;2;71;71;76m[48;2;71;71;76m▀[0m[38;2;71;71;76m[48;2;71;71;76m▀[0m[38;2;71;71;76m[48;2;71;71;76m▀[0m[38;2;0;0;0m[48;2;71;71;76m▀[0m[38;2;0;0;0m[48;2;71;71;76m▀[0m[38;2;0;0;0m▄[38;2;0;0;0m[48;2;122;193;255m▀[0m[38;2;103;179;255m[48;2;36;36;36m▀[0m[38;2;103;179;255m[48;2;36;36;36m▀[0m[38;2;36;36;36m[48;2;71;71;76m▀[0m[38;2;71;71;76m[48;2;71;71;76m▀[0m[38;2;71;71;76m[48;2;71;71;76m▀[0m[38;2;71;71;76m[48;2;56;56;61m▀[0m[38;2;71;71;76m[48;2;56;56;61m▀[0m[38;2;56;56;61m[48;2;56;56;61m▀[0m[38;2;56;56;61m[48;2;0;0;0m▀[0m[38;2;56;56;61m[48;2;0;0;0m▀[0m[38;2;0;0;0m▀[38;2;0;0;0m▀           
  [38;2;0;0;0m[48;2;0;0;0m▀[0m[38;2;71;71;76m[48;2;71;71;76m▀[0m[38;2;71;71;76m[48;2;71;71;76m▀[0m[38;2;71;71;76m[48;2;71;71;76m▀[0m[38;2;71;71;76m[48;2;71;71;76m▀[0m[38;2;42;134;235m[48;2;56;56;61m▀[0m[38;2;42;134;235m[48;2;56;56;61m▀[0m[38;2;36;36;36m[48;2;56;56;61m▀[0m[38;2;53;53;57m[48;2;0;0;0m▀[0m[38;2;0;0;0m▀[38;2;56;56;61m[48;2;0;0;0m▀[0m[38;2;53;53;57m[48;2;0;0;0m▀[0m[38;2;36;36;36m[48;2;56;56;61m▀[0m[38;2;71;71;76m[48;2;36;36;36m▀[0m[38;2;71;71;76m[48;2;71;71;76m▀[0m[38;2;71;71;76m[48;2;71;71;76m▀[0m[38;2;71;71;76m[48;2;71;71;76m▀[0m[38;2;71;71;76m[48;2;71;71;76m▀[0m[38;2;71;71;76m[48;2;71;71;76m▀[0m[38;2;36;36;36m[48;2;71;71;76m▀[0m[38;2;69;69;75m[48;2;71;71;76m▀[0m[38;2;71;71;76m[48;2;71;71;76m▀[0m[38;2;71;71;76m[48;2;53;53;57m▀[0m[38;2;71;71;76m[48;2;36;36;36m▀[0m[38;2;56;56;61m[48;2;36;36;36m▀[0m[38;2;56;56;61m[48;2;0;0;0m▀[0m[38;2;0;0;0m▀[38;2;0;0;0m▀    [38;2;0;0;0m▄[38;2;0;0;0m[48;2;103;179;255m▀[0m[38;2;0;0;0m▄  [38;2;0;0;0m▄[38;2;0;0;0m▄    
   [38;2;0;0;0m▀[38;2;71;71;76m[48;2;0;0;0m▀[0m[38;2;71;71;76m[48;2;56;56;61m▀[0m[38;2;56;56;61m[48;2;36;36;36m▀[0m[38;2;56;56;61m[48;2;0;0;0m▀[0m[38;2;0;0;0m▀[38;2;0;0;0m▀    [38;2;0;0;0m▀[38;2;54;54;58m[48;2;3;3;4m▀[0m[38;2;71;71;76m[48;2;71;71;76m▀[0m[38;2;71;71;76m[48;2;71;71;76m▀[0m[38;2;71;71;76m[48;2;71;71;76m▀[0m[38;2;71;71;76m[48;2;104;179;255m▀[0m[38;2;71;71;76m[48;2;104;179;255m▀[0m[38;2;71;71;76m[48;2;71;71;76m▀[0m[38;2;71;71;76m[48;2;71;71;76m▀[0m[38;2;36;36;36m[48;2;71;71;76m▀[0m[38;2;36;36;36m[48;2;56;56;61m▀[0m[38;2;36;36;36m[48;2;36;36;36m▀[0m[38;2;103;179;255m[48;2;36;36;36m▀[0m[38;2;103;179;255m[48;2;36;36;36m▀[0m[38;2;0;0;0m[48;2;36;36;36m▀[0m[38;2;0;0;0m▄    [38;2;0;0;0m▀[38;2;103;179;255m[48;2;8;0;0m▀[0m[38;2;0;0;0m[48;2;111;184;255m▀[0m[38;2;0;0;0m▄[38;2;0;0;0m[48;2;104;179;255m▀[0m[38;2;103;179;255m[48;2;111;184;255m▀[0m[38;2;103;179;255m[48;2;8;0;0m▀[0m[38;2;0;0;0m▀   
     [38;2;0;0;0m▀[38;2;0;0;0m▀       [38;2;0;0;0m▄[38;2;3;3;4m[48;2;196;233;255m▀[0m[38;2;55;55;60m[48;2;104;179;255m▀[0m[38;2;71;71;76m[48;2;104;179;255m▀[0m[38;2;103;179;255m[48;2;196;233;255m▀[0m[38;2;196;233;255m[48;2;191;232;255m▀[0m[38;2;104;179;255m[48;2;191;232;255m▀[0m[38;2;103;179;255m[48;2;196;233;255m▀[0m[38;2;71;71;76m[48;2;104;179;255m▀[0m[38;2;71;71;76m[48;2;69;69;74m▀[0m[38;2;71;71;76m[48;2;56;56;61m▀[0m[38;2;53;53;57m[48;2;71;71;76m▀[0m[38;2;71;71;76m[48;2;56;56;61m▀[0m[38;2;36;36;36m[48;2;71;71;76m▀[0m[38;2;103;179;255m[48;2;36;36;36m▀[0m[38;2;103;179;255m[48;2;0;0;0m▀[0m[38;2;0;0;0m▀  [38;2;0;0;0m▄[38;2;0;0;0m▄[38;2;8;0;0m[48;2;56;56;61m▀[0m[38;2;41;129;228m[48;2;56;56;61m▀[0m[38;2;56;56;61m[48;2;56;56;61m▀[0m[38;2;44;137;240m[48;2;56;56;61m▀[0m[38;2;41;129;228m[48;2;56;56;61m▀[0m[38;2;8;0;0m[48;2;56;56;61m▀[0m[38;2;0;0;0m▄   
             [38;2;0;0;0m▄[38;2;0;0;0m[48;2;56;56;61m▀[0m[38;2;196;233;255m[48;2;36;36;36m▀[0m[38;2;196;233;255m[48;2;196;233;255m▀[0m[38;2;196;233;255m[48;2;191;232;255m▀[0m[38;2;196;233;255m[48;2;191;232;255m▀[0m[38;2;191;232;255m[48;2;191;232;255m▀[0m[38;2;191;232;255m[48;2;191;232;255m▀[0m[38;2;196;233;255m[48;2;196;233;255m▀[0m[38;2;196;233;255m[48;2;196;233;255m▀[0m[38;2;103;179;255m[48;2;154;214;255m▀[0m[38;2;69;69;74m[48;2;36;36;36m▀[0m[38;2;56;56;61m[48;2;71;71;76m▀[0m[38;2;71;71;76m[48;2;56;56;61m▀[0m[38;2;54;54;58m[48;2;71;71;76m▀[0m[38;2;71;71;76m[48;2;56;56;61m▀[0m[38;2;36;36;36m[48;2;36;36;36m▀[0m[38;2;0;0;0m[48;2;56;56;61m▀[0m[38;2;0;0;0m[48;2;56;56;61m▀[0m[38;2;0;0;0m[48;2;56;56;61m▀[0m[38;2;56;56;61m[48;2;56;56;61m▀[0m[38;2;56;56;61m[48;2;56;56;61m▀[0m[38;2;56;56;61m[48;2;56;56;61m▀[0m[38;2;56;56;61m[48;2;0;0;0m▀[0m[38;2;0;0;0m▀[38;2;0;0;0m▀[38;2;0;0;0m▀[38;2;0;0;0m▀    
            [38;2;0;0;0m▄[38;2;0;0;0m[48;2;56;56;61m▀[0m[38;2;56;56;61m[48;2;56;56;61m▀[0m[38;2;36;36;36m[48;2;56;56;61m▀[0m[38;2;196;233;255m[48;2;36;36;36m▀[0m[38;2;191;232;255m[48;2;189;231;255m▀[0m[38;2;191;232;255m[48;2;189;231;255m▀[0m[38;2;191;232;255m[48;2;196;233;255m▀[0m[38;2;191;232;255m[48;2;196;233;255m▀[0m[38;2;196;233;255m[48;2;130;199;255m▀[0m[38;2;130;199;255m[48;2;130;199;255m▀[0m[38;2;36;36;36m[48;2;36;36;36m▀[0m[38;2;56;56;61m[48;2;71;71;76m▀[0m[38;2;71;71;76m[48;2;71;71;76m▀[0m[38;2;71;71;76m[48;2;71;71;76m▀[0m[38;2;56;56;61m[48;2;71;71;76m▀[0m[38;2;71;71;76m[48;2;56;56;61m▀[0m[38;2;56;56;61m[48;2;56;56;61m▀[0m[38;2;36;36;36m[48;2;36;36;36m▀[0m[38;2;56;56;61m[48;2;56;56;61m▀[0m[38;2;56;56;61m[48;2;56;56;61m▀[0m[38;2;56;56;61m[48;2;0;0;0m▀[0m[38;2;56;56;61m[48;2;0;0;0m▀[0m[38;2;0;0;0m▀         
            [38;2;0;0;0m▀[38;2;56;56;61m[48;2;0;0;0m▀[0m[38;2;56;56;61m[48;2;56;56;61m▀[0m[38;2;56;56;61m[48;2;56;56;61m▀[0m[38;2;56;56;61m[48;2;56;56;61m▀[0m[38;2;36;36;36m[48;2;56;56;61m▀[0m[38;2;146;209;255m[48;2;36;36;36m▀[0m[38;2;130;199;255m[48;2;36;36;36m▀[0m[38;2;130;199;255m[48;2;128;198;255m▀[0m[38;2;130;199;255m[48;2;128;198;255m▀[0m[38;2;130;199;255m[48;2;128;198;255m▀[0m[38;2;36;36;36m[48;2;136;203;255m▀[0m[38;2;71;71;76m[48;2;36;36;36m▀[0m[38;2;71;71;76m[48;2;71;71;76m▀[0m[38;2;71;71;76m[48;2;71;71;76m▀[0m[38;2;71;71;76m[48;2;56;56;61m▀[0m[38;2;56;56;61m[48;2;56;56;61m▀[0m[38;2;56;56;61m[48;2;56;56;61m▀[0m[38;2;36;36;36m[48;2;0;0;0m▀[0m[38;2;0;0;0m▀[38;2;0;0;0m▀            
              [38;2;0;0;0m▀[38;2;0;0;0m▀[38;2;56;56;61m[48;2;0;0;0m▀[0m[38;2;56;56;61m[48;2;0;0;0m▀[0m[38;2;56;56;61m[48;2;56;56;61m▀[0m[38;2;56;56;61m[48;2;0;0;0m▀[0m[38;2;1;3;6m▀[38;2;0;0;0m▀[38;2;0;0;0m▀[38;2;8;4;0m▀[38;2;8;4;0m▀[38;2;56;56;61m[48;2;0;0;0m▀[0m[38;2;56;56;61m[48;2;0;0;0m▀[0m[38;2;56;56;61m[48;2;0;0;0m▀[0m[38;2;56;56;61m[48;2;56;56;61m▀[0m[38;2;56;56;61m[48;2;56;56;61m▀[0m[38;2;0;0;0m[48;2;56;56;61m▀[0m[38;2;0;0;0m[48;2;52;52;56m▀[0m[38;2;0;0;0m▄            
                [38;2;0;0;0m▄[38;2;0;0;0m[48;2;56;56;61m▀[0m[38;2;56;56;61m[48;2;52;52;56m▀[0m[38;2;56;56;61m[48;2;56;56;61m▀[0m[38;2;0;0;0m[48;2;0;0;0m▀[0m       [38;2;0;0;0m[48;2;0;0;0m▀[0m[38;2;52;52;56m[48;2;56;56;61m▀[0m[38;2;56;56;61m[48;2;56;56;61m▀[0m[38;2;56;56;61m[48;2;56;56;61m▀[0m[38;2;0;0;0m[48;2;0;0;0m▀[0m            
               [38;2;0;0;0m[48;2;0;0;0m▀[0m[38;2;56;56;61m[48;2;52;52;56m▀[0m[38;2;52;52;56m[48;2;56;56;61m▀[0m[38;2;56;56;61m[48;2;56;56;61m▀[0m[38;2;0;0;0m[48;2;0;0;0m▀[0m       [38;2;0;0;0m[48;2;0;0;0m▀[0m[38;2;52;52;56m[48;2;52;52;56m▀[0m[38;2;56;56;61m[48;2;71;71;76m▀[0m[38;2;52;52;56m[48;2;52;52;56m▀[0m[38;2;56;56;61m[48;2;71;71;76m▀[0m[38;2;0;0;0m[48;2;0;0;0m▀[0m            
                [38;2;0;0;0m▀[38;2;0;0;0m▀[38;2;0;0;0m▀         [38;2;0;0;0m▀[38;2;71;71;76m[48;2;0;0;0m▀[0m[38;2;52;52;56m[48;2;0;0;0m▀[0m[38;2;71;71;76m[48;2;0;0;0m▀[0m[38;2;0;0;0m▀            
[0m