                    [38;2;0;0;0m▄[38;2;0;0;0m[48;2;255;239;141m▀[0m[38;2;0;0;0m[48;2;0;0;0m▀[0m   
     [38;2;0;0;0m▄[38;2;0;0;0m[48;2;239;194;25m▀[0m[38;2;0;0;0m▄  [38;2;0;0;0m▄ [38;2;0;0;0m▄[38;2;0;0;0m▄[38;2;0;0;0m[48;2;255;239;141m▀[0m[38;2;0;0;0m[48;2;0;0;0m▀[0m [38;2;0;0;0m▄[38;2;0;0;0m[48;2;239;194;25m▀[0m[38;2;0;0;0m[48;2;255;239;141m▀[0m[38;2;255;239;141m[48;2;255;239;141m▀[0m[38;2;255;239;141m[48;2;0;0;0m▀[0m[38;2;0;0;0m▀   
     [38;2;0;0;0m[48;2;0;0;0m▀[0m[38;2;239;194;25m[48;2;239;194;25m▀[0m[38;2;0;0;0m[48;2;0;0;0m▀[0m [38;2;0;0;0m[48;2;0;0;0m▀[0m[38;2;255;239;141m[48;2;255;239;141m▀[0m[38;2;0;0;0m[48;2;65;65;65m▀[0m[38;2;239;194;25m[48;2;255;239;141m▀[0m[38;2;255;239;141m[48;2;255;239;141m▀[0m[38;2;255;239;141m[48;2;255;239;141m▀[0m[38;2;0;0;0m[48;2;65;65;65m▀[0m[38;2;0;0;0m[48;2;255;239;141m▀[0m[38;2;255;239;141m[48;2;255;239;141m▀[0m[38;2;255;239;141m[48;2;255;239;141m▀[0m[38;2;255;239;141m[48;2;255;239;141m▀[0m[38;2;255;239;141m[48;2;199;151;1m▀[0m[38;2;0;0;0m[48;2;0;0;0m▀[0m[38;2;0;0;0m▄[38;2;0;0;0m[48;2;255;239;141m▀[0m[38;2;0;0;0m[48;2;255;239;141m▀[0m[38;2;0;0;0m[48;2;0;0;0m▀[0m
    [38;2;0;0;0m[48;2;0;0;0m▀[0m[38;2;239;194;25m[48;2;239;194;25m▀[0m[38;2;239;194;25m[48;2;65;65;65m▀[0m[38;2;65;65;65m[48;2;239;194;25m▀[0m[38;2;0;0;0m[48;2;255;239;141m▀[0m[38;2;239;194;25m[48;2;239;194;25m▀[0m[38;2;255;239;141m[48;2;255;239;141m▀[0m[38;2;239;194;25m[48;2;255;239;141m▀[0m[38;2;65;65;65m[48;2;65;65;65m▀[0m[38;2;255;239;141m[48;2;255;239;141m▀[0m[38;2;239;194;25m[48;2;199;151;1m▀[0m[38;2;239;194;25m[48;2;255;239;141m▀[0m[38;2;255;239;141m[48;2;255;239;141m▀[0m[38;2;255;239;141m[48;2;255;239;141m▀[0m[38;2;255;239;141m[48;2;255;239;141m▀[0m[38;2;255;239;141m[48;2;255;239;141m▀[0m[38;2;65;65;65m[48;2;255;239;141m▀[0m[38;2;255;239;141m[48;2;255;239;141m▀[0m[38;2;255;239;141m[48;2;255;239;141m▀[0m[38;2;255;239;141m[48;2;239;194;25m▀[0m[38;2;0;0;0m[48;2;0;0;0m▀[0m 
  [38;2;0;0;0m▄[38;2;0;0;0m▄[38;2;0;0;0m[48;2;255;239;141m▀[0m[38;2;239;194;25m[48;2;255;239;141m▀[0m[38;2;255;239;141m[48;2;255;239;141m▀[0m[38;2;255;239;141m[48;2;255;239;141m▀[0m[38;2;255;239;141m[48;2;255;239;141m▀[0m[38;2;239;194;25m[48;2;239;194;25m▀[0m[38;2;255;239;141m[48;2;255;239;141m▀[0m[38;2;255;239;141m[48;2;255;239;141m▀[0m[38;2;65;65;65m[48;2;255;239;141m▀[0m[38;2;255;239;141m[48;2;65;65;65m▀[0m[38;2;255;239;141m[48;2;255;239;141m▀[0m[38;2;255;239;141m[48;2;255;239;141m▀[0m[38;2;255;239;141m[48;2;255;239;141m▀[0m[38;2;255;239;141m[48;2;255;239;141m▀[0m[38;2;255;239;141m[48;2;65;65;65m▀[0m[38;2;65;65;65m[48;2;123;128;167m▀[0m[38;2;255;239;141m[48;2;65;65;65m▀[0m[38;2;255;239;141m[48;2;255;239;141m▀[0m[38;2;255;239;141m[48;2;65;65;65m▀[0m[38;2;0;0;0m[48;2;65;65;65m▀[0m[38;2;0;0;0m▄[38;2;0;0;0m▄
[38;2;0;0;0m▄[38;2;0;0;0m[48;2;255;239;141m▀[0m[38;2;239;194;25m[48;2;255;239;141m▀[0m[38;2;255;239;141m[48;2;255;239;141m▀[0m[38;2;255;239;141m[48;2;255;239;141m▀[0m[38;2;255;239;141m[48;2;255;239;141m▀[0m[38;2;255;239;141m[48;2;255;239;141m▀[0m[38;2;255;239;141m[48;2;255;239;141m▀[0m[38;2;255;239;141m[48;2;255;239;141m▀[0m[38;2;239;194;25m[48;2;255;239;141m▀[0m[38;2;255;239;141m[48;2;255;239;141m▀[0m[38;2;255;239;141m[48;2;255;239;141m▀[0m[38;2;255;239;141m[48;2;255;239;141m▀[0m[38;2;239;194;25m[48;2;255;239;141m▀[0m[38;2;65;65;65m[48;2;65;65;65m▀[0m[38;2;255;239;141m[48;2;255;239;141m▀[0m[38;2;255;239;141m[48;2;199;151;1m▀[0m[38;2;199;151;1m[48;2;65;65;65m▀[0m[38;2;65;65;65m[48;2;83;88;116m▀[0m[38;2;123;128;167m[48;2;123;128;167m▀[0m[38;2;65;65;65m[48;2;65;65;65m▀[0m[38;2;65;65;65m[48;2;123;128;167m▀[0m[38;2;123;128;167m[48;2;65;65;65m▀[0m[38;2;65;65;65m[48;2;239;194;25m▀[0m[38;2;239;194;25m[48;2;0;0;0m▀[0m[38;2;0;0;0m▀
 [38;2;0;0;0m▀[38;2;0;0;0m▀[38;2;0;0;0m▀[38;2;65;65;65m[48;2;0;0;0m▀[0m[38;2;239;194;25m[48;2;255;239;141m▀[0m[38;2;239;194;25m[48;2;255;239;141m▀[0m[38;2;255;239;141m[48;2;65;65;65m▀[0m[38;2;0;0;0m[48;2;222;82;58m▀[0m[38;2;65;65;65m[48;2;255;255;255m▀[0m[38;2;65;65;65m[48;2;199;151;1m▀[0m[38;2;255;239;141m[48;2;239;194;25m▀[0m[38;2;255;239;141m[48;2;239;194;25m▀[0m[38;2;65;65;65m[48;2;65;65;65m▀[0m[38;2;255;239;141m[48;2;255;239;141m▀[0m[38;2;199;151;1m[48;2;199;151;1m▀[0m[38;2;123;128;167m[48;2;65;65;65m▀[0m[38;2;65;65;65m[48;2;123;128;167m▀[0m[38;2;123;128;167m[48;2;123;128;167m▀[0m[38;2;83;88;116m[48;2;83;88;116m▀[0m[38;2;123;128;167m[48;2;123;128;167m▀[0m[38;2;123;128;167m[48;2;65;65;65m▀[0m[38;2;65;65;65m[48;2;0;0;0m▀[0m[38;2;0;0;0m▀  
   [38;2;0;0;0m[48;2;0;0;0m▀[0m[38;2;255;239;141m[48;2;0;0;0m▀[0m[38;2;239;194;25m[48;2;83;88;116m▀[0m[38;2;65;65;65m[48;2;123;128;167m▀[0m[38;2;123;128;167m[48;2;123;128;167m▀[0m[38;2;83;88;116m[48;2;123;128;167m▀[0m[38;2;83;88;116m[48;2;255;239;141m▀[0m[38;2;255;239;141m[48;2;255;239;141m▀[0m[38;2;239;194;25m[48;2;255;239;141m▀[0m[38;2;65;65;65m[48;2;255;239;141m▀[0m[38;2;255;239;141m[48;2;65;65;65m▀[0m[38;2;65;65;65m[48;2;123;128;167m▀[0m[38;2;123;128;167m[48;2;123;128;167m▀[0m[38;2;65;65;65m[48;2;123;128;167m▀[0m[38;2;123;128;167m[48;2;65;65;65m▀[0m[38;2;123;128;167m[48;2;123;128;167m▀[0m[38;2;123;128;167m[48;2;123;128;167m▀[0m[38;2;123;128;167m[48;2;83;88;116m▀[0m[38;2;0;0;0m[48;2;0;0;0m▀[0m    
     [38;2;0;0;0m▀[38;2;0;0;0m▀[38;2;123;128;167m[48;2;0;0;0m▀[0m[38;2;123;128;167m[48;2;255;239;141m▀[0m[38;2;123;128;167m[48;2;255;239;141m▀[0m[38;2;255;239;141m[48;2;255;239;141m▀[0m[38;2;255;239;141m[48;2;255;239;141m▀[0m[38;2;255;239;141m[48;2;65;65;65m▀[0m[38;2;65;65;65m[48;2;123;128;167m▀[0m[38;2;123;128;167m[48;2;123;128;167m▀[0m[38;2;123;128;167m[48;2;123;128;167m▀[0m[38;2;65;65;65m[48;2;0;0;0m▀[0m[38;2;0;0;0m▀[38;2;83;88;116m[48;2;0;0;0m▀[0m[38;2;83;88;116m[48;2;0;0;0m▀[0m[38;2;83;88;116m[48;2;83;88;116m▀[0m[38;2;83;88;116m[48;2;83;88;116m▀[0m[38;2;0;0;0m[48;2;0;0;0m▀[0m   
    [38;2;0;0;0m▄[38;2;0;0;0m[48;2;239;194;25m▀[0m[38;2;0;0;0m[48;2;239;194;25m▀[0m[38;2;83;88;116m[48;2;83;88;116m▀[0m[38;2;65;65;65m[48;2;65;65;65m▀[0m[38;2;255;239;141m[48;2;255;239;141m▀[0m[38;2;255;239;141m[48;2;0;0;0m▀[0m[38;2;0;0;0m[48;2;0;0;0m▀[0m[38;2;65;65;65m[48;2;0;0;0m▀[0m[38;2;83;88;116m[48;2;255;239;141m▀[0m[38;2;123;128;167m[48;2;83;88;116m▀[0m[38;2;0;0;0m[48;2;239;194;25m▀[0m[38;2;0;0;0m▄[38;2;0;0;0m▄[38;2;0;0;0m▄[38;2;0;0;0m[48;2;222;82;58m▀[0m[38;2;83;88;116m[48;2;0;0;0m▀[0m[38;2;65;65;65m[48;2;222;82;58m▀[0m[38;2;0;0;0m[48;2;0;0;0m▀[0m   
   [38;2;0;0;0m▀[38;2;222;82;58m[48;2;0;0;0m▀[0m[38;2;83;88;116m[48;2;0;0;0m▀[0m[38;2;239;194;25m[48;2;0;0;0m▀[0m[38;2;0;0;0m▀[38;2;0;0;0m▀[38;2;0;0;0m▀[38;2;0;0;0m▄[38;2;0;0;0m[48;2;222;82;58m▀[0m[38;2;255;239;141m[48;2;65;65;65m▀[0m[38;2;255;239;141m[48;2;65;65;65m▀[0m[38;2;255;239;141m[48;2;255;239;141m▀[0m[38;2;239;194;25m[48;2;65;65;65m▀[0m[38;2;239;194;25m[48;2;0;0;0m▀[0m[38;2;239;194;25m[48;2;0;0;0m▀[0m[38;2;0;0;0m▀[38;2;0;0;0m▀ [38;2;0;0;0m▀[38;2;0;0;0m▀   
          [38;2;0;0;0m▀[38;2;0;0;0m▀[38;2;0;0;0m▀[38;2;222;82;58m[48;2;0;0;0m▀[0m[38;2;65;65;65m[48;2;0;0;0m▀[0m[38;2;0;0;0m▀          
[0m