   [38;2;0;0;0m▄[38;2;0;0;0m▄[38;2;0;0;0m▄[38;2;0;0;0m[48;2;222;217;226m▀[0m[38;2;0;0;0m[48;2;222;217;226m▀[0m[38;2;0;0;0m[48;2;143;132;151m▀[0m[38;2;0;0;0m▄[38;2;0;0;0m▄[38;2;0;0;0m▄[38;2;0;0;0m▄  [38;2;0;0;0m▄[38;2;0;0;0m[48;2;143;132;151m▀[0m[38;2;0;0;0m[48;2;143;132;151m▀[0m[38;2;0;0;0m[48;2;65;65;65m▀[0m[38;2;0;0;0m[48;2;226;178;58m▀[0m[38;2;0;0;0m▄           
 [38;2;0;0;0m▄[38;2;0;0;0m[48;2;188;179;193m▀[0m[38;2;188;179;193m[48;2;188;179;193m▀[0m[38;2;188;179;193m[48;2;143;132;151m▀[0m[38;2;188;179;193m[48;2;143;132;151m▀[0m[38;2;143;132;151m[48;2;188;179;193m▀[0m[38;2;222;217;226m[48;2;143;132;151m▀[0m[38;2;222;217;226m[48;2;222;217;226m▀[0m[38;2;143;132;151m[48;2;222;217;226m▀[0m[38;2;222;217;226m[48;2;143;132;151m▀[0m[38;2;222;217;226m[48;2;143;132;151m▀[0m[38;2;222;217;226m[48;2;143;132;151m▀[0m[38;2;0;0;0m[48;2;143;132;151m▀[0m[38;2;0;0;0m[48;2;65;65;65m▀[0m[38;2;143;132;151m[48;2;65;65;65m▀[0m[38;2;143;132;151m[48;2;65;65;65m▀[0m[38;2;143;132;151m[48;2;65;65;65m▀[0m[38;2;143;132;151m[48;2;65;65;65m▀[0m[38;2;0;0;0m[48;2;65;65;65m▀[0m[38;2;0;0;0m▄   [38;2;0;0;0m▄[38;2;0;0;0m[48;2;143;132;151m▀[0m[38;2;0;0;0m[48;2;143;132;151m▀[0m[38;2;0;0;0m[48;2;143;132;151m▀[0m[38;2;0;0;0m[48;2;143;132;151m▀[0m[38;2;0;0;0m▄  
[38;2;0;0;0m[48;2;0;0;0m▀[0m[38;2;188;179;193m[48;2;143;132;151m▀[0m[38;2;143;132;151m[48;2;244;211;91m▀[0m[38;2;143;132;151m[48;2;199;128;9m▀[0m[38;2;244;211;91m[48;2;244;211;91m▀[0m[38;2;143;132;151m[48;2;244;211;91m▀[0m[38;2;188;179;193m[48;2;65;65;65m▀[0m[38;2;188;179;193m[48;2;188;179;193m▀[0m[38;2;143;132;151m[48;2;143;132;151m▀[0m[38;2;143;132;151m[48;2;143;132;151m▀[0m[38;2;143;132;151m[48;2;143;132;151m▀[0m[38;2;143;132;151m[48;2;143;132;151m▀[0m[38;2;143;132;151m[48;2;65;65;65m▀[0m[38;2;65;65;65m[48;2;143;132;151m▀[0m[38;2;143;132;151m[48;2;222;217;226m▀[0m[38;2;222;217;226m[48;2;222;217;226m▀[0m[38;2;222;217;226m[48;2;222;217;226m▀[0m[38;2;222;217;226m[48;2;222;217;226m▀[0m[38;2;222;217;226m[48;2;222;217;226m▀[0m[38;2;222;217;226m[48;2;222;217;226m▀[0m[38;2;222;217;226m[48;2;222;217;226m▀[0m[38;2;0;0;0m[48;2;222;217;226m▀[0m[38;2;0;0;0m[48;2;143;132;151m▀[0m[38;2;0;0;0m[48;2;65;65;65m▀[0m[38;2;143;132;151m[48;2;65;65;65m▀[0m[38;2;143;132;151m[48;2;65;65;65m▀[0m[38;2;65;65;65m[48;2;222;217;226m▀[0m[38;2;65;65;65m[48;2;222;217;226m▀[0m[38;2;65;65;65m[48;2;222;217;226m▀[0m[38;2;0;0;0m[48;2;222;217;226m▀[0m[38;2;0;0;0m▄ 
[38;2;0;0;0m[48;2;0;0;0m▀[0m[38;2;199;128;9m[48;2;226;178;58m▀[0m[38;2;244;211;91m[48;2;199;128;9m▀[0m[38;2;244;211;91m[48;2;244;211;91m▀[0m[38;2;199;128;9m[48;2;244;211;91m▀[0m[38;2;244;211;91m[48;2;65;65;65m▀[0m[38;2;65;65;65m[48;2;143;132;151m▀[0m[38;2;188;179;193m[48;2;143;132;151m▀[0m[38;2;143;132;151m[48;2;65;65;65m▀[0m[38;2;143;132;151m[48;2;65;65;65m▀[0m[38;2;65;65;65m[48;2;90;155;205m▀[0m[38;2;65;65;65m[48;2;65;65;65m▀[0m[38;2;188;179;193m[48;2;188;179;193m▀[0m[38;2;188;179;193m[48;2;188;179;193m▀[0m[38;2;143;132;151m[48;2;188;179;193m▀[0m[38;2;222;217;226m[48;2;143;132;151m▀[0m[38;2;222;217;226m[48;2;143;132;151m▀[0m[38;2;222;217;226m[48;2;143;132;151m▀[0m[38;2;222;217;226m[48;2;143;132;151m▀[0m[38;2;222;217;226m[48;2;65;65;65m▀[0m[38;2;222;217;226m[48;2;65;65;65m▀[0m[38;2;65;65;65m[48;2;90;155;205m▀[0m[38;2;65;65;65m[48;2;65;65;65m▀[0m[38;2;65;65;65m[48;2;143;132;151m▀[0m[38;2;188;179;193m[48;2;188;179;193m▀[0m[38;2;143;132;151m[48;2;188;179;193m▀[0m[38;2;143;132;151m[48;2;188;179;193m▀[0m[38;2;222;217;226m[48;2;143;132;151m▀[0m[38;2;222;217;226m[48;2;143;132;151m▀[0m[38;2;222;217;226m[48;2;143;132;151m▀[0m[38;2;143;132;151m[48;2;222;217;226m▀[0m[38;2;0;0;0m[48;2;0;0;0m▀[0m
 [38;2;0;0;0m▀[38;2;226;178;58m[48;2;0;0;0m▀[0m[38;2;199;128;9m[48;2;0;0;0m▀[0m[38;2;65;65;65m[48;2;0;0;0m▀[0m[38;2;143;132;151m[48;2;0;0;0m▀[0m[38;2;143;132;151m[48;2;0;0;0m▀[0m[38;2;0;0;0m▀[38;2;65;65;65m[48;2;0;0;0m▀[0m[38;2;65;65;65m[48;2;65;65;65m▀[0m[38;2;90;155;205m[48;2;86;125;144m▀[0m[38;2;90;155;205m[48;2;90;155;205m▀[0m[38;2;65;65;65m[48;2;65;65;65m▀[0m[38;2;188;179;193m[48;2;188;179;193m▀[0m[38;2;188;179;193m[48;2;65;65;65m▀[0m[38;2;188;179;193m[48;2;65;65;65m▀[0m[38;2;188;179;193m[48;2;65;65;65m▀[0m[38;2;65;65;65m[48;2;90;155;205m▀[0m[38;2;65;65;65m[48;2;90;155;205m▀[0m[38;2;90;155;205m[48;2;90;155;205m▀[0m[38;2;90;155;205m[48;2;90;155;205m▀[0m[38;2;90;155;205m[48;2;65;65;65m▀[0m[38;2;65;65;65m[48;2;244;211;91m▀[0m[38;2;244;211;91m[48;2;199;128;9m▀[0m[38;2;143;132;151m[48;2;244;211;91m▀[0m[38;2;143;132;151m[48;2;244;211;91m▀[0m[38;2;188;179;193m[48;2;143;132;151m▀[0m[38;2;188;179;193m[48;2;188;179;193m▀[0m[38;2;143;132;151m[48;2;143;132;151m▀[0m[38;2;222;217;226m[48;2;222;217;226m▀[0m[38;2;222;217;226m[48;2;222;217;226m▀[0m[38;2;0;0;0m[48;2;0;0;0m▀[0m
     [38;2;0;0;0m▄[38;2;0;0;0m▄[38;2;0;0;0m[48;2;65;65;65m▀[0m[38;2;188;179;193m[48;2;188;179;193m▀[0m[38;2;65;65;65m[48;2;188;179;193m▀[0m[38;2;65;65;65m[48;2;143;132;151m▀[0m[38;2;90;155;205m[48;2;86;125;144m▀[0m[38;2;90;155;205m[48;2;90;155;205m▀[0m[38;2;65;65;65m[48;2;90;155;205m▀[0m[38;2;86;125;144m[48;2;90;155;205m▀[0m[38;2;90;155;205m[48;2;90;155;205m▀[0m[38;2;90;155;205m[48;2;86;125;144m▀[0m[38;2;90;155;205m[48;2;0;0;0m▀[0m[38;2;90;155;205m[48;2;172;65;65m▀[0m[38;2;65;65;65m[48;2;65;65;65m▀[0m[38;2;65;65;65m[48;2;143;132;151m▀[0m[38;2;65;65;65m[48;2;65;65;65m▀[0m[38;2;199;128;9m[48;2;244;211;91m▀[0m[38;2;244;211;91m[48;2;244;211;91m▀[0m[38;2;244;211;91m[48;2;199;128;9m▀[0m[38;2;199;128;9m[48;2;244;211;91m▀[0m[38;2;143;132;151m[48;2;244;211;91m▀[0m[38;2;188;179;193m[48;2;143;132;151m▀[0m[38;2;188;179;193m[48;2;188;179;193m▀[0m[38;2;143;132;151m[48;2;222;217;226m▀[0m[38;2;0;0;0m[48;2;0;0;0m▀[0m 
  [38;2;0;0;0m▄[38;2;0;0;0m[48;2;244;211;91m▀[0m[38;2;0;0;0m[48;2;65;65;65m▀[0m[38;2;188;179;193m[48;2;188;179;193m▀[0m[38;2;188;179;193m[48;2;143;132;151m▀[0m[38;2;65;65;65m[48;2;143;132;151m▀[0m[38;2;143;132;151m[48;2;65;65;65m▀[0m[38;2;188;179;193m[48;2;65;65;65m▀[0m[38;2;65;65;65m[48;2;90;155;205m▀[0m[38;2;90;155;205m[48;2;86;125;144m▀[0m[38;2;90;155;205m[48;2;65;65;65m▀[0m[38;2;90;155;205m[48;2;90;155;205m▀[0m[38;2;90;155;205m[48;2;90;155;205m▀[0m[38;2;65;65;65m[48;2;90;155;205m▀[0m[38;2;65;65;65m[48;2;65;65;65m▀[0m[38;2;238;90;57m[48;2;65;65;65m▀[0m[38;2;238;90;57m[48;2;65;65;65m▀[0m[38;2;65;65;65m[48;2;188;179;193m▀[0m[38;2;188;179;193m[48;2;188;179;193m▀[0m[38;2;188;179;193m[48;2;143;132;151m▀[0m[38;2;65;65;65m[48;2;226;178;58m▀[0m[38;2;65;65;65m[48;2;65;65;65m▀[0m[38;2;244;211;91m[48;2;0;0;0m▀[0m[38;2;0;0;0m▀[38;2;0;0;0m▀[38;2;188;179;193m[48;2;0;0;0m▀[0m[38;2;188;179;193m[48;2;0;0;0m▀[0m[38;2;0;0;0m▀  
 [38;2;0;0;0m[48;2;0;0;0m▀[0m[38;2;244;211;91m[48;2;199;128;9m▀[0m[38;2;199;128;9m[48;2;244;211;91m▀[0m[38;2;244;211;91m[48;2;244;211;91m▀[0m[38;2;65;65;65m[48;2;199;128;9m▀[0m[38;2;143;132;151m[48;2;65;65;65m▀[0m[38;2;143;132;151m[48;2;143;132;151m▀[0m[38;2;65;65;65m[48;2;143;132;151m▀[0m[38;2;86;125;144m[48;2;0;0;0m▀[0m[38;2;65;65;65m[48;2;0;0;0m▀[0m[38;2;65;65;65m[48;2;143;132;151m▀[0m[38;2;188;179;193m[48;2;143;132;151m▀[0m[38;2;65;65;65m[48;2;188;179;193m▀[0m[38;2;90;155;205m[48;2;65;65;65m▀[0m[38;2;90;155;205m[48;2;90;155;205m▀[0m[38;2;90;155;205m[48;2;90;155;205m▀[0m[38;2;143;132;151m[48;2;90;155;205m▀[0m[38;2;188;179;193m[48;2;143;132;151m▀[0m[38;2;143;132;151m[48;2;188;179;193m▀[0m[38;2;143;132;151m[48;2;188;179;193m▀[0m[38;2;143;132;151m[48;2;143;132;151m▀[0m[38;2;143;132;151m[48;2;226;178;58m▀[0m[38;2;226;178;58m[48;2;65;65;65m▀[0m[38;2;0;0;0m[48;2;65;65;65m▀[0m[38;2;0;0;0m[48;2;143;132;151m▀[0m[38;2;0;0;0m[48;2;143;132;151m▀[0m[38;2;143;132;151m[48;2;143;132;151m▀[0m[38;2;0;0;0m[48;2;188;179;193m▀[0m[38;2;0;0;0m▄  
  [38;2;0;0;0m▀[38;2;244;211;91m[48;2;0;0;0m▀[0m[38;2;199;128;9m[48;2;199;128;9m▀[0m[38;2;244;211;91m[48;2;244;211;91m▀[0m[38;2;65;65;65m[48;2;143;132;151m▀[0m[38;2;143;132;151m[48;2;0;0;0m▀[0m[38;2;143;132;151m[48;2;0;0;0m▀[0m[38;2;0;0;0m▀ [38;2;0;0;0m[48;2;0;0;0m▀[0m[38;2;226;178;58m[48;2;226;178;58m▀[0m[38;2;143;132;151m[48;2;226;178;58m▀[0m[38;2;143;132;151m[48;2;226;178;58m▀[0m[38;2;65;65;65m[48;2;0;0;0m▀[0m[38;2;90;155;205m[48;2;0;0;0m▀[0m[38;2;65;65;65m[48;2;86;125;144m▀[0m[38;2;86;125;144m[48;2;86;125;144m▀[0m[38;2;86;125;144m[48;2;0;0;0m▀[0m[38;2;143;132;151m[48;2;0;0;0m▀[0m[38;2;0;0;0m▀[38;2;0;0;0m[48;2;0;0;0m▀[0m[38;2;143;132;151m[48;2;65;65;65m▀[0m[38;2;143;132;151m[48;2;143;132;151m▀[0m[38;2;65;65;65m[48;2;188;179;193m▀[0m[38;2;65;65;65m[48;2;188;179;193m▀[0m[38;2;188;179;193m[48;2;65;65;65m▀[0m[38;2;188;179;193m[48;2;188;179;193m▀[0m[38;2;0;0;0m[48;2;0;0;0m▀[0m  
    [38;2;0;0;0m▀[38;2;0;0;0m▀[38;2;0;0;0m▀   [38;2;0;0;0m[48;2;0;0;0m▀[0m[38;2;244;211;91m[48;2;244;211;91m▀[0m[38;2;244;211;91m[48;2;0;0;0m▀[0m[38;2;199;128;9m[48;2;0;0;0m▀[0m[38;2;0;0;0m▀  [38;2;0;0;0m▀[38;2;0;0;0m▀ [38;2;0;0;0m▄[38;2;0;0;0m[48;2;199;128;9m▀[0m[38;2;244;211;91m[48;2;199;128;9m▀[0m[38;2;244;211;91m[48;2;244;211;91m▀[0m[38;2;65;65;65m[48;2;244;211;91m▀[0m[38;2;188;179;193m[48;2;65;65;65m▀[0m[38;2;188;179;193m[48;2;143;132;151m▀[0m[38;2;65;65;65m[48;2;143;132;151m▀[0m[38;2;0;0;0m[48;2;0;0;0m▀[0m   
          [38;2;0;0;0m▀[38;2;0;0;0m▀        [38;2;0;0;0m[48;2;0;0;0m▀[0m[38;2;244;211;91m[48;2;199;128;9m▀[0m[38;2;244;211;91m[48;2;199;128;9m▀[0m[38;2;199;128;9m[48;2;244;211;91m▀[0m[38;2;199;128;9m[48;2;244;211;91m▀[0m[38;2;65;65;65m[48;2;65;65;65m▀[0m[38;2;143;132;151m[48;2;143;132;151m▀[0m[38;2;143;132;151m[48;2;0;0;0m▀[0m[38;2;0;0;0m▀   
                     [38;2;0;0;0m▀[38;2;226;178;58m[48;2;0;0;0m▀[0m[38;2;65;65;65m[48;2;0;0;0m▀[0m[38;2;143;132;151m[48;2;0;0;0m▀[0m[38;2;0;0;0m▀[38;2;0;0;0m▀     
[0m