     [38;2;0;0;0m▄[38;2;0;0;0m[48;2;90;89;82m▀[0m[38;2;0;0;0m[48;2;90;89;82m▀[0m[38;2;0;0;0m▄        
    [38;2;0;0;0m[48;2;0;0;0m▀[0m[38;2;90;88;82m[48;2;90;88;82m▀[0m[38;2;65;64;65m[48;2;65;64;65m▀[0m[38;2;90;89;82m[48;2;90;89;82m▀[0m[38;2;0;0;0m[48;2;0;0;0m▀[0m    [38;2;0;0;0m▄[38;2;0;0;0m▄[38;2;0;0;0m▄ 
   [38;2;0;0;0m▄[38;2;0;0;0m[48;2;66;67;66m▀[0m[38;2;65;68;65m[48;2;115;109;99m▀[0m[38;2;90;88;82m[48;2;115;109;99m▀[0m[38;2;71;73;62m[48;2;83;81;108m▀[0m[38;2;71;73;62m[48;2;91;91;154m▀[0m[38;2;0;0;0m[48;2;76;79;162m▀[0m[38;2;0;0;0m▄[38;2;0;0;0m▄[38;2;0;0;0m[48;2;115;107;99m▀[0m[38;2;115;108;99m[48;2;65;66;66m▀[0m[38;2;115;108;99m[48;2;65;66;66m▀[0m[38;2;115;107;99m[48;2;115;107;99m▀[0m[38;2;0;0;0m[48;2;0;0;0m▀[0m
 [38;2;0;0;0m▄[38;2;0;0;0m[48;2;66;67;66m▀[0m[38;2;115;107;99m[48;2;115;107;99m▀[0m[38;2;115;107;99m[48;2;115;107;99m▀[0m[38;2;115;108;99m[48;2;77;81;162m▀[0m[38;2;77;81;162m[48;2;77;81;162m▀[0m[38;2;77;81;162m[48;2;77;81;162m▀[0m[38;2;115;108;99m[48;2;115;108;99m▀[0m[38;2;115;107;99m[48;2;115;107;99m▀[0m[38;2;115;107;99m[48;2;115;107;99m▀[0m[38;2;115;107;99m[48;2;115;107;99m▀[0m[38;2;66;65;66m[48;2;115;107;99m▀[0m[38;2;115;107;99m[48;2;115;107;99m▀[0m[38;2;115;107;99m[48;2;0;0;0m▀[0m[38;2;0;0;0m▀ 
[38;2;0;0;0m▄[38;2;16;0;0m[48;2;255;142;148m▀[0m[38;2;175;94;98m[48;2;175;94;98m▀[0m[38;2;66;65;66m[48;2;76;79;162m▀[0m[38;2;76;79;162m[48;2;76;79;162m▀[0m[38;2;77;81;162m[48;2;77;81;162m▀[0m[38;2;115;108;99m[48;2;115;108;99m▀[0m[38;2;115;107;99m[48;2;115;107;99m▀[0m[38;2;115;107;99m[48;2;66;65;66m▀[0m[38;2;115;107;99m[48;2;115;107;99m▀[0m[38;2;115;107;99m[48;2;115;107;99m▀[0m[38;2;115;107;99m[48;2;115;107;99m▀[0m[38;2;66;65;66m[48;2;115;107;99m▀[0m[38;2;115;105;99m[48;2;76;70;66m▀[0m[38;2;115;105;99m[48;2;0;0;0m▀[0m[38;2;0;0;0m▀ 
[38;2;0;0;0m▀[38;2;247;174;231m[48;2;1;16;31m▀[0m[38;2;123;87;132m[48;2;123;87;132m▀[0m[38;2;66;65;66m[48;2;76;79;162m▀[0m[38;2;76;79;162m[48;2;76;79;162m▀[0m[38;2;72;75;132m[48;2;72;75;132m▀[0m[38;2;72;75;132m[48;2;231;56;57m▀[0m[38;2;66;65;66m[48;2;231;56;57m▀[0m[38;2;231;56;57m[48;2;231;56;57m▀[0m[38;2;115;105;99m[48;2;255;182;198m▀[0m[38;2;115;105;99m[48;2;115;105;99m▀[0m[38;2;115;107;99m[48;2;115;107;99m▀[0m[38;2;115;107;99m[48;2;115;107;99m▀[0m[38;2;0;0;0m[48;2;0;0;0m▀[0m   
 [38;2;0;0;0m[48;2;0;0;0m▀[0m[38;2;98;93;131m[48;2;98;93;131m▀[0m[38;2;172;166;196m[48;2;79;80;153m▀[0m[38;2;255;255;239m[48;2;79;80;153m▀[0m[38;2;76;79;162m[48;2;173;174;173m▀[0m[38;2;76;79;162m[48;2;76;79;162m▀[0m[38;2;86;85;140m[48;2;86;85;140m▀[0m[38;2;255;182;198m[48;2;86;85;140m▀[0m[38;2;255;182;198m[48;2;255;182;198m▀[0m[38;2;255;182;198m[48;2;115;105;99m▀[0m[38;2;115;107;99m[48;2;115;107;99m▀[0m[38;2;115;107;99m[48;2;115;107;99m▀[0m[38;2;115;107;99m[48;2;115;107;99m▀[0m[38;2;0;0;0m[48;2;0;0;0m▀[0m  
  [38;2;0;0;0m[48;2;0;0;0m▀[0m[38;2;77;81;162m[48;2;77;81;162m▀[0m[38;2;77;81;162m[48;2;77;81;162m▀[0m[38;2;77;81;162m[48;2;77;81;162m▀[0m[38;2;115;108;99m[48;2;77;81;162m▀[0m[38;2;115;107;99m[48;2;115;107;99m▀[0m[38;2;115;107;99m[48;2;66;65;66m▀[0m[38;2;66;65;66m[48;2;115;107;99m▀[0m[38;2;115;107;99m[48;2;115;107;99m▀[0m[38;2;115;107;99m[48;2;66;65;66m▀[0m[38;2;115;107;99m[48;2;115;107;99m▀[0m[38;2;93;83;110m[48;2;93;83;110m▀[0m[38;2;0;0;0m[48;2;0;0;0m▀[0m  
   [38;2;0;0;0m▀[38;2;76;79;162m[48;2;0;0;0m▀[0m[38;2;64;65;134m[48;2;64;65;134m▀[0m[38;2;115;105;99m[48;2;64;65;134m▀[0m[38;2;115;105;99m[48;2;60;61;102m▀[0m[38;2;60;61;102m[48;2;60;61;102m▀[0m[38;2;110;95;112m[48;2;61;60;73m▀[0m[38;2;61;60;73m[48;2;87;77;93m▀[0m[38;2;115;107;98m[48;2;58;58;121m▀[0m[38;2;58;58;121m[48;2;58;58;121m▀[0m[38;2;0;0;0m[48;2;0;0;0m▀[0m   
     [38;2;0;0;0m▀[38;2;0;0;0m▀[38;2;0;0;0m▀[38;2;66;67;66m[48;2;0;0;0m▀[0m[38;2;59;60;121m[48;2;59;60;121m▀[0m[38;2;59;60;121m[48;2;59;60;121m▀[0m[38;2;58;58;121m[48;2;0;0;0m▀[0m[38;2;0;0;0m▀    
         [38;2;0;0;0m▀[38;2;0;0;0m▀      
[0m