   [38;2;0;4;0m▄[38;2;0;4;0m▄  [38;2;0;4;0m▄[38;2;0;4;0m[48;2;255;181;210m▀[0m[38;2;8;0;4m[48;2;255;181;217m▀[0m[38;2;8;0;4m[48;2;172;120;146m▀[0m[38;2;0;4;0m▄                                  
[38;2;0;4;0m[48;2;0;4;0m▀[0m[38;2;0;4;0m[48;2;43;87;137m▀[0m[38;2;0;4;0m▄[38;2;0;4;0m[48;2;66;64;66m▀[0m[38;2;66;64;66m[48;2;66;64;66m▀[0m[38;2;8;4;0m[48;2;74;43;49m▀[0m[38;2;8;4;0m[48;2;222;115;134m▀[0m[38;2;255;181;210m[48;2;227;109;128m▀[0m[38;2;227;109;128m[48;2;227;109;128m▀[0m[38;2;222;107;126m[48;2;66;65;66m▀[0m[38;2;222;107;126m[48;2;66;65;66m▀[0m[38;2;222;107;126m[48;2;222;107;126m▀[0m[38;2;0;4;0m[48;2;0;4;0m▀[0m                   [38;2;0;4;0m▄[38;2;0;4;0m▄[38;2;0;4;0m▄      [38;2;0;4;0m▄[38;2;0;4;0m▄   
 [38;2;0;4;0m[48;2;0;4;0m▀[0m[38;2;42;86;136m[48;2;42;86;136m▀[0m[38;2;42;86;136m[48;2;42;86;136m▀[0m[38;2;66;65;66m[48;2;42;86;136m▀[0m[38;2;66;65;66m[48;2;66;65;66m▀[0m[38;2;222;107;126m[48;2;222;107;126m▀[0m[38;2;222;107;126m[48;2;66;65;66m▀[0m[38;2;66;65;66m[48;2;66;65;66m▀[0m[38;2;75;68;73m[48;2;222;189;196m▀[0m[38;2;222;189;196m[48;2;8;8;0m▀[0m[38;2;0;4;0m▀    [38;2;0;4;0m▄[38;2;0;4;0m▄[38;2;0;4;0m[48;2;60;104;154m▀[0m[38;2;0;4;0m▄          [38;2;0;4;0m▄[38;2;16;0;5m[48;2;175;115;144m▀[0m[38;2;175;115;144m[48;2;255;173;214m▀[0m[38;2;227;109;128m[48;2;255;181;210m▀[0m[38;2;255;181;210m[48;2;227;109;128m▀[0m[38;2;8;0;4m[48;2;172;120;146m▀[0m[38;2;8;0;4m[48;2;255;181;217m▀[0m[38;2;0;4;0m▄ [38;2;0;4;0m▄[38;2;0;4;0m[48;2;43;87;137m▀[0m[38;2;42;86;136m[48;2;42;86;136m▀[0m[38;2;0;4;0m[48;2;0;4;0m▀[0m   
  [38;2;0;4;0m[48;2;0;4;0m▀[0m[38;2;43;87;137m[48;2;71;115;165m▀[0m[38;2;71;115;165m[48;2;43;87;137m▀[0m[38;2;42;86;136m[48;2;42;86;136m▀[0m[38;2;66;65;66m[48;2;42;86;136m▀[0m[38;2;66;65;66m[48;2;66;65;66m▀[0m[38;2;66;65;66m[48;2;222;189;196m▀[0m[38;2;222;189;196m[48;2;0;4;0m▀[0m[38;2;0;4;0m▀   [38;2;0;4;0m▄[38;2;0;0;8m[48;2;255;181;202m▀[0m[38;2;255;181;202m[48;2;131;90;98m▀[0m[38;2;66;65;66m[48;2;66;65;66m▀[0m[38;2;61;105;155m[48;2;39;83;133m▀[0m[38;2;0;4;0m[48;2;0;4;0m▀[0m [38;2;0;4;0m[48;2;0;4;0m▀[0m[38;2;0;4;0m[48;2;255;181;210m▀[0m[38;2;0;4;0m▄[38;2;0;4;0m▄ [38;2;0;4;0m▄[38;2;0;4;0m[48;2;43;87;137m▀[0m[38;2;0;4;0m▄ [38;2;0;4;0m▀[38;2;247;189;213m[48;2;0;0;0m▀[0m[38;2;82;63;70m[48;2;0;0;0m▀[0m[38;2;66;65;66m[48;2;255;206;221m▀[0m[38;2;255;206;221m[48;2;66;65;66m▀[0m[38;2;255;181;210m[48;2;255;181;210m▀[0m[38;2;227;109;128m[48;2;255;181;210m▀[0m[38;2;247;189;213m[48;2;82;68;73m▀[0m[38;2;8;0;0m[48;2;82;68;73m▀[0m[38;2;43;87;137m[48;2;43;87;137m▀[0m[38;2;43;87;137m[48;2;43;87;137m▀[0m[38;2;0;4;0m[48;2;66;64;66m▀[0m[38;2;0;4;0m▄[38;2;0;4;0m[48;2;66;65;66m▀[0m[38;2;0;4;0m[48;2;0;4;0m▀[0m 
   [38;2;0;4;0m[48;2;0;4;0m▀[0m[38;2;74;71;68m[48;2;74;71;68m▀[0m[38;2;42;86;136m[48;2;66;65;66m▀[0m[38;2;42;86;136m[48;2;42;86;136m▀[0m[38;2;66;65;66m[48;2;66;65;66m▀[0m[38;2;222;189;196m[48;2;222;189;196m▀[0m[38;2;0;4;0m[48;2;0;4;0m▀[0m   [38;2;0;4;0m[48;2;0;4;0m▀[0m[38;2;255;181;210m[48;2;255;181;210m▀[0m[38;2;42;86;136m[48;2;42;86;136m▀[0m[38;2;66;65;66m[48;2;66;65;66m▀[0m[38;2;58;102;152m[48;2;58;102;152m▀[0m[38;2;41;85;135m[48;2;41;85;135m▀[0m[38;2;38;82;132m[48;2;38;82;132m▀[0m[38;2;0;4;0m[48;2;38;82;132m▀[0m[38;2;0;4;0m▄[38;2;0;4;0m[48;2;66;64;66m▀[0m[38;2;255;181;210m[48;2;255;181;210m▀[0m[38;2;227;109;128m[48;2;227;109;128m▀[0m[38;2;8;8;0m[48;2;222;123;137m▀[0m[38;2;74;46;53m[48;2;8;8;0m▀[0m[38;2;43;87;137m[48;2;43;87;137m▀[0m[38;2;43;87;137m[48;2;43;87;137m▀[0m[38;2;0;4;0m[48;2;0;4;0m▀[0m   [38;2;0;4;0m[48;2;0;4;0m▀[0m[38;2;255;231;232m[48;2;255;231;232m▀[0m[38;2;66;65;66m[48;2;192;137;156m▀[0m[38;2;255;173;202m[48;2;66;65;66m▀[0m[38;2;73;72;68m[48;2;73;72;68m▀[0m[38;2;71;115;165m[48;2;73;72;68m▀[0m[38;2;42;86;136m[48;2;71;115;165m▀[0m[38;2;28;72;122m[48;2;28;72;122m▀[0m[38;2;66;64;66m[48;2;66;64;66m▀[0m[38;2;66;64;66m[48;2;0;4;0m▀[0m[38;2;0;4;0m▀  
   [38;2;0;4;0m[48;2;0;4;0m▀[0m[38;2;222;107;126m[48;2;222;107;126m▀[0m[38;2;222;107;126m[48;2;222;107;126m▀[0m[38;2;66;65;66m[48;2;66;65;66m▀[0m[38;2;66;65;66m[48;2;66;65;66m▀[0m[38;2;222;189;196m[48;2;222;189;196m▀[0m[38;2;0;4;0m[48;2;0;4;0m▀[0m  [38;2;0;4;0m[48;2;0;4;0m▀[0m[38;2;255;181;210m[48;2;255;181;210m▀[0m[38;2;44;88;138m[48;2;44;88;138m▀[0m[38;2;66;65;66m[48;2;66;65;66m▀[0m[38;2;39;83;133m[48;2;61;105;155m▀[0m[38;2;58;102;152m[48;2;41;85;135m▀[0m[38;2;41;85;135m[48;2;41;85;135m▀[0m[38;2;42;86;136m[48;2;42;86;136m▀[0m[38;2;66;65;66m[48;2;42;86;136m▀[0m[38;2;66;65;66m[48;2;66;65;66m▀[0m[38;2;66;65;66m[48;2;66;65;66m▀[0m[38;2;66;65;66m[48;2;66;65;66m▀[0m[38;2;255;181;210m[48;2;255;181;210m▀[0m[38;2;225;110;128m[48;2;225;110;128m▀[0m[38;2;225;110;128m[48;2;225;110;128m▀[0m[38;2;0;4;0m[48;2;0;4;0m▀[0m[38;2;42;86;136m[48;2;42;86;136m▀[0m[38;2;42;86;136m[48;2;42;86;136m▀[0m[38;2;0;4;0m[48;2;42;86;136m▀[0m[38;2;0;4;0m▄  [38;2;0;4;0m[48;2;0;4;0m▀[0m[38;2;255;231;232m[48;2;255;231;232m▀[0m[38;2;66;65;66m[48;2;66;65;66m▀[0m[38;2;42;86;136m[48;2;42;86;136m▀[0m[38;2;42;86;136m[48;2;66;65;66m▀[0m[38;2;85;63;69m[48;2;255;189;209m▀[0m[38;2;0;0;0m[48;2;255;189;209m▀[0m[38;2;66;64;66m[48;2;0;4;0m▀[0m[38;2;0;4;0m▀   
   [38;2;0;4;0m[48;2;0;4;0m▀[0m[38;2;222;107;126m[48;2;222;107;126m▀[0m[38;2;222;107;126m[48;2;222;107;126m▀[0m[38;2;66;65;66m[48;2;66;65;66m▀[0m[38;2;231;156;173m[48;2;231;156;173m▀[0m[38;2;66;65;66m[48;2;66;65;66m▀[0m[38;2;222;189;196m[48;2;222;189;196m▀[0m[38;2;8;8;0m[48;2;75;68;73m▀[0m[38;2;0;0;0m[48;2;85;63;69m▀[0m[38;2;255;189;209m[48;2;255;189;209m▀[0m[38;2;255;181;210m[48;2;74;73;66m▀[0m[38;2;74;73;66m[48;2;74;73;66m▀[0m[38;2;66;65;66m[48;2;156;146;222m▀[0m[38;2;156;146;222m[48;2;156;146;222m▀[0m[38;2;211;115;172m[48;2;145;170;151m▀[0m[38;2;175;129;96m[48;2;206;89;41m▀[0m[38;2;74;73;66m[48;2;255;97;57m▀[0m[38;2;74;73;66m[48;2;74;73;66m▀[0m[38;2;66;65;66m[48;2;42;86;136m▀[0m[38;2;66;65;66m[48;2;66;65;66m▀[0m[38;2;42;86;136m[48;2;42;86;136m▀[0m[38;2;66;65;66m[48;2;66;65;66m▀[0m[38;2;255;181;210m[48;2;255;181;210m▀[0m[38;2;227;109;128m[48;2;227;109;128m▀[0m[38;2;222;115;134m[48;2;74;49;52m▀[0m[38;2;16;4;0m[48;2;74;49;52m▀[0m[38;2;43;87;137m[48;2;43;87;137m▀[0m[38;2;43;87;137m[48;2;43;87;137m▀[0m[38;2;0;4;0m[48;2;0;4;0m▀[0m  [38;2;0;4;0m▀[38;2;255;222;232m[48;2;16;0;1m▀[0m[38;2;175;148;155m[48;2;255;222;232m▀[0m[38;2;66;65;66m[48;2;222;107;126m▀[0m[38;2;66;65;66m[48;2;66;65;66m▀[0m[38;2;255;186;212m[48;2;255;186;212m▀[0m[38;2;255;186;212m[48;2;255;186;212m▀[0m[38;2;0;4;0m[48;2;0;4;0m▀[0m    
   [38;2;0;4;0m[48;2;0;4;0m▀[0m[38;2;222;107;126m[48;2;222;107;126m▀[0m[38;2;222;107;126m[48;2;222;107;126m▀[0m[38;2;66;65;66m[48;2;66;65;66m▀[0m[38;2;231;156;173m[48;2;231;156;173m▀[0m[38;2;231;156;173m[48;2;66;65;66m▀[0m[38;2;66;65;66m[48;2;66;65;66m▀[0m[38;2;222;189;196m[48;2;66;65;66m▀[0m[38;2;66;65;66m[48;2;66;65;66m▀[0m[38;2;222;107;126m[48;2;222;107;126m▀[0m[38;2;39;83;133m[48;2;66;65;66m▀[0m[38;2;66;65;66m[48;2;61;105;155m▀[0m[38;2;107;90;93m[48;2;107;90;93m▀[0m[38;2;189;131;134m[48;2;239;146;148m▀[0m[38;2;255;146;66m[48;2;255;146;66m▀[0m[38;2;255;146;66m[48;2;66;65;66m▀[0m[38;2;74;66;74m[48;2;85;70;65m▀[0m[38;2;123;73;49m[48;2;123;73;49m▀[0m[38;2;255;101;165m[48;2;255;101;165m▀[0m[38;2;107;77;57m[48;2;107;77;57m▀[0m[38;2;66;65;66m[48;2;66;65;66m▀[0m[38;2;66;65;66m[48;2;66;65;66m▀[0m[38;2;255;181;210m[48;2;255;181;210m▀[0m[38;2;66;65;66m[48;2;66;65;66m▀[0m[38;2;71;115;165m[48;2;42;86;136m▀[0m[38;2;28;72;122m[48;2;28;72;122m▀[0m[38;2;43;87;137m[48;2;0;4;0m▀[0m[38;2;0;4;0m▀ [38;2;0;4;0m▄[38;2;0;4;0m▄ [38;2;0;4;0m[48;2;0;4;0m▀[0m[38;2;255;231;232m[48;2;255;231;232m▀[0m[38;2;222;107;126m[48;2;222;107;126m▀[0m[38;2;66;65;66m[48;2;66;65;66m▀[0m[38;2;255;181;210m[48;2;255;181;210m▀[0m[38;2;255;181;210m[48;2;227;109;128m▀[0m[38;2;255;181;210m[48;2;255;181;210m▀[0m[38;2;0;4;0m[48;2;0;4;0m▀[0m   
    [38;2;0;4;0m[48;2;0;4;0m▀[0m[38;2;222;107;126m[48;2;66;65;66m▀[0m[38;2;222;107;126m[48;2;66;65;66m▀[0m[38;2;66;65;66m[48;2;66;65;66m▀[0m[38;2;231;156;173m[48;2;231;156;173m▀[0m[38;2;74;69;66m[48;2;231;156;173m▀[0m[38;2;74;69;66m[48;2;74;69;66m▀[0m[38;2;74;69;66m[48;2;74;69;66m▀[0m[38;2;222;107;126m[48;2;74;69;66m▀[0m[38;2;66;65;66m[48;2;60;104;154m▀[0m[38;2;60;104;154m[48;2;60;104;154m▀[0m[38;2;109;95;96m[48;2;109;95;96m▀[0m[38;2;255;138;82m[48;2;109;95;96m▀[0m[38;2;43;87;137m[48;2;43;87;137m▀[0m[38;2;43;87;137m[48;2;123;73;49m▀[0m[38;2;123;73;49m[48;2;255;101;165m▀[0m[38;2;255;101;165m[48;2;255;101;165m▀[0m[38;2;255;101;165m[48;2;255;101;165m▀[0m[38;2;255;101;165m[48;2;123;73;49m▀[0m[38;2;82;69;57m[48;2;82;69;57m▀[0m[38;2;82;69;57m[48;2;255;181;210m▀[0m[38;2;28;72;122m[48;2;28;72;122m▀[0m[38;2;71;115;165m[48;2;42;86;136m▀[0m[38;2;42;86;136m[48;2;42;86;136m▀[0m[38;2;66;65;66m[48;2;66;65;66m▀[0m[38;2;0;4;0m[48;2;0;4;0m▀[0m [38;2;0;4;0m▀[38;2;255;255;255m[48;2;0;4;0m▀[0m[38;2;239;222;223m[48;2;40;84;134m▀[0m[38;2;0;0;0m[48;2;239;222;223m▀[0m[38;2;0;4;0m[48;2;0;4;0m▀[0m[38;2;255;231;232m[48;2;255;231;232m▀[0m[38;2;226;107;126m[48;2;226;107;126m▀[0m[38;2;255;206;213m[48;2;255;206;213m▀[0m[38;2;66;65;66m[48;2;66;65;66m▀[0m[38;2;255;173;202m[48;2;192;137;156m▀[0m[38;2;172;120;146m[48;2;255;181;217m▀[0m[38;2;8;0;4m[48;2;8;0;4m▀[0m   
  [38;2;0;4;0m▄[38;2;0;4;0m[48;2;0;4;0m▀[0m[38;2;42;86;136m[48;2;0;4;0m▀[0m[38;2;71;115;165m[48;2;28;72;122m▀[0m[38;2;42;86;136m[48;2;28;72;122m▀[0m[38;2;66;65;66m[48;2;231;132;150m▀[0m[38;2;231;132;150m[48;2;66;65;66m▀[0m[38;2;66;65;66m[48;2;231;156;173m▀[0m[38;2;66;65;66m[48;2;66;65;66m▀[0m[38;2;42;86;136m[48;2;66;65;66m▀[0m[38;2;42;86;136m[48;2;42;86;136m▀[0m[38;2;66;65;66m[48;2;66;65;66m▀[0m[38;2;60;104;154m[48;2;66;65;66m▀[0m[38;2;71;115;165m[48;2;71;115;165m▀[0m[38;2;43;87;137m[48;2;43;87;137m▀[0m[38;2;43;87;137m[48;2;43;87;137m▀[0m[38;2;43;87;137m[48;2;43;87;137m▀[0m[38;2;123;77;49m[48;2;66;69;66m▀[0m[38;2;85;71;60m[48;2;66;69;66m▀[0m[38;2;57;60;74m[48;2;231;173;181m▀[0m[38;2;57;60;74m[48;2;152;115;116m▀[0m[38;2;77;121;171m[48;2;66;65;66m▀[0m[38;2;66;65;66m[48;2;61;105;155m▀[0m[38;2;43;87;137m[48;2;43;87;137m▀[0m[38;2;43;87;137m[48;2;43;87;137m▀[0m[38;2;71;68;66m[48;2;71;68;66m▀[0m[38;2;0;4;0m[48;2;71;68;66m▀[0m[38;2;0;4;0m▄ [38;2;0;4;0m▀[38;2;222;189;196m[48;2;0;4;0m▀[0m[38;2;222;189;196m[48;2;0;0;0m▀[0m[38;2;74;63;65m[48;2;222;189;196m▀[0m[38;2;255;228;232m[48;2;255;228;232m▀[0m[38;2;255;228;232m[48;2;255;228;232m▀[0m[38;2;194;153;162m[48;2;255;206;217m▀[0m[38;2;255;206;217m[48;2;74;49;54m▀[0m[38;2;66;65;66m[48;2;66;65;66m▀[0m[38;2;255;181;210m[48;2;66;65;66m▀[0m[38;2;192;137;156m[48;2;255;173;202m▀[0m[38;2;66;65;66m[48;2;66;65;66m▀[0m[38;2;0;4;0m[48;2;43;87;137m▀[0m[38;2;0;4;0m▄ 
     [38;2;0;4;0m▀[38;2;222;107;126m[48;2;0;4;0m▀[0m[38;2;222;107;126m[48;2;222;107;126m▀[0m[38;2;66;65;66m[48;2;66;65;66m▀[0m[38;2;228;156;175m[48;2;228;156;175m▀[0m[38;2;228;156;175m[48;2;228;156;175m▀[0m[38;2;231;156;173m[48;2;231;156;173m▀[0m[38;2;66;65;66m[48;2;66;65;66m▀[0m[38;2;42;86;136m[48;2;42;86;136m▀[0m[38;2;66;65;66m[48;2;42;86;136m▀[0m[38;2;42;86;136m[48;2;66;65;66m▀[0m[38;2;42;86;136m[48;2;66;65;66m▀[0m[38;2;66;65;66m[48;2;66;65;66m▀[0m[38;2;66;65;66m[48;2;66;65;66m▀[0m[38;2;71;115;165m[48;2;222;189;196m▀[0m[38;2;71;115;165m[48;2;222;189;196m▀[0m[38;2;231;173;181m[48;2;57;60;74m▀[0m[38;2;152;115;116m[48;2;57;60;74m▀[0m[38;2;73;72;68m[48;2;71;115;165m▀[0m[38;2;73;72;68m[48;2;73;72;68m▀[0m[38;2;43;87;137m[48;2;43;87;137m▀[0m[38;2;43;87;137m[48;2;43;87;137m▀[0m[38;2;42;86;136m[48;2;42;86;136m▀[0m[38;2;42;86;136m[48;2;0;4;0m▀[0m[38;2;0;4;0m▀    [38;2;0;4;0m[48;2;0;4;0m▀[0m[38;2;222;189;195m[48;2;222;189;195m▀[0m[38;2;255;231;232m[48;2;222;189;195m▀[0m[38;2;66;65;66m[48;2;66;65;66m▀[0m[38;2;66;65;66m[48;2;255;206;213m▀[0m[38;2;73;72;68m[48;2;73;72;68m▀[0m[38;2;73;72;68m[48;2;71;115;165m▀[0m[38;2;66;65;66m[48;2;42;86;136m▀[0m[38;2;66;65;66m[48;2;66;65;66m▀[0m[38;2;42;86;136m[48;2;0;4;0m▀[0m[38;2;0;4;0m[48;2;42;86;136m▀[0m[38;2;0;4;0m▄
      [38;2;0;4;0m▀[38;2;222;107;126m[48;2;0;4;0m▀[0m[38;2;222;107;126m[48;2;222;107;126m▀[0m[38;2;66;65;66m[48;2;66;65;66m▀[0m[38;2;231;156;173m[48;2;231;156;173m▀[0m[38;2;228;156;175m[48;2;228;156;175m▀[0m[38;2;228;156;175m[48;2;228;156;175m▀[0m[38;2;66;65;66m[48;2;66;65;66m▀[0m[38;2;42;86;136m[48;2;42;86;136m▀[0m[38;2;43;87;137m[48;2;43;87;137m▀[0m[38;2;71;115;165m[48;2;43;87;137m▀[0m[38;2;66;65;66m[48;2;72;116;166m▀[0m[38;2;66;65;66m[48;2;72;116;166m▀[0m[38;2;42;86;136m[48;2;42;86;136m▀[0m[38;2;42;86;136m[48;2;66;65;66m▀[0m[38;2;73;72;68m[48;2;73;72;68m▀[0m[38;2;71;115;165m[48;2;73;72;68m▀[0m[38;2;43;87;137m[48;2;123;73;49m▀[0m[38;2;43;87;137m[48;2;123;73;49m▀[0m[38;2;43;87;137m[48;2;43;87;137m▀[0m[38;2;43;87;137m[48;2;43;87;137m▀[0m[38;2;0;4;0m[48;2;66;64;66m▀[0m[38;2;0;4;0m▄[38;2;0;4;0m▄ [38;2;0;4;0m▄[38;2;0;4;0m▄[38;2;0;0;0m[48;2;239;206;212m▀[0m[38;2;239;206;212m[48;2;79;68;70m▀[0m[38;2;222;189;196m[48;2;222;189;196m▀[0m[38;2;66;65;66m[48;2;66;65;66m▀[0m[38;2;239;198;204m[48;2;66;65;66m▀[0m[38;2;66;65;66m[48;2;239;198;204m▀[0m[38;2;74;69;66m[48;2;74;69;66m▀[0m[38;2;74;69;66m[48;2;222;107;126m▀[0m[38;2;38;82;132m[48;2;38;82;132m▀[0m[38;2;0;4;0m[48;2;38;82;132m▀[0m[38;2;0;4;0m▄[38;2;0;4;0m▀[38;2;0;4;0m▀
       [38;2;0;4;0m▀[38;2;222;107;126m[48;2;0;4;0m▀[0m[38;2;222;107;126m[48;2;222;107;126m▀[0m[38;2;66;65;66m[48;2;66;65;66m▀[0m[38;2;228;156;175m[48;2;228;156;175m▀[0m[38;2;228;156;175m[48;2;228;156;175m▀[0m[38;2;231;165;177m[48;2;0;4;0m▀[0m[38;2;77;55;61m[48;2;0;4;0m▀[0m[38;2;110;74;54m[48;2;0;4;0m▀[0m[38;2;110;74;54m[48;2;110;74;54m▀[0m[38;2;123;73;49m[48;2;255;101;165m▀[0m[38;2;123;73;49m[48;2;255;101;165m▀[0m[38;2;43;87;137m[48;2;123;73;49m▀[0m[38;2;43;87;137m[48;2;123;73;49m▀[0m[38;2;123;73;49m[48;2;255;101;165m▀[0m[38;2;123;73;49m[48;2;255;101;165m▀[0m[38;2;255;101;165m[48;2;255;101;165m▀[0m[38;2;255;101;165m[48;2;123;73;49m▀[0m[38;2;42;86;136m[48;2;42;86;136m▀[0m[38;2;66;65;66m[48;2;66;65;66m▀[0m[38;2;74;66;74m[48;2;194;170;182m▀[0m[38;2;255;222;240m[48;2;74;66;74m▀[0m[38;2;255;231;232m[48;2;85;77;77m▀[0m[38;2;0;0;0m[48;2;255;231;232m▀[0m[38;2;255;231;232m[48;2;255;231;232m▀[0m[38;2;255;231;232m[48;2;66;65;66m▀[0m[38;2;66;65;66m[48;2;255;206;213m▀[0m[38;2;66;65;66m[48;2;255;206;213m▀[0m[38;2;239;198;204m[48;2;66;65;66m▀[0m[38;2;66;65;66m[48;2;239;198;204m▀[0m[38;2;255;206;213m[48;2;255;206;213m▀[0m[38;2;44;88;138m[48;2;44;88;138m▀[0m[38;2;225;110;128m[48;2;225;110;128m▀[0m[38;2;225;110;128m[48;2;225;110;128m▀[0m[38;2;66;64;66m[48;2;0;4;0m▀[0m[38;2;0;4;0m▀[38;2;0;4;0m▀  
        [38;2;0;4;0m▀[38;2;38;82;132m[48;2;0;4;0m▀[0m[38;2;38;82;132m[48;2;38;82;132m▀[0m[38;2;66;64;66m[48;2;0;4;0m▀[0m[38;2;0;4;0m▀[38;2;0;4;0m▄  [38;2;0;4;0m▀[38;2;123;77;57m[48;2;8;0;4m▀[0m[38;2;123;77;57m[48;2;82;54;40m▀[0m[38;2;112;73;55m[48;2;255;101;165m▀[0m[38;2;112;73;55m[48;2;112;73;55m▀[0m[38;2;123;73;49m[48;2;123;73;49m▀[0m[38;2;123;73;49m[48;2;255;101;165m▀[0m[38;2;129;72;71m[48;2;255;97;148m▀[0m[38;2;66;60;33m[48;2;129;72;71m▀[0m[38;2;66;65;66m[48;2;66;65;66m▀[0m[38;2;66;65;66m[48;2;66;65;66m▀[0m[38;2;231;156;173m[48;2;231;156;173m▀[0m[38;2;231;156;173m[48;2;66;65;66m▀[0m[38;2;194;170;182m[48;2;74;66;74m▀[0m[38;2;255;222;240m[48;2;74;66;74m▀[0m[38;2;66;65;66m[48;2;255;206;213m▀[0m[38;2;255;206;213m[48;2;255;206;213m▀[0m[38;2;255;208;215m[48;2;255;208;215m▀[0m[38;2;255;208;215m[48;2;255;208;215m▀[0m[38;2;255;206;213m[48;2;0;4;0m▀[0m[38;2;255;206;213m[48;2;0;4;0m▀[0m[38;2;255;206;213m[48;2;255;206;213m▀[0m[38;2;44;88;138m[48;2;44;88;138m▀[0m[38;2;222;107;126m[48;2;222;107;126m▀[0m[38;2;0;4;0m[48;2;0;4;0m▀[0m     
         [38;2;0;4;0m[48;2;0;4;0m▀[0m[38;2;42;86;136m[48;2;42;86;136m▀[0m[38;2;37;81;131m[48;2;107;108;115m▀[0m[38;2;0;4;0m[48;2;37;81;131m▀[0m[38;2;38;82;132m[48;2;38;82;132m▀[0m[38;2;0;4;0m[48;2;38;82;132m▀[0m[38;2;0;4;0m[48;2;247;247;222m▀[0m[38;2;0;4;0m[48;2;247;247;222m▀[0m[38;2;66;65;66m[48;2;247;247;222m▀[0m[38;2;66;65;66m[48;2;66;65;66m▀[0m[38;2;66;65;66m[48;2;66;65;66m▀[0m[38;2;66;65;66m[48;2;66;65;66m▀[0m[38;2;85;71;60m[48;2;66;69;66m▀[0m[38;2;123;77;49m[48;2;66;69;66m▀[0m[38;2;66;65;66m[48;2;42;86;136m▀[0m[38;2;66;65;66m[48;2;66;65;66m▀[0m[38;2;66;65;66m[48;2;66;65;66m▀[0m[38;2;42;86;136m[48;2;42;86;136m▀[0m[38;2;66;65;66m[48;2;66;65;66m▀[0m[38;2;66;65;66m[48;2;66;65;66m▀[0m[38;2;66;65;66m[48;2;66;65;66m▀[0m[38;2;66;65;66m[48;2;66;65;66m▀[0m[38;2;66;65;66m[48;2;42;86;136m▀[0m[38;2;66;65;66m[48;2;66;65;66m▀[0m[38;2;255;206;213m[48;2;0;4;0m▀[0m[38;2;0;4;0m▀  [38;2;0;4;0m[48;2;0;4;0m▀[0m[38;2;222;107;126m[48;2;222;107;126m▀[0m[38;2;222;107;126m[48;2;0;4;0m▀[0m[38;2;0;4;0m▀     
         [38;2;0;4;0m▀[38;2;72;116;166m[48;2;0;4;0m▀[0m[38;2;42;86;136m[48;2;42;86;136m▀[0m[38;2;66;65;66m[48;2;66;65;66m▀[0m[38;2;43;87;137m[48;2;71;115;165m▀[0m[38;2;43;87;137m[48;2;71;115;165m▀[0m[38;2;66;65;66m[48;2;42;86;136m▀[0m[38;2;66;65;66m[48;2;42;86;136m▀[0m[38;2;247;247;222m[48;2;66;65;66m▀[0m[38;2;66;65;66m[48;2;66;65;66m▀[0m[38;2;66;65;66m[48;2;66;65;66m▀[0m[38;2;66;65;66m[48;2;66;65;66m▀[0m[38;2;66;65;66m[48;2;66;65;66m▀[0m[38;2;66;65;66m[48;2;66;65;66m▀[0m[38;2;73;72;68m[48;2;73;72;68m▀[0m[38;2;73;72;68m[48;2;71;115;165m▀[0m[38;2;28;72;122m[48;2;28;72;122m▀[0m[38;2;42;86;136m[48;2;71;115;165m▀[0m[38;2;42;86;136m[48;2;71;115;165m▀[0m[38;2;28;72;122m[48;2;28;72;122m▀[0m[38;2;66;65;66m[48;2;66;65;66m▀[0m[38;2;66;65;66m[48;2;72;116;166m▀[0m[38;2;38;82;132m[48;2;38;82;132m▀[0m[38;2;0;4;0m[48;2;38;82;132m▀[0m[38;2;0;4;0m▄  [38;2;0;4;0m▄[38;2;0;4;0m[48;2;222;107;126m▀[0m[38;2;222;107;126m[48;2;0;4;0m▀[0m[38;2;0;4;0m▀      
           [38;2;0;4;0m▀[38;2;43;87;137m[48;2;0;4;0m▀[0m[38;2;66;64;66m[48;2;0;4;0m▀[0m[38;2;66;64;66m[48;2;66;64;66m▀[0m[38;2;66;65;66m[48;2;66;65;66m▀[0m[38;2;42;86;136m[48;2;66;65;66m▀[0m[38;2;66;65;66m[48;2;66;65;66m▀[0m[38;2;66;65;66m[48;2;66;65;66m▀[0m[38;2;66;64;66m[48;2;0;4;0m▀[0m[38;2;66;64;66m[48;2;0;4;0m▀[0m[38;2;66;65;66m[48;2;222;107;126m▀[0m[38;2;66;65;66m[48;2;66;65;66m▀[0m[38;2;71;115;165m[48;2;43;87;137m▀[0m[38;2;43;87;137m[48;2;43;87;137m▀[0m[38;2;66;65;66m[48;2;42;86;136m▀[0m[38;2;42;86;136m[48;2;66;65;66m▀[0m[38;2;42;86;136m[48;2;42;86;136m▀[0m[38;2;42;86;136m[48;2;66;65;66m▀[0m[38;2;66;65;66m[48;2;66;65;66m▀[0m[38;2;66;65;66m[48;2;66;65;66m▀[0m[38;2;80;124;174m[48;2;66;57;58m▀[0m[38;2;66;57;58m[48;2;8;8;0m▀[0m[38;2;66;64;66m[48;2;66;64;66m▀[0m[38;2;0;4;0m[48;2;66;64;66m▀[0m[38;2;0;4;0m▄[38;2;0;4;0m▀[38;2;222;107;126m[48;2;0;4;0m▀[0m[38;2;0;4;0m▀       
              [38;2;0;4;0m▀[38;2;0;4;0m▀[38;2;66;64;66m[48;2;0;4;0m▀[0m[38;2;66;64;66m[48;2;66;64;66m▀[0m[38;2;0;4;0m[48;2;0;4;0m▀[0m  [38;2;0;4;0m▀[38;2;222;107;126m[48;2;0;4;0m▀[0m[38;2;71;68;66m[48;2;0;4;0m▀[0m[38;2;71;68;66m[48;2;71;68;66m▀[0m[38;2;66;65;66m[48;2;66;65;66m▀[0m[38;2;66;65;66m[48;2;66;65;66m▀[0m[38;2;66;65;66m[48;2;66;65;66m▀[0m[38;2;66;65;66m[48;2;66;65;66m▀[0m[38;2;66;64;66m[48;2;66;64;66m▀[0m[38;2;66;64;66m[48;2;0;4;0m▀[0m[38;2;0;4;0m▀ [38;2;0;4;0m▀[38;2;66;64;66m[48;2;0;4;0m▀[0m[38;2;66;64;66m[48;2;66;64;66m▀[0m[38;2;0;4;0m[48;2;66;64;66m▀[0m[38;2;0;4;0m▄        
                [38;2;0;4;0m[48;2;0;4;0m▀[0m[38;2;66;64;66m[48;2;66;64;66m▀[0m[38;2;0;4;0m[48;2;0;4;0m▀[0m     [38;2;0;4;0m▀[38;2;38;82;132m[48;2;0;4;0m▀[0m[38;2;38;82;132m[48;2;38;82;132m▀[0m[38;2;38;82;132m[48;2;0;4;0m▀[0m[38;2;38;82;132m[48;2;38;82;132m▀[0m[38;2;42;86;136m[48;2;0;4;0m▀[0m[38;2;0;4;0m[48;2;0;4;0m▀[0m    [38;2;0;4;0m▀[38;2;66;64;66m[48;2;0;4;0m▀[0m[38;2;66;64;66m[48;2;66;64;66m▀[0m[38;2;0;4;0m[48;2;0;4;0m▀[0m       
                 [38;2;0;4;0m▀        [38;2;0;4;0m▀ [38;2;0;4;0m▀ [38;2;0;4;0m▀      [38;2;0;4;0m▀[38;2;66;64;66m[48;2;0;4;0m▀[0m[38;2;0;4;0m[48;2;66;64;66m▀[0m[38;2;0;4;0m▄     
                                       [38;2;66;64;66m[48;2;0;4;0m▀[0m[38;2;0;4;0m[48;2;66;64;66m▀[0m[38;2;0;4;0m▄    
                                        [38;2;0;4;0m▀[38;2;0;4;0m▀    
[0m