             [38;2;0;0;0m▄[38;2;0;0;0m[48;2;233;241;241m▀[0m[38;2;0;0;0m▄                   
       [38;2;0;0;0m[48;2;0;0;0m▀[0m[38;2;0;0;0m[48;2;233;241;241m▀[0m[38;2;0;0;0m▄  [38;2;0;0;0m▄[38;2;0;0;0m[48;2;233;241;241m▀[0m[38;2;233;241;241m[48;2;233;241;241m▀[0m[38;2;0;0;0m[48;2;0;0;0m▀[0m  [38;2;0;0;0m▄[38;2;0;0;0m▄[38;2;0;0;0m▄              
    [38;2;0;0;0m▄[38;2;0;0;0m[48;2;196;221;237m▀[0m[38;2;0;0;0m▄ [38;2;0;0;0m[48;2;0;0;0m▀[0m[38;2;233;241;241m[48;2;233;241;241m▀[0m[38;2;0;0;0m[48;2;65;65;74m▀[0m[38;2;0;0;0m[48;2;196;221;237m▀[0m[38;2;65;65;74m[48;2;98;123;139m▀[0m[38;2;233;241;241m[48;2;233;241;241m▀[0m[38;2;233;241;241m[48;2;233;241;241m▀[0m[38;2;233;241;241m[48;2;98;123;139m▀[0m[38;2;0;0;0m[48;2;98;123;139m▀[0m[38;2;0;0;0m[48;2;233;241;241m▀[0m[38;2;233;241;241m[48;2;233;241;241m▀[0m[38;2;233;241;241m[48;2;233;241;241m▀[0m[38;2;233;241;241m[48;2;0;0;0m▀[0m[38;2;0;0;0m▀             
  [38;2;0;0;0m▄[38;2;0;0;0m▄[38;2;0;0;0m[48;2;196;221;237m▀[0m[38;2;98;123;139m[48;2;98;123;139m▀[0m[38;2;196;221;237m[48;2;98;123;139m▀[0m[38;2;0;0;0m[48;2;0;0;0m▀[0m [38;2;0;0;0m[48;2;0;0;0m▀[0m[38;2;65;65;74m[48;2;196;221;237m▀[0m[38;2;196;221;237m[48;2;98;123;139m▀[0m[38;2;98;123;139m[48;2;98;123;139m▀[0m[38;2;98;123;139m[48;2;196;221;237m▀[0m[38;2;98;123;139m[48;2;196;221;237m▀[0m[38;2;196;221;237m[48;2;98;123;139m▀[0m[38;2;98;123;139m[48;2;233;241;241m▀[0m[38;2;233;241;241m[48;2;233;241;241m▀[0m[38;2;233;241;241m[48;2;233;241;241m▀[0m[38;2;0;0;0m[48;2;233;241;241m▀[0m[38;2;0;0;0m▄    [38;2;0;0;0m▄         
[38;2;0;0;0m▄[38;2;0;0;0m[48;2;233;241;241m▀[0m[38;2;233;241;241m[48;2;98;123;139m▀[0m[38;2;233;241;241m[48;2;233;241;241m▀[0m[38;2;98;123;139m[48;2;233;241;241m▀[0m[38;2;98;123;139m[48;2;233;241;241m▀[0m[38;2;196;221;237m[48;2;98;123;139m▀[0m[38;2;0;0;0m[48;2;196;221;237m▀[0m[38;2;0;0;0m▄[38;2;0;0;0m[48;2;98;123;139m▀[0m[38;2;196;221;237m[48;2;196;221;237m▀[0m[38;2;136;161;177m[48;2;196;221;237m▀[0m[38;2;196;221;237m[48;2;196;221;237m▀[0m[38;2;196;221;237m[48;2;255;90;57m▀[0m[38;2;98;123;139m[48;2;196;221;237m▀[0m[38;2;98;123;139m[48;2;196;221;237m▀[0m[38;2;233;241;241m[48;2;98;123;139m▀[0m[38;2;233;241;241m[48;2;0;0;0m▀[0m[38;2;0;0;0m▀[38;2;0;0;0m▀  [38;2;0;0;0m▄[38;2;0;0;0m[48;2;196;221;237m▀[0m[38;2;0;0;0m[48;2;98;123;139m▀[0m[38;2;196;221;237m[48;2;196;221;237m▀[0m[38;2;0;0;0m[48;2;98;123;139m▀[0m[38;2;0;0;0m[48;2;196;221;237m▀[0m[38;2;0;0;0m[48;2;98;123;139m▀[0m[38;2;0;0;0m▄[38;2;0;0;0m▄[38;2;0;0;0m▄   
[38;2;0;0;0m▀[38;2;0;0;0m▀[38;2;233;241;241m[48;2;0;0;0m▀[0m[38;2;0;0;0m▀[38;2;0;0;0m▀[38;2;233;241;241m[48;2;0;0;0m▀[0m[38;2;233;241;241m[48;2;233;241;241m▀[0m[38;2;98;123;139m[48;2;233;241;241m▀[0m[38;2;65;65;74m[48;2;65;65;74m▀[0m[38;2;196;221;237m[48;2;196;221;237m▀[0m[38;2;196;221;237m[48;2;196;221;237m▀[0m[38;2;196;221;237m[48;2;196;221;237m▀[0m[38;2;98;197;238m[48;2;98;123;139m▀[0m[38;2;255;90;57m[48;2;98;123;139m▀[0m[38;2;196;221;237m[48;2;98;123;139m▀[0m[38;2;98;123;139m[48;2;233;241;241m▀[0m[38;2;233;241;241m[48;2;233;241;241m▀[0m[38;2;233;241;241m[48;2;233;241;241m▀[0m[38;2;0;0;0m[48;2;233;241;241m▀[0m[38;2;0;0;0m[48;2;233;241;241m▀[0m[38;2;0;0;0m▄  [38;2;0;0;0m▀[38;2;196;221;237m[48;2;0;0;0m▀[0m[38;2;156;181;197m[48;2;196;221;237m▀[0m[38;2;196;221;237m[48;2;98;123;139m▀[0m[38;2;98;123;139m[48;2;233;241;241m▀[0m[38;2;233;241;241m[48;2;233;241;241m▀[0m[38;2;233;241;241m[48;2;233;241;241m▀[0m[38;2;233;241;241m[48;2;98;123;139m▀[0m[38;2;233;241;241m[48;2;98;123;139m▀[0m[38;2;0;0;0m[48;2;233;241;241m▀[0m[38;2;0;0;0m▄ 
  [38;2;0;0;0m▄[38;2;0;0;0m[48;2;233;241;241m▀[0m[38;2;0;0;0m▄[38;2;0;0;0m▄[38;2;0;0;0m▀[38;2;0;0;0m▀[38;2;233;241;241m[48;2;0;0;0m▀[0m[38;2;65;65;74m[48;2;98;123;139m▀[0m[38;2;196;221;237m[48;2;65;65;74m▀[0m[38;2;98;123;139m[48;2;65;65;74m▀[0m[38;2;196;221;237m[48;2;65;65;74m▀[0m[38;2;136;161;177m[48;2;65;65;74m▀[0m[38;2;65;65;74m[48;2;233;241;241m▀[0m[38;2;233;241;241m[48;2;233;241;241m▀[0m[38;2;233;241;241m[48;2;233;241;241m▀[0m[38;2;233;241;241m[48;2;65;65;74m▀[0m[38;2;98;123;139m[48;2;0;0;0m▀[0m[38;2;0;0;0m▀[38;2;0;0;0m▄[38;2;0;0;0m▄[38;2;0;0;0m[48;2;196;221;237m▀[0m[38;2;0;0;0m[48;2;196;221;237m▀[0m[38;2;196;221;237m[48;2;98;123;139m▀[0m[38;2;98;123;139m[48;2;233;241;241m▀[0m[38;2;233;241;241m[48;2;233;241;241m▀[0m[38;2;233;241;241m[48;2;233;241;241m▀[0m[38;2;233;241;241m[48;2;233;241;241m▀[0m[38;2;233;241;241m[48;2;0;0;0m▀[0m[38;2;233;241;241m[48;2;0;0;0m▀[0m[38;2;233;241;241m[48;2;0;0;0m▀[0m[38;2;0;0;0m[48;2;233;241;241m▀[0m[38;2;0;0;0m▄ 
 [38;2;0;0;0m[48;2;0;0;0m▀[0m[38;2;233;241;241m[48;2;233;241;241m▀[0m[38;2;233;241;241m[48;2;233;241;241m▀[0m[38;2;98;123;139m[48;2;98;123;139m▀[0m[38;2;196;221;237m[48;2;196;221;237m▀[0m[38;2;0;0;0m[48;2;196;221;237m▀[0m[38;2;0;0;0m▄[38;2;0;0;0m▄[38;2;0;0;0m[48;2;65;65;74m▀[0m[38;2;65;65;74m[48;2;196;221;237m▀[0m[38;2;196;221;237m[48;2;196;221;237m▀[0m[38;2;98;123;139m[48;2;196;221;237m▀[0m[38;2;233;241;241m[48;2;98;123;139m▀[0m[38;2;233;241;241m[48;2;98;123;139m▀[0m[38;2;98;123;139m[48;2;196;221;237m▀[0m[38;2;98;123;139m[48;2;98;123;139m▀[0m[38;2;233;241;241m[48;2;233;241;241m▀[0m[38;2;233;241;241m[48;2;0;0;0m▀[0m[38;2;0;0;0m▀[38;2;196;221;237m[48;2;0;0;0m▀[0m[38;2;196;221;237m[48;2;98;123;139m▀[0m[38;2;98;123;139m[48;2;0;0;0m▀[0m[38;2;98;123;139m[48;2;233;241;241m▀[0m[38;2;233;241;241m[48;2;0;0;0m▀[0m[38;2;0;0;0m▀[38;2;0;0;0m▀[38;2;233;241;241m[48;2;0;0;0m▀[0m[38;2;0;0;0m▀   [38;2;0;0;0m▀[38;2;0;0;0m▀ 
[38;2;0;0;0m[48;2;0;0;0m▀[0m[38;2;233;241;241m[48;2;233;241;241m▀[0m[38;2;233;241;241m[48;2;233;241;241m▀[0m[38;2;233;241;241m[48;2;233;241;241m▀[0m[38;2;233;241;241m[48;2;233;241;241m▀[0m[38;2;98;123;139m[48;2;233;241;241m▀[0m[38;2;98;123;139m[48;2;233;241;241m▀[0m[38;2;196;221;237m[48;2;98;123;139m▀[0m[38;2;65;65;74m[48;2;98;123;139m▀[0m[38;2;196;221;237m[48;2;65;65;74m▀[0m[38;2;196;221;237m[48;2;136;161;177m▀[0m[38;2;196;221;237m[48;2;136;161;177m▀[0m[38;2;136;161;177m[48;2;196;221;237m▀[0m[38;2;196;221;237m[48;2;196;221;237m▀[0m[38;2;136;161;177m[48;2;196;221;237m▀[0m[38;2;196;221;237m[48;2;98;123;139m▀[0m[38;2;98;123;139m[48;2;233;241;241m▀[0m[38;2;0;0;0m[48;2;65;65;74m▀[0m[38;2;0;0;0m▄[38;2;0;0;0m▄ [38;2;0;0;0m▀ [38;2;0;0;0m▀  [38;2;0;0;0m▄ [38;2;0;0;0m▄[38;2;0;0;0m[48;2;233;241;241m▀[0m[38;2;0;0;0m▄    
[38;2;0;0;0m[48;2;0;0;0m▀[0m[38;2;233;241;241m[48;2;233;241;241m▀[0m[38;2;233;241;241m[48;2;0;0;0m▀[0m[38;2;0;0;0m▀[38;2;0;0;0m▀[38;2;233;241;241m[48;2;0;0;0m▀[0m[38;2;233;241;241m[48;2;233;241;241m▀[0m[38;2;233;241;241m[48;2;0;0;0m▀[0m[38;2;0;0;0m▀[38;2;0;0;0m[48;2;0;0;0m▀[0m[38;2;65;65;74m[48;2;196;221;237m▀[0m[38;2;196;221;237m[48;2;196;221;237m▀[0m[38;2;136;161;177m[48;2;196;221;237m▀[0m[38;2;196;221;237m[48;2;136;161;177m▀[0m[38;2;136;161;177m[48;2;98;123;139m▀[0m[38;2;98;123;139m[48;2;233;241;241m▀[0m[38;2;233;241;241m[48;2;233;241;241m▀[0m[38;2;233;241;241m[48;2;233;241;241m▀[0m[38;2;65;65;74m[48;2;233;241;241m▀[0m[38;2;233;241;241m[48;2;65;65;74m▀[0m[38;2;0;0;0m[48;2;65;65;74m▀[0m[38;2;0;0;0m[48;2;65;65;74m▀[0m[38;2;0;0;0m▄[38;2;0;0;0m▄[38;2;0;0;0m▄[38;2;0;0;0m[48;2;196;221;237m▀[0m[38;2;196;221;237m[48;2;196;221;237m▀[0m[38;2;0;0;0m[48;2;98;123;139m▀[0m[38;2;233;241;241m[48;2;233;241;241m▀[0m[38;2;233;241;241m[48;2;233;241;241m▀[0m[38;2;233;241;241m[48;2;233;241;241m▀[0m[38;2;0;0;0m[48;2;233;241;241m▀[0m[38;2;0;0;0m▄  
[38;2;0;0;0m▀[38;2;233;241;241m[48;2;0;0;0m▀[0m[38;2;0;0;0m▀   [38;2;0;0;0m▀  [38;2;0;0;0m▄[38;2;0;0;0m[48;2;196;221;237m▀[0m[38;2;65;65;74m[48;2;196;221;237m▀[0m[38;2;136;161;177m[48;2;65;65;74m▀[0m[38;2;136;161;177m[48;2;196;221;237m▀[0m[38;2;98;123;139m[48;2;65;65;74m▀[0m[38;2;233;241;241m[48;2;98;123;139m▀[0m[38;2;233;241;241m[48;2;233;241;241m▀[0m[38;2;233;241;241m[48;2;233;241;241m▀[0m[38;2;65;65;74m[48;2;98;123;139m▀[0m[38;2;65;65;74m[48;2;0;0;0m▀[0m[38;2;196;221;237m[48;2;0;0;0m▀[0m[38;2;196;221;237m[48;2;98;123;139m▀[0m[38;2;196;221;237m[48;2;98;123;139m▀[0m[38;2;196;221;237m[48;2;98;123;139m▀[0m[38;2;196;221;237m[48;2;98;123;139m▀[0m[38;2;98;123;139m[48;2;233;241;241m▀[0m[38;2;98;123;139m[48;2;233;241;241m▀[0m[38;2;233;241;241m[48;2;233;241;241m▀[0m[38;2;233;241;241m[48;2;233;241;241m▀[0m[38;2;233;241;241m[48;2;233;241;241m▀[0m[38;2;233;241;241m[48;2;233;241;241m▀[0m[38;2;233;241;241m[48;2;233;241;241m▀[0m[38;2;0;0;0m[48;2;233;241;241m▀[0m[38;2;0;0;0m▄ 
        [38;2;0;0;0m▄[38;2;0;0;0m[48;2;196;221;237m▀[0m[38;2;65;65;74m[48;2;98;123;139m▀[0m[38;2;98;123;139m[48;2;98;123;139m▀[0m[38;2;98;123;139m[48;2;98;123;139m▀[0m[38;2;65;65;74m[48;2;98;123;139m▀[0m[38;2;65;65;74m[48;2;0;0;0m▀[0m[38;2;65;65;74m[48;2;196;221;237m▀[0m[38;2;98;123;139m[48;2;196;221;237m▀[0m[38;2;98;123;139m[48;2;98;123;139m▀[0m[38;2;196;221;237m[48;2;196;221;237m▀[0m[38;2;0;0;0m[48;2;196;221;237m▀[0m[38;2;0;0;0m▄[38;2;0;0;0m▀[38;2;233;241;241m[48;2;0;0;0m▀[0m[38;2;233;241;241m[48;2;233;241;241m▀[0m[38;2;233;241;241m[48;2;0;0;0m▀[0m[38;2;233;241;241m[48;2;233;241;241m▀[0m[38;2;233;241;241m[48;2;0;0;0m▀[0m[38;2;0;0;0m▀[38;2;0;0;0m▀[38;2;233;241;241m[48;2;0;0;0m▀[0m[38;2;233;241;241m[48;2;0;0;0m▀[0m[38;2;233;241;241m[48;2;233;241;241m▀[0m[38;2;233;241;241m[48;2;233;241;241m▀[0m[38;2;0;0;0m[48;2;0;0;0m▀[0m 
        [38;2;0;0;0m▀[38;2;0;0;0m▀[38;2;196;221;237m[48;2;0;0;0m▀[0m[38;2;0;0;0m▀[38;2;196;221;237m[48;2;0;0;0m▀[0m[38;2;0;0;0m[48;2;0;0;0m▀[0m[38;2;0;0;0m▄[38;2;0;0;0m[48;2;196;221;237m▀[0m[38;2;98;123;139m[48;2;98;123;139m▀[0m[38;2;98;123;139m[48;2;196;221;237m▀[0m[38;2;196;221;237m[48;2;98;123;139m▀[0m[38;2;98;123;139m[48;2;196;221;237m▀[0m[38;2;0;0;0m[48;2;0;0;0m▀[0m  [38;2;0;0;0m▀ [38;2;0;0;0m▀     [38;2;0;0;0m▀[38;2;233;241;241m[48;2;0;0;0m▀[0m[38;2;233;241;241m[48;2;233;241;241m▀[0m[38;2;0;0;0m[48;2;0;0;0m▀[0m
              [38;2;0;0;0m▀[38;2;196;221;237m[48;2;0;0;0m▀[0m[38;2;0;0;0m▀[38;2;196;221;237m[48;2;0;0;0m▀[0m[38;2;0;0;0m▀[38;2;196;221;237m[48;2;0;0;0m▀[0m[38;2;0;0;0m▀           [38;2;0;0;0m▀[38;2;233;241;241m[48;2;0;0;0m▀[0m[38;2;0;0;0m[48;2;0;0;0m▀[0m
[0m