         [38;2;0;4;0m▄[38;2;0;4;0m[48;2;0;4;0m▀[0m                                          
        [38;2;0;4;0m▄[38;2;66;64;66m[48;2;0;4;0m▀[0m[38;2;0;4;0m▀                 [38;2;0;4;0m▄[38;2;0;4;0m[48;2;45;82;145m▀[0m[38;2;0;4;0m[48;2;0;4;0m▀[0m                      
      [38;2;0;4;0m▄[38;2;0;4;0m[48;2;60;62;60m▀[0m[38;2;66;65;66m[48;2;0;4;0m▀[0m[38;2;0;4;0m▀                [38;2;0;4;0m▄[38;2;0;4;0m[48;2;45;82;145m▀[0m[38;2;45;82;145m[48;2;0;4;0m▀[0m[38;2;0;4;0m▀                       
      [38;2;0;4;0m[48;2;0;4;0m▀[0m[38;2;88;130;154m[48;2;0;4;0m▀[0m[38;2;0;4;0m▀          [38;2;0;4;0m▄[38;2;0;4;0m▄[38;2;0;4;0m▄[38;2;0;4;0m[48;2;193;93;119m▀[0m[38;2;0;4;0m[48;2;247;117;166m▀[0m[38;2;0;4;0m[48;2;247;117;166m▀[0m[38;2;0;4;0m[48;2;66;65;66m▀[0m[38;2;45;82;145m[48;2;46;84;146m▀[0m[38;2;0;4;0m[48;2;0;4;0m▀[0m                         
     [38;2;0;4;0m[48;2;0;4;0m▀[0m[38;2;94;97;94m[48;2;94;97;94m▀[0m[38;2;0;4;0m[48;2;0;4;0m▀[0m       [38;2;0;4;0m▄[38;2;8;1;2m▄[38;2;0;4;0m[48;2;255;166;203m▀[0m[38;2;0;4;0m[48;2;252;226;232m▀[0m[38;2;255;227;230m[48;2;252;226;232m▀[0m[38;2;255;198;216m[48;2;189;93;121m▀[0m[38;2;170;133;146m[48;2;189;93;121m▀[0m[38;2;247;117;166m[48;2;194;93;119m▀[0m[38;2;247;117;166m[48;2;36;75;136m▀[0m[38;2;66;65;66m[48;2;113;156;181m▀[0m[38;2;66;65;66m[48;2;0;4;0m▀[0m[38;2;0;4;0m▀                 [38;2;0;4;0m▄[38;2;0;4;0m▄       
     [38;2;0;4;0m[48;2;0;4;0m▀[0m[38;2;94;97;94m[48;2;45;82;145m▀[0m[38;2;0;4;0m[48;2;66;65;66m▀[0m[38;2;0;0;16m▄[38;2;0;4;0m[48;2;239;120;161m▀[0m[38;2;0;4;0m▄[38;2;0;4;0m▄[38;2;0;4;0m[48;2;255;220;235m▀[0m[38;2;0;4;0m[48;2;99;65;71m▀[0m[38;2;0;4;0m[48;2;247;117;166m▀[0m[38;2;189;93;121m[48;2;247;117;166m▀[0m[38;2;255;166;203m[48;2;156;111;124m▀[0m[38;2;172;111;136m[48;2;255;222;230m▀[0m[38;2;252;226;232m[48;2;90;66;75m▀[0m[38;2;252;226;232m[48;2;255;196;209m▀[0m[38;2;255;227;230m[48;2;255;227;230m▀[0m[38;2;255;227;230m[48;2;255;227;230m▀[0m[38;2;36;75;136m[48;2;66;65;66m▀[0m[38;2;36;75;136m[48;2;45;82;145m▀[0m[38;2;41;78;141m[48;2;0;4;0m▀[0m[38;2;0;4;0m▀ [38;2;0;4;0m▄[38;2;0;4;0m▄[38;2;0;4;0m▄[38;2;0;4;0m▄[38;2;0;4;0m▄[38;2;0;4;0m▄         [38;2;0;4;0m▄[38;2;0;4;0m[48;2;113;156;181m▀[0m[38;2;45;82;145m[48;2;46;84;146m▀[0m[38;2;45;82;145m[48;2;0;4;0m▀[0m[38;2;0;4;0m▀      
    [38;2;0;4;0m[48;2;0;4;0m▀[0m[38;2;46;84;146m[48;2;89;128;152m▀[0m[38;2;45;82;145m[48;2;66;65;66m▀[0m[38;2;66;65;66m[48;2;192;92;118m▀[0m[38;2;79;47;59m[48;2;66;65;66m▀[0m[38;2;239;120;161m[48;2;247;117;166m▀[0m[38;2;49;87;150m[48;2;47;85;147m▀[0m[38;2;255;222;230m[48;2;255;227;230m▀[0m[38;2;99;65;71m[48;2;115;53;74m▀[0m[38;2;151;116;126m[48;2;161;107;127m▀[0m[38;2;247;117;166m[48;2;156;111;124m▀[0m[38;2;193;93;119m[48;2;255;222;230m▀[0m[38;2;255;222;230m[48;2;45;82;145m▀[0m[38;2;107;56;72m[48;2;247;117;166m▀[0m[38;2;200;152;165m[48;2;145;121;130m▀[0m[38;2;90;66;75m[48;2;90;59;69m▀[0m[38;2;255;227;230m[48;2;255;227;230m▀[0m[38;2;66;65;66m[48;2;36;75;136m▀[0m[38;2;45;82;145m[48;2;45;82;145m▀[0m[38;2;45;82;145m[48;2;66;65;66m▀[0m[38;2;66;64;66m[48;2;255;227;230m▀[0m[38;2;0;4;0m[48;2;255;227;230m▀[0m[38;2;0;4;0m[48;2;255;227;230m▀[0m[38;2;255;227;230m[48;2;189;93;121m▀[0m[38;2;170;83;117m[48;2;189;93;121m▀[0m[38;2;255;125;177m[48;2;189;93;121m▀[0m[38;2;247;117;166m[48;2;172;111;136m▀[0m[38;2;247;117;166m[48;2;255;166;203m▀[0m[38;2;247;117;166m[48;2;0;4;0m▀[0m[38;2;0;4;0m▀      [38;2;0;4;0m▄[38;2;0;4;0m▄[38;2;0;4;0m[48;2;66;65;66m▀[0m[38;2;41;78;141m[48;2;66;65;66m▀[0m[38;2;0;4;0m[48;2;71;66;66m▀[0m[38;2;0;4;0m▄[38;2;0;4;0m[48;2;45;82;145m▀[0m[38;2;0;4;0m[48;2;45;82;145m▀[0m[38;2;0;4;0m[48;2;109;154;179m▀[0m[38;2;0;4;0m[48;2;36;75;136m▀[0m[38;2;0;4;0m[48;2;40;77;140m▀[0m[38;2;0;4;0m▄ 
    [38;2;0;4;0m[48;2;0;4;0m▀[0m[38;2;47;85;147m[48;2;71;66;66m▀[0m[38;2;66;65;66m[48;2;189;93;121m▀[0m[38;2;192;92;118m[48;2;255;227;230m▀[0m[38;2;66;65;66m[48;2;66;65;66m▀[0m[38;2;247;117;166m[48;2;247;117;166m▀[0m[38;2;47;85;147m[48;2;66;65;66m▀[0m[38;2;255;227;230m[48;2;66;65;66m▀[0m[38;2;255;214;230m[48;2;255;227;230m▀[0m[38;2;161;107;127m[48;2;255;227;230m▀[0m[38;2;255;222;230m[48;2;255;196;209m▀[0m[38;2;107;56;72m[48;2;90;66;75m▀[0m[38;2;45;82;145m[48;2;247;117;169m▀[0m[38;2;247;117;166m[48;2;192;101;138m▀[0m[38;2;90;59;69m[48;2;45;82;145m▀[0m[38;2;255;243;245m[48;2;66;65;66m▀[0m[38;2;36;75;136m[48;2;45;82;145m▀[0m[38;2;36;75;136m[48;2;45;82;145m▀[0m[38;2;45;82;145m[48;2;74;54;59m▀[0m[38;2;66;65;66m[48;2;164;131;144m▀[0m[38;2;189;93;121m[48;2;252;226;232m▀[0m[38;2;255;227;230m[48;2;252;226;232m▀[0m[38;2;189;93;121m[48;2;252;226;232m▀[0m[38;2;189;93;121m[48;2;252;226;232m▀[0m[38;2;255;227;230m[48;2;255;227;230m▀[0m[38;2;255;227;230m[48;2;255;227;230m▀[0m[38;2;255;166;203m[48;2;0;4;0m▀[0m[38;2;8;1;2m▀[38;2;0;4;0m▄[38;2;0;4;0m▄[38;2;0;4;0m▄[38;2;0;4;0m▄[38;2;0;4;0m▄[38;2;0;4;0m▄[38;2;0;4;0m[48;2;46;84;146m▀[0m[38;2;0;4;0m[48;2;46;84;146m▀[0m[38;2;247;229;232m[48;2;47;85;147m▀[0m[38;2;247;229;232m[48;2;47;85;147m▀[0m[38;2;247;229;232m[48;2;247;229;232m▀[0m[38;2;247;229;232m[48;2;247;229;232m▀[0m[38;2;71;66;66m[48;2;47;85;147m▀[0m[38;2;71;66;66m[48;2;47;85;147m▀[0m[38;2;45;82;145m[48;2;66;65;66m▀[0m[38;2;66;65;66m[48;2;45;82;145m▀[0m[38;2;36;75;136m[48;2;45;82;145m▀[0m[38;2;36;75;136m[48;2;45;82;145m▀[0m[38;2;111;154;180m[48;2;0;4;0m▀[0m[38;2;40;77;140m[48;2;0;4;0m▀[0m[38;2;0;4;0m[48;2;0;4;0m▀[0m
   [38;2;0;4;0m[48;2;0;4;0m▀[0m[38;2;71;66;66m[48;2;45;82;145m▀[0m[38;2;71;66;66m[48;2;66;65;66m▀[0m[38;2;255;227;230m[48;2;239;223;247m▀[0m[38;2;255;227;230m[48;2;66;60;74m▀[0m[38;2;66;65;66m[48;2;93;97;96m▀[0m[38;2;66;65;66m[48;2;93;97;96m▀[0m[38;2;99;93;95m[48;2;46;84;146m▀[0m[38;2;42;79;142m[48;2;46;84;146m▀[0m[38;2;66;65;66m[48;2;45;82;145m▀[0m[38;2;255;227;230m[48;2;66;65;66m▀[0m[38;2;90;66;75m[48;2;247;117;166m▀[0m[38;2;200;152;165m[48;2;247;117;166m▀[0m[38;2;192;101;138m[48;2;151;118;131m▀[0m[38;2;44;81;144m[48;2;99;67;77m▀[0m[38;2;66;65;66m[48;2;66;65;66m▀[0m[38;2;66;65;66m[48;2;84;126;150m▀[0m[38;2;66;65;66m[48;2;109;154;179m▀[0m[38;2;45;82;145m[48;2;36;75;136m▀[0m[38;2;74;54;59m[48;2;255;227;230m▀[0m[38;2;255;207;227m[48;2;255;227;230m▀[0m[38;2;252;226;232m[48;2;255;227;230m▀[0m[38;2;252;226;232m[48;2;255;227;230m▀[0m[38;2;252;226;232m[48;2;66;65;66m▀[0m[38;2;252;226;232m[48;2;66;65;66m▀[0m[38;2;66;65;66m[48;2;47;85;147m▀[0m[38;2;66;65;66m[48;2;87;129;153m▀[0m[38;2;0;4;0m[48;2;89;128;152m▀[0m[38;2;0;4;0m[48;2;47;85;147m▀[0m[38;2;45;82;145m[48;2;71;66;66m▀[0m[38;2;45;82;145m[48;2;71;66;66m▀[0m[38;2;66;64;66m[48;2;46;84;146m▀[0m[38;2;66;64;66m[48;2;46;84;146m▀[0m[38;2;45;82;145m[48;2;47;85;147m▀[0m[38;2;45;82;145m[48;2;47;85;147m▀[0m[38;2;46;84;146m[48;2;110;153;179m▀[0m[38;2;46;84;146m[48;2;110;153;179m▀[0m[38;2;110;153;179m[48;2;46;84;146m▀[0m[38;2;110;153;179m[48;2;46;84;146m▀[0m[38;2;47;85;147m[48;2;46;84;146m▀[0m[38;2;47;85;147m[48;2;46;84;146m▀[0m[38;2;110;153;179m[48;2;47;85;147m▀[0m[38;2;47;85;147m[48;2;110;153;179m▀[0m[38;2;66;65;66m[48;2;66;64;66m▀[0m[38;2;45;82;145m[48;2;0;4;0m▀[0m[38;2;0;4;0m▀[38;2;0;4;0m▀   
  [38;2;0;4;0m▄[38;2;0;4;0m[48;2;66;64;66m▀[0m[38;2;45;82;145m[48;2;45;82;145m▀[0m[38;2;66;65;66m[48;2;66;65;66m▀[0m[38;2;66;60;74m[48;2;69;55;55m▀[0m[38;2;181;168;189m[48;2;156;146;222m▀[0m[38;2;132;162;222m[48;2;156;138;222m▀[0m[38;2;132;162;222m[48;2;222;143;175m▀[0m[38;2;46;84;146m[48;2;239;220;149m▀[0m[38;2;46;84;146m[48;2;255;97;57m▀[0m[38;2;45;82;145m[48;2;255;97;57m▀[0m[38;2;45;82;145m[48;2;46;84;146m▀[0m[38;2;66;65;66m[48;2;45;82;145m▀[0m[38;2;186;100;133m[48;2;66;65;66m▀[0m[38;2;99;67;77m[48;2;45;82;145m▀[0m[38;2;255;220;232m[48;2;66;65;66m▀[0m[38;2;66;65;66m[48;2;46;84;146m▀[0m[38;2;49;87;150m[48;2;46;84;146m▀[0m[38;2;36;75;136m[48;2;36;75;136m▀[0m[38;2;36;75;136m[48;2;36;75;136m▀[0m[38;2;255;227;230m[48;2;45;82;145m▀[0m[38;2;47;85;147m[48;2;247;117;166m▀[0m[38;2;40;77;140m[48;2;247;117;166m▀[0m[38;2;40;77;140m[48;2;247;117;166m▀[0m[38;2;49;87;150m[48;2;66;65;66m▀[0m[38;2;84;126;150m[48;2;45;82;145m▀[0m[38;2;87;129;153m[48;2;41;78;141m▀[0m[38;2;47;85;147m[48;2;41;78;141m▀[0m[38;2;47;85;147m[48;2;0;4;0m▀[0m[38;2;0;4;0m▀[38;2;0;4;0m[48;2;8;2;3m▀[0m[38;2;71;66;66m[48;2;115;157;182m▀[0m[38;2;46;84;146m[48;2;110;153;179m▀[0m[38;2;46;84;146m[48;2;110;153;179m▀[0m[38;2;110;153;179m[48;2;46;84;146m▀[0m[38;2;110;153;179m[48;2;46;84;146m▀[0m[38;2;47;85;147m[48;2;47;85;147m▀[0m[38;2;47;85;147m[48;2;47;85;147m▀[0m[38;2;46;84;146m[48;2;47;85;147m▀[0m[38;2;46;84;146m[48;2;110;153;179m▀[0m[38;2;46;84;146m[48;2;110;153;179m▀[0m[38;2;46;84;146m[48;2;110;153;179m▀[0m[38;2;110;153;179m[48;2;45;82;145m▀[0m[38;2;110;153;179m[48;2;66;65;66m▀[0m[38;2;0;4;0m[48;2;0;4;0m▀[0m      
[38;2;0;4;0m▄[38;2;0;4;0m[48;2;255;227;230m▀[0m[38;2;66;64;66m[48;2;255;227;230m▀[0m[38;2;66;64;66m[48;2;66;65;66m▀[0m[38;2;45;82;145m[48;2;66;65;66m▀[0m[38;2;66;65;66m[48;2;94;97;94m▀[0m[38;2;96;94;106m[48;2;74;121;165m▀[0m[38;2;96;94;106m[48;2;84;94;99m▀[0m[38;2;222;143;175m[48;2;255;114;89m▀[0m[38;2;255;112;158m[48;2;47;85;147m▀[0m[38;2;255;97;57m[48;2;47;85;147m▀[0m[38;2;255;97;57m[48;2;47;85;147m▀[0m[38;2;46;84;146m[48;2;74;123;164m▀[0m[38;2;46;84;146m[48;2;74;123;164m▀[0m[38;2;45;82;145m[48;2;99;140;152m▀[0m[38;2;45;82;145m[48;2;66;69;74m▀[0m[38;2;66;65;66m[48;2;66;65;66m▀[0m[38;2;45;82;145m[48;2;45;82;145m▀[0m[38;2;46;84;146m[48;2;45;82;145m▀[0m[38;2;46;84;146m[48;2;66;65;66m▀[0m[38;2;36;75;136m[48;2;247;117;166m▀[0m[38;2;247;117;166m[48;2;247;117;166m▀[0m[38;2;247;117;166m[48;2;47;85;147m▀[0m[38;2;247;117;166m[48;2;47;85;147m▀[0m[38;2;45;82;145m[48;2;47;85;147m▀[0m[38;2;45;82;145m[48;2;255;227;230m▀[0m[38;2;45;82;145m[48;2;255;227;230m▀[0m[38;2;66;65;66m[48;2;255;227;230m▀[0m[38;2;41;78;141m[48;2;255;227;230m▀[0m[38;2;0;4;0m[48;2;255;227;230m▀[0m[38;2;0;4;0m▄[38;2;0;4;0m[48;2;41;78;141m▀[0m[38;2;44;81;144m[48;2;66;65;66m▀[0m[38;2;44;81;144m[48;2;45;82;145m▀[0m[38;2;47;85;147m[48;2;45;82;145m▀[0m[38;2;110;153;179m[48;2;45;82;145m▀[0m[38;2;46;84;146m[48;2;109;152;178m▀[0m[38;2;46;84;146m[48;2;109;152;178m▀[0m[38;2;110;153;179m[48;2;45;82;145m▀[0m[38;2;110;153;179m[48;2;45;82;145m▀[0m[38;2;110;153;179m[48;2;45;82;145m▀[0m[38;2;47;85;147m[48;2;45;82;145m▀[0m[38;2;47;85;147m[48;2;0;4;0m▀[0m[38;2;47;85;147m[48;2;0;4;0m▀[0m[38;2;45;82;145m[48;2;0;4;0m▀[0m[38;2;66;65;66m[48;2;66;64;66m▀[0m[38;2;189;100;138m[48;2;255;227;230m▀[0m[38;2;0;4;0m[48;2;0;4;0m▀[0m     
 [38;2;0;4;0m▀[38;2;255;227;230m[48;2;0;0;0m▀[0m[38;2;66;65;66m[48;2;170;150;158m▀[0m[38;2;66;65;66m[48;2;66;65;66m▀[0m[38;2;94;97;94m[48;2;99;93;95m▀[0m[38;2;74;121;165m[48;2;46;84;146m▀[0m[38;2;90;71;76m[48;2;46;84;146m▀[0m[38;2;47;85;147m[48;2;47;85;147m▀[0m[38;2;47;85;147m[48;2;173;174;173m▀[0m[38;2;47;85;147m[48;2;94;136;156m▀[0m[38;2;74;121;165m[48;2;123;207;231m▀[0m[38;2;148;223;222m[48;2;148;223;222m▀[0m[38;2;148;223;222m[48;2;148;223;222m▀[0m[38;2;132;211;231m[48;2;74;123;164m▀[0m[38;2;66;69;74m[48;2;36;75;136m▀[0m[38;2;45;82;145m[48;2;46;84;146m▀[0m[38;2;45;82;145m[48;2;46;84;146m▀[0m[38;2;45;82;145m[48;2;74;54;59m▀[0m[38;2;66;65;66m[48;2;164;131;144m▀[0m[38;2;45;82;145m[48;2;255;227;230m▀[0m[38;2;45;82;145m[48;2;255;227;230m▀[0m[38;2;255;227;230m[48;2;255;227;230m▀[0m[38;2;255;227;230m[48;2;255;227;230m▀[0m[38;2;255;227;230m[48;2;255;227;230m▀[0m[38;2;255;227;230m[48;2;255;227;230m▀[0m[38;2;255;227;230m[48;2;252;226;232m▀[0m[38;2;47;85;147m[48;2;252;226;232m▀[0m[38;2;40;77;140m[48;2;252;226;232m▀[0m[38;2;40;77;140m[48;2;252;226;232m▀[0m[38;2;41;78;141m[48;2;66;65;66m▀[0m[38;2;41;78;141m[48;2;66;65;66m▀[0m[38;2;45;82;145m[48;2;45;82;145m▀[0m[38;2;66;65;66m[48;2;45;82;145m▀[0m[38;2;66;65;66m[48;2;110;153;179m▀[0m[38;2;66;65;66m[48;2;47;85;147m▀[0m[38;2;36;75;136m[48;2;46;84;146m▀[0m[38;2;0;0;0m[48;2;46;84;146m▀[0m[38;2;0;4;0m[48;2;0;4;0m▀[0m[38;2;0;4;0m▀[38;2;0;4;0m▀[38;2;0;4;0m▀  [38;2;12;6;3m▄[38;2;0;4;0m[48;2;174;151;154m▀[0m[38;2;255;227;230m[48;2;255;227;230m▀[0m[38;2;0;4;0m[48;2;0;4;0m▀[0m     
 [38;2;0;4;0m▀[38;2;255;225;236m[48;2;0;4;0m▀[0m[38;2;49;87;150m[48;2;66;64;66m▀[0m[38;2;99;93;95m[48;2;45;82;145m▀[0m[38;2;42;79;142m[48;2;45;82;145m▀[0m[38;2;46;84;146m[48;2;94;137;152m▀[0m[38;2;46;84;146m[48;2;132;215;231m▀[0m[38;2;47;85;147m[48;2;148;223;222m▀[0m[38;2;47;85;147m[48;2;36;75;136m▀[0m[38;2;66;65;82m[48;2;66;65;66m▀[0m[38;2;94;136;156m[48;2;66;65;66m▀[0m[38;2;74;123;164m[48;2;66;65;66m▀[0m[38;2;74;123;164m[48;2;66;65;66m▀[0m[38;2;36;75;136m[48;2;36;75;136m▀[0m[38;2;36;75;136m[48;2;36;75;136m▀[0m[38;2;46;84;146m[48;2;66;65;66m▀[0m[38;2;46;84;146m[48;2;66;65;66m▀[0m[38;2;74;54;59m[48;2;255;227;230m▀[0m[38;2;255;207;227m[48;2;255;227;230m▀[0m[38;2;255;227;230m[48;2;252;226;232m▀[0m[38;2;205;157;175m[48;2;252;226;232m▀[0m[38;2;205;157;175m[48;2;255;227;230m▀[0m[38;2;205;157;175m[48;2;255;227;230m▀[0m[38;2;205;157;175m[48;2;255;227;230m▀[0m[38;2;255;227;230m[48;2;205;157;175m▀[0m[38;2;252;226;232m[48;2;255;227;230m▀[0m[38;2;252;226;232m[48;2;47;85;147m▀[0m[38;2;252;226;232m[48;2;47;85;147m▀[0m[38;2;252;226;232m[48;2;47;85;147m▀[0m[38;2;255;227;230m[48;2;66;65;66m▀[0m[38;2;255;227;230m[48;2;66;65;66m▀[0m[38;2;66;65;66m[48;2;87;129;153m▀[0m[38;2;45;82;145m[48;2;47;85;147m▀[0m[38;2;47;85;147m[48;2;46;84;146m▀[0m[38;2;110;153;179m[48;2;46;84;146m▀[0m[38;2;46;84;146m[48;2;84;126;150m▀[0m[38;2;46;84;146m[48;2;45;82;145m▀[0m[38;2;46;84;146m[48;2;47;85;147m▀[0m[38;2;0;4;0m[48;2;47;85;147m▀[0m[38;2;0;0;0m▄[38;2;0;0;0m▄[38;2;8;1;2m▄[38;2;0;4;0m[48;2;255;213;229m▀[0m[38;2;174;151;154m[48;2;255;227;230m▀[0m[38;2;255;225;230m[48;2;0;4;0m▀[0m[38;2;0;4;0m▀      
  [38;2;0;4;0m▄[38;2;0;4;0m[48;2;189;100;138m▀[0m[38;2;66;65;66m[48;2;192;99;135m▀[0m[38;2;66;65;66m[48;2;66;65;66m▀[0m[38;2;57;60;74m[48;2;255;227;230m▀[0m[38;2;57;60;74m[48;2;255;227;230m▀[0m[38;2;36;75;136m[48;2;255;227;230m▀[0m[38;2;36;75;136m[48;2;255;227;230m▀[0m[38;2;255;227;230m[48;2;255;207;227m▀[0m[38;2;255;227;230m[48;2;74;54;59m▀[0m[38;2;255;227;230m[48;2;247;117;166m▀[0m[38;2;255;227;230m[48;2;247;117;166m▀[0m[38;2;194;99;135m[48;2;66;65;66m▀[0m[38;2;36;75;136m[48;2;247;117;166m▀[0m[38;2;66;65;66m[48;2;247;117;166m▀[0m[38;2;66;65;66m[48;2;186;100;133m▀[0m[38;2;66;65;66m[48;2;186;100;133m▀[0m[38;2;255;227;230m[48;2;66;65;66m▀[0m[38;2;252;226;232m[48;2;66;65;66m▀[0m[38;2;252;226;232m[48;2;66;65;66m▀[0m[38;2;255;227;230m[48;2;255;227;230m▀[0m[38;2;205;157;175m[48;2;255;227;230m▀[0m[38;2;205;157;175m[48;2;255;227;230m▀[0m[38;2;255;227;230m[48;2;255;227;230m▀[0m[38;2;255;227;230m[48;2;255;227;230m▀[0m[38;2;255;227;230m[48;2;255;227;230m▀[0m[38;2;255;227;230m[48;2;66;65;66m▀[0m[38;2;255;227;230m[48;2;66;65;66m▀[0m[38;2;66;65;66m[48;2;45;82;145m▀[0m[38;2;45;82;145m[48;2;45;82;145m▀[0m[38;2;47;85;147m[48;2;46;84;146m▀[0m[38;2;87;129;153m[48;2;46;84;146m▀[0m[38;2;46;84;146m[48;2;47;85;147m▀[0m[38;2;46;84;146m[48;2;47;85;147m▀[0m[38;2;45;82;145m[48;2;87;129;153m▀[0m[38;2;45;82;145m[48;2;87;129;153m▀[0m[38;2;87;129;153m[48;2;46;84;146m▀[0m[38;2;87;129;153m[48;2;0;4;0m▀[0m[38;2;45;82;145m[48;2;0;4;0m▀[0m[38;2;247;221;228m[48;2;0;4;0m▀[0m[38;2;255;213;229m[48;2;0;4;0m▀[0m[38;2;172;142;153m[48;2;0;4;0m▀[0m[38;2;0;4;0m▀        
   [38;2;0;4;0m▀[38;2;66;65;66m[48;2;0;4;0m▀[0m[38;2;192;99;135m[48;2;189;100;138m▀[0m[38;2;66;65;66m[48;2;192;99;135m▀[0m[38;2;255;227;230m[48;2;66;65;66m▀[0m[38;2;66;65;66m[48;2;66;65;66m▀[0m[38;2;66;65;66m[48;2;45;82;145m▀[0m[38;2;74;54;59m[48;2;66;65;66m▀[0m[38;2;164;131;144m[48;2;66;65;66m▀[0m[38;2;66;65;66m[48;2;45;82;145m▀[0m[38;2;66;65;66m[48;2;45;82;145m▀[0m[38;2;186;100;133m[48;2;66;65;66m▀[0m[38;2;66;65;66m[48;2;66;65;66m▀[0m[38;2;66;65;66m[48;2;255;207;227m▀[0m[38;2;247;117;166m[48;2;74;54;59m▀[0m[38;2;247;117;166m[48;2;74;54;59m▀[0m[38;2;247;117;166m[48;2;74;54;59m▀[0m[38;2;247;117;166m[48;2;74;61;66m▀[0m[38;2;247;117;166m[48;2;194;151;162m▀[0m[38;2;66;65;66m[48;2;247;117;166m▀[0m[38;2;66;65;66m[48;2;247;117;166m▀[0m[38;2;66;65;66m[48;2;40;77;140m▀[0m[38;2;66;65;66m[48;2;255;227;230m▀[0m[38;2;66;65;66m[48;2;255;227;230m▀[0m[38;2;66;65;66m[48;2;66;65;66m▀[0m[38;2;45;82;145m[48;2;46;84;146m▀[0m[38;2;45;82;145m[48;2;46;84;146m▀[0m[38;2;84;126;150m[48;2;47;85;147m▀[0m[38;2;45;82;145m[48;2;47;85;147m▀[0m[38;2;46;84;146m[48;2;87;129;153m▀[0m[38;2;46;84;146m[48;2;87;129;153m▀[0m[38;2;87;129;153m[48;2;46;84;146m▀[0m[38;2;87;129;153m[48;2;46;84;146m▀[0m[38;2;47;85;147m[48;2;45;82;145m▀[0m[38;2;47;85;147m[48;2;45;82;145m▀[0m[38;2;0;4;0m[48;2;45;82;145m▀[0m[38;2;0;0;0m▄             
   [38;2;0;4;0m[48;2;0;4;0m▀[0m[38;2;189;100;138m[48;2;0;4;0m▀[0m[38;2;0;4;0m▀[38;2;66;65;66m[48;2;0;4;0m▀[0m[38;2;66;65;66m[48;2;45;82;145m▀[0m[38;2;45;82;145m[48;2;66;65;66m▀[0m[38;2;66;65;66m[48;2;66;65;66m▀[0m[38;2;45;82;145m[48;2;45;82;145m▀[0m[38;2;45;82;145m[48;2;45;82;145m▀[0m[38;2;66;65;66m[48;2;36;75;136m▀[0m[38;2;45;82;145m[48;2;36;75;136m▀[0m[38;2;66;65;66m[48;2;66;65;66m▀[0m[38;2;192;99;135m[48;2;192;99;135m▀[0m[38;2;74;54;59m[48;2;192;99;135m▀[0m[38;2;164;131;144m[48;2;66;65;66m▀[0m[38;2;164;131;144m[48;2;247;117;166m▀[0m[38;2;255;207;227m[48;2;186;100;133m▀[0m[38;2;255;196;209m[48;2;198;91;136m▀[0m[38;2;74;61;66m[48;2;255;220;232m▀[0m[38;2;66;65;66m[48;2;252;226;232m▀[0m[38;2;66;65;66m[48;2;252;226;232m▀[0m[38;2;255;227;230m[48;2;252;226;232m▀[0m[38;2;40;77;140m[48;2;252;226;232m▀[0m[38;2;255;227;230m[48;2;66;65;66m▀[0m[38;2;66;65;66m[48;2;66;65;66m▀[0m[38;2;46;84;146m[48;2;57;60;66m▀[0m[38;2;46;84;146m[48;2;148;145;146m▀[0m[38;2;110;153;179m[48;2;109;154;179m▀[0m[38;2;47;85;147m[48;2;40;77;140m▀[0m[38;2;47;85;147m[48;2;66;65;66m▀[0m[38;2;47;85;147m[48;2;66;65;66m▀[0m[38;2;46;84;146m[48;2;45;82;145m▀[0m[38;2;46;84;146m[48;2;45;82;145m▀[0m[38;2;45;82;145m[48;2;66;65;66m▀[0m[38;2;66;65;66m[48;2;255;227;230m▀[0m[38;2;247;221;228m[48;2;205;157;175m▀[0m[38;2;0;0;0m[48;2;255;227;230m▀[0m[38;2;0;4;0m▄            
      [38;2;0;4;0m▀[38;2;0;4;0m▀[38;2;255;227;230m[48;2;0;4;0m▀[0m[38;2;66;65;66m[48;2;0;4;0m▀[0m[38;2;45;82;145m[48;2;45;82;145m▀[0m[38;2;66;65;66m[48;2;247;221;228m▀[0m[38;2;255;227;230m[48;2;252;226;232m▀[0m[38;2;36;75;136m[48;2;252;226;232m▀[0m[38;2;66;65;66m[48;2;66;65;66m▀[0m[38;2;66;65;66m[48;2;255;227;230m▀[0m[38;2;66;65;66m[48;2;255;227;230m▀[0m[38;2;192;99;135m[48;2;66;65;66m▀[0m[38;2;66;65;66m[48;2;66;65;66m▀[0m[38;2;247;117;166m[48;2;66;65;66m▀[0m[38;2;217;133;167m[48;2;66;65;66m▀[0m[38;2;198;91;136m[48;2;255;227;230m▀[0m[38;2;252;226;232m[48;2;255;202;223m▀[0m[38;2;252;226;232m[48;2;170;134;148m▀[0m[38;2;252;226;232m[48;2;194;97;133m▀[0m[38;2;252;226;232m[48;2;194;97;133m▀[0m[38;2;255;227;230m[48;2;194;97;133m▀[0m[38;2;66;65;66m[48;2;247;117;166m▀[0m[38;2;239;227;232m[48;2;66;65;66m▀[0m[38;2;148;145;146m[48;2;66;65;66m▀[0m[38;2;40;77;140m[48;2;66;65;66m▀[0m[38;2;40;77;140m[48;2;45;82;145m▀[0m[38;2;45;82;145m[48;2;46;84;146m▀[0m[38;2;66;65;66m[48;2;0;4;0m▀[0m[38;2;45;82;145m[48;2;45;82;145m▀[0m[38;2;66;65;66m[48;2;45;82;145m▀[0m[38;2;255;227;230m[48;2;74;61;66m▀[0m[38;2;66;65;66m[48;2;194;163;175m▀[0m[38;2;255;227;230m[48;2;255;227;230m▀[0m[38;2;255;227;230m[48;2;255;227;230m▀[0m[38;2;0;4;0m[48;2;0;4;0m▀[0m            
         [38;2;0;4;0m▄[38;2;0;0;0m[48;2;41;78;141m▀[0m[38;2;45;82;145m[48;2;41;78;141m▀[0m[38;2;252;226;232m[48;2;255;227;230m▀[0m[38;2;252;226;232m[48;2;66;65;66m▀[0m[38;2;66;65;66m[48;2;255;227;230m▀[0m[38;2;66;65;66m[48;2;36;75;136m▀[0m[38;2;255;227;230m[48;2;36;75;136m▀[0m[38;2;255;227;230m[48;2;255;227;230m▀[0m[38;2;255;227;230m[48;2;255;227;230m▀[0m[38;2;255;227;230m[48;2;205;157;175m▀[0m[38;2;255;227;230m[48;2;255;227;230m▀[0m[38;2;66;65;66m[48;2;0;4;0m▀[0m[38;2;0;4;0m▀[38;2;0;4;0m▀[38;2;247;117;166m[48;2;0;4;0m▀[0m[38;2;247;117;166m[48;2;38;77;139m▀[0m[38;2;247;117;166m[48;2;66;65;66m▀[0m[38;2;247;117;166m[48;2;66;65;66m▀[0m[38;2;247;117;166m[48;2;66;65;66m▀[0m[38;2;66;65;66m[48;2;66;65;66m▀[0m[38;2;66;65;66m[48;2;45;82;145m▀[0m[38;2;45;82;145m[48;2;45;82;145m▀[0m[38;2;0;4;0m[48;2;0;4;0m▀[0m [38;2;0;0;0m▀[38;2;247;221;228m[48;2;0;4;0m▀[0m[38;2;255;214;230m[48;2;247;117;166m▀[0m[38;2;194;163;175m[48;2;247;117;166m▀[0m[38;2;255;227;230m[48;2;174;135;141m▀[0m[38;2;0;4;0m[48;2;12;6;3m▀[0m             
          [38;2;0;4;0m▀[38;2;41;78;141m[48;2;0;4;0m▀[0m[38;2;66;65;66m[48;2;42;79;142m▀[0m[38;2;66;65;66m[48;2;42;79;142m▀[0m[38;2;36;75;136m[48;2;84;126;150m▀[0m[38;2;36;75;136m[48;2;45;82;145m▀[0m[38;2;36;75;136m[48;2;36;75;136m▀[0m[38;2;36;75;136m[48;2;36;75;136m▀[0m[38;2;255;227;230m[48;2;45;82;145m▀[0m[38;2;255;227;230m[48;2;247;221;228m▀[0m[38;2;0;4;0m[48;2;0;4;0m▀[0m   [38;2;0;4;0m▀[38;2;38;77;139m[48;2;0;4;0m▀[0m[38;2;66;65;66m[48;2;47;85;147m▀[0m[38;2;255;227;230m[48;2;66;58;57m▀[0m[38;2;66;65;66m[48;2;46;84;146m▀[0m[38;2;45;82;145m[48;2;46;84;146m▀[0m[38;2;45;82;145m[48;2;66;64;66m▀[0m[38;2;0;4;0m[48;2;0;4;0m▀[0m  [38;2;0;0;16m▄[38;2;0;4;0m[48;2;239;120;161m▀[0m[38;2;255;227;230m[48;2;247;117;166m▀[0m[38;2;255;227;230m[48;2;247;117;166m▀[0m[38;2;255;202;212m[48;2;255;202;212m▀[0m[38;2;12;6;3m[48;2;12;6;3m▀[0m             
           [38;2;0;4;0m▄[38;2;0;4;0m[48;2;0;0;16m▀[0m[38;2;81;120;146m[48;2;90;59;69m▀[0m[38;2;45;82;145m[48;2;74;54;59m▀[0m[38;2;45;82;145m[48;2;74;54;59m▀[0m[38;2;36;75;136m[48;2;247;221;228m▀[0m[38;2;247;117;166m[48;2;45;82;145m▀[0m[38;2;45;82;145m[48;2;0;4;0m▀[0m[38;2;0;0;0m▀     [38;2;0;4;0m▀[38;2;47;85;147m[48;2;8;8;8m▀[0m[38;2;84;126;150m[48;2;90;90;90m▀[0m[38;2;46;84;146m[48;2;36;75;136m▀[0m[38;2;46;84;146m[48;2;36;75;136m▀[0m[38;2;0;4;0m[48;2;0;4;0m▀[0m [38;2;0;4;0m▄[38;2;0;4;0m[48;2;45;82;145m▀[0m[38;2;239;120;161m[48;2;247;128;172m▀[0m[38;2;79;47;59m[48;2;82;58;66m▀[0m[38;2;247;117;166m[48;2;247;128;172m▀[0m[38;2;66;65;66m[48;2;82;58;66m▀[0m[38;2;174;135;141m[48;2;247;117;166m▀[0m[38;2;12;6;3m[48;2;0;4;0m▀[0m             
         [38;2;0;4;0m▄[38;2;0;4;0m[48;2;38;77;139m▀[0m[38;2;66;64;66m[48;2;38;77;139m▀[0m[38;2;181;108;137m[48;2;66;65;66m▀[0m[38;2;90;59;69m[48;2;45;82;145m▀[0m[38;2;164;131;144m[48;2;198;104;134m▀[0m[38;2;255;207;227m[48;2;66;40;50m▀[0m[38;2;45;82;145m[48;2;46;84;146m▀[0m[38;2;0;0;0m[48;2;0;4;0m▀[0m      [38;2;0;4;16m▄[38;2;0;4;0m[48;2;170;91;124m▀[0m[38;2;255;255;255m[48;2;186;100;135m▀[0m[38;2;90;90;90m[48;2;186;100;135m▀[0m[38;2;36;75;136m[48;2;168;120;137m▀[0m[38;2;255;255;255m[48;2;255;202;220m▀[0m[38;2;0;4;0m[48;2;66;64;66m▀[0m[38;2;0;4;0m▄[38;2;0;4;0m▀[38;2;45;82;145m[48;2;0;4;0m▀[0m[38;2;0;8;33m▀[38;2;82;58;66m[48;2;0;4;0m▀[0m[38;2;0;8;33m▀[38;2;82;58;66m[48;2;0;4;0m▀[0m[38;2;0;4;0m▀              
          [38;2;0;4;0m▀[38;2;0;4;0m▀[38;2;66;65;66m[48;2;0;4;0m▀[0m[38;2;45;82;145m[48;2;0;4;0m▀[0m[38;2;0;8;8m▀[38;2;0;8;8m▀[38;2;0;4;0m▀     [38;2;0;4;0m▄[38;2;0;4;0m[48;2;46;84;146m▀[0m[38;2;85;51;65m[48;2;79;52;62m▀[0m[38;2;255;130;181m[48;2;239;126;169m▀[0m[38;2;66;65;66m[48;2;79;52;62m▀[0m[38;2;247;117;169m[48;2;239;126;169m▀[0m[38;2;82;40;57m[48;2;79;52;62m▀[0m[38;2;168;120;137m[48;2;239;126;169m▀[0m[38;2;66;64;66m[48;2;71;66;66m▀[0m[38;2;0;4;0m[48;2;71;66;66m▀[0m[38;2;0;4;0m▄                    
                       [38;2;0;4;0m▀[38;2;79;52;62m[48;2;0;4;0m▀[0m[38;2;0;0;24m▀[38;2;79;52;62m[48;2;0;4;0m▀[0m[38;2;0;0;24m▀[38;2;79;52;62m[48;2;0;4;0m▀[0m[38;2;0;0;24m▀[38;2;71;66;66m[48;2;0;4;0m▀[0m[38;2;0;4;0m▀                     
[0m