     [38;2;0;0;0m▄[38;2;0;0;0m[48;2;221;222;248m▀[0m[38;2;0;0;0m▄    [38;2;0;0;0m▄[38;2;0;0;0m▄      
     [38;2;0;0;0m[48;2;0;0;0m▀[0m[38;2;221;222;248m[48;2;106;106;74m▀[0m[38;2;0;0;0m[48;2;246;238;164m▀[0m[38;2;0;0;0m[48;2;246;238;164m▀[0m[38;2;0;0;0m[48;2;246;238;164m▀[0m[38;2;0;0;0m▄[38;2;0;0;0m[48;2;246;238;164m▀[0m[38;2;247;247;253m[48;2;221;222;248m▀[0m[38;2;247;247;253m[48;2;221;222;248m▀[0m[38;2;0;0;0m[48;2;221;222;248m▀[0m[38;2;0;0;0m▄    
    [38;2;0;0;0m▄[38;2;0;0;0m[48;2;0;0;0m▀[0m[38;2;246;238;164m[48;2;197;139;139m▀[0m[38;2;246;238;164m[48;2;246;238;164m▀[0m[38;2;246;238;164m[48;2;246;238;164m▀[0m[38;2;189;180;115m[48;2;255;255;255m▀[0m[38;2;246;238;164m[48;2;221;222;248m▀[0m[38;2;246;238;164m[48;2;246;238;164m▀[0m[38;2;246;238;164m[48;2;246;238;164m▀[0m[38;2;221;222;248m[48;2;221;222;248m▀[0m[38;2;247;247;253m[48;2;221;222;248m▀[0m[38;2;0;0;0m[48;2;0;0;0m▀[0m    
 [38;2;0;0;0m▄[38;2;0;0;0m[48;2;247;247;253m▀[0m[38;2;0;0;0m[48;2;57;65;82m▀[0m[38;2;0;0;0m[48;2;255;189;189m▀[0m[38;2;255;189;189m[48;2;255;189;189m▀[0m[38;2;255;189;189m[48;2;57;65;82m▀[0m[38;2;197;139;139m[48;2;106;106;74m▀[0m[38;2;246;238;164m[48;2;246;238;164m▀[0m[38;2;0;0;0m[48;2;246;238;164m▀[0m[38;2;246;238;164m[48;2;246;238;164m▀[0m[38;2;246;238;164m[48;2;246;238;164m▀[0m[38;2;221;222;248m[48;2;246;238;164m▀[0m[38;2;247;247;253m[48;2;0;0;0m▀[0m[38;2;0;0;0m▀     
[38;2;0;0;0m[48;2;0;0;0m▀[0m[38;2;247;247;253m[48;2;247;247;253m▀[0m[38;2;247;247;253m[48;2;247;247;253m▀[0m[38;2;57;65;82m[48;2;247;247;253m▀[0m[38;2;255;189;189m[48;2;57;65;82m▀[0m[38;2;57;65;82m[48;2;57;65;82m▀[0m[38;2;246;238;164m[48;2;189;180;115m▀[0m[38;2;246;238;164m[48;2;247;247;253m▀[0m[38;2;246;238;164m[48;2;189;180;115m▀[0m[38;2;246;238;164m[48;2;246;238;164m▀[0m[38;2;246;238;164m[48;2;106;106;74m▀[0m[38;2;246;238;164m[48;2;246;238;164m▀[0m[38;2;246;238;164m[48;2;246;238;164m▀[0m[38;2;0;0;0m[48;2;246;238;164m▀[0m[38;2;0;0;0m▄[38;2;0;0;0m[48;2;247;247;253m▀[0m[38;2;0;0;0m[48;2;247;247;253m▀[0m[38;2;0;0;0m▄[38;2;0;0;0m▄ 
 [38;2;0;0;0m[48;2;0;0;0m▀[0m[38;2;247;247;253m[48;2;247;247;253m▀[0m[38;2;247;247;253m[48;2;221;222;248m▀[0m[38;2;57;65;82m[48;2;221;222;248m▀[0m[38;2;189;180;115m[48;2;57;65;82m▀[0m[38;2;57;65;82m[48;2;57;65;82m▀[0m[38;2;189;180;115m[48;2;246;238;164m▀[0m[38;2;246;238;164m[48;2;246;238;164m▀[0m[38;2;246;238;164m[48;2;246;238;164m▀[0m[38;2;106;106;74m[48;2;246;238;164m▀[0m[38;2;106;106;74m[48;2;106;106;74m▀[0m[38;2;246;238;164m[48;2;106;106;74m▀[0m[38;2;246;238;164m[48;2;221;222;248m▀[0m[38;2;246;238;164m[48;2;221;222;248m▀[0m[38;2;221;222;248m[48;2;247;247;253m▀[0m[38;2;247;247;253m[48;2;247;247;253m▀[0m[38;2;247;247;253m[48;2;247;247;253m▀[0m[38;2;106;106;74m[48;2;221;222;248m▀[0m[38;2;0;0;0m[48;2;0;0;0m▀[0m
  [38;2;0;0;0m▀[38;2;221;222;248m[48;2;0;0;0m▀[0m[38;2;106;106;74m[48;2;0;0;0m▀[0m[38;2;221;222;248m[48;2;0;0;0m▀[0m[38;2;57;65;82m[48;2;0;0;0m▀[0m[38;2;0;0;0m▀[38;2;246;238;164m[48;2;0;0;0m▀[0m[38;2;246;238;164m[48;2;189;180;115m▀[0m[38;2;189;180;115m[48;2;189;180;115m▀[0m[38;2;189;180;115m[48;2;189;180;115m▀[0m[38;2;106;106;74m[48;2;106;106;74m▀[0m[38;2;247;247;253m[48;2;247;247;253m▀[0m[38;2;247;247;253m[48;2;247;247;253m▀[0m[38;2;247;247;253m[48;2;221;222;248m▀[0m[38;2;247;247;253m[48;2;106;106;74m▀[0m[38;2;221;222;248m[48;2;221;222;248m▀[0m[38;2;221;222;248m[48;2;0;0;0m▀[0m[38;2;0;0;0m▀
       [38;2;0;0;0m▄[38;2;0;0;0m[48;2;0;0;0m▀[0m[38;2;57;65;82m[48;2;221;222;248m▀[0m[38;2;57;65;82m[48;2;0;0;0m▀[0m[38;2;197;197;197m[48;2;57;65;82m▀[0m[38;2;197;197;197m[48;2;197;139;139m▀[0m[38;2;57;65;82m[48;2;57;65;82m▀[0m[38;2;221;222;248m[48;2;0;0;0m▀[0m[38;2;221;222;248m[48;2;0;0;0m▀[0m[38;2;0;0;0m▀[38;2;0;0;0m▀  
      [38;2;0;0;0m▀[38;2;197;139;139m[48;2;0;0;0m▀[0m[38;2;197;139;139m[48;2;0;0;0m▀[0m[38;2;0;0;0m▀[38;2;0;0;0m▄[38;2;0;0;0m[48;2;247;247;253m▀[0m[38;2;197;139;139m[48;2;247;247;253m▀[0m[38;2;0;0;0m[48;2;221;222;248m▀[0m[38;2;0;0;0m▄     
         [38;2;0;0;0m▀[38;2;255;189;189m[48;2;0;0;0m▀[0m[38;2;197;139;139m[48;2;0;0;0m▀[0m[38;2;255;189;189m[48;2;0;0;0m▀[0m[38;2;0;0;0m▀      
[0m