    [38;2;0;0;0m▄[38;2;0;0;0m[48;2;65;65;65m▀[0m[38;2;0;0;0m[48;2;147;147;221m▀[0m[38;2;0;0;0m[48;2;147;147;221m▀[0m[38;2;0;0;0m[48;2;65;65;65m▀[0m[38;2;0;0;0m▄       
 [38;2;0;0;0m[48;2;0;0;0m▀[0m[38;2;0;0;0m[48;2;147;147;221m▀[0m[38;2;0;0;0m▄[38;2;0;0;0m[48;2;0;0;0m▀[0m[38;2;147;147;221m[48;2;188;254;238m▀[0m[38;2;147;147;221m[48;2;205;197;255m▀[0m[38;2;147;147;221m[48;2;205;197;255m▀[0m[38;2;147;147;221m[48;2;147;147;221m▀[0m[38;2;65;65;65m[48;2;147;147;221m▀[0m[38;2;0;0;0m[48;2;0;0;0m▀[0m      
 [38;2;0;0;0m▄[38;2;0;0;0m[48;2;147;147;221m▀[0m[38;2;65;65;65m[48;2;188;254;238m▀[0m[38;2;188;254;238m[48;2;65;65;65m▀[0m[38;2;65;65;65m[48;2;65;65;65m▀[0m[38;2;188;254;238m[48;2;188;254;238m▀[0m[38;2;188;254;238m[48;2;188;254;238m▀[0m[38;2;205;197;255m[48;2;65;65;65m▀[0m[38;2;0;0;0m[48;2;188;254;238m▀[0m[38;2;0;0;0m[48;2;188;254;238m▀[0m[38;2;0;0;0m[48;2;188;254;238m▀[0m[38;2;0;0;0m[48;2;147;147;221m▀[0m[38;2;0;0;0m[48;2;0;0;0m▀[0m   
 [38;2;0;0;0m▀[38;2;0;0;0m▀[38;2;65;65;65m[48;2;0;0;0m▀[0m[38;2;188;254;238m[48;2;188;254;238m▀[0m[38;2;188;254;238m[48;2;188;254;238m▀[0m[38;2;135;213;194m[48;2;188;254;238m▀[0m[38;2;65;65;65m[48;2;188;254;238m▀[0m[38;2;188;254;238m[48;2;65;65;65m▀[0m[38;2;65;65;65m[48;2;188;254;238m▀[0m[38;2;65;65;65m[48;2;188;254;238m▀[0m[38;2;65;65;65m[48;2;0;0;0m▀[0m[38;2;0;0;0m▀    
  [38;2;0;0;0m[48;2;0;0;0m▀[0m[38;2;188;254;238m[48;2;135;213;194m▀[0m[38;2;188;254;238m[48;2;188;254;238m▀[0m[38;2;188;254;238m[48;2;135;213;194m▀[0m[38;2;135;213;194m[48;2;255;255;255m▀[0m[38;2;188;254;238m[48;2;135;213;194m▀[0m[38;2;188;254;238m[48;2;147;147;221m▀[0m[38;2;65;65;65m[48;2;188;254;238m▀[0m[38;2;65;65;65m[48;2;0;0;0m▀[0m[38;2;147;147;221m[48;2;0;0;0m▀[0m[38;2;0;0;0m[48;2;0;0;0m▀[0m    
[38;2;0;0;0m▄[38;2;0;0;0m[48;2;197;139;139m▀[0m[38;2;255;189;189m[48;2;255;189;189m▀[0m[38;2;255;189;189m[48;2;197;139;139m▀[0m[38;2;65;65;65m[48;2;65;65;65m▀[0m[38;2;188;254;238m[48;2;188;254;238m▀[0m[38;2;0;0;0m[48;2;188;254;238m▀[0m[38;2;188;254;238m[48;2;188;254;238m▀[0m[38;2;188;254;238m[48;2;188;254;238m▀[0m[38;2;188;254;238m[48;2;188;254;238m▀[0m[38;2;0;0;0m[48;2;0;0;0m▀[0m[38;2;0;0;0m▄     
[38;2;0;0;0m[48;2;0;0;0m▀[0m[38;2;255;189;189m[48;2;0;0;0m▀[0m[38;2;65;65;65m[48;2;135;213;194m▀[0m[38;2;65;65;65m[48;2;65;65;65m▀[0m[38;2;188;254;238m[48;2;188;254;238m▀[0m[38;2;188;254;238m[48;2;188;254;238m▀[0m[38;2;188;254;238m[48;2;188;254;238m▀[0m[38;2;188;254;238m[48;2;110;187;168m▀[0m[38;2;110;187;168m[48;2;188;254;238m▀[0m[38;2;188;254;238m[48;2;188;254;238m▀[0m[38;2;188;254;238m[48;2;188;254;238m▀[0m[38;2;110;187;168m[48;2;188;254;238m▀[0m[38;2;0;0;0m[48;2;0;0;0m▀[0m    
 [38;2;0;0;0m▀[38;2;135;213;194m[48;2;0;0;0m▀[0m[38;2;65;65;65m[48;2;135;213;194m▀[0m[38;2;188;254;238m[48;2;65;65;65m▀[0m[38;2;188;254;238m[48;2;188;254;238m▀[0m[38;2;188;254;238m[48;2;188;254;238m▀[0m[38;2;110;187;168m[48;2;135;213;194m▀[0m[38;2;188;254;238m[48;2;65;65;65m▀[0m[38;2;188;254;238m[48;2;188;254;238m▀[0m[38;2;188;254;238m[48;2;188;254;238m▀[0m[38;2;188;254;238m[48;2;188;254;238m▀[0m[38;2;0;0;0m[48;2;188;254;238m▀[0m[38;2;0;0;0m[48;2;205;197;255m▀[0m[38;2;0;0;0m[48;2;176;168;226m▀[0m[38;2;0;0;0m[48;2;147;147;221m▀[0m[38;2;0;0;0m▄
   [38;2;0;0;0m▀[38;2;0;0;0m▀[38;2;65;65;65m[48;2;0;0;0m▀[0m[38;2;135;213;194m[48;2;65;65;65m▀[0m[38;2;135;213;194m[48;2;65;65;65m▀[0m[38;2;135;213;194m[48;2;135;213;194m▀[0m[38;2;65;65;65m[48;2;135;213;194m▀[0m[38;2;188;254;238m[48;2;65;65;65m▀[0m[38;2;188;254;238m[48;2;65;65;65m▀[0m[38;2;205;197;255m[48;2;65;65;65m▀[0m[38;2;176;168;226m[48;2;147;147;221m▀[0m[38;2;147;147;221m[48;2;147;147;221m▀[0m[38;2;147;147;221m[48;2;0;0;0m▀[0m[38;2;0;0;0m▀
   [38;2;0;0;0m▄[38;2;0;0;0m[48;2;197;139;139m▀[0m[38;2;0;0;0m[48;2;197;139;139m▀[0m[38;2;197;139;139m[48;2;0;0;0m▀[0m[38;2;0;0;0m▀[38;2;65;65;65m[48;2;0;0;0m▀[0m[38;2;197;139;139m[48;2;197;139;139m▀[0m[38;2;110;187;168m[48;2;0;0;0m▀[0m[38;2;110;187;168m[48;2;0;0;0m▀[0m[38;2;110;187;168m[48;2;110;187;168m▀[0m[38;2;65;65;65m[48;2;110;187;168m▀[0m[38;2;65;65;65m[48;2;110;187;168m▀[0m[38;2;0;0;0m[48;2;135;213;194m▀[0m[38;2;0;0;0m▄
    [38;2;0;0;0m▀[38;2;0;0;0m▀[38;2;0;0;0m▄[38;2;0;0;0m[48;2;255;189;189m▀[0m[38;2;197;139;139m[48;2;197;139;139m▀[0m[38;2;0;0;0m[48;2;255;189;189m▀[0m[38;2;0;0;0m▄ [38;2;0;0;0m▀[38;2;0;0;0m▀[38;2;0;0;0m▀[38;2;0;0;0m▀ 
       [38;2;0;0;0m▀[38;2;0;0;0m▀[38;2;0;0;0m▀       
[0m