   [38;2;7;7;7m[48;2;7;7;7m▀[0m[38;2;7;7;7m[48;2;248;248;248m▀[0m[38;2;7;7;7m[48;2;248;248;248m▀[0m[38;2;7;7;7m[48;2;248;248;248m▀[0m[38;2;7;7;7m[48;2;248;248;248m▀[0m[38;2;7;7;7m▄[38;2;7;7;7m▄[38;2;7;7;7m▄                                   
    [38;2;7;7;7m[48;2;7;7;7m▀[0m[38;2;255;223;232m[48;2;255;223;232m▀[0m[38;2;255;223;232m[48;2;255;223;232m▀[0m[38;2;255;223;232m[48;2;255;223;232m▀[0m[38;2;255;223;232m[48;2;255;223;232m▀[0m[38;2;255;223;232m[48;2;255;223;232m▀[0m[38;2;255;223;232m[48;2;255;223;232m▀[0m[38;2;7;7;7m[48;2;255;223;232m▀[0m[38;2;7;7;7m[48;2;255;223;232m▀[0m[38;2;7;7;7m▄[38;2;7;7;7m▄                               
     [38;2;7;7;7m[48;2;7;7;7m▀[0m[38;2;255;223;232m[48;2;255;223;232m▀[0m[38;2;255;223;232m[48;2;255;223;232m▀[0m[38;2;255;223;232m[48;2;255;223;232m▀[0m[38;2;255;223;232m[48;2;255;223;232m▀[0m[38;2;255;223;232m[48;2;255;223;232m▀[0m[38;2;255;223;232m[48;2;255;223;232m▀[0m[38;2;255;223;232m[48;2;255;223;232m▀[0m[38;2;255;223;232m[48;2;255;223;232m▀[0m[38;2;255;223;232m[48;2;255;223;232m▀[0m[38;2;7;7;7m[48;2;255;223;232m▀[0m[38;2;7;7;7m▄ [38;2;7;7;7m▄[38;2;7;7;7m▄[38;2;7;7;7m[48;2;197;153;166m▀[0m[38;2;7;7;7m[48;2;197;153;166m▀[0m[38;2;7;7;7m[48;2;7;7;7m▀[0m                       
   [38;2;7;7;7m▄[38;2;7;7;7m[48;2;255;223;232m▀[0m[38;2;255;223;232m[48;2;255;223;232m▀[0m[38;2;132;132;104m[48;2;255;223;232m▀[0m[38;2;132;132;104m[48;2;255;223;232m▀[0m[38;2;132;132;104m[48;2;255;223;232m▀[0m[38;2;132;132;104m[48;2;255;223;232m▀[0m[38;2;132;132;104m[48;2;255;223;232m▀[0m[38;2;255;223;232m[48;2;132;132;104m▀[0m[38;2;255;223;232m[48;2;132;132;104m▀[0m[38;2;255;223;232m[48;2;255;223;232m▀[0m[38;2;255;223;232m[48;2;255;223;232m▀[0m[38;2;255;223;232m[48;2;255;223;232m▀[0m[38;2;232;234;235m[48;2;232;234;235m▀[0m[38;2;7;7;7m[48;2;1;6;8m▀[0m[38;2;197;153;166m[48;2;197;153;166m▀[0m[38;2;197;153;166m[48;2;197;153;166m▀[0m[38;2;197;153;166m[48;2;132;132;104m▀[0m[38;2;197;153;166m[48;2;7;7;7m▀[0m[38;2;7;7;7m▀                       
   [38;2;7;7;7m▀[38;2;197;153;166m[48;2;7;7;7m▀[0m[38;2;197;153;166m[48;2;197;153;166m▀[0m[38;2;197;153;166m[48;2;132;40;53m▀[0m[38;2;197;153;166m[48;2;66;66;66m▀[0m[38;2;66;66;66m[48;2;255;97;58m▀[0m[38;2;66;66;66m[48;2;7;7;7m▀[0m[38;2;66;66;66m[48;2;255;97;58m▀[0m[38;2;255;223;232m[48;2;66;66;66m▀[0m[38;2;255;223;232m[48;2;66;66;66m▀[0m[38;2;66;66;66m[48;2;255;223;232m▀[0m[38;2;132;132;104m[48;2;66;66;66m▀[0m[38;2;132;132;104m[48;2;255;223;232m▀[0m[38;2;255;223;232m[48;2;66;66;66m▀[0m[38;2;197;153;166m[48;2;197;153;166m▀[0m[38;2;1;6;8m[48;2;7;7;7m▀[0m[38;2;123;119;118m[48;2;66;66;66m▀[0m[38;2;197;153;166m[48;2;7;7;7m▀[0m[38;2;7;7;7m▀   [38;2;7;7;7m▄[38;2;7;7;7m▄[38;2;7;7;7m▄[38;2;7;7;7m▄[38;2;7;7;7m▄[38;2;7;7;7m[48;2;248;248;248m▀[0m[38;2;7;7;7m[48;2;248;248;248m▀[0m[38;2;7;7;7m[48;2;248;248;248m▀[0m[38;2;7;7;7m[48;2;248;248;248m▀[0m[38;2;7;7;7m[48;2;7;7;7m▀[0m           
[38;2;7;7;7m[48;2;7;7;7m▀[0m[38;2;7;7;7m[48;2;197;153;166m▀[0m[38;2;7;7;7m▄[38;2;7;7;7m▄[38;2;7;7;7m▀[38;2;197;153;166m[48;2;7;7;7m▀[0m[38;2;132;40;53m[48;2;228;113;161m▀[0m[38;2;132;40;53m[48;2;228;113;161m▀[0m[38;2;66;66;66m[48;2;228;113;161m▀[0m[38;2;255;97;58m[48;2;66;66;66m▀[0m[38;2;66;66;66m[48;2;255;223;232m▀[0m[38;2;255;223;232m[48;2;66;66;66m▀[0m[38;2;66;66;66m[48;2;255;223;232m▀[0m[38;2;255;223;232m[48;2;255;223;232m▀[0m[38;2;255;223;232m[48;2;66;66;66m▀[0m[38;2;66;66;66m[48;2;66;66;66m▀[0m[38;2;197;153;166m[48;2;228;113;161m▀[0m[38;2;197;153;166m[48;2;197;153;166m▀[0m[38;2;197;153;166m[48;2;197;153;166m▀[0m[38;2;7;7;7m[48;2;7;7;7m▀[0m[38;2;7;7;7m▄[38;2;7;7;7m[48;2;255;223;232m▀[0m[38;2;7;7;7m[48;2;255;223;232m▀[0m[38;2;7;7;7m[48;2;255;223;232m▀[0m[38;2;7;7;7m[48;2;123;119;118m▀[0m[38;2;123;119;118m[48;2;255;223;232m▀[0m[38;2;255;223;232m[48;2;255;223;232m▀[0m[38;2;255;223;232m[48;2;248;248;248m▀[0m[38;2;248;248;248m[48;2;255;223;232m▀[0m[38;2;255;223;232m[48;2;248;248;248m▀[0m[38;2;248;248;248m[48;2;248;248;248m▀[0m[38;2;248;248;248m[48;2;248;248;248m▀[0m[38;2;248;248;248m[48;2;248;248;248m▀[0m[38;2;7;7;7m[48;2;7;7;7m▀[0m            
 [38;2;7;7;7m[48;2;7;7;7m▀[0m[38;2;197;153;166m[48;2;197;153;166m▀[0m[38;2;7;7;7m[48;2;197;153;166m▀[0m[38;2;7;7;7m▄[38;2;7;7;7m[48;2;66;66;66m▀[0m[38;2;66;66;66m[48;2;66;66;66m▀[0m[38;2;164;71;79m[48;2;66;66;66m▀[0m[38;2;164;71;79m[48;2;66;66;66m▀[0m[38;2;164;71;79m[48;2;255;223;232m▀[0m[38;2;66;66;66m[48;2;255;223;232m▀[0m[38;2;255;223;232m[48;2;255;223;232m▀[0m[38;2;255;223;232m[48;2;255;223;232m▀[0m[38;2;255;223;232m[48;2;66;66;66m▀[0m[38;2;66;66;66m[48;2;197;153;166m▀[0m[38;2;197;153;166m[48;2;197;153;166m▀[0m[38;2;228;113;161m[48;2;197;153;166m▀[0m[38;2;228;113;161m[48;2;7;7;7m▀[0m[38;2;7;7;7m[48;2;255;138;99m▀[0m[38;2;66;66;66m[48;2;255;138;99m▀[0m[38;2;66;66;66m[48;2;228;113;161m▀[0m[38;2;66;66;66m[48;2;228;113;161m▀[0m[38;2;123;119;118m[48;2;66;66;66m▀[0m[38;2;123;119;118m[48;2;255;223;232m▀[0m[38;2;255;223;232m[48;2;66;66;66m▀[0m[38;2;255;223;232m[48;2;123;119;118m▀[0m[38;2;255;223;232m[48;2;123;119;118m▀[0m[38;2;255;223;232m[48;2;123;119;118m▀[0m[38;2;248;248;248m[48;2;123;119;118m▀[0m[38;2;123;119;118m[48;2;248;248;248m▀[0m[38;2;123;119;118m[48;2;248;248;248m▀[0m[38;2;123;119;118m[48;2;7;7;7m▀[0m[38;2;7;7;7m▀       [38;2;7;7;7m▄     
  [38;2;7;7;7m▀[38;2;197;153;166m[48;2;7;7;7m▀[0m[38;2;197;153;166m[48;2;7;7;7m▀[0m[38;2;255;223;232m[48;2;197;153;166m▀[0m[38;2;255;223;232m[48;2;255;223;232m▀[0m[38;2;255;223;232m[48;2;255;223;232m▀[0m[38;2;255;223;232m[48;2;66;66;66m▀[0m[38;2;255;223;232m[48;2;66;66;66m▀[0m[38;2;255;223;232m[48;2;66;66;66m▀[0m[38;2;66;66;66m[48;2;197;153;166m▀[0m[38;2;66;66;66m[48;2;197;153;166m▀[0m[38;2;197;153;166m[48;2;197;153;166m▀[0m[38;2;197;153;166m[48;2;197;153;166m▀[0m[38;2;197;153;166m[48;2;164;71;79m▀[0m[38;2;66;66;66m[48;2;66;66;66m▀[0m[38;2;228;113;161m[48;2;228;113;161m▀[0m[38;2;228;113;161m[48;2;228;113;161m▀[0m[38;2;255;186;165m[48;2;228;113;161m▀[0m[38;2;255;186;165m[48;2;255;138;99m▀[0m[38;2;228;113;161m[48;2;255;186;165m▀[0m[38;2;228;113;161m[48;2;228;113;161m▀[0m[38;2;66;66;66m[48;2;255;138;99m▀[0m[38;2;255;223;232m[48;2;66;66;66m▀[0m[38;2;255;223;232m[48;2;123;119;118m▀[0m[38;2;255;223;232m[48;2;123;119;118m▀[0m[38;2;255;223;232m[48;2;123;119;118m▀[0m[38;2;248;248;248m[48;2;123;119;118m▀[0m[38;2;123;119;118m[48;2;248;248;248m▀[0m[38;2;7;7;7m[48;2;7;7;7m▀[0m        [38;2;7;7;7m[48;2;7;7;7m▀[0m[38;2;255;223;232m[48;2;255;223;232m▀[0m[38;2;7;7;7m[48;2;7;7;7m▀[0m    
     [38;2;7;7;7m▀[38;2;7;7;7m▀[38;2;7;7;7m[48;2;7;7;7m▀[0m[38;2;197;153;166m[48;2;197;153;166m▀[0m[38;2;164;71;79m[48;2;66;66;66m▀[0m[38;2;66;66;66m[48;2;132;132;104m▀[0m[38;2;66;66;66m[48;2;132;132;104m▀[0m[38;2;197;153;166m[48;2;66;66;66m▀[0m[38;2;197;153;166m[48;2;197;153;166m▀[0m[38;2;197;153;166m[48;2;164;71;79m▀[0m[38;2;66;66;66m[48;2;66;66;66m▀[0m[38;2;255;138;99m[48;2;255;138;99m▀[0m[38;2;255;186;165m[48;2;255;186;165m▀[0m[38;2;228;113;161m[48;2;255;186;165m▀[0m[38;2;255;138;99m[48;2;255;186;165m▀[0m[38;2;255;186;165m[48;2;255;186;165m▀[0m[38;2;255;186;165m[48;2;255;186;165m▀[0m[38;2;255;138;99m[48;2;255;186;165m▀[0m[38;2;255;138;99m[48;2;228;113;161m▀[0m[38;2;66;66;66m[48;2;228;113;161m▀[0m[38;2;255;223;232m[48;2;66;66;66m▀[0m[38;2;255;223;232m[48;2;66;66;66m▀[0m[38;2;255;223;232m[48;2;66;66;66m▀[0m[38;2;66;66;66m[48;2;7;7;7m▀[0m[38;2;7;7;7m▀        [38;2;7;7;7m▄[38;2;7;7;7m[48;2;197;153;166m▀[0m[38;2;255;223;232m[48;2;255;223;232m▀[0m[38;2;197;153;166m[48;2;197;153;166m▀[0m[38;2;7;7;7m[48;2;7;7;7m▀[0m   
      [38;2;7;7;7m[48;2;7;7;7m▀[0m[38;2;164;71;79m[48;2;164;71;79m▀[0m[38;2;66;66;66m[48;2;66;66;66m▀[0m[38;2;132;132;104m[48;2;132;132;104m▀[0m[38;2;132;132;104m[48;2;132;132;104m▀[0m[38;2;132;132;104m[48;2;66;66;66m▀[0m[38;2;66;66;66m[48;2;66;66;66m▀[0m[38;2;164;71;79m[48;2;164;71;79m▀[0m[38;2;164;71;79m[48;2;66;66;66m▀[0m[38;2;66;66;66m[48;2;255;223;232m▀[0m[38;2;66;66;66m[48;2;66;66;66m▀[0m[38;2;255;138;99m[48;2;228;113;161m▀[0m[38;2;228;113;161m[48;2;228;113;161m▀[0m[38;2;255;138;99m[48;2;228;113;161m▀[0m[38;2;255;186;165m[48;2;255;138;99m▀[0m[38;2;255;186;165m[48;2;255;186;165m▀[0m[38;2;255;138;99m[48;2;228;113;161m▀[0m[38;2;228;113;161m[48;2;255;138;99m▀[0m[38;2;228;113;161m[48;2;7;7;7m▀[0m[38;2;7;7;7m▀[38;2;7;7;7m▀[38;2;228;113;161m[48;2;7;7;7m▀[0m[38;2;228;113;161m[48;2;228;113;161m▀[0m[38;2;7;7;7m[48;2;164;71;79m▀[0m[38;2;7;7;7m▄    [38;2;7;7;7m▄[38;2;7;7;7m[48;2;197;153;166m▀[0m[38;2;7;7;7m▄[38;2;7;7;7m[48;2;255;223;232m▀[0m[38;2;255;223;232m[48;2;255;223;232m▀[0m[38;2;255;223;232m[48;2;197;153;166m▀[0m[38;2;66;66;66m[48;2;66;66;66m▀[0m[38;2;255;223;232m[48;2;255;223;232m▀[0m[38;2;7;7;7m[48;2;7;7;7m▀[0m  
      [38;2;7;7;7m▀[38;2;164;71;79m[48;2;7;7;7m▀[0m[38;2;164;71;79m[48;2;197;153;166m▀[0m[38;2;66;66;66m[48;2;164;71;79m▀[0m[38;2;132;132;104m[48;2;66;66;66m▀[0m[38;2;66;66;66m[48;2;255;223;232m▀[0m[38;2;255;223;232m[48;2;132;132;104m▀[0m[38;2;66;66;66m[48;2;255;223;232m▀[0m[38;2;255;223;232m[48;2;132;132;104m▀[0m[38;2;132;132;104m[48;2;255;223;232m▀[0m[38;2;255;223;232m[48;2;197;153;166m▀[0m[38;2;66;66;66m[48;2;66;66;66m▀[0m[38;2;228;113;161m[48;2;66;66;66m▀[0m[38;2;228;113;161m[48;2;255;138;99m▀[0m[38;2;255;186;165m[48;2;255;138;99m▀[0m[38;2;228;113;161m[48;2;228;113;161m▀[0m[38;2;228;113;161m[48;2;66;66;66m▀[0m[38;2;255;138;99m[48;2;66;66;66m▀[0m[38;2;7;7;7m[48;2;7;7;7m▀[0m[38;2;7;7;7m▄[38;2;7;7;7m[48;2;255;223;232m▀[0m[38;2;66;66;66m[48;2;255;223;232m▀[0m[38;2;66;66;66m[48;2;66;66;66m▀[0m[38;2;228;113;161m[48;2;228;113;161m▀[0m[38;2;7;7;7m[48;2;228;113;161m▀[0m[38;2;7;7;7m▄[38;2;7;7;7m▄ [38;2;7;7;7m▄[38;2;7;7;7m[48;2;132;132;104m▀[0m[38;2;197;153;166m[48;2;132;132;104m▀[0m[38;2;132;132;104m[48;2;197;153;166m▀[0m[38;2;255;223;232m[48;2;197;153;166m▀[0m[38;2;197;153;166m[48;2;66;66;66m▀[0m[38;2;66;66;66m[48;2;66;66;66m▀[0m[38;2;255;223;232m[48;2;255;223;232m▀[0m[38;2;255;223;232m[48;2;197;153;166m▀[0m[38;2;197;153;166m[48;2;197;153;166m▀[0m[38;2;7;7;7m[48;2;66;66;66m▀[0m[38;2;7;7;7m▄
       [38;2;7;7;7m▀[38;2;7;7;7m▀[38;2;197;153;166m[48;2;7;7;7m▀[0m[38;2;66;66;66m[48;2;7;7;7m▀[0m[38;2;197;153;166m[48;2;66;66;66m▀[0m[38;2;132;132;104m[48;2;132;132;104m▀[0m[38;2;255;223;232m[48;2;255;223;232m▀[0m[38;2;132;132;104m[48;2;66;66;66m▀[0m[38;2;66;66;66m[48;2;255;223;232m▀[0m[38;2;66;66;66m[48;2;255;223;232m▀[0m[38;2;255;223;232m[48;2;197;153;166m▀[0m[38;2;255;223;232m[48;2;197;153;166m▀[0m[38;2;66;66;66m[48;2;255;223;232m▀[0m[38;2;66;66;66m[48;2;255;223;232m▀[0m[38;2;66;66;66m[48;2;255;223;232m▀[0m[38;2;164;71;79m[48;2;255;223;232m▀[0m[38;2;228;113;161m[48;2;164;71;79m▀[0m[38;2;66;66;66m[48;2;228;113;161m▀[0m[38;2;66;66;66m[48;2;66;66;66m▀[0m[38;2;255;223;232m[48;2;197;153;166m▀[0m[38;2;255;223;232m[48;2;255;223;232m▀[0m[38;2;197;153;166m[48;2;255;223;232m▀[0m[38;2;66;66;66m[48;2;66;66;66m▀[0m[38;2;228;113;161m[48;2;228;113;161m▀[0m[38;2;164;71;79m[48;2;164;71;79m▀[0m[38;2;66;66;66m[48;2;255;223;232m▀[0m[38;2;7;7;7m[48;2;66;66;66m▀[0m[38;2;132;132;104m[48;2;197;153;166m▀[0m[38;2;197;153;166m[48;2;66;66;66m▀[0m[38;2;197;153;166m[48;2;66;66;66m▀[0m[38;2;66;66;66m[48;2;255;223;232m▀[0m[38;2;66;66;66m[48;2;255;223;232m▀[0m[38;2;255;223;232m[48;2;255;223;232m▀[0m[38;2;255;223;232m[48;2;197;153;166m▀[0m[38;2;197;153;166m[48;2;66;66;66m▀[0m[38;2;197;153;166m[48;2;66;66;66m▀[0m[38;2;66;66;66m[48;2;255;223;232m▀[0m[38;2;255;223;232m[48;2;7;7;7m▀[0m[38;2;7;7;7m▀
           [38;2;7;7;7m[48;2;7;7;7m▀[0m[38;2;66;66;66m[48;2;255;223;232m▀[0m[38;2;66;66;66m[48;2;255;223;232m▀[0m[38;2;255;223;232m[48;2;197;153;166m▀[0m[38;2;255;223;232m[48;2;197;153;166m▀[0m[38;2;197;153;166m[48;2;255;223;232m▀[0m[38;2;255;223;232m[48;2;255;223;232m▀[0m[38;2;255;223;232m[48;2;255;223;232m▀[0m[38;2;255;223;232m[48;2;255;223;232m▀[0m[38;2;255;223;232m[48;2;255;223;232m▀[0m[38;2;255;223;232m[48;2;255;223;232m▀[0m[38;2;255;223;232m[48;2;255;223;232m▀[0m[38;2;164;71;79m[48;2;255;223;232m▀[0m[38;2;228;113;161m[48;2;164;71;79m▀[0m[38;2;228;113;161m[48;2;228;113;161m▀[0m[38;2;66;66;66m[48;2;66;66;66m▀[0m[38;2;66;66;66m[48;2;228;113;161m▀[0m[38;2;255;223;232m[48;2;66;66;66m▀[0m[38;2;66;66;66m[48;2;164;71;79m▀[0m[38;2;228;113;161m[48;2;228;113;161m▀[0m[38;2;164;71;79m[48;2;164;71;79m▀[0m[38;2;255;223;232m[48;2;255;223;232m▀[0m[38;2;255;223;232m[48;2;255;223;232m▀[0m[38;2;66;66;66m[48;2;66;66;66m▀[0m[38;2;197;153;166m[48;2;66;66;66m▀[0m[38;2;197;153;166m[48;2;197;153;166m▀[0m[38;2;66;66;66m[48;2;197;153;166m▀[0m[38;2;66;66;66m[48;2;197;153;166m▀[0m[38;2;66;66;66m[48;2;255;223;232m▀[0m[38;2;66;66;66m[48;2;255;223;232m▀[0m[38;2;255;223;232m[48;2;255;223;232m▀[0m[38;2;255;223;232m[48;2;197;153;166m▀[0m[38;2;197;153;166m[48;2;7;7;7m▀[0m[38;2;7;7;7m▀ 
        [38;2;7;7;7m[48;2;7;7;7m▀[0m[38;2;7;7;7m[48;2;255;223;232m▀[0m[38;2;0;5;7m▄[38;2;7;7;7m▄[38;2;7;7;7m[48;2;7;7;7m▀[0m[38;2;197;153;166m[48;2;255;223;232m▀[0m[38;2;255;223;232m[48;2;255;223;232m▀[0m[38;2;255;223;232m[48;2;255;223;232m▀[0m[38;2;255;223;232m[48;2;228;113;161m▀[0m[38;2;255;223;232m[48;2;66;66;66m▀[0m[38;2;255;223;232m[48;2;66;66;66m▀[0m[38;2;255;223;232m[48;2;255;223;232m▀[0m[38;2;255;223;232m[48;2;66;66;66m▀[0m[38;2;66;66;66m[48;2;255;223;232m▀[0m[38;2;66;66;66m[48;2;66;66;66m▀[0m[38;2;255;223;232m[48;2;255;223;232m▀[0m[38;2;164;71;79m[48;2;66;66;66m▀[0m[38;2;228;113;161m[48;2;228;113;161m▀[0m[38;2;66;66;66m[48;2;66;66;66m▀[0m[38;2;228;113;161m[48;2;164;71;79m▀[0m[38;2;228;113;161m[48;2;66;66;66m▀[0m[38;2;164;71;79m[48;2;164;71;79m▀[0m[38;2;228;113;161m[48;2;228;113;161m▀[0m[38;2;164;71;79m[48;2;164;71;79m▀[0m[38;2;255;223;232m[48;2;255;223;232m▀[0m[38;2;255;223;232m[48;2;255;223;232m▀[0m[38;2;255;223;232m[48;2;255;223;232m▀[0m[38;2;66;66;66m[48;2;7;7;7m▀[0m[38;2;7;7;7m▀[38;2;197;153;166m[48;2;7;7;7m▀[0m[38;2;197;153;166m[48;2;7;7;7m▀[0m[38;2;197;153;166m[48;2;7;7;7m▀[0m[38;2;197;153;166m[48;2;7;7;7m▀[0m[38;2;7;7;7m▀[38;2;7;7;7m▀   
         [38;2;0;5;7m[48;2;0;5;7m▀[0m[38;2;255;223;232m[48;2;255;223;232m▀[0m[38;2;132;132;104m[48;2;255;223;232m▀[0m[38;2;197;153;166m[48;2;197;153;166m▀[0m[38;2;66;66;66m[48;2;66;66;66m▀[0m[38;2;255;223;232m[48;2;197;153;166m▀[0m[38;2;228;113;161m[48;2;197;153;166m▀[0m[38;2;228;113;161m[48;2;228;113;161m▀[0m[38;2;66;66;66m[48;2;66;66;66m▀[0m[38;2;255;223;232m[48;2;255;223;232m▀[0m[38;2;66;66;66m[48;2;132;132;104m▀[0m[38;2;66;66;66m[48;2;255;223;232m▀[0m[38;2;255;223;232m[48;2;255;223;232m▀[0m[38;2;66;66;66m[48;2;66;66;66m▀[0m[38;2;255;223;232m[48;2;66;66;66m▀[0m[38;2;66;66;66m[48;2;164;71;79m▀[0m[38;2;164;71;79m[48;2;164;71;79m▀[0m[38;2;66;66;66m[48;2;7;7;7m▀[0m[38;2;7;7;7m▀[38;2;7;7;7m[48;2;7;7;7m▀[0m[38;2;228;113;161m[48;2;228;113;161m▀[0m[38;2;228;113;161m[48;2;164;71;79m▀[0m[38;2;164;71;79m[48;2;197;153;166m▀[0m[38;2;255;223;232m[48;2;197;153;166m▀[0m[38;2;255;223;232m[48;2;197;153;166m▀[0m[38;2;197;153;166m[48;2;197;153;166m▀[0m[38;2;7;7;7m[48;2;197;153;166m▀[0m[38;2;7;7;7m▄         
          [38;2;0;5;7m[48;2;0;5;7m▀[0m[38;2;132;132;104m[48;2;197;153;166m▀[0m[38;2;197;153;166m[48;2;197;153;166m▀[0m[38;2;197;153;166m[48;2;197;153;166m▀[0m[38;2;66;66;66m[48;2;197;153;166m▀[0m[38;2;197;153;166m[48;2;66;66;66m▀[0m[38;2;164;71;79m[48;2;197;153;166m▀[0m[38;2;164;71;79m[48;2;164;71;79m▀[0m[38;2;66;66;66m[48;2;66;66;66m▀[0m[38;2;255;223;232m[48;2;255;223;232m▀[0m[38;2;255;223;232m[48;2;132;132;104m▀[0m[38;2;255;223;232m[48;2;255;223;232m▀[0m[38;2;66;66;66m[48;2;66;66;66m▀[0m[38;2;66;66;66m[48;2;164;71;79m▀[0m[38;2;164;71;79m[48;2;66;66;66m▀[0m[38;2;7;7;7m[48;2;7;7;7m▀[0m[38;2;7;7;7m▄[38;2;7;7;7m[48;2;228;113;161m▀[0m[38;2;228;113;161m[48;2;164;71;79m▀[0m[38;2;228;113;161m[48;2;7;7;7m▀[0m[38;2;7;7;7m▀[38;2;7;7;7m▀[38;2;197;153;166m[48;2;7;7;7m▀[0m[38;2;197;153;166m[48;2;65;65;65m▀[0m[38;2;65;65;65m[48;2;197;153;166m▀[0m[38;2;197;153;166m[48;2;255;223;232m▀[0m[38;2;7;7;7m[48;2;7;7;7m▀[0m         
           [38;2;7;7;7m[48;2;7;7;7m▀[0m[38;2;197;153;166m[48;2;197;153;166m▀[0m[38;2;197;153;166m[48;2;255;223;232m▀[0m[38;2;197;153;166m[48;2;197;153;166m▀[0m[38;2;66;66;66m[48;2;7;7;7m▀[0m[38;2;7;7;7m▀[38;2;7;7;7m▀[38;2;164;71;79m[48;2;7;7;7m▀[0m[38;2;66;66;66m[48;2;66;66;66m▀[0m[38;2;197;153;166m[48;2;197;153;166m▀[0m[38;2;132;132;104m[48;2;132;132;104m▀[0m[38;2;197;153;166m[48;2;197;153;166m▀[0m[38;2;66;66;66m[48;2;66;66;66m▀[0m[38;2;197;153;166m[48;2;197;153;166m▀[0m[38;2;66;66;66m[48;2;66;66;66m▀[0m[38;2;164;71;79m[48;2;7;7;7m▀[0m[38;2;164;71;79m[48;2;7;7;7m▀[0m[38;2;7;7;7m▀    [38;2;65;65;65m▀[38;2;197;153;166m[48;2;65;65;65m▀[0m[38;2;197;153;166m[48;2;255;223;232m▀[0m[38;2;255;223;232m[48;2;197;153;166m▀[0m[38;2;7;7;7m[48;2;7;7;7m▀[0m        
           [38;2;7;7;7m[48;2;7;7;7m▀[0m[38;2;255;223;232m[48;2;255;223;232m▀[0m[38;2;197;153;166m[48;2;255;223;232m▀[0m[38;2;7;7;7m[48;2;7;7;7m▀[0m    [38;2;7;7;7m▀[38;2;197;153;166m[48;2;7;7;7m▀[0m[38;2;197;153;166m[48;2;197;153;166m▀[0m[38;2;197;153;166m[48;2;197;153;166m▀[0m[38;2;197;153;166m[48;2;197;153;166m▀[0m[38;2;197;153;166m[48;2;7;7;7m▀[0m[38;2;7;7;7m▀       [38;2;65;65;65m[48;2;65;65;65m▀[0m[38;2;197;153;166m[48;2;255;223;232m▀[0m[38;2;132;132;104m[48;2;132;132;104m▀[0m[38;2;255;223;232m[48;2;248;248;248m▀[0m[38;2;248;248;248m[48;2;248;248;248m▀[0m[38;2;7;7;7m[48;2;248;248;248m▀[0m[38;2;7;7;7m▄      
          [38;2;7;7;7m[48;2;7;7;7m▀[0m[38;2;197;153;166m[48;2;255;223;232m▀[0m[38;2;248;248;248m[48;2;248;248;248m▀[0m[38;2;255;223;232m[48;2;248;248;248m▀[0m[38;2;7;7;7m[48;2;255;223;232m▀[0m[38;2;7;7;7m▄    [38;2;7;7;7m▀[38;2;197;153;166m[48;2;7;7;7m▀[0m[38;2;255;223;232m[48;2;255;223;232m▀[0m[38;2;197;153;166m[48;2;197;153;166m▀[0m[38;2;7;7;7m[48;2;7;7;7m▀[0m       [38;2;65;65;65m[48;2;7;7;7m▀[0m[38;2;248;248;248m[48;2;7;7;7m▀[0m[38;2;132;132;104m[48;2;132;132;104m▀[0m[38;2;248;248;248m[48;2;248;248;248m▀[0m[38;2;248;248;248m[48;2;7;7;7m▀[0m[38;2;7;7;7m▀[38;2;248;248;248m[48;2;7;7;7m▀[0m[38;2;7;7;7m▀      
         [38;2;7;7;7m▀[38;2;248;248;248m[48;2;7;7;7m▀[0m[38;2;248;248;248m[48;2;7;7;7m▀[0m[38;2;248;248;248m[48;2;7;7;7m▀[0m[38;2;248;248;248m[48;2;7;7;7m▀[0m[38;2;248;248;248m[48;2;7;7;7m▀[0m[38;2;7;7;7m▀    [38;2;7;7;7m▄[38;2;7;7;7m[48;2;197;153;166m▀[0m[38;2;255;223;232m[48;2;248;248;248m▀[0m[38;2;255;223;232m[48;2;255;223;232m▀[0m[38;2;7;7;7m[48;2;7;7;7m▀[0m         [38;2;7;7;7m▀[38;2;7;7;7m▀[38;2;7;7;7m▀         
                   [38;2;7;7;7m▄[38;2;7;7;7m[48;2;248;248;248m▀[0m[38;2;255;223;232m[48;2;248;248;248m▀[0m[38;2;248;248;248m[48;2;248;248;248m▀[0m[38;2;248;248;248m[48;2;248;248;248m▀[0m[38;2;255;223;232m[48;2;248;248;248m▀[0m[38;2;7;7;7m[48;2;7;7;7m▀[0m                    
                    [38;2;7;7;7m▀[38;2;7;7;7m▀[38;2;7;7;7m▀[38;2;7;7;7m▀[38;2;7;7;7m▀                     
[0m