               [38;2;0;0;0m▄[38;2;0;0;0m[48;2;156;181;239m▀[0m[38;2;0;0;0m[48;2;156;181;239m▀[0m[38;2;0;0;0m[48;2;156;181;239m▀[0m[38;2;0;0;0m▄[38;2;0;0;0m▄   
              [38;2;0;0;0m[48;2;0;0;0m▀[0m[38;2;156;181;239m[48;2;156;181;239m▀[0m[38;2;156;181;239m[48;2;156;181;239m▀[0m[38;2;115;115;123m[48;2;156;181;239m▀[0m[38;2;115;115;123m[48;2;156;181;239m▀[0m[38;2;156;181;239m[48;2;115;115;123m▀[0m[38;2;116;141;199m[48;2;156;181;239m▀[0m[38;2;0;0;0m[48;2;0;0;0m▀[0m  
   [38;2;0;0;0m▄[38;2;0;0;0m[48;2;82;106;115m▀[0m[38;2;0;0;0m[48;2;65;65;65m▀[0m[38;2;0;0;0m▄    [38;2;0;0;0m▄[38;2;0;0;0m▄  [38;2;0;0;0m▀[38;2;156;181;239m[48;2;0;0;0m▀[0m[38;2;156;181;239m[48;2;0;0;0m▀[0m[38;2;115;115;123m[48;2;0;0;0m▀[0m[38;2;0;0;0m▀[38;2;116;141;199m[48;2;0;0;0m▀[0m[38;2;156;181;239m[48;2;156;181;239m▀[0m[38;2;0;0;0m[48;2;0;0;0m▀[0m 
   [38;2;0;0;0m[48;2;0;0;0m▀[0m[38;2;65;65;65m[48;2;65;65;65m▀[0m[38;2;82;106;115m[48;2;82;106;115m▀[0m[38;2;0;0;0m[48;2;65;65;65m▀[0m[38;2;0;0;0m▄[38;2;0;0;0m▄[38;2;0;0;0m▄[38;2;0;0;0m[48;2;82;106;115m▀[0m[38;2;82;106;115m[48;2;82;106;115m▀[0m[38;2;82;106;115m[48;2;82;106;115m▀[0m[38;2;0;0;0m[48;2;82;106;115m▀[0m     [38;2;0;0;0m▄[38;2;0;0;0m[48;2;116;141;199m▀[0m[38;2;156;181;239m[48;2;116;141;199m▀[0m[38;2;0;0;0m[48;2;0;0;0m▀[0m 
 [38;2;0;0;0m▄[38;2;0;0;0m▄[38;2;0;0;0m▄[38;2;0;0;0m[48;2;156;181;239m▀[0m[38;2;82;106;115m[48;2;255;255;255m▀[0m[38;2;156;181;239m[48;2;82;180;255m▀[0m[38;2;156;181;239m[48;2;156;181;239m▀[0m[38;2;156;181;239m[48;2;156;181;239m▀[0m[38;2;82;106;115m[48;2;82;106;115m▀[0m[38;2;82;106;115m[48;2;124;106;167m▀[0m[38;2;124;106;167m[48;2;124;106;167m▀[0m[38;2;124;106;167m[48;2;82;106;115m▀[0m[38;2;82;106;115m[48;2;65;65;65m▀[0m[38;2;0;0;0m[48;2;0;0;0m▀[0m[38;2;0;0;0m▄[38;2;0;0;0m▄[38;2;0;0;0m[48;2;156;181;239m▀[0m[38;2;0;0;0m[48;2;156;181;239m▀[0m[38;2;115;115;123m[48;2;156;181;239m▀[0m[38;2;116;141;199m[48;2;0;0;0m▀[0m[38;2;0;0;0m▀  
[38;2;0;0;0m▀[38;2;116;141;199m[48;2;0;0;0m▀[0m[38;2;65;65;65m[48;2;65;65;65m▀[0m[38;2;238;238;238m[48;2;238;238;238m▀[0m[38;2;124;106;167m[48;2;0;0;0m▀[0m[38;2;82;180;255m[48;2;156;181;239m▀[0m[38;2;65;131;205m[48;2;156;181;239m▀[0m[38;2;156;181;239m[48;2;124;106;167m▀[0m[38;2;124;106;167m[48;2;124;106;167m▀[0m[38;2;124;106;167m[48;2;238;238;238m▀[0m[38;2;156;181;239m[48;2;65;65;65m▀[0m[38;2;156;181;239m[48;2;156;181;239m▀[0m[38;2;156;181;239m[48;2;156;181;239m▀[0m[38;2;65;65;65m[48;2;156;181;239m▀[0m[38;2;116;141;199m[48;2;65;65;65m▀[0m[38;2;156;181;239m[48;2;65;65;65m▀[0m[38;2;156;181;239m[48;2;156;181;239m▀[0m[38;2;156;181;239m[48;2;156;181;239m▀[0m[38;2;156;181;239m[48;2;156;181;239m▀[0m[38;2;156;181;239m[48;2;116;141;199m▀[0m[38;2;116;141;199m[48;2;116;141;199m▀[0m[38;2;0;0;0m[48;2;0;0;0m▀[0m  
[38;2;0;0;0m▀[38;2;116;141;199m[48;2;0;0;0m▀[0m[38;2;65;65;65m[48;2;0;0;0m▀[0m[38;2;156;181;239m[48;2;156;181;239m▀[0m[38;2;238;238;238m[48;2;156;181;239m▀[0m[38;2;156;181;239m[48;2;82;106;115m▀[0m[38;2;156;181;239m[48;2;82;106;115m▀[0m[38;2;238;238;238m[48;2;238;238;238m▀[0m[38;2;0;0;0m[48;2;238;238;238m▀[0m[38;2;238;238;238m[48;2;65;65;65m▀[0m[38;2;65;65;65m[48;2;156;181;239m▀[0m[38;2;156;181;239m[48;2;156;181;239m▀[0m[38;2;156;181;239m[48;2;156;181;239m▀[0m[38;2;156;181;239m[48;2;65;65;65m▀[0m[38;2;116;141;199m[48;2;65;65;65m▀[0m[38;2;156;181;239m[48;2;65;65;65m▀[0m[38;2;65;65;65m[48;2;116;141;199m▀[0m[38;2;116;141;199m[48;2;116;141;199m▀[0m[38;2;116;141;199m[48;2;116;141;199m▀[0m[38;2;116;141;199m[48;2;116;141;199m▀[0m[38;2;116;141;199m[48;2;116;141;199m▀[0m[38;2;116;141;199m[48;2;116;141;199m▀[0m[38;2;0;0;0m[48;2;0;0;0m▀[0m 
   [38;2;0;0;0m▀[38;2;156;181;239m[48;2;0;0;0m▀[0m[38;2;116;141;199m[48;2;156;181;239m▀[0m[38;2;156;181;239m[48;2;156;181;239m▀[0m[38;2;156;181;239m[48;2;156;181;239m▀[0m[38;2;156;181;239m[48;2;156;181;239m▀[0m[38;2;156;181;239m[48;2;156;181;239m▀[0m[38;2;156;181;239m[48;2;156;181;239m▀[0m[38;2;156;181;239m[48;2;156;181;239m▀[0m[38;2;156;181;239m[48;2;65;65;65m▀[0m[38;2;116;141;199m[48;2;65;65;65m▀[0m[38;2;156;181;239m[48;2;65;65;65m▀[0m[38;2;65;65;65m[48;2;116;141;199m▀[0m[38;2;116;141;199m[48;2;0;0;0m▀[0m[38;2;65;65;65m[48;2;0;0;0m▀[0m[38;2;116;141;199m[48;2;0;0;0m▀[0m[38;2;116;141;199m[48;2;116;141;199m▀[0m[38;2;116;141;199m[48;2;116;141;199m▀[0m[38;2;116;141;199m[48;2;65;65;65m▀[0m[38;2;65;65;65m[48;2;116;141;199m▀[0m[38;2;0;0;0m[48;2;0;0;0m▀[0m
     [38;2;0;0;0m▀[38;2;65;65;65m[48;2;0;0;0m▀[0m[38;2;156;181;239m[48;2;65;65;65m▀[0m[38;2;156;181;239m[48;2;65;65;65m▀[0m[38;2;156;181;239m[48;2;65;65;65m▀[0m[38;2;65;65;65m[48;2;0;0;0m▀[0m[38;2;65;65;65m[48;2;0;0;0m▀[0m[38;2;65;65;65m[48;2;116;141;199m▀[0m[38;2;116;141;199m[48;2;116;141;199m▀[0m[38;2;116;141;199m[48;2;116;141;199m▀[0m[38;2;0;0;0m[48;2;0;0;0m▀[0m  [38;2;0;0;0m▄[38;2;0;0;0m[48;2;116;141;199m▀[0m[38;2;116;141;199m[48;2;115;115;123m▀[0m[38;2;116;141;199m[48;2;116;141;199m▀[0m[38;2;116;141;199m[48;2;0;0;0m▀[0m[38;2;0;0;0m▀
      [38;2;0;0;0m▀[38;2;115;115;123m[48;2;0;0;0m▀[0m[38;2;115;115;123m[48;2;0;0;0m▀[0m[38;2;0;0;0m▀[38;2;0;0;0m▄[38;2;0;0;0m[48;2;116;141;199m▀[0m[38;2;116;141;199m[48;2;116;141;199m▀[0m[38;2;116;141;199m[48;2;116;141;199m▀[0m[38;2;0;0;0m[48;2;0;0;0m▀[0m    [38;2;0;0;0m▀[38;2;0;0;0m▀[38;2;0;0;0m▀  
         [38;2;0;0;0m▀[38;2;116;141;199m[48;2;0;0;0m▀[0m[38;2;115;115;123m[48;2;0;0;0m▀[0m[38;2;116;141;199m[48;2;0;0;0m▀[0m[38;2;0;0;0m▀          
[0m