     [38;2;0;0;0m▄[38;2;0;0;0m▄[38;2;0;0;0m[48;2;186;75;65m▀[0m[38;2;0;0;0m[48;2;246;80;65m▀[0m[38;2;0;0;0m[48;2;169;67;60m▀[0m[38;2;0;16;16m▄[38;2;0;0;0m▄            
   [38;2;0;0;0m▄[38;2;0;0;0m[48;2;65;64;65m▀[0m[38;2;255;85;82m[48;2;65;64;65m▀[0m[38;2;255;85;82m[48;2;160;64;74m▀[0m[38;2;65;64;65m[48;2;255;85;82m▀[0m[38;2;65;64;65m[48;2;255;85;82m▀[0m[38;2;84;41;38m[48;2;255;85;82m▀[0m[38;2;255;93;82m[48;2;183;71;43m▀[0m[38;2;255;85;82m[48;2;255;85;82m▀[0m[38;2;0;0;0m[48;2;255;85;82m▀[0m[38;2;0;0;0m▄     [38;2;0;0;0m▄[38;2;0;0;0m[48;2;253;180;19m▀[0m[38;2;0;0;0m[48;2;214;127;19m▀[0m[38;2;0;0;0m▄ 
   [38;2;0;0;0m[48;2;8;0;8m▀[0m[38;2;65;64;65m[48;2;98;206;148m▀[0m[38;2;65;64;65m[48;2;246;80;65m▀[0m[38;2;65;64;65m[48;2;65;64;65m▀[0m[38;2;65;64;65m[48;2;65;64;65m▀[0m[38;2;255;85;82m[48;2;255;85;82m▀[0m[38;2;255;85;82m[48;2;254;84;79m▀[0m[38;2;255;85;82m[48;2;254;84;79m▀[0m[38;2;183;71;43m[48;2;183;71;43m▀[0m[38;2;255;85;82m[48;2;255;85;82m▀[0m[38;2;0;0;0m[48;2;0;0;0m▀[0m   [38;2;0;0;0m▄[38;2;0;0;0m[48;2;253;180;19m▀[0m[38;2;253;180;19m[48;2;214;127;19m▀[0m[38;2;214;127;19m[48;2;214;127;19m▀[0m[38;2;214;127;19m[48;2;214;127;19m▀[0m[38;2;214;127;19m[48;2;214;127;19m▀[0m[38;2;0;0;0m[48;2;0;0;0m▀[0m
 [38;2;0;0;0m▄[38;2;0;0;0m▄[38;2;8;0;8m[48;2;255;255;255m▀[0m[38;2;38;68;54m[48;2;65;64;65m▀[0m[38;2;65;64;65m[48;2;65;64;65m▀[0m[38;2;186;75;65m[48;2;65;64;65m▀[0m[38;2;255;85;82m[48;2;65;64;65m▀[0m[38;2;255;85;82m[48;2;65;64;65m▀[0m[38;2;254;84;79m[48;2;255;85;82m▀[0m[38;2;254;84;79m[48;2;255;85;82m▀[0m[38;2;183;71;43m[48;2;183;71;43m▀[0m[38;2;255;85;82m[48;2;65;65;65m▀[0m[38;2;0;0;0m[48;2;253;180;19m▀[0m[38;2;0;0;0m[48;2;65;65;65m▀[0m[38;2;0;0;0m[48;2;65;65;65m▀[0m[38;2;0;0;0m[48;2;65;65;65m▀[0m[38;2;214;127;19m[48;2;65;65;65m▀[0m[38;2;214;127;19m[48;2;214;127;19m▀[0m[38;2;214;127;19m[48;2;214;127;19m▀[0m[38;2;214;127;19m[48;2;214;127;19m▀[0m[38;2;214;127;19m[48;2;0;0;0m▀[0m[38;2;0;0;0m▀ 
[38;2;0;0;0m▀[38;2;255;255;255m[48;2;0;0;0m▀[0m[38;2;255;255;255m[48;2;0;0;0m▀[0m[38;2;255;255;255m[48;2;255;250;255m▀[0m[38;2;255;255;255m[48;2;255;250;255m▀[0m[38;2;255;255;255m[48;2;255;255;255m▀[0m[38;2;255;255;255m[48;2;255;255;255m▀[0m[38;2;255;255;255m[48;2;65;65;65m▀[0m[38;2;255;255;255m[48;2;65;65;65m▀[0m[38;2;65;65;65m[48;2;214;127;19m▀[0m[38;2;65;65;65m[48;2;253;180;19m▀[0m[38;2;65;65;65m[48;2;253;180;19m▀[0m[38;2;253;180;19m[48;2;253;180;19m▀[0m[38;2;253;180;19m[48;2;162;113;57m▀[0m[38;2;253;180;19m[48;2;0;0;0m▀[0m[38;2;65;65;65m[48;2;0;0;0m▀[0m[38;2;65;65;65m[48;2;214;127;19m▀[0m[38;2;214;127;19m[48;2;214;127;19m▀[0m[38;2;214;127;19m[48;2;214;127;19m▀[0m[38;2;214;127;19m[48;2;0;0;0m▀[0m[38;2;0;0;0m▀   
   [38;2;0;0;0m[48;2;0;0;0m▀[0m[38;2;65;65;65m[48;2;214;127;19m▀[0m[38;2;65;65;65m[48;2;214;127;19m▀[0m[38;2;65;65;65m[48;2;253;180;19m▀[0m[38;2;253;180;19m[48;2;253;180;19m▀[0m[38;2;214;127;19m[48;2;253;180;19m▀[0m[38;2;255;255;255m[48;2;0;0;0m▀[0m[38;2;0;0;0m[48;2;65;65;65m▀[0m[38;2;253;180;19m[48;2;253;180;19m▀[0m[38;2;253;180;19m[48;2;253;180;19m▀[0m[38;2;253;180;19m[48;2;253;180;19m▀[0m[38;2;0;0;0m[48;2;253;180;19m▀[0m[38;2;0;0;0m▄[38;2;0;0;0m▀[38;2;214;127;19m[48;2;0;0;0m▀[0m[38;2;214;127;19m[48;2;214;127;19m▀[0m[38;2;214;127;19m[48;2;214;127;19m▀[0m[38;2;0;0;0m[48;2;0;0;0m▀[0m   
   [38;2;0;0;0m▄[38;2;0;0;0m[48;2;214;127;19m▀[0m[38;2;253;180;19m[48;2;65;65;65m▀[0m[38;2;253;180;19m[48;2;214;127;19m▀[0m[38;2;253;180;19m[48;2;253;180;19m▀[0m[38;2;253;180;19m[48;2;253;180;19m▀[0m[38;2;253;180;19m[48;2;253;180;19m▀[0m[38;2;246;98;82m[48;2;246;98;82m▀[0m[38;2;246;98;82m[48;2;246;98;82m▀[0m[38;2;253;180;19m[48;2;253;180;19m▀[0m[38;2;253;180;19m[48;2;253;180;19m▀[0m[38;2;253;180;19m[48;2;253;180;19m▀[0m[38;2;253;180;19m[48;2;181;87;41m▀[0m[38;2;0;0;0m[48;2;65;65;65m▀[0m[38;2;214;127;19m[48;2;165;84;49m▀[0m[38;2;214;127;19m[48;2;0;0;0m▀[0m[38;2;0;0;0m▀    
    [38;2;0;0;0m▀[38;2;0;0;0m▀[38;2;0;0;0m▀[38;2;214;127;19m[48;2;0;0;0m▀[0m[38;2;214;127;19m[48;2;214;127;19m▀[0m[38;2;253;180;19m[48;2;214;127;19m▀[0m[38;2;253;180;19m[48;2;65;65;65m▀[0m[38;2;65;65;65m[48;2;253;180;19m▀[0m[38;2;253;180;19m[48;2;253;180;19m▀[0m[38;2;253;180;19m[48;2;65;65;65m▀[0m[38;2;253;180;19m[48;2;253;180;19m▀[0m[38;2;253;180;19m[48;2;253;180;19m▀[0m[38;2;253;180;19m[48;2;181;87;41m▀[0m[38;2;65;65;65m[48;2;65;65;65m▀[0m[38;2;165;84;49m[48;2;0;0;0m▀[0m[38;2;0;0;0m▀    
       [38;2;0;0;0m▀[38;2;214;127;19m[48;2;0;0;0m▀[0m[38;2;214;127;19m[48;2;214;127;19m▀[0m[38;2;214;127;19m[48;2;214;127;19m▀[0m[38;2;65;65;65m[48;2;253;180;19m▀[0m[38;2;65;65;65m[48;2;253;180;19m▀[0m[38;2;253;180;19m[48;2;253;180;19m▀[0m[38;2;253;180;19m[48;2;253;180;19m▀[0m[38;2;253;180;19m[48;2;253;180;19m▀[0m[38;2;253;180;19m[48;2;65;65;65m▀[0m[38;2;0;0;0m[48;2;0;0;0m▀[0m      
         [38;2;0;0;0m▀[38;2;0;0;0m▀[38;2;0;0;0m▀[38;2;253;180;19m[48;2;0;0;0m▀[0m[38;2;253;180;19m[48;2;0;0;0m▀[0m[38;2;253;180;19m[48;2;253;180;19m▀[0m[38;2;253;180;19m[48;2;0;0;0m▀[0m[38;2;0;0;0m▀       
              [38;2;0;0;0m▀         
[0m