     [38;2;0;0;0m▄[38;2;0;0;0m▄[38;2;0;0;0m[48;2;115;115;115m▀[0m[38;2;0;0;0m[48;2;115;115;115m▀[0m[38;2;0;0;0m[48;2;115;115;115m▀[0m[38;2;0;0;0m▄[38;2;0;0;0m▄            
   [38;2;0;0;0m▄[38;2;0;0;0m[48;2;98;205;98m▀[0m[38;2;115;115;115m[48;2;98;205;98m▀[0m[38;2;115;115;115m[48;2;115;115;115m▀[0m[38;2;115;115;115m[48;2;115;115;115m▀[0m[38;2;115;115;115m[48;2;115;115;115m▀[0m[38;2;115;115;115m[48;2;230;106;74m▀[0m[38;2;230;106;74m[48;2;230;106;74m▀[0m[38;2;230;106;74m[48;2;230;106;74m▀[0m[38;2;0;0;0m[48;2;230;106;74m▀[0m[38;2;0;0;0m▄     [38;2;0;0;0m▄[38;2;0;0;0m[48;2;253;180;19m▀[0m[38;2;0;0;0m[48;2;214;127;19m▀[0m[38;2;0;0;0m▄ 
   [38;2;0;0;0m[48;2;0;0;0m▀[0m[38;2;115;115;115m[48;2;98;205;98m▀[0m[38;2;106;164;106m[48;2;115;115;115m▀[0m[38;2;98;205;98m[48;2;98;205;98m▀[0m[38;2;115;115;115m[48;2;115;115;115m▀[0m[38;2;230;106;74m[48;2;230;106;74m▀[0m[38;2;230;106;74m[48;2;230;106;74m▀[0m[38;2;230;106;74m[48;2;230;106;74m▀[0m[38;2;230;106;74m[48;2;180;82;90m▀[0m[38;2;230;106;74m[48;2;180;82;90m▀[0m[38;2;0;0;0m[48;2;0;0;0m▀[0m   [38;2;0;0;0m▄[38;2;0;0;0m[48;2;253;180;19m▀[0m[38;2;253;180;19m[48;2;214;127;19m▀[0m[38;2;214;127;19m[48;2;214;127;19m▀[0m[38;2;214;127;19m[48;2;214;127;19m▀[0m[38;2;214;127;19m[48;2;214;127;19m▀[0m[38;2;0;0;0m[48;2;0;0;0m▀[0m
 [38;2;0;0;0m▄[38;2;0;0;0m[48;2;230;106;74m▀[0m[38;2;65;65;65m[48;2;230;106;74m▀[0m[38;2;115;115;115m[48;2;180;82;90m▀[0m[38;2;115;115;115m[48;2;180;82;90m▀[0m[38;2;115;115;115m[48;2;180;82;90m▀[0m[38;2;230;106;74m[48;2;230;106;74m▀[0m[38;2;230;106;74m[48;2;230;106;74m▀[0m[38;2;230;106;74m[48;2;230;106;74m▀[0m[38;2;180;82;90m[48;2;180;82;90m▀[0m[38;2;180;82;90m[48;2;180;82;90m▀[0m[38;2;180;82;90m[48;2;65;65;65m▀[0m[38;2;0;0;0m[48;2;253;180;19m▀[0m[38;2;0;0;0m[48;2;65;65;65m▀[0m[38;2;0;0;0m[48;2;65;65;65m▀[0m[38;2;0;0;0m[48;2;65;65;65m▀[0m[38;2;214;127;19m[48;2;65;65;65m▀[0m[38;2;214;127;19m[48;2;214;127;19m▀[0m[38;2;214;127;19m[48;2;214;127;19m▀[0m[38;2;214;127;19m[48;2;214;127;19m▀[0m[38;2;214;127;19m[48;2;0;0;0m▀[0m[38;2;0;0;0m▀ 
[38;2;0;0;0m▀[38;2;230;106;74m[48;2;0;0;0m▀[0m[38;2;230;106;74m[48;2;0;0;0m▀[0m[38;2;230;106;74m[48;2;230;106;74m▀[0m[38;2;230;106;74m[48;2;230;106;74m▀[0m[38;2;230;106;74m[48;2;230;106;74m▀[0m[38;2;230;106;74m[48;2;65;65;65m▀[0m[38;2;180;82;90m[48;2;65;65;65m▀[0m[38;2;180;82;90m[48;2;65;65;65m▀[0m[38;2;65;65;65m[48;2;214;127;19m▀[0m[38;2;65;65;65m[48;2;253;180;19m▀[0m[38;2;65;65;65m[48;2;253;180;19m▀[0m[38;2;253;180;19m[48;2;253;180;19m▀[0m[38;2;253;180;19m[48;2;162;113;57m▀[0m[38;2;253;180;19m[48;2;0;0;0m▀[0m[38;2;65;65;65m[48;2;0;0;0m▀[0m[38;2;65;65;65m[48;2;214;127;19m▀[0m[38;2;214;127;19m[48;2;214;127;19m▀[0m[38;2;214;127;19m[48;2;214;127;19m▀[0m[38;2;214;127;19m[48;2;0;0;0m▀[0m[38;2;0;0;0m▀   
   [38;2;0;0;0m[48;2;0;0;0m▀[0m[38;2;65;65;65m[48;2;214;127;19m▀[0m[38;2;65;65;65m[48;2;214;127;19m▀[0m[38;2;214;127;19m[48;2;253;180;19m▀[0m[38;2;253;180;19m[48;2;253;180;19m▀[0m[38;2;214;127;19m[48;2;253;180;19m▀[0m[38;2;255;255;255m[48;2;0;0;0m▀[0m[38;2;0;0;0m[48;2;65;65;65m▀[0m[38;2;253;180;19m[48;2;253;180;19m▀[0m[38;2;253;180;19m[48;2;253;180;19m▀[0m[38;2;253;180;19m[48;2;253;180;19m▀[0m[38;2;0;0;0m[48;2;253;180;19m▀[0m[38;2;0;0;0m▄[38;2;0;0;0m▀[38;2;214;127;19m[48;2;0;0;0m▀[0m[38;2;214;127;19m[48;2;214;127;19m▀[0m[38;2;214;127;19m[48;2;214;127;19m▀[0m[38;2;0;0;0m[48;2;0;0;0m▀[0m   
   [38;2;0;0;0m▄[38;2;0;0;0m[48;2;214;127;19m▀[0m[38;2;253;180;19m[48;2;65;65;65m▀[0m[38;2;253;180;19m[48;2;214;127;19m▀[0m[38;2;253;180;19m[48;2;253;180;19m▀[0m[38;2;253;180;19m[48;2;253;180;19m▀[0m[38;2;253;180;19m[48;2;253;180;19m▀[0m[38;2;246;98;82m[48;2;246;98;82m▀[0m[38;2;246;98;82m[48;2;246;98;82m▀[0m[38;2;253;180;19m[48;2;253;180;19m▀[0m[38;2;253;180;19m[48;2;253;180;19m▀[0m[38;2;253;180;19m[48;2;253;180;19m▀[0m[38;2;253;180;19m[48;2;181;87;41m▀[0m[38;2;0;0;0m[48;2;65;65;65m▀[0m[38;2;214;127;19m[48;2;165;84;49m▀[0m[38;2;214;127;19m[48;2;0;0;0m▀[0m[38;2;0;0;0m▀    
    [38;2;0;0;0m▀[38;2;0;0;0m▀[38;2;0;0;0m▀[38;2;214;127;19m[48;2;0;0;0m▀[0m[38;2;214;127;19m[48;2;214;127;19m▀[0m[38;2;253;180;19m[48;2;214;127;19m▀[0m[38;2;253;180;19m[48;2;65;65;65m▀[0m[38;2;65;65;65m[48;2;253;180;19m▀[0m[38;2;253;180;19m[48;2;253;180;19m▀[0m[38;2;253;180;19m[48;2;65;65;65m▀[0m[38;2;253;180;19m[48;2;253;180;19m▀[0m[38;2;253;180;19m[48;2;253;180;19m▀[0m[38;2;253;180;19m[48;2;181;87;41m▀[0m[38;2;65;65;65m[48;2;65;65;65m▀[0m[38;2;165;84;49m[48;2;0;0;0m▀[0m[38;2;0;0;0m▀    
       [38;2;0;0;0m▀[38;2;214;127;19m[48;2;0;0;0m▀[0m[38;2;214;127;19m[48;2;214;127;19m▀[0m[38;2;214;127;19m[48;2;214;127;19m▀[0m[38;2;65;65;65m[48;2;253;180;19m▀[0m[38;2;65;65;65m[48;2;253;180;19m▀[0m[38;2;253;180;19m[48;2;253;180;19m▀[0m[38;2;253;180;19m[48;2;253;180;19m▀[0m[38;2;253;180;19m[48;2;253;180;19m▀[0m[38;2;253;180;19m[48;2;65;65;65m▀[0m[38;2;0;0;0m[48;2;0;0;0m▀[0m      
         [38;2;0;0;0m▀[38;2;0;0;0m▀[38;2;0;0;0m▀[38;2;253;180;19m[48;2;0;0;0m▀[0m[38;2;253;180;19m[48;2;0;0;0m▀[0m[38;2;253;180;19m[48;2;253;180;19m▀[0m[38;2;253;180;19m[48;2;0;0;0m▀[0m[38;2;0;0;0m▀       
              [38;2;0;0;0m▀         
[0m