            [38;2;0;0;0m▄[38;2;0;0;0m[48;2;65;65;65m▀[0m[38;2;0;0;0m[48;2;0;0;0m▀[0m             
           [38;2;0;0;0m▄[38;2;0;0;0m[48;2;214;127;19m▀[0m[38;2;65;65;65m[48;2;214;127;19m▀[0m[38;2;0;0;0m[48;2;0;0;0m▀[0m     [38;2;0;0;0m▄[38;2;0;0;0m▄[38;2;0;0;0m▄[38;2;0;0;0m▄[38;2;0;0;0m[48;2;253;180;19m▀[0m[38;2;0;0;0m[48;2;214;127;19m▀[0m[38;2;0;0;0m▄ 
           [38;2;0;0;0m[48;2;0;0;0m▀[0m[38;2;214;127;19m[48;2;115;82;41m▀[0m[38;2;162;113;57m[48;2;214;127;19m▀[0m[38;2;0;0;0m[48;2;0;0;0m▀[0m[38;2;0;0;0m▄ [38;2;0;0;0m▄[38;2;0;0;0m[48;2;253;180;19m▀[0m[38;2;0;0;0m[48;2;253;180;19m▀[0m[38;2;65;65;65m[48;2;65;65;65m▀[0m[38;2;65;65;65m[48;2;65;65;65m▀[0m[38;2;65;65;65m[48;2;253;180;19m▀[0m[38;2;253;180;19m[48;2;214;127;19m▀[0m[38;2;214;127;19m[48;2;214;127;19m▀[0m[38;2;214;127;19m[48;2;214;127;19m▀[0m[38;2;214;127;19m[48;2;214;127;19m▀[0m[38;2;0;0;0m[48;2;0;0;0m▀[0m
         [38;2;0;0;0m▄[38;2;0;0;0m[48;2;253;180;19m▀[0m[38;2;214;127;19m[48;2;253;180;19m▀[0m[38;2;253;180;19m[48;2;253;180;19m▀[0m[38;2;253;180;19m[48;2;253;180;19m▀[0m[38;2;253;180;19m[48;2;253;180;19m▀[0m[38;2;253;180;19m[48;2;253;180;19m▀[0m[38;2;0;0;0m[48;2;162;113;57m▀[0m[38;2;253;180;19m[48;2;253;180;19m▀[0m[38;2;253;180;19m[48;2;253;180;19m▀[0m[38;2;253;180;19m[48;2;65;65;65m▀[0m[38;2;65;65;65m[48;2;214;127;19m▀[0m[38;2;214;127;19m[48;2;214;127;19m▀[0m[38;2;214;127;19m[48;2;214;127;19m▀[0m[38;2;214;127;19m[48;2;214;127;19m▀[0m[38;2;214;127;19m[48;2;214;127;19m▀[0m[38;2;214;127;19m[48;2;0;0;0m▀[0m[38;2;0;0;0m▀ 
        [38;2;0;0;0m[48;2;0;0;0m▀[0m[38;2;255;255;255m[48;2;65;65;65m▀[0m[38;2;253;180;19m[48;2;253;180;19m▀[0m[38;2;253;180;19m[48;2;253;180;19m▀[0m[38;2;253;180;19m[48;2;253;180;19m▀[0m[38;2;253;180;19m[48;2;214;127;19m▀[0m[38;2;214;127;19m[48;2;255;255;255m▀[0m[38;2;253;180;19m[48;2;0;0;0m▀[0m[38;2;253;180;19m[48;2;253;180;19m▀[0m[38;2;253;180;19m[48;2;253;180;19m▀[0m[38;2;162;113;57m[48;2;253;180;19m▀[0m[38;2;65;65;65m[48;2;65;65;65m▀[0m[38;2;214;127;19m[48;2;214;127;19m▀[0m[38;2;214;127;19m[48;2;214;127;19m▀[0m[38;2;214;127;19m[48;2;214;127;19m▀[0m[38;2;214;127;19m[48;2;0;0;0m▀[0m[38;2;0;0;0m▀   
        [38;2;0;0;0m[48;2;0;0;0m▀[0m[38;2;253;180;19m[48;2;253;180;19m▀[0m[38;2;162;113;57m[48;2;253;180;19m▀[0m[38;2;253;180;19m[48;2;253;180;19m▀[0m[38;2;253;180;19m[48;2;253;180;19m▀[0m[38;2;253;180;19m[48;2;253;180;19m▀[0m[38;2;148;90;24m[48;2;253;180;19m▀[0m[38;2;65;65;65m[48;2;246;98;82m▀[0m[38;2;253;180;19m[48;2;246;98;82m▀[0m[38;2;253;180;19m[48;2;253;180;19m▀[0m[38;2;253;180;19m[48;2;253;180;19m▀[0m[38;2;65;65;65m[48;2;0;0;0m▀[0m[38;2;0;0;0m▀[38;2;214;127;19m[48;2;0;0;0m▀[0m[38;2;214;127;19m[48;2;214;127;19m▀[0m[38;2;214;127;19m[48;2;214;127;19m▀[0m[38;2;0;0;0m[48;2;0;0;0m▀[0m   
  [38;2;255;255;255m▄[38;2;255;255;255m[48;2;65;65;65m▀[0m[38;2;255;255;255m[48;2;65;65;65m▀[0m[38;2;255;255;255m▄[38;2;255;255;255m▄[38;2;255;255;255m[48;2;65;65;65m▀[0m[38;2;255;255;255m[48;2;65;65;65m▀[0m[38;2;0;0;0m[48;2;255;255;255m▀[0m[38;2;214;127;19m[48;2;65;65;65m▀[0m[38;2;253;180;19m[48;2;214;127;19m▀[0m[38;2;253;180;19m[48;2;214;127;19m▀[0m[38;2;253;180;19m[48;2;246;159;21m▀[0m[38;2;253;180;19m[48;2;253;180;19m▀[0m[38;2;246;98;82m[48;2;253;180;19m▀[0m[38;2;246;98;82m[48;2;253;180;19m▀[0m[38;2;253;180;19m[48;2;253;180;19m▀[0m[38;2;253;180;19m[48;2;253;180;19m▀[0m[38;2;182;82;36m[48;2;253;180;19m▀[0m[38;2;0;0;0m[48;2;65;65;65m▀[0m[38;2;214;127;19m[48;2;165;84;49m▀[0m[38;2;214;127;19m[48;2;0;0;0m▀[0m[38;2;0;0;0m▀    
[38;2;255;255;255m▄[38;2;255;255;255m[48;2;65;65;65m▀[0m[38;2;65;65;65m[48;2;246;123;164m▀[0m[38;2;246;123;164m[48;2;255;255;255m▀[0m[38;2;246;123;164m[48;2;255;197;238m▀[0m[38;2;65;65;65m[48;2;246;123;164m▀[0m[38;2;65;65;65m[48;2;246;123;164m▀[0m[38;2;246;123;164m[48;2;255;197;238m▀[0m[38;2;246;123;164m[48;2;255;197;238m▀[0m[38;2;65;65;65m[48;2;246;123;164m▀[0m[38;2;255;255;255m[48;2;65;65;65m▀[0m[38;2;214;127;19m[48;2;255;255;255m▀[0m[38;2;214;127;19m[48;2;214;127;19m▀[0m[38;2;214;127;19m[48;2;214;127;19m▀[0m[38;2;214;127;19m[48;2;65;65;65m▀[0m[38;2;121;86;27m[48;2;253;180;19m▀[0m[38;2;253;180;19m[48;2;253;180;19m▀[0m[38;2;253;180;19m[48;2;65;65;65m▀[0m[38;2;253;180;19m[48;2;253;180;19m▀[0m[38;2;182;82;36m[48;2;253;180;19m▀[0m[38;2;65;65;65m[48;2;65;65;65m▀[0m[38;2;0;0;0m[48;2;165;84;49m▀[0m[38;2;0;0;0m▄     
[38;2;255;255;255m[48;2;255;255;255m▀[0m[38;2;65;65;65m[48;2;65;65;65m▀[0m[38;2;246;123;164m[48;2;246;123;164m▀[0m[38;2;255;197;238m[48;2;255;197;238m▀[0m[38;2;255;197;238m[48;2;255;197;238m▀[0m[38;2;255;197;238m[48;2;255;197;238m▀[0m[38;2;255;197;238m[48;2;255;197;238m▀[0m[38;2;255;197;238m[48;2;255;197;238m▀[0m[38;2;255;197;238m[48;2;255;197;238m▀[0m[38;2;246;123;164m[48;2;246;123;164m▀[0m[38;2;65;65;65m[48;2;65;65;65m▀[0m[38;2;255;255;255m[48;2;255;255;255m▀[0m[38;2;214;127;19m[48;2;214;127;19m▀[0m[38;2;214;127;19m[48;2;214;127;19m▀[0m[38;2;214;127;19m[48;2;214;127;19m▀[0m[38;2;65;65;65m[48;2;253;180;19m▀[0m[38;2;65;65;65m[48;2;253;180;19m▀[0m[38;2;253;180;19m[48;2;253;180;19m▀[0m[38;2;253;180;19m[48;2;253;180;19m▀[0m[38;2;253;180;19m[48;2;65;65;65m▀[0m[38;2;65;65;65m[48;2;0;0;0m▀[0m[38;2;0;0;0m▀      
 [38;2;255;255;255m▀[38;2;65;65;65m[48;2;255;255;255m▀[0m[38;2;246;123;164m[48;2;65;65;65m▀[0m[38;2;255;197;238m[48;2;246;123;164m▀[0m[38;2;255;197;238m[48;2;246;123;164m▀[0m[38;2;255;197;238m[48;2;246;123;164m▀[0m[38;2;255;197;238m[48;2;246;123;164m▀[0m[38;2;246;123;164m[48;2;65;65;65m▀[0m[38;2;65;65;65m[48;2;255;255;255m▀[0m[38;2;255;255;255m▀[38;2;0;0;0m▀[38;2;0;0;0m▀[38;2;0;0;0m▀[38;2;172;98;0m[48;2;0;0;0m▀[0m[38;2;253;180;19m[48;2;0;0;0m▀[0m[38;2;253;180;19m[48;2;0;0;0m▀[0m[38;2;253;180;19m[48;2;253;180;19m▀[0m[38;2;253;180;19m[48;2;0;0;0m▀[0m[38;2;0;0;0m▀        
   [38;2;255;255;255m▀[38;2;65;65;65m[48;2;255;255;255m▀[0m[38;2;246;123;164m[48;2;65;65;65m▀[0m[38;2;246;123;164m[48;2;65;65;65m▀[0m[38;2;65;65;65m[48;2;255;255;255m▀[0m[38;2;255;255;255m▀        [38;2;0;0;0m▀          
     [38;2;255;255;255m▀[38;2;255;255;255m▀                     
[0m