       [38;2;0;0;0m▄[38;2;0;0;0m[48;2;235;206;107m▀[0m[38;2;0;0;0m[48;2;0;0;0m▀[0m   [38;2;0;0;0m[48;2;0;0;0m▀[0m[38;2;0;0;0m[48;2;250;247;215m▀[0m[38;2;0;0;0m▄ [38;2;0;0;0m▄[38;2;0;0;0m▄[38;2;65;65;65m[48;2;65;65;65m▀[0m[38;2;65;65;65m[48;2;255;123;58m▀[0m[38;2;65;65;65m▄ [38;2;65;65;65m▄[38;2;65;65;65m▄      
    [38;2;0;0;0m[48;2;0;0;0m▀[0m[38;2;0;0;0m[48;2;235;206;107m▀[0m[38;2;0;0;0m[48;2;65;65;65m▀[0m[38;2;235;206;107m[48;2;235;206;107m▀[0m[38;2;235;206;107m[48;2;140;132;115m▀[0m[38;2;0;0;0m[48;2;235;206;107m▀[0m[38;2;0;0;0m▄ [38;2;0;0;0m▄[38;2;0;0;0m[48;2;0;0;0m▀[0m[38;2;250;247;215m[48;2;250;247;215m▀[0m[38;2;250;247;215m[48;2;250;247;215m▀[0m[38;2;0;0;0m[48;2;250;247;215m▀[0m[38;2;250;247;215m[48;2;123;123;123m▀[0m[38;2;0;0;0m[48;2;0;0;0m▀[0m[38;2;65;65;65m[48;2;65;65;65m▀[0m[38;2;255;123;58m[48;2;255;123;58m▀[0m[38;2;65;65;65m[48;2;255;123;58m▀[0m[38;2;65;65;65m▄[38;2;65;65;65m[48;2;65;65;65m▀[0m[38;2;255;123;58m[48;2;255;123;58m▀[0m[38;2;65;65;65m[48;2;65;65;65m▀[0m     
[38;2;181;105;58m▄[38;2;181;105;58m[48;2;122;186;43m▀[0m[38;2;181;105;58m[48;2;122;186;43m▀[0m[38;2;181;105;58m▄[38;2;181;105;58m▄[38;2;0;0;0m[48;2;0;0;0m▀[0m[38;2;235;206;107m[48;2;235;206;107m▀[0m[38;2;235;206;107m[48;2;235;206;107m▀[0m[38;2;0;0;0m[48;2;0;0;0m▀[0m[38;2;0;0;0m[48;2;65;65;65m▀[0m[38;2;129;111;213m[48;2;65;65;65m▀[0m[38;2;65;65;65m[48;2;129;111;213m▀[0m[38;2;0;0;0m[48;2;65;65;65m▀[0m[38;2;235;206;107m[48;2;0;0;0m▀[0m[38;2;123;123;123m[48;2;0;0;0m▀[0m[38;2;250;247;215m[48;2;250;247;215m▀[0m[38;2;250;247;215m[48;2;250;247;215m▀[0m[38;2;0;0;0m[48;2;250;247;215m▀[0m[38;2;0;0;0m▄[38;2;65;65;65m[48;2;0;0;0m▀[0m[38;2;65;65;65m[48;2;180;163;255m▀[0m[38;2;65;65;65m[48;2;180;163;255m▀[0m[38;2;65;65;65m[48;2;180;163;255m▀[0m[38;2;65;65;65m[48;2;65;65;65m▀[0m[38;2;255;123;58m[48;2;65;65;65m▀[0m[38;2;255;123;58m[48;2;255;123;58m▀[0m[38;2;65;65;65m[48;2;65;65;65m▀[0m    
[38;2;181;105;58m▀[38;2;122;186;43m[48;2;181;105;58m▀[0m[38;2;122;186;43m[48;2;122;186;43m▀[0m[38;2;0;0;0m[48;2;0;0;0m▀[0m[38;2;0;0;0m[48;2;235;206;107m▀[0m[38;2;65;65;65m[48;2;65;65;65m▀[0m[38;2;235;206;107m[48;2;235;206;107m▀[0m[38;2;235;206;107m[48;2;235;206;107m▀[0m[38;2;140;132;115m[48;2;235;206;107m▀[0m[38;2;0;0;0m[48;2;0;0;0m▀[0m[38;2;65;65;65m[48;2;65;65;65m▀[0m[38;2;129;111;213m[48;2;65;65;65m▀[0m[38;2;65;65;65m[48;2;0;0;0m▀[0m[38;2;0;0;0m▄[38;2;0;0;0m[48;2;0;0;0m▀[0m[38;2;250;247;215m[48;2;250;247;215m▀[0m[38;2;250;247;215m[48;2;250;247;215m▀[0m[38;2;250;247;215m[48;2;250;247;215m▀[0m[38;2;123;123;123m[48;2;235;206;107m▀[0m[38;2;250;247;215m[48;2;0;0;0m▀[0m[38;2;0;0;0m[48;2;65;65;65m▀[0m[38;2;65;65;65m[48;2;65;65;65m▀[0m[38;2;65;65;65m[48;2;65;65;65m▀[0m[38;2;180;163;255m[48;2;65;65;65m▀[0m[38;2;180;163;255m[48;2;65;65;65m▀[0m[38;2;65;65;65m[48;2;180;163;255m▀[0m[38;2;65;65;65m[48;2;255;123;58m▀[0m[38;2;255;123;58m▄[38;2;255;123;58m▄[38;2;255;123;58m▄ 
 [38;2;181;105;58m▀[38;2;122;186;43m[48;2;181;105;58m▀[0m[38;2;122;186;43m[48;2;122;186;43m▀[0m[38;2;0;0;0m[48;2;122;186;43m▀[0m[38;2;0;0;0m[48;2;0;0;0m▀[0m[38;2;235;206;107m[48;2;140;132;115m▀[0m[38;2;235;206;107m[48;2;235;206;107m▀[0m[38;2;235;206;107m[48;2;235;206;107m▀[0m[38;2;235;206;107m[48;2;65;65;65m▀[0m[38;2;0;0;0m[48;2;180;163;255m▀[0m[38;2;0;0;0m[48;2;180;163;255m▀[0m[38;2;180;163;255m[48;2;180;163;255m▀[0m[38;2;180;163;255m[48;2;129;111;213m▀[0m[38;2;65;65;65m[48;2;75;51;134m▀[0m[38;2;235;206;107m[48;2;65;65;65m▀[0m[38;2;250;247;215m[48;2;235;206;107m▀[0m[38;2;235;206;107m[48;2;235;206;107m▀[0m[38;2;235;206;107m[48;2;65;65;65m▀[0m[38;2;0;0;0m[48;2;0;0;0m▀[0m[38;2;65;65;65m[48;2;255;123;58m▀[0m[38;2;65;65;65m[48;2;255;123;58m▀[0m[38;2;255;123;58m[48;2;122;186;43m▀[0m[38;2;255;123;58m[48;2;255;123;58m▀[0m[38;2;255;123;58m[48;2;122;186;43m▀[0m[38;2;255;123;58m[48;2;122;186;43m▀[0m[38;2;122;186;43m[48;2;122;186;43m▀[0m[38;2;188;255;49m[48;2;188;255;49m▀[0m[38;2;188;255;49m[48;2;188;255;49m▀[0m[38;2;188;255;49m[48;2;255;123;58m▀[0m[38;2;255;123;58m▀
 [38;2;0;0;0m▄[38;2;0;0;0m▄[38;2;0;0;0m[48;2;75;51;134m▀[0m[38;2;0;0;0m[48;2;65;65;65m▀[0m[38;2;122;186;43m[48;2;0;0;0m▀[0m[38;2;0;0;0m[48;2;75;51;134m▀[0m[38;2;235;206;107m[48;2;65;65;65m▀[0m[38;2;65;65;65m[48;2;75;51;134m▀[0m[38;2;180;163;255m[48;2;180;163;255m▀[0m[38;2;180;163;255m[48;2;180;163;255m▀[0m[38;2;180;163;255m[48;2;129;111;213m▀[0m[38;2;75;51;134m[48;2;188;255;49m▀[0m[38;2;132;189;49m[48;2;0;0;0m▀[0m[38;2;188;255;49m[48;2;188;255;49m▀[0m[38;2;75;51;134m[48;2;75;51;134m▀[0m[38;2;65;65;65m[48;2;180;163;255m▀[0m[38;2;65;65;65m[48;2;129;111;213m▀[0m[38;2;129;111;213m[48;2;129;111;213m▀[0m[38;2;0;0;0m[48;2;129;111;213m▀[0m[38;2;122;186;43m[48;2;0;0;0m▀[0m[38;2;122;186;43m[48;2;122;186;43m▀[0m[38;2;122;186;43m[48;2;188;255;49m▀[0m[38;2;122;186;43m[48;2;188;255;49m▀[0m[38;2;255;123;58m[48;2;255;123;58m▀[0m[38;2;255;123;58m[48;2;188;255;49m▀[0m[38;2;188;255;49m[48;2;188;255;49m▀[0m[38;2;188;255;49m[48;2;188;255;49m▀[0m[38;2;188;255;49m[48;2;255;123;58m▀[0m[38;2;255;123;58m▀ 
[38;2;0;0;0m▀[38;2;75;51;134m[48;2;0;0;0m▀[0m[38;2;75;51;134m[48;2;65;65;65m▀[0m[38;2;65;65;65m[48;2;129;111;213m▀[0m[38;2;129;111;213m[48;2;129;111;213m▀[0m[38;2;129;111;213m[48;2;0;0;0m▀[0m[38;2;0;0;0m▀[38;2;0;0;0m[48;2;0;0;0m▀[0m[38;2;180;163;255m[48;2;65;65;65m▀[0m[38;2;65;65;65m[48;2;250;247;215m▀[0m[38;2;65;65;65m[48;2;65;65;65m▀[0m[38;2;65;65;65m[48;2;250;247;215m▀[0m[38;2;65;65;65m[48;2;140;132;115m▀[0m[38;2;129;111;213m[48;2;65;65;65m▀[0m[38;2;129;111;213m[48;2;180;163;255m▀[0m[38;2;180;163;255m[48;2;180;163;255m▀[0m[38;2;180;163;255m[48;2;129;111;213m▀[0m[38;2;129;111;213m[48;2;65;65;65m▀[0m[38;2;65;65;65m[48;2;75;51;134m▀[0m[38;2;65;65;65m[48;2;180;163;255m▀[0m[38;2;0;0;0m[48;2;75;51;134m▀[0m[38;2;188;255;49m[48;2;0;0;0m▀[0m[38;2;188;255;49m[48;2;0;0;0m▀[0m[38;2;255;123;58m[48;2;0;0;0m▀[0m[38;2;188;255;49m[48;2;255;123;58m▀[0m[38;2;188;255;49m[48;2;255;123;58m▀[0m[38;2;255;123;58m▀[38;2;255;123;58m▀   
[38;2;0;0;0m[48;2;0;0;0m▀[0m[38;2;250;247;215m[48;2;235;206;107m▀[0m[38;2;129;111;213m[48;2;75;51;134m▀[0m[38;2;129;111;213m[48;2;129;111;213m▀[0m[38;2;0;0;0m[48;2;129;111;213m▀[0m[38;2;0;0;0m▄ [38;2;0;0;0m▀[38;2;65;65;65m[48;2;0;0;0m▀[0m[38;2;65;65;65m[48;2;235;206;107m▀[0m[38;2;65;65;65m[48;2;65;65;65m▀[0m[38;2;65;65;65m[48;2;235;206;107m▀[0m[38;2;65;65;65m[48;2;235;206;107m▀[0m[38;2;65;65;65m[48;2;140;132;115m▀[0m[38;2;65;65;65m[48;2;65;65;65m▀[0m[38;2;75;51;134m[48;2;129;111;213m▀[0m[38;2;75;51;134m[48;2;129;111;213m▀[0m[38;2;65;65;65m[48;2;65;65;65m▀[0m[38;2;129;111;213m[48;2;75;51;134m▀[0m[38;2;129;111;213m[48;2;129;111;213m▀[0m[38;2;129;111;213m[48;2;75;51;134m▀[0m[38;2;75;51;134m[48;2;0;0;0m▀[0m[38;2;129;111;213m[48;2;0;0;0m▀[0m[38;2;75;51;134m[48;2;180;163;255m▀[0m[38;2;0;0;0m[48;2;129;111;213m▀[0m[38;2;0;0;0m▄[38;2;0;0;0m▄[38;2;0;0;0m[48;2;129;111;213m▀[0m[38;2;0;0;0m▄  
 [38;2;0;0;0m▀[38;2;0;0;0m▀[38;2;250;247;215m[48;2;0;0;0m▀[0m[38;2;0;0;0m[48;2;0;0;0m▀[0m  [38;2;0;0;0m▄[38;2;0;0;0m[48;2;0;0;0m▀[0m[38;2;65;65;65m[48;2;65;65;65m▀[0m[38;2;65;65;65m[48;2;235;206;107m▀[0m[38;2;65;65;65m[48;2;65;65;65m▀[0m[38;2;65;65;65m[48;2;235;206;107m▀[0m[38;2;65;65;65m[48;2;140;132;115m▀[0m[38;2;65;65;65m[48;2;65;65;65m▀[0m[38;2;129;111;213m[48;2;75;51;134m▀[0m[38;2;129;111;213m[48;2;75;51;134m▀[0m[38;2;129;111;213m[48;2;65;65;65m▀[0m[38;2;65;65;65m[48;2;129;111;213m▀[0m[38;2;65;65;65m[48;2;129;111;213m▀[0m[38;2;0;0;0m[48;2;0;0;0m▀[0m [38;2;0;0;0m[48;2;0;0;0m▀[0m[38;2;180;163;255m[48;2;180;163;255m▀[0m[38;2;180;163;255m[48;2;180;163;255m▀[0m[38;2;180;163;255m[48;2;0;0;0m▀[0m[38;2;129;111;213m[48;2;0;0;0m▀[0m[38;2;129;111;213m[48;2;129;111;213m▀[0m[38;2;0;0;0m[48;2;0;0;0m▀[0m  
     [38;2;0;0;0m▄[38;2;0;0;0m[48;2;235;206;107m▀[0m[38;2;129;111;213m[48;2;129;111;213m▀[0m[38;2;129;111;213m[48;2;250;247;215m▀[0m[38;2;0;0;0m[48;2;75;51;134m▀[0m[38;2;75;51;134m[48;2;0;0;0m▀[0m[38;2;65;65;65m[48;2;0;0;0m▀[0m[38;2;65;65;65m[48;2;75;51;134m▀[0m[38;2;65;65;65m[48;2;75;51;134m▀[0m[38;2;75;51;134m[48;2;75;51;134m▀[0m[38;2;75;51;134m[48;2;65;65;65m▀[0m[38;2;65;65;65m[48;2;75;51;134m▀[0m[38;2;180;163;255m[48;2;75;51;134m▀[0m[38;2;180;163;255m[48;2;75;51;134m▀[0m[38;2;129;111;213m[48;2;129;111;213m▀[0m[38;2;129;111;213m[48;2;129;111;213m▀[0m[38;2;0;0;0m[48;2;65;65;65m▀[0m[38;2;129;111;213m[48;2;250;247;215m▀[0m[38;2;180;163;255m[48;2;129;111;213m▀[0m[38;2;0;0;0m[48;2;75;51;134m▀[0m[38;2;0;0;0m▄[38;2;0;0;0m▀[38;2;180;163;255m[48;2;0;0;0m▀[0m[38;2;0;0;0m▀  
     [38;2;0;0;0m▀[38;2;75;51;134m[48;2;0;0;0m▀[0m[38;2;75;51;134m[48;2;75;51;134m▀[0m[38;2;75;51;134m[48;2;235;206;107m▀[0m[38;2;75;51;134m[48;2;0;0;0m▀[0m[38;2;0;0;0m▀ [38;2;0;0;0m▀[38;2;0;0;0m▀[38;2;0;0;0m▀[38;2;0;0;0m[48;2;0;0;0m▀[0m[38;2;250;247;215m[48;2;235;206;107m▀[0m[38;2;129;111;213m[48;2;75;51;134m▀[0m[38;2;129;111;213m[48;2;75;51;134m▀[0m[38;2;75;51;134m[48;2;250;247;215m▀[0m[38;2;129;111;213m[48;2;0;0;0m▀[0m[38;2;0;0;0m▀[38;2;0;0;0m▀[38;2;129;111;213m[48;2;0;0;0m▀[0m[38;2;250;247;215m[48;2;250;247;215m▀[0m[38;2;0;0;0m[48;2;0;0;0m▀[0m     
       [38;2;0;0;0m▀[38;2;0;0;0m▀       [38;2;0;0;0m[48;2;0;0;0m▀[0m[38;2;75;51;134m[48;2;235;206;107m▀[0m[38;2;75;51;134m[48;2;0;0;0m▀[0m[38;2;235;206;107m[48;2;0;0;0m▀[0m[38;2;0;0;0m▀   [38;2;0;0;0m▀      
                 [38;2;0;0;0m▀[38;2;0;0;0m▀            
[0m