   [38;2;0;0;0m▄[38;2;0;0;0m[48;2;23;255;241m▀[0m[38;2;0;0;0m▄[38;2;0;0;0m[48;2;255;242;165m▀[0m[38;2;0;0;0m[48;2;255;242;165m▀[0m[38;2;0;0;0m[48;2;255;242;165m▀[0m[38;2;0;0;0m▄         [38;2;0;0;0m▄    
 [38;2;0;0;0m▄[38;2;0;0;0m[48;2;136;181;164m▀[0m[38;2;136;181;164m[48;2;136;181;164m▀[0m[38;2;255;247;173m[48;2;162;192;124m▀[0m[38;2;255;247;173m[48;2;255;247;173m▀[0m[38;2;255;241;170m[48;2;255;241;170m▀[0m[38;2;255;241;170m[48;2;255;241;170m▀[0m[38;2;255;241;170m[48;2;255;241;170m▀[0m[38;2;255;241;170m[48;2;255;241;170m▀[0m[38;2;0;0;0m[48;2;147;201;211m▀[0m[38;2;0;0;0m[48;2;147;201;211m▀[0m[38;2;0;0;0m▄   [38;2;0;0;0m▄[38;2;0;0;0m[48;2;23;255;241m▀[0m[38;2;0;0;0m[48;2;136;181;164m▀[0m[38;2;136;181;164m[48;2;136;181;164m▀[0m[38;2;0;0;0m[48;2;255;242;165m▀[0m[38;2;0;0;0m▄  
[38;2;0;0;0m▄[38;2;0;0;0m[48;2;231;201;16m▀[0m[38;2;121;255;255m[48;2;250;176;27m▀[0m[38;2;188;202;164m[48;2;188;202;164m▀[0m[38;2;255;247;173m[48;2;255;247;173m▀[0m[38;2;255;247;173m[48;2;162;192;124m▀[0m[38;2;255;242;165m[48;2;255;242;165m▀[0m[38;2;255;242;165m[48;2;66;65;66m▀[0m[38;2;66;65;66m[48;2;255;255;255m▀[0m[38;2;66;65;66m[48;2;255;255;255m▀[0m[38;2;82;82;82m[48;2;255;255;255m▀[0m[38;2;0;0;0m[48;2;82;82;82m▀[0m[38;2;0;0;0m▄  [38;2;0;0;0m▄[38;2;0;0;0m[48;2;242;236;162m▀[0m[38;2;242;236;162m[48;2;242;236;162m▀[0m[38;2;255;241;170m[48;2;255;241;170m▀[0m[38;2;255;241;170m[48;2;255;241;170m▀[0m[38;2;255;241;170m[48;2;255;241;170m▀[0m[38;2;255;241;170m[48;2;255;241;170m▀[0m[38;2;0;0;0m[48;2;0;0;0m▀[0m 
[38;2;0;0;0m[48;2;0;0;0m▀[0m[38;2;71;62;74m[48;2;255;248;178m▀[0m[38;2;153;132;21m[48;2;90;76;0m▀[0m[38;2;153;132;21m[48;2;255;238;175m▀[0m[38;2;245;230;119m[48;2;202;179;6m▀[0m[38;2;255;255;182m[48;2;255;255;182m▀[0m[38;2;236;199;55m[48;2;236;199;55m▀[0m[38;2;255;255;255m[48;2;255;255;255m▀[0m[38;2;255;255;233m[48;2;158;136;33m▀[0m[38;2;158;136;33m[48;2;84;72;0m▀[0m[38;2;66;65;66m[48;2;242;236;162m▀[0m[38;2;242;236;162m[48;2;242;236;162m▀[0m[38;2;231;239;136m[48;2;231;239;136m▀[0m[38;2;0;0;0m[48;2;135;135;53m▀[0m[38;2;0;0;0m▄[38;2;0;0;0m[48;2;66;65;66m▀[0m[38;2;255;235;165m[48;2;245;207;58m▀[0m[38;2;255;235;165m[48;2;255;235;165m▀[0m[38;2;255;222;136m[48;2;107;176;113m▀[0m[38;2;107;176;113m[48;2;0;152;204m▀[0m[38;2;255;242;165m[48;2;12;255;251m▀[0m[38;2;12;255;251m[48;2;12;255;251m▀[0m[38;2;23;255;241m[48;2;0;0;0m▀[0m[38;2;0;0;0m▀
[38;2;0;0;0m▀[38;2;162;192;124m[48;2;0;0;0m▀[0m[38;2;179;159;93m[48;2;179;159;93m▀[0m[38;2;41;23;0m[48;2;255;250;216m▀[0m[38;2;224;188;13m[48;2;235;201;53m▀[0m[38;2;255;248;178m[48;2;235;201;53m▀[0m[38;2;241;211;70m[48;2;255;255;255m▀[0m[38;2;255;255;255m[48;2;58;48;156m▀[0m[38;2;255;255;255m[48;2;255;255;255m▀[0m[38;2;214;206;214m[48;2;214;206;214m▀[0m[38;2;0;0;1m[48;2;122;224;248m▀[0m[38;2;69;145;164m[48;2;0;0;1m▀[0m[38;2;198;201;132m[48;2;181;179;62m▀[0m[38;2;181;179;62m[48;2;231;255;255m▀[0m[38;2;255;255;255m[48;2;255;255;255m▀[0m[38;2;255;255;255m[48;2;255;255;255m▀[0m[38;2;255;255;255m[48;2;255;255;255m▀[0m[38;2;236;199;55m[48;2;255;255;255m▀[0m[38;2;0;0;1m[48;2;122;224;248m▀[0m[38;2;69;145;164m[48;2;0;0;1m▀[0m[38;2;0;221;244m[48;2;0;221;244m▀[0m[38;2;13;255;248m[48;2;0;221;244m▀[0m[38;2;0;221;244m[48;2;0;221;244m▀[0m[38;2;0;0;0m[48;2;0;0;0m▀[0m
 [38;2;0;0;0m▄[38;2;0;0;0m[48;2;170;167;170m▀[0m[38;2;255;255;255m[48;2;85;83;85m▀[0m[38;2;255;255;255m[48;2;255;255;255m▀[0m[38;2;255;255;255m[48;2;255;255;255m▀[0m[38;2;64;56;165m[48;2;125;113;181m▀[0m[38;2;64;56;165m[48;2;156;227;214m▀[0m[38;2;255;255;255m[48;2;255;255;255m▀[0m[38;2;156;157;167m[48;2;156;157;167m▀[0m[38;2;214;206;214m[48;2;214;206;214m▀[0m[38;2;214;206;214m[48;2;255;255;255m▀[0m[38;2;255;255;255m[48;2;255;255;255m▀[0m[38;2;255;255;255m[48;2;255;255;255m▀[0m[38;2;255;255;255m[48;2;255;255;255m▀[0m[38;2;255;255;255m[48;2;214;206;214m▀[0m[38;2;255;255;255m[48;2;255;255;255m▀[0m[38;2;255;255;255m[48;2;255;255;255m▀[0m[38;2;214;207;214m[48;2;214;207;214m▀[0m[38;2;66;65;66m[48;2;66;65;66m▀[0m[38;2;0;218;241m[48;2;0;218;241m▀[0m[38;2;0;218;241m[48;2;0;218;241m▀[0m[38;2;0;0;0m[48;2;0;0;0m▀[0m 
 [38;2;0;0;0m[48;2;0;0;0m▀[0m[38;2;33;162;164m[48;2;33;162;164m▀[0m[38;2;66;65;66m[48;2;66;65;66m▀[0m[38;2;255;255;255m[48;2;255;255;255m▀[0m[38;2;255;255;255m[48;2;69;107;109m▀[0m[38;2;255;255;255m[48;2;255;255;255m▀[0m[38;2;255;255;255m[48;2;66;65;66m▀[0m[38;2;159;159;167m[48;2;214;207;214m▀[0m[38;2;214;207;214m[48;2;214;207;214m▀[0m[38;2;214;206;214m[48;2;255;255;255m▀[0m[38;2;255;255;255m[48;2;255;255;255m▀[0m[38;2;255;255;255m[48;2;156;157;167m▀[0m[38;2;255;255;255m[48;2;255;255;255m▀[0m[38;2;255;255;255m[48;2;82;81;82m▀[0m[38;2;82;81;82m[48;2;168;166;168m▀[0m[38;2;255;255;255m[48;2;12;16;0m▀[0m[38;2;255;255;255m[48;2;189;189;200m▀[0m[38;2;3;0;0m[48;2;239;204;64m▀[0m[38;2;239;204;64m[48;2;0;0;0m▀[0m[38;2;0;0;0m▀[38;2;0;221;244m[48;2;0;0;0m▀[0m[38;2;0;221;244m[48;2;0;0;0m▀[0m[38;2;0;0;0m▀
  [38;2;0;0;0m[48;2;0;0;0m▀[0m[38;2;0;221;244m[48;2;0;221;244m▀[0m[38;2;66;65;66m[48;2;0;221;244m▀[0m[38;2;66;65;66m[48;2;0;221;244m▀[0m[38;2;66;65;66m[48;2;66;65;66m▀[0m[38;2;214;207;214m[48;2;214;207;214m▀[0m[38;2;170;165;170m[48;2;214;207;214m▀[0m[38;2;214;207;214m[48;2;82;81;82m▀[0m[38;2;255;255;255m[48;2;255;255;255m▀[0m[38;2;255;255;255m[48;2;255;255;255m▀[0m[38;2;156;158;168m[48;2;156;158;168m▀[0m[38;2;82;81;82m[48;2;82;81;82m▀[0m[38;2;161;150;38m[48;2;8;0;8m▀[0m[38;2;255;231;102m[48;2;161;150;38m▀[0m[38;2;193;167;56m[48;2;0;0;8m▀[0m[38;2;255;193;89m[48;2;193;167;56m▀[0m[38;2;255;193;89m[48;2;176;152;50m▀[0m[38;2;0;0;0m[48;2;0;0;0m▀[0m    
 [38;2;0;0;0m▀[38;2;0;221;244m[48;2;0;0;0m▀[0m[38;2;0;221;244m[48;2;0;0;0m▀[0m[38;2;0;0;0m▀[38;2;0;0;0m▀[38;2;19;15;0m[48;2;8;4;0m▀[0m[38;2;141;139;56m[48;2;255;255;136m▀[0m[38;2;192;176;69m[48;2;255;233;107m▀[0m[38;2;21;4;0m[48;2;192;176;69m▀[0m[38;2;74;69;74m[48;2;74;69;74m▀[0m[38;2;255;255;255m[48;2;189;185;194m▀[0m[38;2;255;255;255m[48;2;170;167;172m▀[0m[38;2;0;0;8m[48;2;0;0;8m▀[0m [38;2;0;0;0m▀ [38;2;0;0;0m▀[38;2;0;0;0m▀     
      [38;2;0;0;0m▀[38;2;231;201;16m[48;2;0;0;0m▀[0m[38;2;231;201;16m[48;2;0;0;0m▀[0m[38;2;0;0;0m▀[38;2;193;167;56m[48;2;0;0;8m▀[0m[38;2;255;193;89m[48;2;193;167;56m▀[0m[38;2;255;193;89m[48;2;176;152;50m▀[0m[38;2;0;0;0m[48;2;0;0;0m▀[0m          
           [38;2;0;0;0m▀[38;2;0;0;0m▀           
[0m