  [38;2;7;7;7m▄[38;2;7;7;7m▄     [38;2;7;7;7m▄[38;2;7;7;7m[48;2;103;76;176m▀[0m[38;2;7;7;7m▄            [38;2;7;7;7m▄[38;2;7;7;7m▄[38;2;7;7;7m▄  
  [38;2;7;7;7m[48;2;7;7;7m▀[0m[38;2;103;76;176m[48;2;103;76;176m▀[0m[38;2;7;7;7m[48;2;103;76;176m▀[0m[38;2;7;7;7m[48;2;132;112;150m▀[0m[38;2;7;7;7m▄[38;2;7;7;7m▄[38;2;7;7;7m[48;2;175;163;194m▀[0m[38;2;66;66;66m[48;2;175;163;194m▀[0m[38;2;66;66;66m[48;2;175;163;194m▀[0m[38;2;66;66;66m[48;2;175;163;194m▀[0m[38;2;7;7;7m[48;2;175;163;194m▀[0m[38;2;7;7;7m▄[38;2;7;7;7m▄  [38;2;7;7;7m▄[38;2;7;7;7m[48;2;153;118;246m▀[0m[38;2;7;7;7m[48;2;7;7;7m▀[0m  [38;2;7;7;7m[48;2;7;7;7m▀[0m[38;2;7;7;7m[48;2;175;163;194m▀[0m[38;2;175;163;194m[48;2;175;163;194m▀[0m[38;2;175;163;194m[48;2;205;188;164m▀[0m[38;2;175;163;194m[48;2;205;188;164m▀[0m[38;2;7;7;7m[48;2;175;163;194m▀[0m[38;2;7;7;7m▄
 [38;2;7;7;7m▄[38;2;7;7;7m▄[38;2;7;7;7m[48;2;7;7;7m▀[0m[38;2;132;112;150m[48;2;66;66;66m▀[0m[38;2;66;66;66m[48;2;175;163;194m▀[0m[38;2;175;163;194m[48;2;175;163;194m▀[0m[38;2;175;163;194m[48;2;175;163;194m▀[0m[38;2;175;163;194m[48;2;175;163;194m▀[0m[38;2;175;163;194m[48;2;175;163;194m▀[0m[38;2;175;163;194m[48;2;175;163;194m▀[0m[38;2;175;163;194m[48;2;175;163;194m▀[0m[38;2;175;163;194m[48;2;175;163;194m▀[0m[38;2;175;163;194m[48;2;175;163;194m▀[0m[38;2;175;163;194m[48;2;175;163;194m▀[0m[38;2;7;7;7m[48;2;175;163;194m▀[0m[38;2;7;7;7m[48;2;132;112;150m▀[0m[38;2;153;118;246m[48;2;153;118;246m▀[0m[38;2;103;76;176m[48;2;7;7;7m▀[0m[38;2;7;7;7m▀ [38;2;7;7;7m[48;2;7;7;7m▀[0m[38;2;175;163;194m[48;2;175;163;194m▀[0m[38;2;175;163;194m[48;2;205;188;164m▀[0m[38;2;205;188;164m[48;2;205;188;164m▀[0m[38;2;205;188;164m[48;2;132;112;150m▀[0m[38;2;132;112;150m[48;2;205;188;164m▀[0m[38;2;205;188;164m[48;2;132;112;150m▀[0m[38;2;7;7;7m[48;2;7;7;7m▀[0m
 [38;2;7;7;7m[48;2;7;7;7m▀[0m[38;2;175;163;194m[48;2;175;163;194m▀[0m[38;2;66;66;66m[48;2;175;163;194m▀[0m[38;2;175;163;194m[48;2;66;66;66m▀[0m[38;2;175;163;194m[48;2;175;163;194m▀[0m[38;2;175;163;194m[48;2;175;163;194m▀[0m[38;2;175;163;194m[48;2;66;66;66m▀[0m[38;2;175;163;194m[48;2;66;66;66m▀[0m[38;2;175;163;194m[48;2;175;163;194m▀[0m[38;2;175;163;194m[48;2;175;163;194m▀[0m[38;2;175;163;194m[48;2;175;163;194m▀[0m[38;2;175;163;194m[48;2;175;163;194m▀[0m[38;2;175;163;194m[48;2;175;163;194m▀[0m[38;2;175;163;194m[48;2;66;66;66m▀[0m[38;2;66;66;66m[48;2;153;118;246m▀[0m[38;2;66;66;66m[48;2;66;66;66m▀[0m[38;2;132;112;150m[48;2;132;112;150m▀[0m[38;2;7;7;7m[48;2;7;7;7m▀[0m [38;2;7;7;7m[48;2;7;7;7m▀[0m[38;2;175;163;194m[48;2;175;163;194m▀[0m[38;2;175;163;194m[48;2;205;188;164m▀[0m[38;2;205;188;164m[48;2;205;188;164m▀[0m[38;2;205;188;164m[48;2;205;188;164m▀[0m[38;2;132;112;150m[48;2;132;112;150m▀[0m[38;2;132;112;150m[48;2;186;162;129m▀[0m[38;2;205;188;164m[48;2;7;7;7m▀[0m[38;2;7;7;7m▀
 [38;2;7;7;7m▄[38;2;7;7;7m[48;2;66;66;66m▀[0m[38;2;175;163;194m[48;2;175;163;194m▀[0m[38;2;175;163;194m[48;2;175;163;194m▀[0m[38;2;175;163;194m[48;2;175;163;194m▀[0m[38;2;175;163;194m[48;2;175;163;194m▀[0m[38;2;66;66;66m[48;2;132;112;150m▀[0m[38;2;175;163;194m[48;2;175;163;194m▀[0m[38;2;66;66;66m[48;2;175;163;194m▀[0m[38;2;175;163;194m[48;2;175;163;194m▀[0m[38;2;175;163;194m[48;2;175;163;194m▀[0m[38;2;175;163;194m[48;2;175;163;194m▀[0m[38;2;66;66;66m[48;2;175;163;194m▀[0m[38;2;153;118;246m[48;2;153;118;246m▀[0m[38;2;153;118;246m[48;2;66;66;66m▀[0m[38;2;66;66;66m[48;2;132;112;150m▀[0m[38;2;132;112;150m[48;2;132;112;150m▀[0m[38;2;132;112;150m[48;2;132;112;150m▀[0m[38;2;7;7;7m[48;2;66;66;66m▀[0m[38;2;175;163;194m[48;2;205;188;164m▀[0m[38;2;205;188;164m[48;2;205;188;164m▀[0m[38;2;205;188;164m[48;2;205;188;164m▀[0m[38;2;205;188;164m[48;2;7;7;7m▀[0m[38;2;205;188;164m[48;2;7;7;7m▀[0m[38;2;205;188;164m[48;2;7;7;7m▀[0m[38;2;7;7;7m▀  
 [38;2;7;7;7m[48;2;7;7;7m▀[0m[38;2;248;248;248m[48;2;248;248;248m▀[0m[38;2;132;112;150m[48;2;7;7;7m▀[0m[38;2;175;163;194m[48;2;175;163;194m▀[0m[38;2;175;163;194m[48;2;175;163;194m▀[0m[38;2;175;163;194m[48;2;132;112;150m▀[0m[38;2;175;163;194m[48;2;175;163;194m▀[0m[38;2;175;163;194m[48;2;175;163;194m▀[0m[38;2;175;163;194m[48;2;132;112;150m▀[0m[38;2;132;112;150m[48;2;248;248;248m▀[0m[38;2;175;163;194m[48;2;132;112;150m▀[0m[38;2;175;163;194m[48;2;175;163;194m▀[0m[38;2;175;163;194m[48;2;175;163;194m▀[0m[38;2;175;163;194m[48;2;175;163;194m▀[0m[38;2;66;66;66m[48;2;175;163;194m▀[0m[38;2;132;112;150m[48;2;132;112;150m▀[0m[38;2;132;112;150m[48;2;132;112;150m▀[0m[38;2;132;112;150m[48;2;132;112;150m▀[0m[38;2;66;66;66m[48;2;66;66;66m▀[0m[38;2;186;162;129m[48;2;7;7;7m▀[0m[38;2;7;7;7m▀[38;2;7;7;7m▀      
[38;2;7;7;7m▄[38;2;7;7;7m[48;2;132;112;150m▀[0m[38;2;103;76;176m[48;2;132;112;150m▀[0m[38;2;248;248;248m[48;2;66;66;66m▀[0m[38;2;66;66;66m[48;2;153;118;246m▀[0m[38;2;66;66;66m[48;2;153;118;246m▀[0m[38;2;175;163;194m[48;2;66;66;66m▀[0m[38;2;175;163;194m[48;2;132;112;150m▀[0m[38;2;132;112;150m[48;2;248;248;248m▀[0m[38;2;7;7;7m[48;2;248;248;248m▀[0m[38;2;248;248;248m[48;2;248;248;248m▀[0m[38;2;103;76;176m[48;2;103;76;176m▀[0m[38;2;175;163;194m[48;2;175;163;194m▀[0m[38;2;175;163;194m[48;2;175;163;194m▀[0m[38;2;175;163;194m[48;2;132;112;150m▀[0m[38;2;132;112;150m[48;2;132;112;150m▀[0m[38;2;132;112;150m[48;2;132;112;150m▀[0m[38;2;132;112;150m[48;2;205;188;164m▀[0m[38;2;205;188;164m[48;2;205;188;164m▀[0m[38;2;186;162;129m[48;2;66;66;66m▀[0m[38;2;66;66;66m[48;2;186;162;129m▀[0m[38;2;7;7;7m[48;2;7;7;7m▀[0m       
 [38;2;7;7;7m▀[38;2;205;188;164m[48;2;7;7;7m▀[0m[38;2;103;76;176m[48;2;66;66;66m▀[0m[38;2;103;76;176m[48;2;153;118;246m▀[0m[38;2;103;76;176m[48;2;153;118;246m▀[0m[38;2;153;118;246m[48;2;103;76;176m▀[0m[38;2;132;112;150m[48;2;66;66;66m▀[0m[38;2;132;112;150m[48;2;132;112;150m▀[0m[38;2;103;76;176m[48;2;132;112;150m▀[0m[38;2;103;76;176m[48;2;132;112;150m▀[0m[38;2;132;112;150m[48;2;132;112;150m▀[0m[38;2;132;112;150m[48;2;213;205;180m▀[0m[38;2;132;112;150m[48;2;213;205;180m▀[0m[38;2;132;112;150m[48;2;213;205;180m▀[0m[38;2;205;188;164m[48;2;205;188;164m▀[0m[38;2;205;188;164m[48;2;213;205;180m▀[0m[38;2;205;188;164m[48;2;213;205;180m▀[0m[38;2;186;162;129m[48;2;7;7;7m▀[0m[38;2;7;7;7m▀[38;2;7;7;7m▀[38;2;7;7;7m▀       
 [38;2;7;7;7m▄[38;2;7;7;7m[48;2;186;162;129m▀[0m[38;2;186;162;129m[48;2;7;7;7m▀[0m[38;2;66;66;66m[48;2;7;7;7m▀[0m[38;2;66;66;66m[48;2;205;188;164m▀[0m[38;2;66;66;66m[48;2;205;188;164m▀[0m[38;2;213;205;180m[48;2;205;188;164m▀[0m[38;2;213;205;180m[48;2;205;188;164m▀[0m[38;2;213;205;180m[48;2;213;205;180m▀[0m[38;2;213;205;180m[48;2;213;205;180m▀[0m[38;2;213;205;180m[48;2;205;188;164m▀[0m[38;2;213;205;180m[48;2;205;188;164m▀[0m[38;2;213;205;180m[48;2;186;162;129m▀[0m[38;2;205;188;164m[48;2;205;188;164m▀[0m[38;2;186;162;129m[48;2;205;188;164m▀[0m[38;2;186;162;129m[48;2;7;7;7m▀[0m[38;2;213;205;180m[48;2;7;7;7m▀[0m[38;2;186;162;129m[48;2;213;205;180m▀[0m[38;2;7;7;7m[48;2;7;7;7m▀[0m         
 [38;2;7;7;7m▀[38;2;7;7;7m▀  [38;2;7;7;7m▀[38;2;7;7;7m▀[38;2;205;188;164m[48;2;7;7;7m▀[0m[38;2;205;188;164m[48;2;7;7;7m▀[0m[38;2;186;162;129m[48;2;7;7;7m▀[0m[38;2;213;205;180m[48;2;205;188;164m▀[0m[38;2;213;205;180m[48;2;213;205;180m▀[0m[38;2;186;162;129m[48;2;66;66;66m▀[0m[38;2;205;188;164m[48;2;7;7;7m▀[0m[38;2;7;7;7m▀[38;2;7;7;7m▀  [38;2;7;7;7m▀[38;2;7;7;7m▀         
          [38;2;7;7;7m▀[38;2;205;188;164m[48;2;7;7;7m▀[0m[38;2;7;7;7m▀                
[0m