     [38;2;0;0;0m▄[38;2;0;0;0m[48;2;120;52;63m▀[0m[38;2;0;0;0m▄                 
     [38;2;0;0;0m[48;2;0;0;0m▀[0m[38;2;148;113;90m[48;2;148;113;90m▀[0m[38;2;120;52;63m[48;2;120;52;63m▀[0m[38;2;0;0;0m[48;2;0;0;0m▀[0m[38;2;0;0;0m▄[38;2;0;0;0m[48;2;146;78;89m▀[0m[38;2;0;0;0m▄[38;2;0;0;0m[48;2;146;78;89m▀[0m[38;2;0;0;0m▄     [38;2;0;0;0m[48;2;0;0;0m▀[0m[38;2;0;0;0m[48;2;236;217;221m▀[0m[38;2;0;0;0m▄   
 [38;2;0;0;0m[48;2;0;0;0m▀[0m[38;2;0;0;0m[48;2;236;217;221m▀[0m[38;2;0;0;0m▄ [38;2;0;0;0m▄[38;2;0;0;0m[48;2;146;78;89m▀[0m[38;2;120;52;63m[48;2;146;78;89m▀[0m[38;2;146;78;89m[48;2;146;78;89m▀[0m[38;2;146;78;89m[48;2;146;78;89m▀[0m[38;2;146;78;89m[48;2;146;78;89m▀[0m[38;2;146;78;89m[48;2;120;52;63m▀[0m[38;2;146;78;89m[48;2;146;78;89m▀[0m[38;2;0;0;0m[48;2;146;78;89m▀[0m[38;2;0;0;0m[48;2;74;74;74m▀[0m[38;2;0;0;0m▄[38;2;0;0;0m[48;2;146;78;89m▀[0m[38;2;0;0;0m[48;2;146;78;89m▀[0m[38;2;0;0;0m▄ [38;2;0;0;0m▀[38;2;236;217;221m[48;2;0;0;0m▀[0m[38;2;0;0;0m[48;2;236;217;221m▀[0m[38;2;0;0;0m▄ 
[38;2;0;0;0m[48;2;0;0;0m▀[0m[38;2;74;74;74m[48;2;205;162;173m▀[0m[38;2;148;113;90m[48;2;205;162;173m▀[0m[38;2;236;217;221m[48;2;236;217;221m▀[0m[38;2;0;0;0m[48;2;236;217;221m▀[0m[38;2;236;217;221m[48;2;236;217;221m▀[0m[38;2;236;217;221m[48;2;205;162;173m▀[0m[38;2;146;78;89m[48;2;146;78;89m▀[0m[38;2;146;78;89m[48;2;0;0;0m▀[0m[38;2;0;0;0m[48;2;255;255;255m▀[0m[38;2;74;74;74m[48;2;189;74;74m▀[0m[38;2;255;255;255m[48;2;255;255;255m▀[0m[38;2;146;78;89m[48;2;74;74;74m▀[0m[38;2;74;74;74m[48;2;74;74;74m▀[0m[38;2;146;78;89m[48;2;74;74;74m▀[0m[38;2;146;78;89m[48;2;148;113;90m▀[0m[38;2;146;78;89m[48;2;148;113;90m▀[0m[38;2;0;0;0m[48;2;146;78;89m▀[0m[38;2;0;0;0m▄  [38;2;0;0;0m[48;2;0;0;0m▀[0m[38;2;205;162;173m[48;2;236;217;221m▀[0m[38;2;0;0;0m[48;2;236;217;221m▀[0m[38;2;0;0;0m▄
[38;2;0;0;0m▄[38;2;0;0;0m[48;2;236;217;221m▀[0m[38;2;236;217;221m[48;2;236;217;221m▀[0m[38;2;74;74;74m[48;2;146;78;89m▀[0m[38;2;74;74;74m[48;2;255;255;255m▀[0m[38;2;146;78;89m[48;2;74;74;74m▀[0m[38;2;236;217;221m[48;2;236;217;221m▀[0m[38;2;74;74;74m[48;2;236;217;221m▀[0m[38;2;236;217;221m[48;2;236;217;221m▀[0m[38;2;120;52;63m[48;2;205;162;173m▀[0m[38;2;74;74;74m[48;2;236;217;221m▀[0m[38;2;74;74;74m[48;2;236;217;221m▀[0m[38;2;236;217;221m[48;2;236;217;221m▀[0m[38;2;236;217;221m[48;2;74;74;74m▀[0m[38;2;236;217;221m[48;2;74;74;74m▀[0m[38;2;74;74;74m[48;2;148;113;90m▀[0m[38;2;148;113;90m[48;2;146;78;89m▀[0m[38;2;0;0;0m[48;2;146;78;89m▀[0m[38;2;0;0;0m▄   [38;2;0;0;0m[48;2;0;0;0m▀[0m[38;2;205;162;173m[48;2;236;217;221m▀[0m[38;2;0;0;0m[48;2;0;0;0m▀[0m
[38;2;0;0;0m[48;2;0;0;0m▀[0m[38;2;236;217;221m[48;2;236;217;221m▀[0m[38;2;236;217;221m[48;2;236;217;221m▀[0m[38;2;146;78;89m[48;2;146;78;89m▀[0m[38;2;255;255;255m[48;2;146;78;89m▀[0m[38;2;74;74;74m[48;2;74;74;74m▀[0m[38;2;236;217;221m[48;2;236;217;221m▀[0m[38;2;236;217;221m[48;2;236;217;221m▀[0m[38;2;236;217;221m[48;2;236;217;221m▀[0m[38;2;236;217;221m[48;2;236;217;221m▀[0m[38;2;74;74;74m[48;2;205;162;173m▀[0m[38;2;74;74;74m[48;2;236;217;221m▀[0m[38;2;74;74;74m[48;2;236;217;221m▀[0m[38;2;74;74;74m[48;2;74;74;74m▀[0m[38;2;148;113;90m[48;2;74;74;74m▀[0m[38;2;148;113;90m[48;2;74;74;74m▀[0m[38;2;74;74;74m[48;2;120;52;63m▀[0m[38;2;0;0;0m[48;2;120;52;63m▀[0m[38;2;0;0;0m▄  [38;2;0;0;0m▄[38;2;0;0;0m[48;2;236;217;221m▀[0m[38;2;205;162;173m[48;2;236;217;221m▀[0m[38;2;0;0;0m[48;2;0;0;0m▀[0m
 [38;2;0;0;0m▀[38;2;236;217;221m[48;2;0;0;0m▀[0m[38;2;146;78;89m[48;2;205;162;173m▀[0m[38;2;255;255;255m[48;2;146;78;89m▀[0m[38;2;74;74;74m[48;2;236;217;221m▀[0m[38;2;236;217;221m[48;2;236;217;221m▀[0m[38;2;236;217;221m[48;2;236;217;221m▀[0m[38;2;236;217;221m[48;2;236;217;221m▀[0m[38;2;236;217;221m[48;2;236;217;221m▀[0m[38;2;236;217;221m[48;2;205;162;173m▀[0m[38;2;74;74;74m[48;2;120;52;63m▀[0m[38;2;74;74;74m[48;2;74;74;74m▀[0m[38;2;120;52;63m[48;2;120;52;63m▀[0m[38;2;120;52;63m[48;2;120;52;63m▀[0m[38;2;120;52;63m[48;2;120;52;63m▀[0m[38;2;120;52;63m[48;2;120;52;63m▀[0m[38;2;120;52;63m[48;2;120;52;63m▀[0m[38;2;0;0;0m[48;2;120;52;63m▀[0m[38;2;0;0;0m▄[38;2;0;0;0m▄[38;2;0;0;0m[48;2;205;162;173m▀[0m[38;2;148;99;112m[48;2;205;162;173m▀[0m[38;2;148;99;112m[48;2;0;0;0m▀[0m[38;2;0;0;0m▀
 [38;2;0;0;0m[48;2;0;0;0m▀[0m[38;2;205;162;173m[48;2;0;0;0m▀[0m[38;2;0;0;0m[48;2;0;0;0m▀[0m[38;2;205;162;173m[48;2;205;162;173m▀[0m[38;2;205;162;173m[48;2;0;0;0m▀[0m[38;2;74;74;74m[48;2;205;162;173m▀[0m[38;2;205;162;173m[48;2;0;0;0m▀[0m[38;2;205;162;173m[48;2;120;52;63m▀[0m[38;2;205;162;173m[48;2;120;52;63m▀[0m[38;2;120;52;63m[48;2;74;74;74m▀[0m[38;2;74;74;74m[48;2;236;217;221m▀[0m[38;2;236;217;221m[48;2;205;162;173m▀[0m[38;2;74;74;74m[48;2;205;162;173m▀[0m[38;2;120;52;63m[48;2;74;74;74m▀[0m[38;2;120;52;63m[48;2;120;52;63m▀[0m[38;2;120;52;63m[48;2;120;52;63m▀[0m[38;2;120;52;63m[48;2;120;52;63m▀[0m[38;2;74;74;74m[48;2;120;52;63m▀[0m[38;2;148;99;112m[48;2;74;74;74m▀[0m[38;2;148;99;112m[48;2;205;162;173m▀[0m[38;2;148;99;112m[48;2;205;162;173m▀[0m[38;2;148;99;112m[48;2;0;0;0m▀[0m[38;2;0;0;0m▀ 
    [38;2;0;0;0m▀ [38;2;0;0;0m[48;2;0;0;0m▀[0m[38;2;0;0;0m[48;2;148;113;90m▀[0m[38;2;148;113;90m[48;2;74;74;74m▀[0m[38;2;148;113;90m[48;2;148;113;90m▀[0m[38;2;74;74;74m[48;2;148;113;90m▀[0m[38;2;74;74;74m[48;2;148;113;90m▀[0m[38;2;74;74;74m[48;2;148;113;90m▀[0m[38;2;236;217;221m[48;2;74;74;74m▀[0m[38;2;74;74;74m[48;2;74;74;74m▀[0m[38;2;120;52;63m[48;2;120;52;63m▀[0m[38;2;120;52;63m[48;2;120;52;63m▀[0m[38;2;120;52;63m[48;2;120;52;63m▀[0m[38;2;74;74;74m[48;2;0;0;0m▀[0m[38;2;120;52;63m[48;2;0;0;0m▀[0m[38;2;0;0;0m▀[38;2;0;0;0m▀   
       [38;2;0;0;0m▀[38;2;0;0;0m▀[38;2;0;0;0m▀[38;2;148;113;90m[48;2;0;0;0m▀[0m[38;2;148;113;90m[48;2;0;0;0m▀[0m[38;2;148;113;90m[48;2;0;0;0m▀[0m[38;2;148;113;90m[48;2;74;74;74m▀[0m[38;2;120;52;63m[48;2;74;74;74m▀[0m[38;2;120;52;63m[48;2;74;74;74m▀[0m[38;2;74;74;74m[48;2;148;99;112m▀[0m[38;2;0;0;0m[48;2;0;0;0m▀[0m       
            [38;2;0;0;0m▀[38;2;205;162;173m[48;2;0;0;0m▀[0m[38;2;74;74;74m[48;2;0;0;0m▀[0m[38;2;205;162;173m[48;2;0;0;0m▀[0m[38;2;0;0;0m▀        
[0m