              [38;2;0;0;0m▄[38;2;0;0;0m▄[38;2;0;0;0m[48;2;255;197;148m▀[0m[38;2;0;0;0m[48;2;255;197;148m▀[0m[38;2;0;0;0m[48;2;255;197;148m▀[0m[38;2;0;0;0m[48;2;255;197;148m▀[0m[38;2;0;0;0m[48;2;255;197;148m▀[0m[38;2;0;0;0m▄[38;2;0;0;0m▄              
 [38;2;0;0;0m▄[38;2;0;0;0m[48;2;255;197;148m▀[0m[38;2;0;0;0m[48;2;255;197;148m▀[0m[38;2;0;0;0m▄[38;2;0;0;0m▄     [38;2;0;0;0m▄[38;2;0;0;0m[48;2;255;197;148m▀[0m[38;2;0;0;0m[48;2;255;197;148m▀[0m[38;2;255;197;148m[48;2;255;197;148m▀[0m[38;2;255;197;148m[48;2;66;65;66m▀[0m[38;2;255;197;148m[48;2;66;65;66m▀[0m[38;2;66;65;66m[48;2;255;75;116m▀[0m[38;2;66;65;66m[48;2;255;75;116m▀[0m[38;2;66;65;66m[48;2;255;118;146m▀[0m[38;2;225;167;118m[48;2;66;65;66m▀[0m[38;2;255;197;148m[48;2;66;65;66m▀[0m[38;2;255;197;148m[48;2;255;197;148m▀[0m[38;2;0;0;0m[48;2;255;197;148m▀[0m[38;2;0;0;0m[48;2;255;197;148m▀[0m[38;2;0;0;0m▄           
[38;2;0;0;0m[48;2;0;0;0m▀[0m[38;2;255;197;148m[48;2;255;197;148m▀[0m[38;2;255;197;148m[48;2;255;197;148m▀[0m[38;2;255;197;148m[48;2;255;197;148m▀[0m[38;2;255;197;148m[48;2;255;197;148m▀[0m[38;2;255;197;148m[48;2;255;197;148m▀[0m[38;2;0;0;0m[48;2;0;0;0m▀[0m  [38;2;0;0;0m▄[38;2;0;0;0m[48;2;255;197;148m▀[0m[38;2;255;197;148m[48;2;255;197;148m▀[0m[38;2;255;197;148m[48;2;66;65;66m▀[0m[38;2;66;65;66m[48;2;255;75;116m▀[0m[38;2;66;65;66m[48;2;255;75;116m▀[0m[38;2;255;75;116m[48;2;255;75;116m▀[0m[38;2;255;75;116m[48;2;255;75;116m▀[0m[38;2;255;75;116m[48;2;66;65;66m▀[0m[38;2;255;75;116m[48;2;66;65;66m▀[0m[38;2;255;75;116m[48;2;66;65;66m▀[0m[38;2;255;75;116m[48;2;255;75;116m▀[0m[38;2;255;75;116m[48;2;255;75;116m▀[0m[38;2;66;65;66m[48;2;255;75;116m▀[0m[38;2;66;65;66m[48;2;255;118;146m▀[0m[38;2;225;167;118m[48;2;66;65;66m▀[0m[38;2;255;197;148m[48;2;255;197;148m▀[0m[38;2;0;0;0m[48;2;0;0;0m▀[0m          
[38;2;0;0;0m▀[38;2;255;197;148m[48;2;0;0;0m▀[0m[38;2;255;197;148m[48;2;255;197;148m▀[0m[38;2;203;145;96m[48;2;203;145;96m▀[0m[38;2;255;197;148m[48;2;203;145;96m▀[0m[38;2;255;197;148m[48;2;255;197;148m▀[0m[38;2;255;197;148m[48;2;255;197;148m▀[0m[38;2;0;0;0m[48;2;0;0;0m▀[0m[38;2;0;0;0m▄[38;2;0;0;0m[48;2;255;197;148m▀[0m[38;2;255;197;148m[48;2;255;197;148m▀[0m[38;2;66;65;66m[48;2;66;65;66m▀[0m[38;2;255;75;116m[48;2;255;75;116m▀[0m[38;2;255;75;116m[48;2;255;75;116m▀[0m[38;2;255;75;116m[48;2;66;65;66m▀[0m[38;2;66;65;66m[48;2;255;197;148m▀[0m[38;2;66;65;66m[48;2;66;65;66m▀[0m[38;2;142;84;35m[48;2;142;84;35m▀[0m[38;2;142;84;35m[48;2;142;84;35m▀[0m[38;2;142;84;35m[48;2;142;84;35m▀[0m[38;2;66;65;66m[48;2;142;84;35m▀[0m[38;2;66;69;74m[48;2;136;78;29m▀[0m[38;2;255;83;121m[48;2;66;69;74m▀[0m[38;2;255;75;116m[48;2;255;75;116m▀[0m[38;2;66;65;66m[48;2;255;75;116m▀[0m[38;2;255;197;148m[48;2;66;65;66m▀[0m[38;2;255;197;148m[48;2;255;197;148m▀[0m[38;2;0;0;0m[48;2;0;0;0m▀[0m         
 [38;2;0;0;0m▀[38;2;255;197;148m[48;2;0;0;0m▀[0m[38;2;255;197;148m[48;2;255;197;148m▀[0m[38;2;203;145;96m[48;2;255;197;148m▀[0m[38;2;230;172;123m[48;2;230;172;123m▀[0m[38;2;0;0;0m[48;2;0;0;0m▀[0m [38;2;0;0;0m[48;2;0;0;0m▀[0m[38;2;255;197;148m[48;2;255;197;148m▀[0m[38;2;66;65;66m[48;2;66;65;66m▀[0m[38;2;255;75;116m[48;2;255;75;116m▀[0m[38;2;255;75;116m[48;2;255;75;116m▀[0m[38;2;66;65;66m[48;2;66;65;66m▀[0m[38;2;255;197;148m[48;2;66;65;66m▀[0m[38;2;255;197;148m[48;2;66;65;66m▀[0m[38;2;66;65;66m[48;2;255;197;148m▀[0m[38;2;142;84;35m[48;2;66;65;66m▀[0m[38;2;142;84;35m[48;2;142;84;35m▀[0m[38;2;142;84;35m[48;2;142;84;35m▀[0m[38;2;142;84;35m[48;2;66;65;66m▀[0m[38;2;148;90;41m[48;2;66;60;74m▀[0m[38;2;66;60;74m[48;2;253;195;146m▀[0m[38;2;255;75;116m[48;2;66;65;66m▀[0m[38;2;255;75;116m[48;2;255;75;116m▀[0m[38;2;66;65;66m[48;2;255;118;146m▀[0m[38;2;225;167;118m[48;2;66;65;66m▀[0m[38;2;255;197;148m[48;2;255;197;148m▀[0m[38;2;0;0;0m[48;2;0;0;0m▀[0m        
   [38;2;0;0;0m▀[38;2;255;197;148m[48;2;0;0;0m▀[0m[38;2;255;197;148m[48;2;0;0;0m▀[0m[38;2;255;197;148m[48;2;255;197;148m▀[0m[38;2;0;0;16m[48;2;254;196;147m▀[0m[38;2;144;86;37m[48;2;254;196;147m▀[0m[38;2;255;197;148m[48;2;255;197;148m▀[0m[38;2;66;65;66m[48;2;66;65;66m▀[0m[38;2;255;75;116m[48;2;255;75;116m▀[0m[38;2;66;65;66m[48;2;66;65;66m▀[0m[38;2;142;84;35m[48;2;142;84;35m▀[0m[38;2;142;84;35m[48;2;142;84;35m▀[0m[38;2;136;78;29m[48;2;66;69;74m▀[0m[38;2;66;69;74m[48;2;255;83;121m▀[0m[38;2;66;65;66m[48;2;255;75;116m▀[0m[38;2;66;65;66m[48;2;66;65;66m▀[0m[38;2;255;197;148m[48;2;66;65;66m▀[0m[38;2;255;197;148m[48;2;66;65;66m▀[0m[38;2;255;197;148m[48;2;66;65;66m▀[0m[38;2;255;197;148m[48;2;255;197;148m▀[0m[38;2;66;65;66m[48;2;66;65;66m▀[0m[38;2;255;75;116m[48;2;255;75;116m▀[0m[38;2;255;75;116m[48;2;255;75;116m▀[0m[38;2;66;65;66m[48;2;66;65;66m▀[0m[38;2;255;197;148m[48;2;255;197;148m▀[0m[38;2;0;0;0m[48;2;0;0;0m▀[0m        
      [38;2;0;0;0m▀[38;2;0;0;0m▀[38;2;142;84;35m[48;2;0;0;0m▀[0m[38;2;255;197;148m[48;2;255;197;148m▀[0m[38;2;66;65;66m[48;2;255;197;148m▀[0m[38;2;255;75;116m[48;2;66;65;66m▀[0m[38;2;255;75;116m[48;2;255;75;116m▀[0m[38;2;66;65;66m[48;2;66;65;66m▀[0m[38;2;66;65;66m[48;2;142;84;35m▀[0m[38;2;255;75;116m[48;2;66;65;66m▀[0m[38;2;255;75;116m[48;2;66;65;66m▀[0m[38;2;247;0;81m[48;2;66;65;66m▀[0m[38;2;66;65;66m[48;2;66;65;66m▀[0m[38;2;142;84;35m[48;2;142;84;35m▀[0m[38;2;142;84;35m[48;2;142;84;35m▀[0m[38;2;142;84;35m[48;2;142;84;35m▀[0m[38;2;66;65;66m[48;2;142;84;35m▀[0m[38;2;66;65;66m[48;2;66;65;66m▀[0m[38;2;255;75;116m[48;2;255;75;116m▀[0m[38;2;255;118;146m[48;2;66;65;66m▀[0m[38;2;66;65;66m[48;2;225;167;118m▀[0m[38;2;255;197;148m[48;2;255;197;148m▀[0m[38;2;255;197;148m[48;2;255;197;148m▀[0m[38;2;0;0;0m[48;2;255;197;148m▀[0m[38;2;0;0;0m[48;2;255;197;148m▀[0m[38;2;0;0;0m▄[38;2;0;0;0m▄    
         [38;2;0;0;0m[48;2;0;0;0m▀[0m[38;2;255;197;148m[48;2;255;197;148m▀[0m[38;2;66;65;66m[48;2;225;167;118m▀[0m[38;2;255;118;146m[48;2;66;65;66m▀[0m[38;2;255;75;116m[48;2;255;75;116m▀[0m[38;2;66;65;66m[48;2;255;75;116m▀[0m[38;2;148;90;41m[48;2;66;60;74m▀[0m[38;2;66;60;74m[48;2;253;195;146m▀[0m[38;2;255;197;148m[48;2;255;197;148m▀[0m[38;2;255;197;148m[48;2;255;197;148m▀[0m[38;2;66;65;66m[48;2;66;65;66m▀[0m[38;2;142;84;35m[48;2;66;65;66m▀[0m[38;2;129;93;71m[48;2;66;69;74m▀[0m[38;2;66;69;74m[48;2;255;83;121m▀[0m[38;2;255;75;116m[48;2;255;75;116m▀[0m[38;2;255;75;116m[48;2;66;65;66m▀[0m[38;2;66;65;66m[48;2;255;197;148m▀[0m[38;2;255;197;148m[48;2;255;197;148m▀[0m[38;2;142;84;35m[48;2;0;0;0m▀[0m[38;2;0;0;0m▀[38;2;0;0;0m▀[38;2;255;197;148m[48;2;0;0;0m▀[0m[38;2;255;197;148m[48;2;255;197;148m▀[0m[38;2;255;197;148m[48;2;255;197;148m▀[0m[38;2;0;0;0m[48;2;255;197;148m▀[0m[38;2;0;0;0m▄  
          [38;2;0;0;0m▀[38;2;255;197;148m[48;2;0;0;0m▀[0m[38;2;255;197;148m[48;2;255;197;148m▀[0m[38;2;66;65;66m[48;2;225;167;118m▀[0m[38;2;255;118;146m[48;2;66;65;66m▀[0m[38;2;255;75;116m[48;2;66;65;66m▀[0m[38;2;255;75;116m[48;2;255;75;116m▀[0m[38;2;66;65;66m[48;2;255;75;116m▀[0m[38;2;66;65;66m[48;2;255;75;116m▀[0m[38;2;243;0;80m[48;2;255;75;116m▀[0m[38;2;255;75;116m[48;2;255;75;116m▀[0m[38;2;255;75;116m[48;2;66;65;66m▀[0m[38;2;255;75;116m[48;2;66;65;66m▀[0m[38;2;66;65;66m[48;2;255;197;148m▀[0m[38;2;255;197;148m[48;2;255;197;148m▀[0m[38;2;255;197;148m[48;2;0;0;0m▀[0m[38;2;0;0;0m▀  [38;2;0;0;0m▄[38;2;0;0;0m[48;2;255;197;148m▀[0m[38;2;203;145;96m[48;2;255;197;148m▀[0m[38;2;203;145;96m[48;2;203;145;96m▀[0m[38;2;255;197;148m[48;2;203;145;96m▀[0m[38;2;255;197;148m[48;2;255;197;148m▀[0m[38;2;0;0;0m[48;2;0;0;0m▀[0m 
           [38;2;0;0;0m▄[38;2;0;0;0m[48;2;255;197;148m▀[0m[38;2;255;197;148m[48;2;255;197;148m▀[0m[38;2;255;197;148m[48;2;66;65;66m▀[0m[38;2;255;197;148m[48;2;66;65;66m▀[0m[38;2;66;65;66m[48;2;66;65;66m▀[0m[38;2;255;75;116m[48;2;255;75;116m▀[0m[38;2;243;0;80m[48;2;243;0;80m▀[0m[38;2;66;65;66m[48;2;66;65;66m▀[0m[38;2;66;65;66m[48;2;255;197;148m▀[0m[38;2;255;197;148m[48;2;255;197;148m▀[0m[38;2;255;197;148m[48;2;255;197;148m▀[0m[38;2;255;197;148m[48;2;255;197;148m▀[0m[38;2;0;0;0m[48;2;0;0;0m▀[0m    [38;2;0;0;0m▀[38;2;255;197;148m[48;2;0;0;0m▀[0m[38;2;255;197;148m[48;2;255;197;148m▀[0m[38;2;255;197;148m[48;2;255;197;148m▀[0m[38;2;203;145;96m[48;2;255;197;148m▀[0m[38;2;255;197;148m[48;2;255;197;148m▀[0m[38;2;255;197;148m[48;2;255;197;148m▀[0m[38;2;0;0;0m[48;2;0;0;0m▀[0m
          [38;2;0;0;0m[48;2;0;0;0m▀[0m[38;2;255;197;148m[48;2;255;197;148m▀[0m[38;2;255;197;148m[48;2;66;65;66m▀[0m[38;2;169;0;39m[48;2;255;251;231m▀[0m[38;2;255;0;84m[48;2;255;0;84m▀[0m[38;2;255;75;116m[48;2;255;75;116m▀[0m[38;2;243;0;80m[48;2;255;75;116m▀[0m[38;2;255;75;116m[48;2;255;75;116m▀[0m[38;2;243;0;80m[48;2;255;75;116m▀[0m[38;2;245;2;80m[48;2;255;68;110m▀[0m[38;2;74;60;66m[48;2;255;68;110m▀[0m[38;2;66;65;66m[48;2;255;65;109m▀[0m[38;2;66;65;66m[48;2;243;0;80m▀[0m[38;2;255;197;148m[48;2;66;65;66m▀[0m[38;2;255;197;148m[48;2;255;197;148m▀[0m[38;2;0;0;0m[48;2;255;197;148m▀[0m[38;2;0;0;0m▄   [38;2;0;0;0m▀[38;2;255;197;148m[48;2;0;0;0m▀[0m[38;2;255;197;148m[48;2;0;0;0m▀[0m[38;2;255;197;148m[48;2;255;197;148m▀[0m[38;2;255;197;148m[48;2;255;197;148m▀[0m[38;2;255;197;148m[48;2;0;0;0m▀[0m[38;2;0;0;0m▀
         [38;2;0;0;0m[48;2;0;0;0m▀[0m[38;2;255;197;148m[48;2;255;197;148m▀[0m[38;2;255;197;148m[48;2;255;197;148m▀[0m[38;2;66;65;66m[48;2;66;65;66m▀[0m[38;2;225;198;189m[48;2;231;251;255m▀[0m[38;2;240;0;79m[48;2;240;0;79m▀[0m[38;2;255;75;116m[48;2;255;75;116m▀[0m[38;2;255;75;116m[48;2;255;75;116m▀[0m[38;2;255;24;89m[48;2;255;24;89m▀[0m[38;2;255;24;89m[48;2;255;255;255m▀[0m[38;2;255;251;255m[48;2;247;150;24m▀[0m[38;2;255;146;169m[48;2;255;251;255m▀[0m[38;2;255;75;116m[48;2;243;0;80m▀[0m[38;2;255;75;116m[48;2;255;75;116m▀[0m[38;2;247;0;81m[48;2;247;0;81m▀[0m[38;2;66;65;66m[48;2;66;65;66m▀[0m[38;2;255;197;148m[48;2;255;197;148m▀[0m[38;2;0;0;0m[48;2;255;197;148m▀[0m[38;2;0;0;0m▄     [38;2;0;0;0m▀[38;2;0;0;0m▀  
          [38;2;0;0;0m[48;2;0;0;0m▀[0m[38;2;255;197;148m[48;2;255;197;148m▀[0m[38;2;66;65;66m[48;2;255;197;148m▀[0m[38;2;255;243;231m[48;2;159;0;31m▀[0m[38;2;240;0;79m[48;2;240;0;79m▀[0m[38;2;255;75;116m[48;2;243;0;80m▀[0m[38;2;243;0;80m[48;2;243;0;80m▀[0m[38;2;233;210;178m[48;2;231;239;255m▀[0m[38;2;239;154;24m[48;2;239;154;24m▀[0m[38;2;231;121;41m[48;2;231;247;255m▀[0m[38;2;231;205;183m[48;2;255;41;96m▀[0m[38;2;245;2;80m[48;2;245;2;80m▀[0m[38;2;245;2;80m[48;2;245;2;80m▀[0m[38;2;247;0;81m[48;2;247;0;81m▀[0m[38;2;66;65;66m[48;2;66;65;66m▀[0m[38;2;255;197;148m[48;2;255;197;148m▀[0m[38;2;255;197;148m[48;2;255;197;148m▀[0m[38;2;0;0;0m[48;2;0;0;0m▀[0m         
           [38;2;0;0;0m▀[38;2;255;197;148m[48;2;0;0;0m▀[0m[38;2;255;197;148m[48;2;255;197;148m▀[0m[38;2;66;65;66m[48;2;255;197;148m▀[0m[38;2;247;0;81m[48;2;66;65;66m▀[0m[38;2;247;0;81m[48;2;66;65;66m▀[0m[38;2;255;119;147m[48;2;250;1;81m▀[0m[38;2;255;255;247m[48;2;250;1;81m▀[0m[38;2;247;0;81m[48;2;247;0;81m▀[0m[38;2;247;0;81m[48;2;66;65;66m▀[0m[38;2;247;0;81m[48;2;66;65;66m▀[0m[38;2;247;0;81m[48;2;66;65;66m▀[0m[38;2;66;65;66m[48;2;255;197;148m▀[0m[38;2;255;197;148m[48;2;255;197;148m▀[0m[38;2;255;197;148m[48;2;0;0;0m▀[0m[38;2;0;0;0m▀          
             [38;2;0;0;0m▀[38;2;142;84;35m[48;2;0;0;0m▀[0m[38;2;255;197;148m[48;2;255;197;148m▀[0m[38;2;66;65;66m[48;2;255;197;148m▀[0m[38;2;247;0;81m[48;2;66;65;66m▀[0m[38;2;247;0;81m[48;2;66;65;66m▀[0m[38;2;66;65;66m[48;2;255;197;148m▀[0m[38;2;255;197;148m[48;2;255;197;148m▀[0m[38;2;255;197;148m[48;2;0;0;0m▀[0m[38;2;255;197;148m[48;2;0;0;0m▀[0m[38;2;0;0;0m▀[38;2;0;0;0m▀            
               [38;2;0;0;0m▀[38;2;255;197;148m[48;2;0;0;0m▀[0m[38;2;255;197;148m[48;2;0;0;0m▀[0m[38;2;255;197;148m[48;2;0;0;0m▀[0m[38;2;255;197;148m[48;2;0;0;0m▀[0m[38;2;0;0;0m▀                
[0m