                  [38;2;0;0;0m▄[38;2;0;0;0m[48;2;222;164;115m▀[0m[38;2;0;0;0m▄                  
                [38;2;0;0;0m▄[38;2;0;0;0m[48;2;222;164;115m▀[0m[38;2;222;164;115m[48;2;254;196;147m▀[0m[38;2;222;164;115m[48;2;82;69;49m▀[0m[38;2;222;164;115m[48;2;222;164;115m▀[0m[38;2;0;0;0m[48;2;222;164;115m▀[0m[38;2;0;0;0m▄                
               [38;2;0;0;0m▄[38;2;0;0;0m[48;2;222;164;115m▀[0m[38;2;222;164;115m[48;2;222;164;115m▀[0m[38;2;82;69;49m[48;2;66;65;66m▀[0m[38;2;255;0;83m[48;2;255;75;116m▀[0m[38;2;66;65;66m[48;2;82;69;49m▀[0m[38;2;222;164;115m[48;2;254;196;147m▀[0m[38;2;0;0;0m[48;2;222;164;115m▀[0m[38;2;0;0;0m▄               
  [38;2;0;0;0m▄[38;2;0;0;0m[48;2;255;216;182m▀[0m[38;2;0;0;0m▄       [38;2;0;0;0m▄[38;2;0;0;0m▄[38;2;8;12;0m▄[38;2;0;0;0m[48;2;226;168;119m▀[0m[38;2;222;164;115m[48;2;254;196;147m▀[0m[38;2;66;65;66m[48;2;82;69;49m▀[0m[38;2;255;75;116m[48;2;255;75;116m▀[0m[38;2;255;75;116m[48;2;255;75;116m▀[0m[38;2;255;0;83m[48;2;255;68;110m▀[0m[38;2;82;69;49m[48;2;159;0;31m▀[0m[38;2;222;164;115m[48;2;222;164;115m▀[0m[38;2;0;0;0m[48;2;222;164;115m▀[0m[38;2;0;0;0m▄              
 [38;2;0;0;0m▄[38;2;0;0;0m[48;2;255;213;177m▀[0m[38;2;255;216;182m[48;2;255;213;177m▀[0m[38;2;0;0;0m[48;2;255;216;182m▀[0m[38;2;0;0;0m▄   [38;2;0;0;0m▄[38;2;0;0;0m[48;2;222;164;115m▀[0m[38;2;0;0;0m[48;2;222;164;115m▀[0m[38;2;222;164;115m[48;2;254;196;147m▀[0m[38;2;222;164;115m[48;2;82;69;49m▀[0m[38;2;226;168;119m[48;2;66;65;66m▀[0m[38;2;74;35;1m[48;2;255;75;116m▀[0m[38;2;82;69;49m[48;2;66;65;66m▀[0m[38;2;255;0;83m[48;2;255;75;116m▀[0m[38;2;255;75;116m[48;2;255;75;116m▀[0m[38;2;255;75;116m[48;2;255;75;116m▀[0m[38;2;255;68;110m[48;2;245;2;80m▀[0m[38;2;245;2;80m[48;2;245;2;80m▀[0m[38;2;66;65;66m[48;2;66;65;66m▀[0m[38;2;222;164;115m[48;2;66;65;66m▀[0m[38;2;222;164;115m[48;2;222;164;115m▀[0m[38;2;0;0;0m[48;2;222;164;115m▀[0m[38;2;0;0;0m[48;2;222;164;115m▀[0m[38;2;0;0;0m▄[38;2;0;0;0m▄          
[38;2;0;0;0m▄[38;2;0;0;0m[48;2;255;216;182m▀[0m[38;2;255;213;177m[48;2;255;213;177m▀[0m[38;2;255;213;177m[48;2;255;213;177m▀[0m[38;2;255;216;182m[48;2;255;213;177m▀[0m[38;2;0;0;0m[48;2;255;213;177m▀[0m[38;2;0;0;0m▄ [38;2;0;0;0m[48;2;8;12;0m▀[0m[38;2;222;164;115m[48;2;226;168;119m▀[0m[38;2;222;164;115m[48;2;66;65;66m▀[0m[38;2;66;65;66m[48;2;247;0;81m▀[0m[38;2;82;69;49m[48;2;205;0;64m▀[0m[38;2;255;0;83m[48;2;205;0;64m▀[0m[38;2;255;75;116m[48;2;255;75;116m▀[0m[38;2;255;75;116m[48;2;255;75;116m▀[0m[38;2;255;75;116m[48;2;255;75;116m▀[0m[38;2;255;75;116m[48;2;255;75;116m▀[0m[38;2;255;75;116m[48;2;255;75;116m▀[0m[38;2;255;75;116m[48;2;255;75;116m▀[0m[38;2;245;2;80m[48;2;243;0;80m▀[0m[38;2;245;2;80m[48;2;243;0;80m▀[0m[38;2;66;65;66m[48;2;243;0;80m▀[0m[38;2;255;75;116m[48;2;255;75;116m▀[0m[38;2;66;65;66m[48;2;255;75;116m▀[0m[38;2;66;65;66m[48;2;255;75;116m▀[0m[38;2;222;164;115m[48;2;66;65;66m▀[0m[38;2;222;164;115m[48;2;66;65;66m▀[0m[38;2;222;164;115m[48;2;222;164;115m▀[0m[38;2;0;0;0m[48;2;222;164;115m▀[0m[38;2;0;0;0m▄        
 [38;2;0;0;0m▀[38;2;255;213;177m[48;2;0;0;0m▀[0m[38;2;255;213;177m[48;2;248;190;141m▀[0m[38;2;223;165;116m[48;2;255;213;177m▀[0m[38;2;255;213;177m[48;2;223;165;116m▀[0m[38;2;66;65;66m[48;2;248;190;141m▀[0m[38;2;0;0;0m[48;2;66;65;66m▀[0m[38;2;226;168;119m[48;2;222;164;115m▀[0m[38;2;74;35;1m[48;2;66;65;66m▀[0m[38;2;247;0;81m[48;2;255;107;139m▀[0m[38;2;247;0;81m[48;2;214;211;255m▀[0m[38;2;255;75;116m[48;2;255;24;89m▀[0m[38;2;255;75;116m[48;2;255;24;89m▀[0m[38;2;205;0;64m[48;2;255;75;116m▀[0m[38;2;205;0;64m[48;2;255;75;116m▀[0m[38;2;205;0;64m[48;2;255;75;116m▀[0m[38;2;255;75;116m[48;2;205;0;64m▀[0m[38;2;255;75;116m[48;2;205;0;64m▀[0m[38;2;255;75;116m[48;2;205;0;64m▀[0m[38;2;255;75;116m[48;2;255;75;116m▀[0m[38;2;255;75;116m[48;2;255;75;116m▀[0m[38;2;255;75;116m[48;2;255;75;116m▀[0m[38;2;255;75;116m[48;2;255;75;116m▀[0m[38;2;255;75;116m[48;2;255;75;116m▀[0m[38;2;255;75;116m[48;2;255;75;116m▀[0m[38;2;255;75;116m[48;2;255;75;116m▀[0m[38;2;255;75;116m[48;2;255;75;116m▀[0m[38;2;66;65;66m[48;2;180;0;48m▀[0m[38;2;222;164;115m[48;2;222;164;115m▀[0m[38;2;0;0;0m[48;2;222;164;115m▀[0m[38;2;0;0;0m▄    [38;2;0;0;0m▄[38;2;0;0;0m[48;2;255;216;182m▀[0m[38;2;0;0;0m▄
  [38;2;0;0;0m▀[38;2;248;190;141m[48;2;0;0;0m▀[0m[38;2;223;165;116m[48;2;241;183;134m▀[0m[38;2;255;213;177m[48;2;241;183;134m▀[0m[38;2;248;190;141m[48;2;222;164;115m▀[0m[38;2;66;65;66m[48;2;66;65;66m▀[0m[38;2;222;164;115m[48;2;222;164;115m▀[0m[38;2;66;65;66m[48;2;66;65;66m▀[0m[38;2;214;211;255m[48;2;255;255;231m▀[0m[38;2;214;211;255m[48;2;139;122;241m▀[0m[38;2;255;255;255m[48;2;225;198;189m▀[0m[38;2;255;24;89m[48;2;240;0;79m▀[0m[38;2;255;75;116m[48;2;255;75;116m▀[0m[38;2;255;75;116m[48;2;255;75;116m▀[0m[38;2;255;75;116m[48;2;255;59;106m▀[0m[38;2;255;75;116m[48;2;250;1;81m▀[0m[38;2;255;75;116m[48;2;250;1;81m▀[0m[38;2;255;75;116m[48;2;250;1;81m▀[0m[38;2;205;0;64m[48;2;255;75;116m▀[0m[38;2;205;0;64m[48;2;255;75;116m▀[0m[38;2;255;75;116m[48;2;215;0;69m▀[0m[38;2;255;75;116m[48;2;255;71;111m▀[0m[38;2;255;75;116m[48;2;255;75;116m▀[0m[38;2;255;75;116m[48;2;243;0;80m▀[0m[38;2;255;75;116m[48;2;245;2;80m▀[0m[38;2;243;0;80m[48;2;245;2;80m▀[0m[38;2;180;0;48m[48;2;247;0;81m▀[0m[38;2;180;0;48m[48;2;66;65;66m▀[0m[38;2;222;164;115m[48;2;222;164;115m▀[0m[38;2;0;0;0m[48;2;0;0;0m▀[0m  [38;2;0;0;0m▄[38;2;0;0;0m[48;2;255;216;182m▀[0m[38;2;255;216;182m[48;2;255;213;177m▀[0m[38;2;255;216;182m[48;2;255;213;177m▀[0m[38;2;0;0;0m[48;2;0;0;0m▀[0m
    [38;2;0;0;0m[48;2;0;0;0m▀[0m[38;2;241;183;134m[48;2;222;164;115m▀[0m[38;2;222;164;115m[48;2;222;164;115m▀[0m[38;2;66;65;66m[48;2;66;65;66m▀[0m[38;2;222;164;115m[48;2;222;164;115m▀[0m[38;2;66;65;66m[48;2;66;65;66m▀[0m[38;2;197;188;236m[48;2;231;235;255m▀[0m[38;2;139;122;241m[48;2;220;181;194m▀[0m[38;2;231;251;255m[48;2;255;243;231m▀[0m[38;2;240;0;79m[48;2;240;0;79m▀[0m[38;2;255;75;116m[48;2;255;68;110m▀[0m[38;2;255;75;116m[48;2;255;68;110m▀[0m[38;2;250;1;81m[48;2;216;0;69m▀[0m[38;2;255;136;160m[48;2;206;227;255m▀[0m[38;2;255;255;247m[48;2;139;122;255m▀[0m[38;2;255;119;147m[48;2;255;255;255m▀[0m[38;2;243;0;80m[48;2;243;0;80m▀[0m[38;2;255;75;116m[48;2;255;75;116m▀[0m[38;2;255;71;111m[48;2;247;0;81m▀[0m[38;2;155;0;27m[48;2;66;65;66m▀[0m[38;2;243;0;80m[48;2;245;2;80m▀[0m[38;2;243;0;80m[48;2;245;2;80m▀[0m[38;2;245;2;80m[48;2;245;2;80m▀[0m[38;2;245;2;80m[48;2;245;2;80m▀[0m[38;2;247;0;81m[48;2;180;0;48m▀[0m[38;2;66;65;66m[48;2;180;0;48m▀[0m[38;2;222;164;115m[48;2;222;164;115m▀[0m[38;2;0;0;0m[48;2;66;65;66m▀[0m[38;2;0;0;0m▄[38;2;0;0;0m[48;2;241;183;134m▀[0m[38;2;255;216;182m[48;2;255;213;177m▀[0m[38;2;255;216;182m[48;2;255;213;177m▀[0m[38;2;255;213;177m[48;2;255;216;182m▀[0m[38;2;255;213;177m[48;2;0;0;0m▀[0m[38;2;0;0;0m▀
   [38;2;0;0;0m[48;2;0;0;0m▀[0m[38;2;222;164;115m[48;2;222;164;115m▀[0m[38;2;222;164;115m[48;2;66;65;66m▀[0m[38;2;66;65;66m[48;2;222;164;115m▀[0m[38;2;222;164;115m[48;2;222;164;115m▀[0m[38;2;222;164;115m[48;2;222;164;115m▀[0m[38;2;66;65;66m[48;2;66;65;66m▀[0m[38;2;215;0;69m[48;2;66;65;66m▀[0m[38;2;231;235;255m[48;2;66;65;66m▀[0m[38;2;240;0;79m[48;2;255;75;116m▀[0m[38;2;159;0;31m[48;2;255;75;116m▀[0m[38;2;159;0;31m[48;2;255;68;110m▀[0m[38;2;245;2;80m[48;2;159;0;31m▀[0m[38;2;203;177;192m[48;2;255;255;255m▀[0m[38;2;203;177;192m[48;2;139;122;255m▀[0m[38;2;139;122;255m[48;2;203;177;192m▀[0m[38;2;255;255;255m[48;2;203;177;192m▀[0m[38;2;243;0;80m[48;2;243;0;80m▀[0m[38;2;255;75;116m[48;2;255;75;116m▀[0m[38;2;247;0;81m[48;2;247;0;81m▀[0m[38;2;66;65;66m[48;2;66;65;66m▀[0m[38;2;245;2;80m[48;2;245;2;80m▀[0m[38;2;245;2;80m[48;2;245;2;80m▀[0m[38;2;245;2;80m[48;2;245;2;80m▀[0m[38;2;245;2;80m[48;2;245;2;80m▀[0m[38;2;180;0;48m[48;2;66;65;66m▀[0m[38;2;222;164;115m[48;2;222;164;115m▀[0m[38;2;222;164;115m[48;2;66;65;66m▀[0m[38;2;66;65;66m[48;2;222;164;115m▀[0m[38;2;241;183;134m[48;2;223;165;116m▀[0m[38;2;241;183;134m[48;2;255;213;177m▀[0m[38;2;255;213;177m[48;2;223;165;116m▀[0m[38;2;255;213;177m[48;2;255;213;177m▀[0m[38;2;255;216;182m[48;2;255;216;182m▀[0m[38;2;0;0;0m[48;2;0;0;0m▀[0m 
  [38;2;0;0;0m▄[38;2;0;0;0m[48;2;222;164;115m▀[0m[38;2;222;164;115m[48;2;222;164;115m▀[0m[38;2;222;164;115m[48;2;222;164;115m▀[0m[38;2;222;164;115m[48;2;0;0;0m▀[0m[38;2;66;65;66m[48;2;66;65;66m▀[0m[38;2;222;164;115m[48;2;222;164;115m▀[0m[38;2;66;65;66m[48;2;66;65;66m▀[0m[38;2;255;75;116m[48;2;255;75;116m▀[0m[38;2;255;75;116m[48;2;255;75;116m▀[0m[38;2;66;65;66m[48;2;207;0;65m▀[0m[38;2;66;65;66m[48;2;255;91;126m▀[0m[38;2;255;68;110m[48;2;66;65;66m▀[0m[38;2;245;2;80m[48;2;66;65;66m▀[0m[38;2;255;255;255m[48;2;159;0;31m▀[0m[38;2;139;122;255m[48;2;255;247;239m▀[0m[38;2;206;227;255m[48;2;255;94;129m▀[0m[38;2;216;0;69m[48;2;255;18;87m▀[0m[38;2;255;75;116m[48;2;255;75;116m▀[0m[38;2;255;75;116m[48;2;243;0;80m▀[0m[38;2;247;0;81m[48;2;247;0;81m▀[0m[38;2;66;65;66m[48;2;66;65;66m▀[0m[38;2;245;2;80m[48;2;245;2;80m▀[0m[38;2;245;2;80m[48;2;245;2;80m▀[0m[38;2;245;2;80m[48;2;245;2;80m▀[0m[38;2;245;2;80m[48;2;245;2;80m▀[0m[38;2;66;65;66m[48;2;66;65;66m▀[0m[38;2;222;164;115m[48;2;222;164;115m▀[0m[38;2;66;65;66m[48;2;66;65;66m▀[0m[38;2;222;164;115m[48;2;222;164;115m▀[0m[38;2;223;165;116m[48;2;225;167;118m▀[0m[38;2;223;165;116m[48;2;225;167;118m▀[0m[38;2;255;213;177m[48;2;222;164;115m▀[0m[38;2;223;165;116m[48;2;0;0;0m▀[0m[38;2;0;0;0m▀  
  [38;2;0;0;0m▀[38;2;0;0;0m▀[38;2;0;0;0m▀[38;2;0;0;0m▀ [38;2;0;0;0m▀[38;2;222;164;115m[48;2;0;0;0m▀[0m[38;2;222;164;115m[48;2;222;164;115m▀[0m[38;2;66;65;66m[48;2;66;65;66m▀[0m[38;2;255;75;116m[48;2;247;0;81m▀[0m[38;2;207;0;65m[48;2;231;0;77m▀[0m[38;2;255;91;126m[48;2;255;56;104m▀[0m[38;2;66;65;66m[48;2;66;65;66m▀[0m[38;2;255;75;116m[48;2;255;91;126m▀[0m[38;2;243;0;80m[48;2;205;0;64m▀[0m[38;2;159;0;31m[48;2;255;75;116m▀[0m[38;2;74;56;57m[48;2;255;75;116m▀[0m[38;2;255;94;129m[48;2;66;65;66m▀[0m[38;2;255;75;116m[48;2;66;65;66m▀[0m[38;2;243;0;80m[48;2;66;65;66m▀[0m[38;2;66;65;66m[48;2;247;0;81m▀[0m[38;2;66;65;66m[48;2;66;65;66m▀[0m[38;2;245;2;80m[48;2;245;2;80m▀[0m[38;2;245;2;80m[48;2;245;2;80m▀[0m[38;2;245;2;80m[48;2;247;0;81m▀[0m[38;2;245;2;80m[48;2;66;65;66m▀[0m[38;2;66;65;66m[48;2;222;164;115m▀[0m[38;2;222;164;115m[48;2;222;164;115m▀[0m[38;2;222;164;115m[48;2;222;164;115m▀[0m[38;2;66;65;66m[48;2;66;65;66m▀[0m[38;2;225;167;118m[48;2;222;164;115m▀[0m[38;2;225;167;118m[48;2;222;164;115m▀[0m[38;2;0;0;0m[48;2;0;0;0m▀[0m    
        [38;2;0;0;0m[48;2;0;0;0m▀[0m[38;2;222;164;115m[48;2;222;164;115m▀[0m[38;2;66;65;66m[48;2;82;69;49m▀[0m[38;2;66;65;66m[48;2;255;0;83m▀[0m[38;2;153;0;26m[48;2;245;2;80m▀[0m[38;2;231;0;77m[48;2;159;0;31m▀[0m[38;2;66;65;66m[48;2;66;65;66m▀[0m[38;2;255;91;126m[48;2;66;65;66m▀[0m[38;2;205;0;64m[48;2;243;0;80m▀[0m[38;2;255;75;116m[48;2;255;65;109m▀[0m[38;2;255;75;116m[48;2;255;75;116m▀[0m[38;2;255;75;116m[48;2;255;75;116m▀[0m[38;2;255;65;109m[48;2;255;75;116m▀[0m[38;2;243;0;80m[48;2;243;0;80m▀[0m[38;2;247;0;81m[48;2;247;0;81m▀[0m[38;2;66;65;66m[48;2;66;65;66m▀[0m[38;2;245;2;80m[48;2;245;2;80m▀[0m[38;2;245;2;80m[48;2;245;2;80m▀[0m[38;2;247;0;81m[48;2;247;0;81m▀[0m[38;2;66;65;66m[48;2;66;65;66m▀[0m[38;2;222;164;115m[48;2;226;168;119m▀[0m[38;2;66;65;66m[48;2;74;35;1m▀[0m[38;2;222;164;115m[48;2;0;0;0m▀[0m[38;2;222;164;115m[48;2;222;164;115m▀[0m[38;2;66;65;66m[48;2;225;167;118m▀[0m[38;2;222;164;115m[48;2;225;167;118m▀[0m[38;2;0;0;0m[48;2;222;164;115m▀[0m[38;2;0;0;0m▄   
        [38;2;0;0;0m▀[38;2;222;164;115m[48;2;0;0;0m▀[0m[38;2;254;196;147m[48;2;222;164;115m▀[0m[38;2;82;69;49m[48;2;222;164;115m▀[0m[38;2;255;68;110m[48;2;66;65;66m▀[0m[38;2;255;68;110m[48;2;66;65;66m▀[0m[38;2;66;65;66m[48;2;255;75;116m▀[0m[38;2;66;65;66m[48;2;255;75;116m▀[0m[38;2;66;65;66m[48;2;255;75;116m▀[0m[38;2;66;65;66m[48;2;255;75;116m▀[0m[38;2;255;75;116m[48;2;66;65;66m▀[0m[38;2;255;75;116m[48;2;66;65;66m▀[0m[38;2;255;75;116m[48;2;66;65;66m▀[0m[38;2;243;0;80m[48;2;66;65;66m▀[0m[38;2;247;0;81m[48;2;66;65;66m▀[0m[38;2;66;65;66m[48;2;247;0;81m▀[0m[38;2;245;2;80m[48;2;247;0;81m▀[0m[38;2;245;2;80m[48;2;247;0;81m▀[0m[38;2;247;0;81m[48;2;66;65;66m▀[0m[38;2;66;65;66m[48;2;222;164;115m▀[0m[38;2;226;168;119m[48;2;222;164;115m▀[0m[38;2;8;12;0m[48;2;0;0;0m▀[0m [38;2;0;0;0m▀[38;2;225;167;118m[48;2;0;0;0m▀[0m[38;2;225;167;118m[48;2;222;164;115m▀[0m[38;2;222;164;115m[48;2;222;164;115m▀[0m[38;2;0;0;0m[48;2;0;0;0m▀[0m   
          [38;2;0;0;0m▀[38;2;222;164;115m[48;2;0;0;0m▀[0m[38;2;222;164;115m[48;2;0;0;0m▀[0m[38;2;222;164;115m[48;2;222;164;115m▀[0m[38;2;66;65;66m[48;2;222;164;115m▀[0m[38;2;66;65;66m[48;2;222;164;115m▀[0m[38;2;255;75;116m[48;2;66;65;66m▀[0m[38;2;255;75;116m[48;2;66;65;66m▀[0m[38;2;255;75;116m[48;2;82;69;49m▀[0m[38;2;255;75;116m[48;2;255;0;83m▀[0m[38;2;255;65;109m[48;2;247;0;81m▀[0m[38;2;243;0;80m[48;2;247;0;81m▀[0m[38;2;66;65;66m[48;2;66;65;66m▀[0m[38;2;247;0;81m[48;2;66;65;66m▀[0m[38;2;247;0;81m[48;2;66;65;66m▀[0m[38;2;66;65;66m[48;2;222;164;115m▀[0m[38;2;222;164;115m[48;2;222;164;115m▀[0m[38;2;222;164;115m[48;2;0;0;0m▀[0m[38;2;0;0;0m▀    [38;2;0;0;0m▀[38;2;0;0;0m▀[38;2;0;0;0m▀   
             [38;2;0;0;0m▀[38;2;0;0;0m▀[38;2;222;164;115m[48;2;0;0;0m▀[0m[38;2;222;164;115m[48;2;0;0;0m▀[0m[38;2;222;164;115m[48;2;0;0;0m▀[0m[38;2;254;196;147m[48;2;222;164;115m▀[0m[38;2;82;69;49m[48;2;222;164;115m▀[0m[38;2;66;65;66m[48;2;222;164;115m▀[0m[38;2;66;65;66m[48;2;222;164;115m▀[0m[38;2;66;65;66m[48;2;222;164;115m▀[0m[38;2;222;164;115m[48;2;222;164;115m▀[0m[38;2;222;164;115m[48;2;0;0;0m▀[0m[38;2;222;164;115m[48;2;0;0;0m▀[0m[38;2;0;0;0m▀            
                  [38;2;0;0;0m▀[38;2;0;0;0m▀[38;2;0;0;0m▀[38;2;0;0;0m▀[38;2;0;0;0m▀[38;2;0;0;0m▀               
[0m