    [38;2;0;0;0m▄[38;2;0;0;0m▄[38;2;0;0;0m[48;2;225;167;118m▀[0m[38;2;0;0;0m[48;2;225;167;118m▀[0m[38;2;0;0;0m▄       [38;2;0;0;0m▄                 
  [38;2;0;0;0m▄[38;2;0;0;0m[48;2;225;167;118m▀[0m[38;2;225;167;118m[48;2;225;167;118m▀[0m[38;2;227;169;120m[48;2;255;252;249m▀[0m[38;2;255;252;249m[48;2;255;252;249m▀[0m[38;2;227;169;120m[48;2;227;169;120m▀[0m[38;2;227;169;120m[48;2;227;169;120m▀[0m[38;2;0;0;0m[48;2;0;0;0m▀[0m    [38;2;0;0;0m▄[38;2;0;0;0m[48;2;225;167;118m▀[0m[38;2;225;167;118m[48;2;225;167;118m▀[0m[38;2;0;0;0m[48;2;225;167;118m▀[0m[38;2;0;0;0m▄               
 [38;2;0;0;0m[48;2;0;0;0m▀[0m[38;2;225;167;118m[48;2;225;167;118m▀[0m[38;2;255;252;249m[48;2;255;252;249m▀[0m[38;2;255;233;214m[48;2;255;233;214m▀[0m[38;2;255;252;249m[48;2;255;252;249m▀[0m[38;2;255;252;249m[48;2;227;169;120m▀[0m[38;2;227;169;120m[48;2;227;169;120m▀[0m[38;2;227;169;120m[48;2;227;169;120m▀[0m[38;2;0;0;0m[48;2;0;0;0m▀[0m   [38;2;0;0;0m[48;2;0;0;0m▀[0m[38;2;225;167;118m[48;2;225;167;118m▀[0m[38;2;243;185;136m[48;2;66;65;66m▀[0m[38;2;66;65;66m[48;2;255;59;106m▀[0m[38;2;225;167;118m[48;2;66;65;66m▀[0m[38;2;225;167;118m[48;2;225;167;118m▀[0m[38;2;0;0;0m[48;2;0;0;0m▀[0m        [38;2;0;0;0m▄[38;2;0;0;0m[48;2;225;167;118m▀[0m[38;2;0;0;0m[48;2;225;167;118m▀[0m[38;2;0;0;0m▄  
 [38;2;0;0;0m[48;2;0;0;0m▀[0m[38;2;225;167;118m[48;2;225;167;118m▀[0m[38;2;255;252;249m[48;2;255;252;249m▀[0m[38;2;255;232;212m[48;2;229;171;122m▀[0m[38;2;227;169;120m[48;2;227;169;120m▀[0m[38;2;227;169;120m[48;2;227;169;120m▀[0m[38;2;225;167;118m[48;2;225;167;118m▀[0m[38;2;0;0;0m[48;2;225;167;118m▀[0m[38;2;0;0;0m▄ [38;2;0;0;0m▄[38;2;0;0;0m[48;2;181;123;74m▀[0m[38;2;225;167;118m[48;2;225;167;118m▀[0m[38;2;225;167;118m[48;2;66;65;66m▀[0m[38;2;66;65;66m[48;2;255;75;116m▀[0m[38;2;255;75;116m[48;2;255;75;116m▀[0m[38;2;66;65;66m[48;2;255;59;106m▀[0m[38;2;243;185;136m[48;2;66;65;66m▀[0m[38;2;225;167;118m[48;2;225;167;118m▀[0m[38;2;0;0;0m[48;2;0;0;0m▀[0m     [38;2;0;0;0m▄[38;2;0;0;0m[48;2;225;167;118m▀[0m[38;2;225;167;118m[48;2;225;167;118m▀[0m[38;2;227;169;120m[48;2;227;169;120m▀[0m[38;2;227;169;120m[48;2;255;252;249m▀[0m[38;2;225;167;118m[48;2;225;167;118m▀[0m[38;2;0;0;0m[48;2;225;167;118m▀[0m[38;2;0;0;0m▄
 [38;2;0;0;0m▀[38;2;225;167;118m[48;2;0;0;0m▀[0m[38;2;255;252;249m[48;2;227;169;120m▀[0m[38;2;227;169;120m[48;2;227;169;120m▀[0m[38;2;225;167;118m[48;2;225;167;118m▀[0m[38;2;225;167;118m[48;2;180;122;73m▀[0m[38;2;225;167;118m[48;2;180;122;73m▀[0m[38;2;225;167;118m[48;2;225;167;118m▀[0m[38;2;0;0;0m[48;2;225;167;118m▀[0m[38;2;0;0;0m[48;2;225;167;118m▀[0m[38;2;225;167;118m[48;2;225;167;118m▀[0m[38;2;225;167;118m[48;2;66;65;66m▀[0m[38;2;243;185;136m[48;2;66;65;66m▀[0m[38;2;66;65;66m[48;2;255;59;106m▀[0m[38;2;255;75;116m[48;2;255;75;116m▀[0m[38;2;255;75;116m[48;2;255;75;116m▀[0m[38;2;247;0;81m[48;2;247;0;81m▀[0m[38;2;66;65;66m[48;2;247;0;81m▀[0m[38;2;225;167;118m[48;2;66;65;66m▀[0m[38;2;225;167;118m[48;2;225;167;118m▀[0m[38;2;0;0;0m[48;2;225;167;118m▀[0m[38;2;0;0;0m[48;2;225;167;118m▀[0m[38;2;0;0;0m▄ [38;2;0;0;0m▄[38;2;0;0;0m[48;2;123;65;16m▀[0m[38;2;227;169;120m[48;2;227;169;120m▀[0m[38;2;227;169;120m[48;2;227;169;120m▀[0m[38;2;229;171;122m[48;2;255;232;212m▀[0m[38;2;255;252;249m[48;2;255;252;249m▀[0m[38;2;255;252;249m[48;2;255;252;249m▀[0m[38;2;227;169;120m[48;2;227;169;120m▀[0m[38;2;0;0;0m[48;2;0;0;0m▀[0m
 [38;2;0;0;0m▄[38;2;0;0;0m[48;2;225;167;118m▀[0m[38;2;230;172;123m[48;2;230;172;123m▀[0m[38;2;172;114;65m[48;2;0;0;0m▀[0m[38;2;172;114;65m[48;2;0;0;0m▀[0m[38;2;0;0;0m[48;2;230;172;123m▀[0m[38;2;225;167;118m[48;2;225;167;118m▀[0m[38;2;225;167;118m[48;2;66;65;66m▀[0m[38;2;243;185;136m[48;2;66;65;66m▀[0m[38;2;66;65;66m[48;2;255;59;106m▀[0m[38;2;66;65;66m[48;2;255;75;116m▀[0m[38;2;255;75;116m[48;2;255;75;116m▀[0m[38;2;66;65;66m[48;2;255;75;116m▀[0m[38;2;255;75;116m[48;2;255;75;116m▀[0m[38;2;255;75;116m[48;2;255;75;116m▀[0m[38;2;255;75;116m[48;2;243;0;80m▀[0m[38;2;245;2;80m[48;2;245;2;80m▀[0m[38;2;245;2;80m[48;2;245;2;80m▀[0m[38;2;66;65;66m[48;2;255;75;116m▀[0m[38;2;66;65;66m[48;2;255;75;116m▀[0m[38;2;66;65;66m[48;2;255;59;106m▀[0m[38;2;243;185;136m[48;2;66;65;66m▀[0m[38;2;225;167;118m[48;2;225;167;118m▀[0m[38;2;0;0;0m[48;2;225;167;118m▀[0m[38;2;225;167;118m[48;2;180;122;73m▀[0m[38;2;225;167;118m[48;2;225;167;118m▀[0m[38;2;227;169;120m[48;2;227;169;120m▀[0m[38;2;227;169;120m[48;2;255;252;249m▀[0m[38;2;255;233;214m[48;2;255;233;214m▀[0m[38;2;255;252;249m[48;2;255;252;249m▀[0m[38;2;255;252;249m[48;2;255;252;249m▀[0m[38;2;227;169;120m[48;2;227;169;120m▀[0m[38;2;0;0;0m[48;2;0;0;0m▀[0m
 [38;2;0;0;0m[48;2;0;0;0m▀[0m[38;2;225;167;118m[48;2;225;167;118m▀[0m[38;2;0;0;0m[48;2;123;65;16m▀[0m[38;2;0;0;0m▄[38;2;0;0;0m[48;2;225;167;118m▀[0m[38;2;225;167;118m[48;2;225;167;118m▀[0m[38;2;90;56;49m[48;2;90;56;49m▀[0m[38;2;243;0;80m[48;2;255;247;239m▀[0m[38;2;255;75;116m[48;2;243;0;80m▀[0m[38;2;255;75;116m[48;2;255;75;116m▀[0m[38;2;255;75;116m[48;2;255;75;116m▀[0m[38;2;255;75;116m[48;2;255;75;116m▀[0m[38;2;255;75;116m[48;2;255;75;116m▀[0m[38;2;255;75;116m[48;2;255;75;116m▀[0m[38;2;255;75;116m[48;2;255;75;116m▀[0m[38;2;255;75;116m[48;2;255;75;116m▀[0m[38;2;255;75;116m[48;2;255;75;116m▀[0m[38;2;255;75;116m[48;2;255;75;116m▀[0m[38;2;255;75;116m[48;2;255;75;116m▀[0m[38;2;255;75;116m[48;2;255;75;116m▀[0m[38;2;255;75;116m[48;2;255;75;116m▀[0m[38;2;255;75;116m[48;2;255;75;116m▀[0m[38;2;66;65;66m[48;2;255;59;106m▀[0m[38;2;243;185;136m[48;2;66;65;66m▀[0m[38;2;180;122;73m[48;2;225;167;118m▀[0m[38;2;225;167;118m[48;2;180;122;73m▀[0m[38;2;227;169;120m[48;2;227;169;120m▀[0m[38;2;255;252;249m[48;2;255;252;249m▀[0m[38;2;255;232;212m[48;2;229;171;122m▀[0m[38;2;255;252;249m[48;2;229;171;122m▀[0m[38;2;225;167;118m[48;2;225;167;118m▀[0m[38;2;225;167;118m[48;2;0;0;0m▀[0m[38;2;0;0;0m▀
[38;2;0;0;0m[48;2;0;0;0m▀[0m[38;2;227;169;120m[48;2;227;169;120m▀[0m[38;2;227;169;120m[48;2;227;169;120m▀[0m[38;2;123;65;16m[48;2;225;167;118m▀[0m[38;2;123;65;16m[48;2;123;65;16m▀[0m[38;2;225;167;118m[48;2;225;167;118m▀[0m[38;2;66;65;66m[48;2;66;65;66m▀[0m[38;2;255;255;255m[48;2;255;255;255m▀[0m[38;2;181;73;66m[48;2;181;73;66m▀[0m[38;2;231;251;255m[48;2;225;198;189m▀[0m[38;2;240;0;79m[48;2;240;0;79m▀[0m[38;2;255;75;116m[48;2;255;75;116m▀[0m[38;2;255;75;116m[48;2;255;75;116m▀[0m[38;2;255;59;106m[48;2;250;1;81m▀[0m[38;2;250;1;81m[48;2;255;136;160m▀[0m[38;2;250;1;81m[48;2;255;255;247m▀[0m[38;2;250;1;81m[48;2;255;119;147m▀[0m[38;2;255;75;116m[48;2;243;0;80m▀[0m[38;2;255;75;116m[48;2;255;75;116m▀[0m[38;2;255;75;116m[48;2;255;75;116m▀[0m[38;2;255;75;116m[48;2;255;75;116m▀[0m[38;2;255;75;116m[48;2;255;75;116m▀[0m[38;2;255;75;116m[48;2;243;0;80m▀[0m[38;2;247;0;81m[48;2;247;0;81m▀[0m[38;2;66;65;66m[48;2;247;0;81m▀[0m[38;2;223;165;116m[48;2;66;60;66m▀[0m[38;2;200;142;93m[48;2;223;165;116m▀[0m[38;2;223;165;116m[48;2;117;59;10m▀[0m[38;2;223;165;116m[48;2;200;142;93m▀[0m[38;2;227;169;120m[48;2;227;169;120m▀[0m[38;2;227;169;120m[48;2;227;169;120m▀[0m[38;2;0;0;0m[48;2;0;0;0m▀[0m  
 [38;2;0;0;0m▀[38;2;0;0;0m▀[38;2;225;167;118m[48;2;0;0;0m▀[0m[38;2;225;167;118m[48;2;225;167;118m▀[0m[38;2;225;167;118m[48;2;225;167;118m▀[0m[38;2;66;65;66m[48;2;66;65;66m▀[0m[38;2;217;191;192m[48;2;239;251;255m▀[0m[38;2;173;73;66m[48;2;173;73;66m▀[0m[38;2;255;255;255m[48;2;255;255;255m▀[0m[38;2;247;0;81m[48;2;247;0;81m▀[0m[38;2;255;75;116m[48;2;255;75;116m▀[0m[38;2;255;75;116m[48;2;243;0;80m▀[0m[38;2;218;0;70m[48;2;220;194;189m▀[0m[38;2;231;251;255m[48;2;198;81;57m▀[0m[38;2;181;73;66m[48;2;181;73;66m▀[0m[38;2;255;255;255m[48;2;255;255;255m▀[0m[38;2;243;0;80m[48;2;243;0;80m▀[0m[38;2;255;75;116m[48;2;255;75;116m▀[0m[38;2;255;75;116m[48;2;255;75;116m▀[0m[38;2;255;75;116m[48;2;243;0;80m▀[0m[38;2;245;2;80m[48;2;245;2;80m▀[0m[38;2;245;2;80m[48;2;245;2;80m▀[0m[38;2;247;0;81m[48;2;247;0;81m▀[0m[38;2;247;0;81m[48;2;66;65;66m▀[0m[38;2;66;65;66m[48;2;66;65;66m▀[0m[38;2;225;167;118m[48;2;225;167;118m▀[0m[38;2;123;65;16m[48;2;0;0;0m▀[0m[38;2;0;0;0m▀[38;2;225;167;118m[48;2;0;0;0m▀[0m[38;2;225;167;118m[48;2;225;167;118m▀[0m[38;2;0;0;0m[48;2;0;0;0m▀[0m  
    [38;2;0;0;0m[48;2;0;0;0m▀[0m[38;2;225;167;118m[48;2;225;167;118m▀[0m[38;2;66;65;66m[48;2;66;65;66m▀[0m[38;2;57;60;57m[48;2;120;123;120m▀[0m[38;2;247;251;247m[48;2;57;60;57m▀[0m[38;2;255;56;104m[48;2;255;56;104m▀[0m[38;2;255;56;104m[48;2;255;255;255m▀[0m[38;2;255;75;116m[48;2;255;75;116m▀[0m[38;2;243;0;80m[48;2;243;0;80m▀[0m[38;2;255;255;255m[48;2;255;255;255m▀[0m[38;2;181;73;66m[48;2;181;73;66m▀[0m[38;2;198;81;57m[48;2;231;251;255m▀[0m[38;2;220;194;189m[48;2;218;0;70m▀[0m[38;2;243;0;80m[48;2;255;75;116m▀[0m[38;2;255;75;116m[48;2;255;75;116m▀[0m[38;2;245;2;80m[48;2;245;2;80m▀[0m[38;2;245;2;80m[48;2;245;2;80m▀[0m[38;2;247;0;81m[48;2;247;0;81m▀[0m[38;2;247;0;81m[48;2;66;65;66m▀[0m[38;2;66;65;66m[48;2;247;0;81m▀[0m[38;2;247;0;81m[48;2;247;0;81m▀[0m[38;2;66;65;66m[48;2;66;65;66m▀[0m[38;2;225;167;118m[48;2;225;167;118m▀[0m[38;2;225;167;118m[48;2;225;167;118m▀[0m[38;2;0;0;0m[48;2;225;167;118m▀[0m[38;2;0;0;0m[48;2;0;0;0m▀[0m[38;2;225;167;118m[48;2;225;167;118m▀[0m[38;2;0;0;0m[48;2;0;0;0m▀[0m  
     [38;2;0;0;0m[48;2;0;0;0m▀[0m[38;2;225;167;118m[48;2;225;167;118m▀[0m[38;2;66;65;66m[48;2;66;65;66m▀[0m[38;2;189;190;181m[48;2;107;106;104m▀[0m[38;2;66;65;66m[48;2;189;190;189m▀[0m[38;2;66;65;66m[48;2;189;190;189m▀[0m[38;2;57;69;74m[48;2;120;93;71m▀[0m[38;2;255;78;117m[48;2;57;69;74m▀[0m[38;2;243;0;80m[48;2;90;56;49m▀[0m[38;2;255;247;239m[48;2;90;56;49m▀[0m[38;2;255;136;160m[48;2;250;1;81m▀[0m[38;2;250;1;81m[48;2;255;59;106m▀[0m[38;2;255;74;115m[48;2;255;0;82m▀[0m[38;2;255;74;115m[48;2;201;0;63m▀[0m[38;2;247;0;81m[48;2;66;65;66m▀[0m[38;2;66;65;66m[48;2;247;0;81m▀[0m[38;2;66;65;66m[48;2;247;0;81m▀[0m[38;2;247;0;81m[48;2;247;0;81m▀[0m[38;2;247;0;81m[48;2;66;65;66m▀[0m[38;2;66;65;66m[48;2;66;65;66m▀[0m[38;2;227;169;120m[48;2;227;169;120m▀[0m[38;2;227;169;120m[48;2;227;169;120m▀[0m[38;2;100;47;1m[48;2;0;8;8m▀[0m[38;2;237;179;130m[48;2;0;8;8m▀[0m[38;2;180;122;73m[48;2;225;167;118m▀[0m[38;2;225;167;118m[48;2;225;167;118m▀[0m[38;2;225;167;118m[48;2;225;167;118m▀[0m[38;2;0;0;0m[48;2;0;0;0m▀[0m 
     [38;2;0;0;0m▀[38;2;225;167;118m[48;2;0;0;0m▀[0m[38;2;225;167;118m[48;2;225;167;118m▀[0m[38;2;66;65;66m[48;2;66;65;66m▀[0m[38;2;107;105;90m[48;2;255;75;116m▀[0m[38;2;107;105;90m[48;2;255;75;116m▀[0m[38;2;189;190;189m[48;2;107;106;90m▀[0m[38;2;189;190;189m[48;2;107;106;90m▀[0m[38;2;189;190;189m[48;2;107;106;90m▀[0m[38;2;189;190;189m[48;2;107;106;90m▀[0m[38;2;66;65;66m[48;2;107;107;90m▀[0m[38;2;66;65;66m[48;2;107;107;90m▀[0m[38;2;66;65;66m[48;2;66;65;66m▀[0m[38;2;66;65;66m[48;2;66;65;66m▀[0m[38;2;247;0;81m[48;2;66;65;66m▀[0m[38;2;247;0;81m[48;2;66;65;66m▀[0m[38;2;66;65;66m[48;2;247;0;81m▀[0m[38;2;66;65;66m[48;2;247;0;81m▀[0m[38;2;255;18;87m[48;2;66;65;66m▀[0m[38;2;66;65;66m[48;2;221;163;114m▀[0m[38;2;225;167;118m[48;2;225;167;118m▀[0m[38;2;0;0;0m[48;2;0;0;0m▀[0m  [38;2;0;0;0m▀[38;2;0;0;0m▀[38;2;0;0;0m▀  
      [38;2;0;0;0m▀[38;2;225;167;118m[48;2;0;0;0m▀[0m[38;2;225;167;118m[48;2;225;167;118m▀[0m[38;2;66;65;66m[48;2;225;167;118m▀[0m[38;2;66;65;66m[48;2;225;167;118m▀[0m[38;2;66;65;66m[48;2;243;185;136m▀[0m[38;2;255;59;106m[48;2;66;65;66m▀[0m[38;2;255;78;117m[48;2;57;69;74m▀[0m[38;2;197;0;59m[48;2;57;69;74m▀[0m[38;2;200;0;61m[48;2;255;81;118m▀[0m[38;2;200;0;61m[48;2;49;77;82m▀[0m[38;2;66;65;66m[48;2;66;65;66m▀[0m[38;2;66;65;66m[48;2;247;0;81m▀[0m[38;2;247;0;81m[48;2;66;65;66m▀[0m[38;2;247;0;81m[48;2;66;65;66m▀[0m[38;2;66;65;66m[48;2;225;167;118m▀[0m[38;2;66;65;66m[48;2;225;167;118m▀[0m[38;2;66;65;66m[48;2;225;167;118m▀[0m[38;2;225;167;118m[48;2;225;167;118m▀[0m[38;2;0;0;0m[48;2;0;0;0m▀[0m        
        [38;2;0;0;0m▀[38;2;0;0;0m▀[38;2;0;0;0m▀[38;2;225;167;118m[48;2;0;0;0m▀[0m[38;2;225;167;118m[48;2;0;0;0m▀[0m[38;2;225;167;118m[48;2;0;0;0m▀[0m[38;2;225;167;118m[48;2;225;167;118m▀[0m[38;2;66;65;66m[48;2;221;163;114m▀[0m[38;2;255;18;87m[48;2;66;65;66m▀[0m[38;2;255;18;87m[48;2;66;65;66m▀[0m[38;2;66;65;66m[48;2;221;163;114m▀[0m[38;2;225;167;118m[48;2;225;167;118m▀[0m[38;2;225;167;118m[48;2;0;0;0m▀[0m[38;2;225;167;118m[48;2;0;0;0m▀[0m[38;2;0;0;0m▀[38;2;0;0;0m▀[38;2;0;0;0m▀         
              [38;2;0;0;0m▀[38;2;225;167;118m[48;2;0;0;0m▀[0m[38;2;225;167;118m[48;2;0;0;0m▀[0m[38;2;225;167;118m[48;2;0;0;0m▀[0m[38;2;225;167;118m[48;2;0;0;0m▀[0m[38;2;0;0;0m▀              
[0m