  [38;2;0;0;0m[48;2;0;0;0m▀[0m[38;2;0;0;0m[48;2;189;189;189m▀[0m[38;2;0;0;0m▄                
[38;2;0;0;0m[48;2;0;0;0m▀[0m[38;2;0;0;0m[48;2;189;189;189m▀[0m[38;2;65;65;65m[48;2;189;189;189m▀[0m[38;2;189;189;189m[48;2;189;189;189m▀[0m[38;2;189;189;189m[48;2;189;189;189m▀[0m[38;2;0;0;0m[48;2;189;189;189m▀[0m[38;2;0;0;0m▄[38;2;0;0;0m▄[38;2;0;0;0m[48;2;48;238;194m▀[0m[38;2;0;0;0m[48;2;1;159;122m▀[0m[38;2;0;0;0m▄      [38;2;0;0;0m▄[38;2;0;0;0m▄[38;2;0;0;0m▄ 
 [38;2;0;0;0m▀[38;2;65;65;65m[48;2;0;0;0m▀[0m[38;2;189;189;189m[48;2;0;0;0m▀[0m[38;2;189;189;189m[48;2;189;189;189m▀[0m[38;2;65;65;65m[48;2;65;65;65m▀[0m[38;2;65;65;65m[48;2;48;238;194m▀[0m[38;2;65;65;65m[48;2;48;238;194m▀[0m[38;2;9;199;155m[48;2;1;159;122m▀[0m[38;2;48;238;194m[48;2;48;238;194m▀[0m[38;2;0;0;0m[48;2;48;238;194m▀[0m[38;2;0;0;0m▄[38;2;0;0;0m[48;2;48;238;194m▀[0m[38;2;0;0;0m▄[38;2;0;0;0m▄[38;2;0;0;0m[48;2;255;255;255m▀[0m[38;2;0;0;0m[48;2;189;189;189m▀[0m[38;2;189;189;189m[48;2;255;255;255m▀[0m[38;2;255;255;255m[48;2;65;65;65m▀[0m[38;2;0;0;0m[48;2;0;0;0m▀[0m 
   [38;2;0;0;0m▄[38;2;0;0;0m[48;2;48;238;194m▀[0m[38;2;1;159;122m[48;2;48;238;194m▀[0m[38;2;65;65;65m[48;2;48;238;194m▀[0m[38;2;48;238;194m[48;2;48;238;194m▀[0m[38;2;48;238;194m[48;2;48;238;194m▀[0m[38;2;9;199;155m[48;2;48;238;194m▀[0m[38;2;48;238;194m[48;2;48;238;194m▀[0m[38;2;48;238;194m[48;2;65;65;65m▀[0m[38;2;1;159;122m[48;2;65;65;65m▀[0m[38;2;65;65;65m[48;2;255;255;255m▀[0m[38;2;255;255;255m[48;2;255;255;255m▀[0m[38;2;189;189;189m[48;2;255;255;255m▀[0m[38;2;255;255;255m[48;2;255;255;255m▀[0m[38;2;255;255;255m[48;2;189;189;189m▀[0m[38;2;189;189;189m[48;2;0;0;0m▀[0m[38;2;255;255;255m[48;2;0;0;0m▀[0m[38;2;0;0;0m▀
    [38;2;0;0;0m▀[38;2;9;199;155m[48;2;0;0;0m▀[0m[38;2;1;159;122m[48;2;48;238;194m▀[0m[38;2;48;238;194m[48;2;48;238;194m▀[0m[38;2;48;238;194m[48;2;9;199;155m▀[0m[38;2;1;159;122m[48;2;65;65;65m▀[0m[38;2;1;159;122m[48;2;189;189;189m▀[0m[38;2;189;189;189m[48;2;189;189;189m▀[0m[38;2;255;255;255m[48;2;65;65;65m▀[0m[38;2;255;255;255m[48;2;65;65;65m▀[0m[38;2;189;189;189m[48;2;0;0;0m▀[0m[38;2;0;0;0m▀[38;2;0;0;0m▀[38;2;0;0;0m▀   
    [38;2;0;0;0m▄[38;2;0;0;0m[48;2;255;255;255m▀[0m[38;2;48;238;194m[48;2;1;159;122m▀[0m[38;2;65;65;65m[48;2;255;255;255m▀[0m[38;2;0;0;0m[48;2;1;159;122m▀[0m[38;2;255;255;255m[48;2;255;255;255m▀[0m[38;2;148;148;148m[48;2;148;148;148m▀[0m[38;2;65;65;65m[48;2;189;189;189m▀[0m[38;2;9;199;155m[48;2;9;199;155m▀[0m[38;2;0;0;0m[48;2;0;0;0m▀[0m [38;2;0;0;0m▄[38;2;0;0;0m▄[38;2;0;0;0m▄[38;2;0;0;0m▄  
   [38;2;0;0;0m▀[38;2;189;189;189m[48;2;0;0;0m▀[0m[38;2;255;255;255m[48;2;255;255;255m▀[0m[38;2;255;255;255m[48;2;255;255;255m▀[0m[38;2;255;255;255m[48;2;255;255;255m▀[0m[38;2;255;255;255m[48;2;255;255;255m▀[0m[38;2;148;148;148m[48;2;255;255;255m▀[0m[38;2;189;189;189m[48;2;189;189;189m▀[0m[38;2;189;189;189m[48;2;189;189;189m▀[0m[38;2;1;159;122m[48;2;65;65;65m▀[0m[38;2;0;0;0m[48;2;181;74;82m▀[0m[38;2;0;0;0m[48;2;230;90;82m▀[0m[38;2;181;74;82m[48;2;230;90;82m▀[0m[38;2;230;90;82m[48;2;230;90;82m▀[0m[38;2;230;90;82m[48;2;0;0;0m▀[0m[38;2;0;0;0m▀  
     [38;2;0;0;0m▀[38;2;0;0;0m▀[38;2;255;255;255m[48;2;0;0;0m▀[0m[38;2;255;255;255m[48;2;65;65;65m▀[0m[38;2;189;189;189m[48;2;115;115;115m▀[0m[38;2;189;189;189m[48;2;189;189;189m▀[0m[38;2;65;65;65m[48;2;189;189;189m▀[0m[38;2;181;74;82m[48;2;65;65;65m▀[0m[38;2;181;74;82m[48;2;65;65;65m▀[0m[38;2;181;74;82m[48;2;181;74;82m▀[0m[38;2;65;65;65m[48;2;181;74;82m▀[0m[38;2;0;0;0m[48;2;0;0;0m▀[0m    
       [38;2;0;0;0m▄[38;2;0;0;0m[48;2;1;159;122m▀[0m[38;2;189;189;189m[48;2;65;65;65m▀[0m[38;2;189;189;189m[48;2;189;189;189m▀[0m[38;2;189;189;189m[48;2;255;255;255m▀[0m[38;2;189;189;189m[48;2;255;255;255m▀[0m[38;2;189;189;189m[48;2;115;115;115m▀[0m[38;2;65;65;65m[48;2;0;0;0m▀[0m[38;2;65;65;65m[48;2;9;199;155m▀[0m[38;2;0;0;0m[48;2;1;159;122m▀[0m[38;2;0;0;0m▄   
       [38;2;0;0;0m[48;2;0;0;0m▀[0m[38;2;1;159;122m[48;2;0;0;0m▀[0m[38;2;0;0;0m▀[38;2;0;0;0m▀[38;2;255;255;255m[48;2;0;0;0m▀[0m[38;2;9;199;155m[48;2;48;238;194m▀[0m[38;2;65;65;65m[48;2;65;65;65m▀[0m [38;2;0;0;0m▀[38;2;9;199;155m[48;2;0;0;0m▀[0m[38;2;0;0;0m[48;2;0;0;0m▀[0m   
           [38;2;0;0;0m▀[38;2;48;238;194m[48;2;0;0;0m▀[0m[38;2;0;0;0m[48;2;0;0;0m▀[0m       
[0m