     [38;2;0;0;0m▄[38;2;0;0;0m▄[38;2;0;0;0m▄[38;2;0;0;0m[48;2;206;206;197m▀[0m[38;2;0;0;0m[48;2;0;0;0m▀[0m         
   [38;2;0;0;0m▄[38;2;0;0;0m[48;2;71;166;171m▀[0m[38;2;71;166;171m[48;2;71;166;171m▀[0m[38;2;206;206;197m[48;2;71;166;171m▀[0m[38;2;206;206;197m[48;2;206;206;197m▀[0m[38;2;206;206;197m[48;2;65;65;65m▀[0m[38;2;0;0;0m[48;2;0;0;0m▀[0m[38;2;0;0;0m▄[38;2;0;0;0m▄  [38;2;0;0;0m▄[38;2;0;0;0m▄   
  [38;2;0;0;0m▄[38;2;0;0;0m[48;2;0;0;0m▀[0m[38;2;71;166;171m[48;2;71;166;171m▀[0m[38;2;71;166;171m[48;2;71;166;171m▀[0m[38;2;71;166;171m[48;2;71;166;171m▀[0m[38;2;65;65;65m[48;2;65;65;65m▀[0m[38;2;65;65;65m[48;2;105;205;196m▀[0m[38;2;105;205;196m[48;2;105;205;196m▀[0m[38;2;137;237;228m[48;2;105;205;196m▀[0m[38;2;255;255;255m[48;2;137;237;228m▀[0m[38;2;0;0;0m[48;2;255;255;255m▀[0m[38;2;0;0;0m[48;2;255;255;255m▀[0m[38;2;255;255;255m[48;2;206;206;197m▀[0m[38;2;0;0;0m[48;2;0;0;0m▀[0m   
 [38;2;0;0;0m[48;2;0;0;0m▀[0m[38;2;71;166;171m[48;2;105;205;196m▀[0m[38;2;105;205;196m[48;2;105;205;196m▀[0m[38;2;105;205;196m[48;2;105;205;196m▀[0m[38;2;105;205;196m[48;2;105;205;196m▀[0m[38;2;71;166;171m[48;2;105;205;196m▀[0m[38;2;65;65;65m[48;2;105;205;196m▀[0m[38;2;105;205;196m[48;2;105;205;196m▀[0m[38;2;105;205;196m[48;2;105;205;196m▀[0m[38;2;105;205;196m[48;2;105;205;196m▀[0m[38;2;105;205;196m[48;2;105;205;196m▀[0m[38;2;255;255;255m[48;2;0;0;0m▀[0m[38;2;255;255;255m[48;2;0;0;0m▀[0m[38;2;0;0;0m▀    
[38;2;0;0;0m[48;2;0;0;0m▀[0m[38;2;255;218;177m[48;2;65;65;65m▀[0m[38;2;105;205;196m[48;2;105;205;196m▀[0m[38;2;105;205;196m[48;2;105;205;196m▀[0m[38;2;105;205;196m[48;2;105;205;196m▀[0m[38;2;105;205;196m[48;2;255;218;177m▀[0m[38;2;255;255;255m[48;2;0;0;0m▀[0m[38;2;105;205;196m[48;2;255;218;177m▀[0m[38;2;105;205;196m[48;2;105;205;196m▀[0m[38;2;71;166;171m[48;2;105;205;196m▀[0m[38;2;65;65;65m[48;2;71;166;171m▀[0m[38;2;0;0;0m[48;2;0;0;0m▀[0m   [38;2;0;0;0m▄[38;2;0;0;0m▄  
[38;2;0;0;0m▀[38;2;255;218;177m[48;2;0;0;0m▀[0m[38;2;65;65;65m[48;2;255;218;177m▀[0m[38;2;203;152;96m[48;2;255;218;177m▀[0m[38;2;203;152;96m[48;2;255;218;177m▀[0m[38;2;203;152;96m[48;2;255;218;177m▀[0m[38;2;0;0;0m[48;2;203;152;96m▀[0m[38;2;255;218;177m[48;2;65;65;65m▀[0m[38;2;105;205;196m[48;2;71;166;171m▀[0m[38;2;71;166;171m[48;2;71;166;171m▀[0m[38;2;71;166;171m[48;2;65;65;65m▀[0m[38;2;0;0;0m[48;2;65;65;65m▀[0m[38;2;0;0;0m▄[38;2;0;0;0m[48;2;255;218;177m▀[0m[38;2;0;0;0m[48;2;203;152;96m▀[0m[38;2;255;218;177m[48;2;105;205;196m▀[0m[38;2;255;218;177m[48;2;203;152;96m▀[0m[38;2;0;0;0m[48;2;0;0;0m▀[0m 
  [38;2;0;0;0m▀[38;2;0;0;0m▀[38;2;203;152;96m[48;2;0;0;0m▀[0m[38;2;203;152;96m[48;2;0;0;0m▀[0m[38;2;255;218;177m[48;2;65;65;65m▀[0m[38;2;203;152;96m[48;2;105;148;90m▀[0m[38;2;71;166;171m[48;2;203;152;96m▀[0m[38;2;71;166;171m[48;2;105;205;196m▀[0m[38;2;65;65;65m[48;2;105;205;196m▀[0m[38;2;105;205;196m[48;2;105;205;196m▀[0m[38;2;65;65;65m[48;2;203;152;96m▀[0m[38;2;255;218;177m[48;2;105;205;196m▀[0m[38;2;105;205;196m[48;2;105;205;196m▀[0m[38;2;105;205;196m[48;2;105;205;196m▀[0m[38;2;105;205;196m[48;2;255;218;177m▀[0m[38;2;255;218;177m[48;2;203;152;96m▀[0m[38;2;0;0;0m[48;2;0;0;0m▀[0m
    [38;2;0;0;0m▄[38;2;0;0;0m[48;2;129;181;115m▀[0m[38;2;105;148;90m[48;2;129;181;115m▀[0m[38;2;105;148;90m[48;2;129;181;115m▀[0m[38;2;203;152;96m[48;2;129;181;115m▀[0m[38;2;71;166;171m[48;2;255;218;177m▀[0m[38;2;105;205;196m[48;2;71;166;171m▀[0m[38;2;105;205;196m[48;2;71;166;171m▀[0m[38;2;105;205;196m[48;2;105;205;196m▀[0m[38;2;105;205;196m[48;2;105;205;196m▀[0m[38;2;105;205;196m[48;2;65;65;65m▀[0m[38;2;105;205;196m[48;2;0;0;0m▀[0m[38;2;0;0;0m▀[38;2;0;0;0m▀ 
   [38;2;0;0;0m[48;2;0;0;0m▀[0m[38;2;65;65;65m[48;2;105;148;90m▀[0m[38;2;129;181;115m[48;2;65;65;65m▀[0m[38;2;129;181;115m[48;2;129;181;115m▀[0m[38;2;129;181;115m[48;2;105;148;90m▀[0m[38;2;129;181;115m[48;2;129;181;115m▀[0m[38;2;129;181;115m[48;2;129;181;115m▀[0m[38;2;255;218;177m[48;2;129;181;115m▀[0m[38;2;255;218;177m[48;2;129;181;115m▀[0m[38;2;203;152;96m[48;2;129;181;115m▀[0m[38;2;203;152;96m[48;2;105;148;90m▀[0m[38;2;105;148;90m[48;2;0;0;0m▀[0m[38;2;0;0;0m▀   
    [38;2;0;0;0m▀[38;2;0;0;0m▀[38;2;0;0;0m▀[38;2;0;0;0m▀[38;2;105;148;90m[48;2;0;0;0m▀[0m[38;2;129;181;115m[48;2;0;0;0m▀[0m[38;2;105;148;90m[48;2;0;0;0m▀[0m[38;2;65;65;65m[48;2;0;0;0m▀[0m[38;2;0;0;0m▀[38;2;0;0;0m▀     
[0m