   [38;2;7;7;7m▄[38;2;7;7;7m[48;2;111;120;112m▀[0m[38;2;7;7;7m▄    [38;2;7;7;7m▄[38;2;7;7;7m▄[38;2;7;7;7m[48;2;250;228;109m▀[0m[38;2;7;7;7m[48;2;250;228;109m▀[0m[38;2;7;7;7m[48;2;7;7;7m▀[0m  
  [38;2;7;7;7m▄[38;2;7;7;7m[48;2;97;104;98m▀[0m[38;2;97;104;98m[48;2;97;94;110m▀[0m[38;2;53;53;59m[48;2;97;94;110m▀[0m[38;2;7;7;7m[48;2;134;143;135m▀[0m[38;2;7;7;7m[48;2;111;120;112m▀[0m[38;2;7;7;7m▄[38;2;7;7;7m[48;2;247;214;41m▀[0m[38;2;247;214;41m[48;2;197;165;33m▀[0m[38;2;250;228;109m[48;2;247;214;41m▀[0m[38;2;250;228;109m[48;2;247;214;41m▀[0m[38;2;7;7;7m[48;2;7;7;7m▀[0m   
 [38;2;7;8;7m▄[38;2;7;7;7m[48;2;97;94;110m▀[0m[38;2;97;94;110m[48;2;65;91;209m▀[0m[38;2;65;91;209m[48;2;65;91;209m▀[0m[38;2;97;94;110m[48;2;134;143;135m▀[0m[38;2;134;143;135m[48;2;83;80;94m▀[0m[38;2;134;143;135m[48;2;83;80;94m▀[0m[38;2;111;120;112m[48;2;111;120;112m▀[0m[38;2;197;165;33m[48;2;111;120;112m▀[0m[38;2;247;214;41m[48;2;53;53;59m▀[0m[38;2;247;214;41m[48;2;7;7;7m▀[0m[38;2;7;7;7m▀    
 [38;2;7;8;7m[48;2;7;8;7m▀[0m[38;2;83;80;94m[48;2;83;80;94m▀[0m[38;2;65;91;209m[48;2;69;66;78m▀[0m[38;2;83;80;94m[48;2;83;80;94m▀[0m[38;2;248;248;248m[48;2;83;80;94m▀[0m[38;2;8;8;8m[48;2;246;213;41m▀[0m[38;2;248;248;248m[48;2;248;248;248m▀[0m[38;2;53;53;59m[48;2;134;143;135m▀[0m[38;2;111;120;112m[48;2;111;120;112m▀[0m[38;2;111;120;112m[48;2;111;120;112m▀[0m[38;2;7;7;7m[48;2;7;7;7m▀[0m     
  [38;2;7;7;7m▀[38;2;83;80;94m[48;2;7;7;7m▀[0m[38;2;83;80;94m[48;2;69;66;78m▀[0m[38;2;83;80;94m[48;2;69;66;78m▀[0m[38;2;111;120;112m[48;2;83;80;94m▀[0m[38;2;111;120;112m[48;2;111;120;112m▀[0m[38;2;111;120;112m[48;2;97;104;98m▀[0m[38;2;111;120;112m[48;2;7;7;7m▀[0m[38;2;7;7;7m▀ [38;2;7;7;7m▄[38;2;7;7;7m▄[38;2;7;7;7m▄  
 [38;2;7;8;7m▄[38;2;7;7;7m[48;2;97;104;98m▀[0m[38;2;7;7;7m[48;2;97;104;98m▀[0m[38;2;53;53;59m[48;2;53;53;59m▀[0m[38;2;83;80;94m[48;2;65;91;209m▀[0m[38;2;69;66;78m[48;2;83;80;94m▀[0m[38;2;69;66;78m[48;2;53;53;59m▀[0m[38;2;69;66;78m[48;2;97;94;110m▀[0m[38;2;7;7;7m[48;2;111;120;112m▀[0m[38;2;7;7;7m▄[38;2;7;8;7m[48;2;196;164;33m▀[0m[38;2;197;165;33m[48;2;53;53;59m▀[0m[38;2;197;165;33m[48;2;53;53;59m▀[0m[38;2;7;7;7m[48;2;247;214;41m▀[0m[38;2;7;7;7m[48;2;247;214;41m▀[0m[38;2;7;7;7m[48;2;8;8;7m▀[0m
[38;2;7;7;7m▄[38;2;7;8;7m[48;2;196;164;33m▀[0m[38;2;197;165;33m[48;2;53;53;59m▀[0m[38;2;53;53;59m[48;2;7;7;7m▀[0m[38;2;83;80;94m[48;2;111;120;112m▀[0m[38;2;45;69;184m[48;2;111;120;112m▀[0m[38;2;83;80;94m[48;2;111;120;112m▀[0m[38;2;111;120;112m[48;2;111;120;112m▀[0m[38;2;53;53;59m[48;2;53;53;59m▀[0m[38;2;111;120;112m[48;2;247;214;41m▀[0m[38;2;111;120;112m[48;2;111;120;112m▀[0m[38;2;53;53;59m[48;2;53;53;59m▀[0m[38;2;197;165;33m[48;2;247;214;41m▀[0m[38;2;247;214;41m[48;2;197;165;33m▀[0m[38;2;247;214;41m[48;2;53;53;59m▀[0m[38;2;7;7;7m[48;2;53;53;59m▀[0m[38;2;7;7;7m▄
[38;2;7;7;7m[48;2;7;7;7m▀[0m[38;2;196;164;33m[48;2;7;7;7m▀[0m[38;2;7;7;7m▀[38;2;7;7;7m▄[38;2;7;7;7m[48;2;53;53;59m▀[0m[38;2;97;104;98m[48;2;97;104;98m▀[0m[38;2;111;120;112m[48;2;53;53;59m▀[0m[38;2;111;120;112m[48;2;97;104;98m▀[0m[38;2;53;53;59m[48;2;111;120;112m▀[0m[38;2;111;120;112m[48;2;53;53;59m▀[0m[38;2;247;214;41m[48;2;247;214;41m▀[0m[38;2;197;165;33m[48;2;54;54;59m▀[0m[38;2;53;53;59m[48;2;197;165;33m▀[0m[38;2;53;53;59m[48;2;53;53;59m▀[0m[38;2;247;214;41m[48;2;7;7;7m▀[0m[38;2;247;214;41m[48;2;7;7;7m▀[0m[38;2;8;8;7m▀
  [38;2;7;7;7m▀[38;2;207;207;207m[48;2;7;7;7m▀[0m[38;2;97;104;98m[48;2;7;7;7m▀[0m[38;2;97;104;98m[48;2;7;7;7m▀[0m[38;2;7;7;7m▀[38;2;53;53;59m[48;2;7;7;7m▀[0m[38;2;111;120;112m[48;2;111;120;112m▀[0m[38;2;53;53;59m[48;2;53;53;59m▀[0m[38;2;247;214;41m[48;2;247;214;41m▀[0m[38;2;54;54;59m[48;2;54;54;59m▀[0m[38;2;197;165;33m[48;2;7;7;7m▀[0m[38;2;7;7;7m▀   
      [38;2;7;8;7m[48;2;7;8;7m▀[0m[38;2;248;248;248m[48;2;7;7;7m▀[0m[38;2;111;120;112m[48;2;7;7;7m▀[0m[38;2;111;120;112m[48;2;248;248;248m▀[0m[38;2;7;7;7m[48;2;7;7;7m▀[0m[38;2;7;7;7m▀     
        [38;2;7;7;7m▀[38;2;7;7;7m▀       
[0m