           [38;2;0;0;0m▄[38;2;0;0;0m▄[38;2;0;0;0m▄               [38;2;0;0;0m▄[38;2;0;0;0m[48;2;255;197;222m▀[0m[38;2;0;0;0m[48;2;255;255;255m▀[0m[38;2;0;0;0m▄      
        [38;2;0;0;0m▄[38;2;0;0;0m[48;2;208;194;85m▀[0m[38;2;0;0;0m[48;2;208;194;85m▀[0m[38;2;208;194;85m[48;2;162;133;64m▀[0m[38;2;208;194;85m[48;2;162;133;64m▀[0m[38;2;208;194;85m[48;2;162;133;64m▀[0m[38;2;0;0;0m[48;2;0;0;0m▀[0m  [38;2;0;0;0m▄[38;2;0;0;0m[48;2;208;194;85m▀[0m[38;2;0;0;0m[48;2;208;194;85m▀[0m[38;2;0;0;0m▄   [38;2;0;0;0m▄[38;2;0;0;0m▄[38;2;0;0;0m▄[38;2;0;0;0m▄[38;2;0;0;0m[48;2;197;230;238m▀[0m[38;2;255;197;222m[48;2;255;197;222m▀[0m[38;2;255;255;255m[48;2;255;197;222m▀[0m[38;2;255;197;222m[48;2;0;0;0m▀[0m[38;2;0;0;0m▀      
      [38;2;0;0;0m▄[38;2;0;0;0m[48;2;208;194;85m▀[0m[38;2;208;194;85m[48;2;208;194;85m▀[0m[38;2;208;194;85m[48;2;208;194;85m▀[0m[38;2;140;109;48m[48;2;140;109;48m▀[0m[38;2;208;194;85m[48;2;208;194;85m▀[0m[38;2;208;194;85m[48;2;208;194;85m▀[0m[38;2;208;194;85m[48;2;162;133;64m▀[0m[38;2;208;194;85m[48;2;140;109;48m▀[0m[38;2;0;0;0m[48;2;140;109;48m▀[0m[38;2;0;0;0m[48;2;208;194;85m▀[0m[38;2;208;194;85m[48;2;208;194;85m▀[0m[38;2;208;194;85m[48;2;208;194;85m▀[0m[38;2;208;194;85m[48;2;162;133;64m▀[0m[38;2;0;0;0m[48;2;65;65;65m▀[0m[38;2;0;0;0m[48;2;208;194;85m▀[0m[38;2;0;0;0m[48;2;208;194;85m▀[0m[38;2;0;0;0m[48;2;208;194;85m▀[0m[38;2;208;194;85m[48;2;65;65;65m▀[0m[38;2;208;194;85m[48;2;208;194;85m▀[0m[38;2;162;133;64m[48;2;208;194;85m▀[0m[38;2;197;230;238m[48;2;162;133;64m▀[0m[38;2;197;230;238m[48;2;255;246;189m▀[0m[38;2;197;230;238m[48;2;255;246;189m▀[0m[38;2;197;230;238m[48;2;0;0;0m▀[0m[38;2;0;0;0m▀       
     [38;2;0;0;0m▄[38;2;0;0;0m[48;2;208;194;85m▀[0m[38;2;208;194;85m[48;2;162;133;64m▀[0m[38;2;162;133;64m[48;2;208;194;85m▀[0m[38;2;140;109;48m[48;2;208;194;85m▀[0m[38;2;208;194;85m[48;2;208;194;85m▀[0m[38;2;208;194;85m[48;2;208;194;85m▀[0m[38;2;162;133;64m[48;2;162;133;64m▀[0m[38;2;208;194;85m[48;2;208;194;85m▀[0m[38;2;208;194;85m[48;2;208;194;85m▀[0m[38;2;208;194;85m[48;2;208;194;85m▀[0m[38;2;208;194;85m[48;2;140;109;48m▀[0m[38;2;208;194;85m[48;2;140;109;48m▀[0m[38;2;140;109;48m[48;2;162;133;64m▀[0m[38;2;162;133;64m[48;2;162;133;64m▀[0m[38;2;162;133;64m[48;2;208;194;85m▀[0m[38;2;65;65;65m[48;2;208;194;85m▀[0m[38;2;208;194;85m[48;2;65;65;65m▀[0m[38;2;208;194;85m[48;2;208;194;85m▀[0m[38;2;208;194;85m[48;2;65;65;65m▀[0m[38;2;65;65;65m[48;2;0;170;94m▀[0m[38;2;208;194;85m[48;2;65;65;65m▀[0m[38;2;255;246;189m[48;2;162;133;64m▀[0m[38;2;162;133;64m[48;2;208;194;85m▀[0m[38;2;255;246;189m[48;2;65;65;65m▀[0m[38;2;0;0;0m[48;2;208;194;85m▀[0m[38;2;0;0;0m▄       
   [38;2;0;0;0m▄[38;2;0;0;0m[48;2;151;137;28m▀[0m[38;2;0;0;0m[48;2;65;65;65m▀[0m[38;2;208;194;85m[48;2;162;133;64m▀[0m[38;2;162;133;64m[48;2;208;194;85m▀[0m[38;2;208;194;85m[48;2;208;194;85m▀[0m[38;2;208;194;85m[48;2;208;194;85m▀[0m[38;2;208;194;85m[48;2;162;133;64m▀[0m[38;2;140;109;48m[48;2;208;194;85m▀[0m[38;2;208;194;85m[48;2;208;194;85m▀[0m[38;2;208;194;85m[48;2;208;194;85m▀[0m[38;2;208;194;85m[48;2;65;65;65m▀[0m[38;2;65;65;65m[48;2;65;65;65m▀[0m[38;2;65;65;65m[48;2;65;65;65m▀[0m[38;2;162;133;64m[48;2;162;133;64m▀[0m[38;2;162;133;64m[48;2;208;194;85m▀[0m[38;2;208;194;85m[48;2;140;109;48m▀[0m[38;2;208;194;85m[48;2;140;109;48m▀[0m[38;2;65;65;65m[48;2;208;194;85m▀[0m[38;2;208;194;85m[48;2;208;194;85m▀[0m[38;2;65;65;65m[48;2;208;194;85m▀[0m[38;2;0;170;94m[48;2;65;65;65m▀[0m[38;2;65;65;65m[48;2;65;65;65m▀[0m[38;2;0;170;94m[48;2;0;170;94m▀[0m[38;2;65;65;65m[48;2;65;65;65m▀[0m[38;2;208;194;85m[48;2;229;224;125m▀[0m[38;2;229;224;125m[48;2;229;224;125m▀[0m[38;2;208;194;85m[48;2;229;224;125m▀[0m[38;2;65;65;65m[48;2;65;65;65m▀[0m[38;2;0;0;0m[48;2;65;65;65m▀[0m[38;2;0;0;0m[48;2;0;170;94m▀[0m[38;2;0;0;0m▄    
 [38;2;0;0;0m▄[38;2;0;0;0m[48;2;151;137;28m▀[0m[38;2;0;0;0m[48;2;151;137;28m▀[0m[38;2;65;65;65m[48;2;140;109;48m▀[0m[38;2;65;65;65m[48;2;208;194;85m▀[0m[38;2;208;194;85m[48;2;65;65;65m▀[0m[38;2;208;194;85m[48;2;208;194;85m▀[0m[38;2;208;194;85m[48;2;151;137;28m▀[0m[38;2;208;194;85m[48;2;208;194;85m▀[0m[38;2;140;109;48m[48;2;208;194;85m▀[0m[38;2;208;194;85m[48;2;65;65;65m▀[0m[38;2;162;133;64m[48;2;0;0;0m▀[0m[38;2;65;65;65m[48;2;0;170;94m▀[0m[38;2;255;255;255m[48;2;255;255;255m▀[0m[38;2;65;65;65m[48;2;65;65;65m▀[0m[38;2;162;133;64m[48;2;162;133;64m▀[0m[38;2;140;109;48m[48;2;208;194;85m▀[0m[38;2;140;109;48m[48;2;208;194;85m▀[0m[38;2;208;194;85m[48;2;208;194;85m▀[0m[38;2;208;194;85m[48;2;208;194;85m▀[0m[38;2;208;194;85m[48;2;162;133;64m▀[0m[38;2;208;194;85m[48;2;162;133;64m▀[0m[38;2;162;133;64m[48;2;65;65;65m▀[0m[38;2;65;65;65m[48;2;65;65;65m▀[0m[38;2;0;170;94m[48;2;65;65;65m▀[0m[38;2;65;65;65m[48;2;65;65;65m▀[0m[38;2;229;224;125m[48;2;229;224;125m▀[0m[38;2;229;224;125m[48;2;229;224;125m▀[0m[38;2;229;224;125m[48;2;229;224;125m▀[0m[38;2;229;224;125m[48;2;65;65;65m▀[0m[38;2;65;65;65m[48;2;65;65;65m▀[0m[38;2;0;170;94m[48;2;0;170;94m▀[0m[38;2;65;65;65m[48;2;65;65;65m▀[0m[38;2;0;170;94m[48;2;0;170;94m▀[0m[38;2;0;0;0m[48;2;0;0;0m▀[0m   
[38;2;0;0;0m[48;2;0;0;0m▀[0m[38;2;65;65;65m[48;2;151;137;28m▀[0m[38;2;65;65;65m[48;2;151;137;28m▀[0m[38;2;65;65;65m[48;2;151;137;28m▀[0m[38;2;208;194;85m[48;2;65;65;65m▀[0m[38;2;162;133;64m[48;2;208;194;85m▀[0m[38;2;229;224;125m[48;2;162;133;64m▀[0m[38;2;65;65;65m[48;2;229;224;125m▀[0m[38;2;65;65;65m[48;2;229;224;125m▀[0m[38;2;65;65;65m[48;2;162;133;64m▀[0m[38;2;65;65;65m[48;2;255;255;255m▀[0m[38;2;65;65;65m[48;2;255;255;255m▀[0m[38;2;162;133;64m[48;2;65;65;65m▀[0m[38;2;65;65;65m[48;2;208;194;85m▀[0m[38;2;65;65;65m[48;2;208;194;85m▀[0m[38;2;162;133;64m[48;2;65;65;65m▀[0m[38;2;65;65;65m[48;2;208;194;85m▀[0m[38;2;208;194;85m[48;2;162;133;64m▀[0m[38;2;208;194;85m[48;2;162;133;64m▀[0m[38;2;162;133;64m[48;2;208;194;85m▀[0m[38;2;162;133;64m[48;2;162;133;64m▀[0m[38;2;162;133;64m[48;2;65;65;65m▀[0m[38;2;162;133;64m[48;2;65;65;65m▀[0m[38;2;65;65;65m[48;2;197;230;238m▀[0m[38;2;65;65;65m[48;2;65;65;65m▀[0m[38;2;65;65;65m[48;2;162;133;64m▀[0m[38;2;162;133;64m[48;2;162;133;64m▀[0m[38;2;140;109;48m[48;2;162;133;64m▀[0m[38;2;229;224;125m[48;2;0;0;0m▀[0m[38;2;65;65;65m[48;2;162;133;64m▀[0m[38;2;162;133;64m[48;2;162;133;64m▀[0m[38;2;65;65;65m[48;2;65;65;65m▀[0m[38;2;65;65;65m[48;2;65;65;65m▀[0m[38;2;0;170;94m[48;2;65;65;65m▀[0m[38;2;0;0;0m[48;2;0;0;0m▀[0m    
 [38;2;0;0;0m▀[38;2;0;0;0m▀[38;2;0;0;0m▀[38;2;0;0;0m▀[38;2;162;133;64m[48;2;0;0;0m▀[0m[38;2;208;194;85m[48;2;0;0;0m▀[0m[38;2;162;133;64m[48;2;162;133;64m▀[0m[38;2;162;133;64m[48;2;162;133;64m▀[0m[38;2;162;133;64m[48;2;208;194;85m▀[0m[38;2;162;133;64m[48;2;208;194;85m▀[0m[38;2;65;65;65m[48;2;208;194;85m▀[0m[38;2;208;194;85m[48;2;208;194;85m▀[0m[38;2;208;194;85m[48;2;208;194;85m▀[0m[38;2;208;194;85m[48;2;140;109;48m▀[0m[38;2;208;194;85m[48;2;208;194;85m▀[0m[38;2;208;194;85m[48;2;208;194;85m▀[0m[38;2;140;109;48m[48;2;140;109;48m▀[0m[38;2;208;194;85m[48;2;229;224;125m▀[0m[38;2;208;194;85m[48;2;229;224;125m▀[0m[38;2;0;0;0m▀[38;2;65;65;65m[48;2;0;0;0m▀[0m[38;2;255;197;222m[48;2;255;197;222m▀[0m[38;2;255;246;189m[48;2;197;230;238m▀[0m[38;2;255;197;222m[48;2;0;0;0m▀[0m[38;2;0;0;0m▀[38;2;0;0;0m▀[38;2;0;0;0m▀ [38;2;0;0;0m▀[38;2;162;133;64m[48;2;0;0;0m▀[0m[38;2;162;133;64m[48;2;65;65;65m▀[0m[38;2;65;65;65m[48;2;208;194;85m▀[0m[38;2;65;65;65m[48;2;208;194;85m▀[0m[38;2;208;194;85m[48;2;208;194;85m▀[0m[38;2;0;0;0m[48;2;208;194;85m▀[0m[38;2;0;0;0m▄  
       [38;2;0;0;0m▀[38;2;0;0;0m▀[38;2;0;0;0m▀[38;2;0;0;0m▀[38;2;0;0;0m[48;2;0;0;0m▀[0m[38;2;208;194;85m[48;2;229;224;125m▀[0m[38;2;208;194;85m[48;2;229;224;125m▀[0m[38;2;140;109;48m[48;2;65;65;65m▀[0m[38;2;229;224;125m[48;2;0;0;0m▀[0m[38;2;229;224;125m[48;2;0;0;0m▀[0m[38;2;65;65;65m[48;2;0;0;0m▀[0m[38;2;0;0;0m▀[38;2;0;0;0m▀  [38;2;0;0;0m▀[38;2;0;0;0m▀     [38;2;0;0;0m[48;2;0;0;0m▀[0m[38;2;151;137;28m[48;2;208;194;85m▀[0m[38;2;208;194;85m[48;2;151;137;28m▀[0m[38;2;208;194;85m[48;2;162;133;64m▀[0m[38;2;162;133;64m[48;2;255;246;189m▀[0m[38;2;162;133;64m[48;2;255;197;222m▀[0m[38;2;162;133;64m[48;2;255;197;222m▀[0m[38;2;0;0;0m[48;2;65;65;65m▀[0m[38;2;0;0;0m▄ 
            [38;2;0;0;0m▀[38;2;0;0;0m▀[38;2;0;0;0m▀      [38;2;0;0;0m▄[38;2;0;0;0m[48;2;255;197;222m▀[0m[38;2;0;0;0m[48;2;151;137;28m▀[0m[38;2;0;0;0m▄  [38;2;0;0;0m▄[38;2;0;0;0m[48;2;162;133;64m▀[0m[38;2;65;65;65m[48;2;162;133;64m▀[0m[38;2;208;194;85m[48;2;65;65;65m▀[0m[38;2;208;194;85m[48;2;162;133;64m▀[0m[38;2;65;65;65m[48;2;162;133;64m▀[0m[38;2;208;194;85m[48;2;65;65;65m▀[0m[38;2;255;246;189m[48;2;65;65;65m▀[0m[38;2;255;197;222m[48;2;151;137;28m▀[0m[38;2;255;197;222m[48;2;197;230;238m▀[0m[38;2;151;137;28m[48;2;197;230;238m▀[0m[38;2;0;0;0m[48;2;0;0;0m▀[0m
                     [38;2;0;0;0m▀[38;2;151;137;28m[48;2;0;0;0m▀[0m[38;2;255;246;189m[48;2;197;230;238m▀[0m[38;2;197;230;238m[48;2;197;230;238m▀[0m[38;2;0;0;0m[48;2;162;133;64m▀[0m[38;2;0;0;0m[48;2;208;194;85m▀[0m[38;2;0;0;0m[48;2;65;65;65m▀[0m[38;2;162;133;64m[48;2;65;65;65m▀[0m[38;2;65;65;65m[48;2;65;65;65m▀[0m[38;2;65;65;65m[48;2;0;170;94m▀[0m[38;2;65;65;65m[48;2;65;65;65m▀[0m[38;2;162;133;64m[48;2;0;0;0m▀[0m[38;2;162;133;64m[48;2;0;0;0m▀[0m[38;2;162;133;64m[48;2;0;0;0m▀[0m[38;2;0;0;0m▀[38;2;0;0;0m▀[38;2;0;0;0m▀ 
                       [38;2;0;0;0m[48;2;0;0;0m▀[0m[38;2;162;133;64m[48;2;65;65;65m▀[0m[38;2;208;194;85m[48;2;208;194;85m▀[0m[38;2;208;194;85m[48;2;162;133;64m▀[0m[38;2;65;65;65m[48;2;162;133;64m▀[0m[38;2;65;65;65m[48;2;65;65;65m▀[0m[38;2;0;170;94m[48;2;0;170;94m▀[0m[38;2;65;65;65m[48;2;65;65;65m▀[0m[38;2;0;170;94m[48;2;65;65;65m▀[0m[38;2;0;0;0m[48;2;0;0;0m▀[0m      
                 [38;2;0;0;0m▄[38;2;0;0;0m▄[38;2;0;0;0m[48;2;255;246;189m▀[0m[38;2;0;0;0m[48;2;255;246;189m▀[0m[38;2;0;0;0m▄[38;2;0;0;0m[48;2;162;133;64m▀[0m[38;2;162;133;64m[48;2;162;133;64m▀[0m[38;2;162;133;64m[48;2;162;133;64m▀[0m[38;2;65;65;65m[48;2;65;65;65m▀[0m[38;2;162;133;64m[48;2;162;133;64m▀[0m[38;2;162;133;64m[48;2;65;65;65m▀[0m[38;2;65;65;65m[48;2;197;230;238m▀[0m[38;2;65;65;65m[48;2;0;0;0m▀[0m[38;2;0;0;0m▀[38;2;0;0;0m▀       
               [38;2;0;0;0m▄[38;2;0;0;0m[48;2;255;197;222m▀[0m[38;2;255;197;222m[48;2;255;197;222m▀[0m[38;2;255;197;222m[48;2;197;230;238m▀[0m[38;2;255;197;222m[48;2;197;230;238m▀[0m[38;2;197;230;238m[48;2;197;230;238m▀[0m[38;2;197;230;238m[48;2;0;0;0m▀[0m[38;2;0;0;0m▀[38;2;162;133;64m[48;2;0;0;0m▀[0m[38;2;65;65;65m[48;2;0;0;0m▀[0m[38;2;0;0;0m▀[38;2;0;0;0m▀[38;2;197;230;238m[48;2;0;0;0m▀[0m[38;2;255;246;189m[48;2;151;137;28m▀[0m[38;2;151;137;28m[48;2;255;197;222m▀[0m[38;2;0;0;0m[48;2;0;0;0m▀[0m        
                [38;2;0;0;0m▀[38;2;0;0;0m▀[38;2;0;0;0m▀[38;2;0;0;0m▀[38;2;0;0;0m▀       [38;2;0;0;0m▀[38;2;0;0;0m▀         
[0m