         [38;2;0;0;0m▄[38;2;0;0;0m[48;2;155;132;182m▀[0m[38;2;0;0;0m[48;2;105;90;125m▀[0m[38;2;0;0;0m[48;2;105;90;125m▀[0m[38;2;0;0;0m▄  [38;2;0;0;0m▄[38;2;0;0;0m[48;2;155;132;182m▀[0m[38;2;0;0;0m[48;2;125;103;155m▀[0m[38;2;0;0;0m▄            
   [38;2;0;0;0m▄[38;2;0;0;0m▄   [38;2;0;0;0m[48;2;0;0;0m▀[0m[38;2;155;132;182m[48;2;155;132;182m▀[0m[38;2;105;90;125m[48;2;105;90;125m▀[0m[38;2;105;90;125m[48;2;105;90;125m▀[0m[38;2;105;90;125m[48;2;65;65;65m▀[0m[38;2;0;0;0m[48;2;155;132;182m▀[0m[38;2;0;0;0m[48;2;65;65;65m▀[0m[38;2;0;0;0m[48;2;155;132;182m▀[0m[38;2;155;132;182m[48;2;125;103;155m▀[0m[38;2;125;103;155m[48;2;105;90;125m▀[0m[38;2;105;90;125m[48;2;105;90;125m▀[0m[38;2;0;0;0m[48;2;105;90;125m▀[0m[38;2;0;0;0m▄        [38;2;0;0;0m▄[38;2;0;0;0m▄ 
   [38;2;0;0;0m[48;2;0;0;0m▀[0m[38;2;164;82;82m[48;2;164;82;82m▀[0m[38;2;0;0;0m[48;2;0;0;0m▀[0m [38;2;0;0;0m[48;2;0;0;0m▀[0m[38;2;155;132;182m[48;2;155;132;182m▀[0m[38;2;105;90;125m[48;2;105;90;125m▀[0m[38;2;105;90;125m[48;2;65;65;65m▀[0m[38;2;65;65;65m[48;2;155;132;182m▀[0m[38;2;155;132;182m[48;2;105;90;125m▀[0m[38;2;105;90;125m[48;2;65;65;65m▀[0m[38;2;65;65;65m[48;2;155;132;182m▀[0m[38;2;155;132;182m[48;2;125;103;155m▀[0m[38;2;105;90;125m[48;2;105;90;125m▀[0m[38;2;105;90;125m[48;2;105;90;125m▀[0m[38;2;105;90;125m[48;2;105;90;125m▀[0m[38;2;105;90;125m[48;2;164;82;82m▀[0m[38;2;164;82;82m[48;2;222;90;74m▀[0m[38;2;0;0;0m[48;2;222;90;74m▀[0m[38;2;0;0;0m[48;2;164;82;82m▀[0m[38;2;0;0;0m▄   [38;2;0;0;0m▄[38;2;0;0;0m[48;2;155;132;182m▀[0m[38;2;155;132;182m[48;2;65;65;65m▀[0m[38;2;65;65;65m[48;2;105;90;125m▀[0m[38;2;0;0;0m[48;2;0;0;0m▀[0m
   [38;2;0;0;0m▀[38;2;164;82;82m[48;2;0;0;0m▀[0m[38;2;164;82;82m[48;2;164;82;82m▀[0m[38;2;0;0;0m[48;2;65;65;65m▀[0m[38;2;0;0;0m[48;2;65;65;65m▀[0m[38;2;155;132;182m[48;2;155;132;182m▀[0m[38;2;105;90;125m[48;2;65;65;65m▀[0m[38;2;65;65;65m[48;2;155;132;182m▀[0m[38;2;155;132;182m[48;2;105;90;125m▀[0m[38;2;105;90;125m[48;2;65;65;65m▀[0m[38;2;65;65;65m[48;2;155;132;182m▀[0m[38;2;155;132;182m[48;2;125;103;155m▀[0m[38;2;105;90;125m[48;2;105;90;125m▀[0m[38;2;105;90;125m[48;2;105;90;125m▀[0m[38;2;105;90;125m[48;2;242;184;255m▀[0m[38;2;164;82;82m[48;2;164;82;82m▀[0m[38;2;246;123;82m[48;2;246;123;82m▀[0m[38;2;246;123;82m[48;2;246;123;82m▀[0m[38;2;222;90;74m[48;2;164;82;82m▀[0m[38;2;164;82;82m[48;2;220;74;239m▀[0m[38;2;220;74;239m[48;2;220;74;239m▀[0m[38;2;0;0;0m[48;2;220;74;239m▀[0m[38;2;0;0;0m▄[38;2;0;0;0m[48;2;125;103;155m▀[0m[38;2;125;103;155m[48;2;65;65;65m▀[0m[38;2;65;65;65m[48;2;105;90;125m▀[0m[38;2;105;90;125m[48;2;105;90;125m▀[0m[38;2;105;90;125m[48;2;105;90;125m▀[0m[38;2;0;0;0m[48;2;0;0;0m▀[0m
   [38;2;0;0;0m[48;2;0;0;0m▀[0m[38;2;0;0;0m[48;2;164;82;82m▀[0m[38;2;164;82;82m[48;2;65;65;65m▀[0m[38;2;164;82;82m[48;2;164;82;82m▀[0m[38;2;65;65;65m[48;2;65;65;65m▀[0m[38;2;155;132;182m[48;2;125;103;155m▀[0m[38;2;65;65;65m[48;2;65;65;65m▀[0m[38;2;155;132;182m[48;2;155;132;182m▀[0m[38;2;105;90;125m[48;2;105;90;125m▀[0m[38;2;65;65;65m[48;2;65;65;65m▀[0m[38;2;155;132;182m[48;2;155;132;182m▀[0m[38;2;105;90;125m[48;2;105;90;125m▀[0m[38;2;105;90;125m[48;2;233;134;251m▀[0m[38;2;242;184;255m[48;2;242;184;255m▀[0m[38;2;242;184;255m[48;2;220;74;239m▀[0m[38;2;242;184;255m[48;2;242;184;255m▀[0m[38;2;164;82;82m[48;2;242;184;255m▀[0m[38;2;164;82;82m[48;2;65;65;65m▀[0m[38;2;233;134;251m[48;2;65;65;65m▀[0m[38;2;65;65;65m[48;2;246;123;82m▀[0m[38;2;65;65;65m[48;2;246;123;82m▀[0m[38;2;220;74;239m[48;2;65;65;65m▀[0m[38;2;65;65;65m[48;2;220;74;239m▀[0m[38;2;65;65;65m[48;2;65;65;65m▀[0m[38;2;105;90;125m[48;2;105;90;125m▀[0m[38;2;105;90;125m[48;2;65;65;65m▀[0m[38;2;105;90;125m[48;2;65;65;65m▀[0m[38;2;65;65;65m[48;2;105;90;125m▀[0m[38;2;0;0;0m[48;2;0;0;0m▀[0m
   [38;2;0;0;0m▄[38;2;0;0;0m[48;2;65;65;65m▀[0m[38;2;164;82;82m[48;2;164;82;82m▀[0m[38;2;65;65;65m[48;2;65;65;65m▀[0m[38;2;65;65;65m[48;2;242;184;255m▀[0m[38;2;125;103;155m[48;2;246;123;82m▀[0m[38;2;65;65;65m[48;2;65;65;65m▀[0m[38;2;155;132;182m[48;2;125;103;155m▀[0m[38;2;105;90;125m[48;2;105;90;125m▀[0m[38;2;65;65;65m[48;2;65;65;65m▀[0m[38;2;125;103;155m[48;2;125;103;155m▀[0m[38;2;105;90;125m[48;2;105;90;125m▀[0m[38;2;242;184;255m[48;2;233;134;251m▀[0m[38;2;242;184;255m[48;2;242;184;255m▀[0m[38;2;242;184;255m[48;2;164;82;82m▀[0m[38;2;65;65;65m[48;2;246;123;82m▀[0m[38;2;65;65;65m[48;2;246;123;82m▀[0m[38;2;246;123;82m[48;2;164;82;82m▀[0m[38;2;246;123;82m[48;2;65;65;65m▀[0m[38;2;65;65;65m[48;2;233;134;251m▀[0m[38;2;65;65;65m[48;2;233;134;251m▀[0m[38;2;220;74;239m[48;2;233;134;251m▀[0m[38;2;220;74;239m[48;2;220;74;239m▀[0m[38;2;220;74;239m[48;2;220;74;239m▀[0m[38;2;65;65;65m[48;2;65;65;65m▀[0m[38;2;105;90;125m[48;2;105;90;125m▀[0m[38;2;105;90;125m[48;2;105;90;125m▀[0m[38;2;0;0;0m[48;2;0;0;0m▀[0m 
 [38;2;0;0;0m▄[38;2;0;0;0m[48;2;164;82;82m▀[0m[38;2;222;90;74m[48;2;164;82;82m▀[0m[38;2;164;82;82m[48;2;164;82;82m▀[0m[38;2;65;65;65m[48;2;233;134;251m▀[0m[38;2;65;65;65m[48;2;233;134;251m▀[0m[38;2;242;184;255m[48;2;65;65;65m▀[0m[38;2;0;0;0m[48;2;242;184;255m▀[0m[38;2;242;184;255m[48;2;242;184;255m▀[0m[38;2;65;65;65m[48;2;242;184;255m▀[0m[38;2;242;184;255m[48;2;242;184;255m▀[0m[38;2;65;65;65m[48;2;242;184;255m▀[0m[38;2;125;103;155m[48;2;0;0;0m▀[0m[38;2;222;238;238m[48;2;246;123;82m▀[0m[38;2;233;134;251m[48;2;233;134;251m▀[0m[38;2;164;82;82m[48;2;164;82;82m▀[0m[38;2;222;90;74m[48;2;222;90;74m▀[0m[38;2;246;123;82m[48;2;222;90;74m▀[0m[38;2;246;123;82m[48;2;65;65;65m▀[0m[38;2;246;123;82m[48;2;65;65;65m▀[0m[38;2;246;123;82m[48;2;65;65;65m▀[0m[38;2;65;65;65m[48;2;233;134;251m▀[0m[38;2;233;134;251m[48;2;233;134;251m▀[0m[38;2;233;134;251m[48;2;233;134;251m▀[0m[38;2;220;74;239m[48;2;233;134;251m▀[0m[38;2;220;74;239m[48;2;65;65;65m▀[0m[38;2;65;65;65m[48;2;105;90;125m▀[0m[38;2;65;65;65m[48;2;0;0;0m▀[0m[38;2;0;0;0m▀  
[38;2;0;0;0m▄[38;2;0;0;0m[48;2;164;82;82m▀[0m[38;2;164;82;82m[48;2;233;134;251m▀[0m[38;2;222;90;74m[48;2;164;82;82m▀[0m[38;2;164;82;82m[48;2;233;134;251m▀[0m[38;2;233;134;251m[48;2;65;65;65m▀[0m[38;2;65;65;65m[48;2;105;90;125m▀[0m[38;2;65;65;65m[48;2;105;90;125m▀[0m[38;2;242;184;255m[48;2;65;65;65m▀[0m[38;2;233;134;251m[48;2;242;184;255m▀[0m[38;2;242;184;255m[48;2;242;184;255m▀[0m[38;2;242;184;255m[48;2;220;74;239m▀[0m[38;2;242;184;255m[48;2;220;74;239m▀[0m[38;2;242;184;255m[48;2;220;74;239m▀[0m[38;2;242;184;255m[48;2;242;184;255m▀[0m[38;2;164;82;82m[48;2;164;82;82m▀[0m[38;2;222;90;74m[48;2;65;65;65m▀[0m[38;2;65;65;65m[48;2;242;184;255m▀[0m[38;2;65;65;65m[48;2;242;184;255m▀[0m[38;2;242;184;255m[48;2;164;82;82m▀[0m[38;2;242;184;255m[48;2;164;82;82m▀[0m[38;2;242;184;255m[48;2;164;82;82m▀[0m[38;2;242;184;255m[48;2;164;82;82m▀[0m[38;2;220;74;239m[48;2;242;184;255m▀[0m[38;2;233;134;251m[48;2;220;74;239m▀[0m[38;2;233;134;251m[48;2;233;134;251m▀[0m[38;2;233;134;251m[48;2;233;134;251m▀[0m[38;2;0;0;0m[48;2;0;0;0m▀[0m    
[38;2;0;0;0m▀[38;2;164;82;82m[48;2;0;0;0m▀[0m[38;2;233;134;251m[48;2;233;134;251m▀[0m[38;2;233;134;251m[48;2;233;134;251m▀[0m[38;2;65;65;65m[48;2;65;65;65m▀[0m[38;2;105;90;125m[48;2;105;90;125m▀[0m[38;2;65;65;65m[48;2;105;90;125m▀[0m[38;2;105;90;125m[48;2;65;65;65m▀[0m[38;2;65;65;65m[48;2;65;65;65m▀[0m[38;2;65;65;65m[48;2;0;0;0m▀[0m[38;2;220;74;239m[48;2;65;65;65m▀[0m[38;2;145;154;159m[48;2;65;65;65m▀[0m[38;2;145;154;159m[48;2;145;154;159m▀[0m[38;2;145;154;159m[48;2;65;65;65m▀[0m[38;2;65;65;65m[48;2;125;103;155m▀[0m[38;2;65;65;65m[48;2;105;90;125m▀[0m[38;2;242;184;255m[48;2;65;65;65m▀[0m[38;2;242;184;255m[48;2;242;184;255m▀[0m[38;2;164;82;82m[48;2;164;82;82m▀[0m[38;2;246;123;82m[48;2;222;90;74m▀[0m[38;2;246;123;82m[48;2;246;123;82m▀[0m[38;2;222;90;74m[48;2;222;90;74m▀[0m[38;2;246;123;82m[48;2;164;82;82m▀[0m[38;2;164;82;82m[48;2;242;184;255m▀[0m[38;2;242;184;255m[48;2;242;184;255m▀[0m[38;2;233;134;251m[48;2;65;65;65m▀[0m[38;2;65;65;65m[48;2;233;134;251m▀[0m[38;2;0;0;0m▄    
 [38;2;0;0;0m▀[38;2;233;134;251m[48;2;0;0;0m▀[0m[38;2;65;65;65m[48;2;0;0;0m▀[0m[38;2;105;90;125m[48;2;105;90;125m▀[0m[38;2;65;65;65m[48;2;105;90;125m▀[0m[38;2;105;90;125m[48;2;0;0;0m▀[0m[38;2;0;0;0m▀  [38;2;0;0;0m▀[38;2;220;74;239m[48;2;0;0;0m▀[0m[38;2;65;65;65m[48;2;0;0;0m▀[0m[38;2;65;65;65m[48;2;0;0;0m▀[0m[38;2;105;90;125m[48;2;65;65;65m▀[0m[38;2;65;65;65m[48;2;125;103;155m▀[0m[38;2;65;65;65m[48;2;105;90;125m▀[0m[38;2;242;184;255m[48;2;65;65;65m▀[0m[38;2;242;184;255m[48;2;242;184;255m▀[0m[38;2;164;82;82m[48;2;242;184;255m▀[0m[38;2;164;82;82m[48;2;242;184;255m▀[0m[38;2;164;82;82m[48;2;242;184;255m▀[0m[38;2;242;184;255m[48;2;242;184;255m▀[0m[38;2;242;184;255m[48;2;242;184;255m▀[0m[38;2;242;184;255m[48;2;65;65;65m▀[0m[38;2;65;65;65m[48;2;233;134;251m▀[0m[38;2;233;134;251m[48;2;233;134;251m▀[0m[38;2;233;134;251m[48;2;233;134;251m▀[0m[38;2;0;0;0m[48;2;0;0;0m▀[0m   
    [38;2;0;0;0m▀[38;2;0;0;0m▀       [38;2;0;0;0m▀[38;2;65;65;65m[48;2;0;0;0m▀[0m[38;2;105;90;125m[48;2;65;65;65m▀[0m[38;2;65;65;65m[48;2;125;103;155m▀[0m[38;2;65;65;65m[48;2;105;90;125m▀[0m[38;2;242;184;255m[48;2;0;0;0m▀[0m[38;2;242;184;255m[48;2;0;0;0m▀[0m[38;2;233;134;251m[48;2;246;123;82m▀[0m[38;2;233;134;251m[48;2;246;123;82m▀[0m[38;2;164;82;82m[48;2;222;90;74m▀[0m[38;2;164;82;82m[48;2;0;0;0m▀[0m[38;2;0;0;0m▀[38;2;105;90;125m[48;2;0;0;0m▀[0m[38;2;233;134;251m[48;2;0;0;0m▀[0m[38;2;105;90;125m[48;2;0;0;0m▀[0m[38;2;233;134;251m[48;2;0;0;0m▀[0m[38;2;0;0;0m▀  
               [38;2;0;0;0m▀[38;2;0;0;0m▀[38;2;0;0;0m▀  [38;2;0;0;0m▀[38;2;0;0;0m▀[38;2;0;0;0m▀         
[0m