              [38;2;0;0;0m▄[38;2;0;0;0m▄[38;2;0;0;0m[48;2;243;231;248m▀[0m[38;2;0;0;0m[48;2;243;231;248m▀[0m[38;2;0;0;0m▄                       
            [38;2;0;0;0m▄[38;2;0;0;0m[48;2;239;232;247m▀[0m[38;2;243;231;248m[48;2;239;232;247m▀[0m[38;2;243;231;248m[48;2;239;232;247m▀[0m[38;2;243;231;248m[48;2;239;232;247m▀[0m[38;2;243;231;248m[48;2;243;231;248m▀[0m[38;2;0;0;0m[48;2;65;63;65m▀[0m[38;2;0;0;0m▄[38;2;0;0;0m▄[38;2;0;0;0m[48;2;239;232;247m▀[0m[38;2;0;0;0m[48;2;239;232;247m▀[0m[38;2;0;0;0m▄                  
     [38;2;0;0;0m▄[38;2;0;0;0m▄    [38;2;0;0;0m[48;2;0;0;0m▀[0m[38;2;243;231;248m[48;2;243;231;248m▀[0m[38;2;239;232;247m[48;2;239;232;247m▀[0m[38;2;239;232;247m[48;2;239;232;247m▀[0m[38;2;239;232;247m[48;2;239;232;247m▀[0m[38;2;239;232;247m[48;2;239;232;247m▀[0m[38;2;243;231;248m[48;2;65;63;65m▀[0m[38;2;65;63;65m[48;2;243;231;248m▀[0m[38;2;243;231;248m[48;2;239;232;247m▀[0m[38;2;243;231;248m[48;2;239;232;247m▀[0m[38;2;239;232;247m[48;2;243;231;248m▀[0m[38;2;239;232;247m[48;2;243;231;248m▀[0m[38;2;0;0;0m[48;2;0;0;0m▀[0m                  
     [38;2;0;0;0m[48;2;0;0;0m▀[0m[38;2;141;94;191m[48;2;141;94;191m▀[0m[38;2;0;0;0m[48;2;158;90;211m▀[0m[38;2;1;2;7m▄ [38;2;0;0;0m[48;2;0;0;0m▀[0m[38;2;243;231;248m[48;2;241;238;246m▀[0m[38;2;243;231;248m[48;2;241;238;246m▀[0m[38;2;239;232;247m[48;2;243;231;248m▀[0m[38;2;239;232;247m[48;2;243;231;248m▀[0m[38;2;239;232;247m[48;2;243;231;248m▀[0m[38;2;239;232;247m[48;2;180;177;172m▀[0m[38;2;65;63;65m[48;2;243;231;248m▀[0m[38;2;243;231;248m[48;2;243;231;248m▀[0m[38;2;239;232;247m[48;2;243;231;248m▀[0m[38;2;239;232;247m[48;2;243;231;248m▀[0m[38;2;243;231;248m[48;2;181;173;178m▀[0m[38;2;0;0;0m[48;2;65;63;65m▀[0m[38;2;0;0;0m▄[38;2;0;0;0m[48;2;180;177;172m▀[0m[38;2;0;0;0m[48;2;180;177;172m▀[0m[38;2;0;0;0m▄               
      [38;2;0;0;0m[48;2;0;0;0m▀[0m[38;2;158;90;211m[48;2;122;68;170m▀[0m[38;2;105;60;143m[48;2;122;68;170m▀[0m[38;2;0;0;0m[48;2;121;72;163m▀[0m[38;2;5;8;0m▄[38;2;8;7;0m[48;2;125;154;232m▀[0m[38;2;162;159;164m[48;2;125;154;232m▀[0m[38;2;180;177;172m[48;2;120;152;232m▀[0m[38;2;243;231;248m[48;2;65;63;65m▀[0m[38;2;243;231;248m[48;2;51;59;72m▀[0m[38;2;243;231;248m[48;2;225;228;251m▀[0m[38;2;243;231;248m[48;2;58;62;72m▀[0m[38;2;65;63;65m[48;2;121;150;239m▀[0m[38;2;65;63;65m[48;2;65;63;65m▀[0m[38;2;243;231;248m[48;2;181;173;178m▀[0m[38;2;65;63;65m[48;2;243;231;248m▀[0m[38;2;240;227;235m[48;2;180;177;172m▀[0m[38;2;180;177;172m[48;2;243;231;248m▀[0m[38;2;180;177;172m[48;2;180;177;172m▀[0m[38;2;180;177;172m[48;2;180;177;172m▀[0m[38;2;0;0;0m[48;2;1;2;7m▀[0m               
      [38;2;0;0;0m▄[38;2;0;0;0m[48;2;65;63;65m▀[0m[38;2;122;68;170m[48;2;65;63;65m▀[0m[38;2;121;72;163m[48;2;65;63;65m▀[0m[38;2;63;40;80m[48;2;120;152;232m▀[0m[38;2;125;154;232m[48;2;125;154;232m▀[0m[38;2;125;154;232m[48;2;59;60;79m▀[0m[38;2;120;152;232m[48;2;70;94;167m▀[0m[38;2;120;152;232m[48;2;125;154;232m▀[0m[38;2;108;115;131m[48;2;65;63;65m▀[0m[38;2;51;59;72m[48;2;255;255;255m▀[0m[38;2;121;150;239m[48;2;65;63;65m▀[0m[38;2;90;107;155m[48;2;95;119;171m▀[0m[38;2;65;63;65m[48;2;65;63;65m▀[0m[38;2;240;227;235m[48;2;0;0;0m▀[0m[38;2;180;177;172m[48;2;251;241;255m▀[0m[38;2;243;231;248m[48;2;167;158;170m▀[0m[38;2;180;177;172m[48;2;65;63;65m▀[0m[38;2;180;177;172m[48;2;180;177;172m▀[0m[38;2;60;59;62m[48;2;65;63;65m▀[0m[38;2;60;59;62m[48;2;180;177;172m▀[0m[38;2;0;0;0m[48;2;180;177;172m▀[0m[38;2;0;0;0m[48;2;180;177;172m▀[0m[38;2;0;0;0m▄            
     [38;2;0;0;0m[48;2;0;4;1m▀[0m[38;2;180;177;172m[48;2;180;177;172m▀[0m[38;2;65;63;65m[48;2;57;61;64m▀[0m[38;2;120;152;232m[48;2;66;83;117m▀[0m[38;2;120;152;232m[48;2;120;152;232m▀[0m[38;2;120;152;232m[48;2;57;61;64m▀[0m[38;2;59;60;79m[48;2;255;251;246m▀[0m[38;2;240;227;168m[48;2;193;180;88m▀[0m[38;2;255;241;182m[48;2;212;185;146m▀[0m[38;2;70;94;167m[48;2;74;74;57m▀[0m[38;2;65;63;65m[48;2;255;255;255m▀[0m[38;2;255;255;255m[48;2;255;255;255m▀[0m[38;2;65;63;65m[48;2;65;63;65m▀[0m[38;2;111;147;225m[48;2;0;0;0m▀[0m[38;2;0;0;0m▀ [38;2;0;0;0m▀[38;2;0;0;0m▀[38;2;180;177;172m[48;2;0;0;0m▀[0m[38;2;180;177;172m[48;2;167;158;170m▀[0m[38;2;180;177;172m[48;2;0;0;0m▀[0m[38;2;180;177;172m[48;2;0;0;0m▀[0m[38;2;65;63;65m[48;2;180;177;172m▀[0m[38;2;180;177;172m[48;2;0;0;0m▀[0m[38;2;0;0;0m▀            
    [38;2;0;0;0m[48;2;0;0;0m▀[0m[38;2;180;177;172m[48;2;187;180;185m▀[0m[38;2;59;60;57m[48;2;66;58;63m▀[0m[38;2;66;83;117m[48;2;255;255;255m▀[0m[38;2;76;106;169m[48;2;65;63;65m▀[0m[38;2;79;92;121m[48;2;111;147;225m▀[0m[38;2;57;61;64m[48;2;95;119;171m▀[0m[38;2;193;180;88m[48;2;212;185;146m▀[0m[38;2;237;212;145m[48;2;74;74;57m▀[0m[38;2;74;74;57m[48;2;255;255;255m▀[0m[38;2;245;254;230m[48;2;255;255;255m▀[0m[38;2;255;255;255m[48;2;239;240;245m▀[0m[38;2;237;233;245m[48;2;65;63;65m▀[0m[38;2;65;63;65m[48;2;243;231;248m▀[0m[38;2;65;63;65m[48;2;243;231;248m▀[0m[38;2;0;0;0m[48;2;235;227;247m▀[0m[38;2;0;0;0m▄[38;2;0;0;0m▄[38;2;0;0;0m[48;2;243;231;248m▀[0m[38;2;251;241;255m[48;2;0;0;0m▀[0m[38;2;0;0;0m▀  [38;2;0;0;0m▀      [38;2;0;0;0m▄[38;2;0;0;0m▄      
    [38;2;0;0;0m▀[38;2;247;240;245m[48;2;0;0;0m▀[0m[38;2;247;240;245m[48;2;251;241;255m▀[0m[38;2;255;255;255m[48;2;243;231;248m▀[0m[38;2;255;255;255m[48;2;243;231;248m▀[0m[38;2;65;63;65m[48;2;250;246;255m▀[0m[38;2;65;63;65m[48;2;250;246;255m▀[0m[38;2;74;74;57m[48;2;239;240;245m▀[0m[38;2;245;254;230m[48;2;239;240;245m▀[0m[38;2;255;255;255m[48;2;65;63;65m▀[0m[38;2;237;233;245m[48;2;65;63;65m▀[0m[38;2;239;240;245m[48;2;243;231;248m▀[0m[38;2;239;240;245m[48;2;243;231;248m▀[0m[38;2;243;231;248m[48;2;80;50;68m▀[0m[38;2;65;63;65m[48;2;81;86;137m▀[0m[38;2;77;74;82m[48;2;90;107;155m▀[0m[38;2;235;227;247m[48;2;58;62;72m▀[0m[38;2;243;231;248m[48;2;65;63;65m▀[0m[38;2;0;0;0m[48;2;150;92;198m▀[0m[38;2;0;0;0m▄ [38;2;0;0;0m▄[38;2;0;0;0m[48;2;74;77;81m▀[0m[38;2;0;0;0m▄  [38;2;0;0;0m▄[38;2;0;0;0m[48;2;74;82;82m▀[0m[38;2;0;0;0m[48;2;74;82;82m▀[0m[38;2;0;0;0m[48;2;71;77;78m▀[0m[38;2;74;82;81m[48;2;0;0;0m▀[0m[38;2;0;0;0m▀      
     [38;2;0;0;0m▀[38;2;251;241;255m[48;2;0;0;0m▀[0m[38;2;65;63;65m[48;2;243;231;248m▀[0m[38;2;65;63;65m[48;2;0;0;0m▀[0m[38;2;65;63;65m[48;2;89;113;157m▀[0m[38;2;250;246;255m[48;2;48;57;78m▀[0m[38;2;239;240;245m[48;2;243;231;248m▀[0m[38;2;65;63;65m[48;2;65;63;65m▀[0m[38;2;81;108;165m[48;2;78;107;165m▀[0m[38;2;81;108;165m[48;2;68;84;115m▀[0m[38;2;65;63;65m[48;2;81;108;165m▀[0m[38;2;65;63;65m[48;2;81;108;165m▀[0m[38;2;85;101;169m[48;2;95;104;166m▀[0m[38;2;85;101;169m[48;2;95;104;166m▀[0m[38;2;121;150;239m[48;2;120;152;232m▀[0m[38;2;121;150;239m[48;2;120;152;232m▀[0m[38;2;150;92;198m[48;2;120;152;232m▀[0m[38;2;150;92;198m[48;2;120;152;232m▀[0m[38;2;141;94;191m[48;2;148;91;198m▀[0m[38;2;0;0;0m[48;2;81;108;165m▀[0m[38;2;74;77;81m[48;2;49;47;49m▀[0m[38;2;49;51;53m[48;2;74;82;82m▀[0m[38;2;0;0;0m[48;2;74;82;82m▀[0m[38;2;0;0;0m▄[38;2;0;0;0m[48;2;122;68;170m▀[0m[38;2;74;82;81m[48;2;122;68;170m▀[0m[38;2;74;82;82m[48;2;49;47;49m▀[0m[38;2;74;82;82m[48;2;74;82;82m▀[0m[38;2;106;115;117m[48;2;74;82;82m▀[0m[38;2;71;77;78m[48;2;74;82;82m▀[0m[38;2;0;0;0m[48;2;0;0;0m▀[0m      
       [38;2;0;0;0m▀ [38;2;8;3;0m▀[38;2;8;3;0m▀[38;2;65;63;65m[48;2;0;0;0m▀[0m[38;2;65;63;65m[48;2;141;94;191m▀[0m[38;2;57;61;64m[48;2;150;92;198m▀[0m[38;2;78;107;165m[48;2;65;63;65m▀[0m[38;2;65;63;65m[48;2;152;91;198m▀[0m[38;2;65;63;65m[48;2;152;91;198m▀[0m[38;2;95;104;166m[48;2;65;63;65m▀[0m[38;2;120;152;232m[48;2;65;63;65m▀[0m[38;2;120;152;232m[48;2;121;150;239m▀[0m[38;2;59;78;119m[48;2;121;150;239m▀[0m[38;2;120;152;232m[48;2;56;61;79m▀[0m[38;2;148;91;198m[48;2;97;116;157m▀[0m[38;2;81;108;165m[48;2;80;108;165m▀[0m[38;2;81;108;165m[48;2;80;108;165m▀[0m[38;2;49;47;49m[48;2;81;108;165m▀[0m[38;2;74;82;82m[48;2;49;47;49m▀[0m[38;2;74;82;82m[48;2;74;82;82m▀[0m[38;2;74;82;82m[48;2;74;82;82m▀[0m[38;2;49;47;49m[48;2;49;47;49m▀[0m[38;2;122;68;170m[48;2;0;0;0m▀[0m[38;2;49;47;49m[48;2;74;82;82m▀[0m[38;2;74;82;82m[48;2;74;82;82m▀[0m[38;2;74;82;82m[48;2;74;82;81m▀[0m[38;2;74;82;82m[48;2;0;0;0m▀[0m[38;2;0;0;0m[48;2;118;85;156m▀[0m[38;2;0;4;1m▄[38;2;0;0;0m▄    
  [38;2;0;0;0m▄[38;2;0;0;0m▄[38;2;0;0;0m▄   [38;2;0;0;0m▄[38;2;0;0;0m▄[38;2;0;0;0m▄[38;2;0;0;0m[48;2;81;108;165m▀[0m[38;2;141;94;191m[48;2;65;63;65m▀[0m[38;2;150;92;198m[48;2;129;86;174m▀[0m[38;2;150;92;198m[48;2;129;86;174m▀[0m[38;2;152;91;198m[48;2;122;74;157m▀[0m[38;2;152;91;198m[48;2;150;82;203m▀[0m[38;2;150;92;198m[48;2;150;82;203m▀[0m[38;2;150;92;198m[48;2;122;74;157m▀[0m[38;2;58;62;72m[48;2;65;63;65m▀[0m[38;2;90;107;155m[48;2;81;108;165m▀[0m[38;2;56;61;79m[48;2;0;0;0m▀[0m[38;2;16;6;0m▀[38;2;80;108;165m[48;2;4;12;0m▀[0m[38;2;80;108;165m[48;2;51;41;62m▀[0m[38;2;81;108;165m[48;2;49;47;49m▀[0m[38;2;49;47;49m[48;2;243;231;248m▀[0m[38;2;49;47;49m[48;2;235;227;247m▀[0m[38;2;74;82;82m[48;2;77;74;82m▀[0m[38;2;0;0;0m[48;2;0;0;0m▀[0m [38;2;0;0;0m▀[38;2;0;0;0m▀[38;2;0;0;0m▀[38;2;0;0;0m▄[38;2;0;4;1m[48;2;74;82;82m▀[0m[38;2;77;57;103m[48;2;74;82;82m▀[0m[38;2;74;82;81m[48;2;104;112;114m▀[0m[38;2;0;0;0m[48;2;74;77;81m▀[0m[38;2;0;0;0m[48;2;49;53;50m▀[0m[38;2;0;0;0m[48;2;74;80;76m▀[0m[38;2;0;0;0m▄
[38;2;0;0;0m▄[38;2;0;0;0m[48;2;243;231;248m▀[0m[38;2;243;231;248m[48;2;65;63;65m▀[0m[38;2;65;63;65m[48;2;150;92;198m▀[0m[38;2;65;63;65m[48;2;150;92;198m▀[0m[38;2;0;0;0m[48;2;59;60;57m▀[0m[38;2;0;4;1m▄[38;2;0;0;0m[48;2;180;175;172m▀[0m[38;2;180;177;172m[48;2;180;175;172m▀[0m[38;2;180;177;172m[48;2;59;60;72m▀[0m[38;2;60;59;57m[48;2;120;129;147m▀[0m[38;2;81;108;165m[48;2;82;111;163m▀[0m[38;2;81;108;165m[48;2;0;0;0m▀[0m[38;2;5;8;0m▀[38;2;69;47;87m[48;2;0;0;0m▀[0m[38;2;66;58;63m[48;2;82;110;161m▀[0m[38;2;122;74;157m[48;2;45;56;80m▀[0m[38;2;122;74;157m[48;2;65;63;65m▀[0m[38;2;66;58;63m[48;2;81;108;165m▀[0m[38;2;81;108;165m[48;2;81;108;165m▀[0m[38;2;81;108;165m[48;2;81;108;165m▀[0m[38;2;82;111;163m[48;2;118;126;145m▀[0m[38;2;0;0;0m[48;2;50;51;63m▀[0m[38;2;51;41;62m[48;2;243;231;248m▀[0m[38;2;148;97;190m[48;2;65;63;65m▀[0m[38;2;49;47;49m[48;2;150;92;198m▀[0m[38;2;243;231;248m[48;2;65;63;65m▀[0m[38;2;235;227;247m[48;2;243;231;248m▀[0m[38;2;0;0;0m[48;2;180;177;172m▀[0m[38;2;0;0;0m▄    [38;2;0;0;0m▀[38;2;74;82;82m[48;2;0;0;0m▀[0m[38;2;74;82;82m[48;2;74;82;81m▀[0m[38;2;74;77;81m[48;2;74;82;81m▀[0m[38;2;74;77;81m[48;2;0;0;0m▀[0m[38;2;0;0;0m▀[38;2;0;0;0m▀ 
[38;2;0;0;0m▀[38;2;243;231;248m[48;2;0;0;0m▀[0m[38;2;243;231;248m[48;2;77;74;82m▀[0m[38;2;65;63;65m[48;2;150;92;198m▀[0m[38;2;65;63;65m[48;2;150;92;198m▀[0m[38;2;180;177;172m[48;2;65;63;65m▀[0m[38;2;180;177;172m[48;2;180;177;172m▀[0m[38;2;180;175;172m[48;2;180;177;172m▀[0m[38;2;180;175;172m[48;2;180;177;172m▀[0m[38;2;151;163;185m[48;2;180;175;172m▀[0m[38;2;59;60;72m[48;2;180;175;172m▀[0m[38;2;0;0;0m[48;2;180;177;172m▀[0m[38;2;0;0;0m▄  [38;2;8;3;0m▀[38;2;82;110;161m[48;2;0;0;0m▀[0m[38;2;81;108;165m[48;2;81;104;159m▀[0m[38;2;81;108;165m[48;2;57;78;123m▀[0m[38;2;81;108;165m[48;2;74;104;162m▀[0m[38;2;49;47;49m[48;2;49;47;49m▀[0m[38;2;50;51;63m[48;2;150;92;198m▀[0m[38;2;151;163;185m[48;2;65;63;65m▀[0m[38;2;184;177;187m[48;2;243;231;248m▀[0m[38;2;243;231;248m[48;2;184;177;187m▀[0m[38;2;65;63;65m[48;2;243;231;248m▀[0m[38;2;65;63;65m[48;2;243;231;248m▀[0m[38;2;243;231;248m[48;2;240;227;235m▀[0m[38;2;180;177;172m[48;2;180;175;176m▀[0m[38;2;0;0;0m[48;2;59;60;57m▀[0m[38;2;0;4;1m▄[38;2;0;0;0m[48;2;180;177;172m▀[0m[38;2;0;0;0m▄   [38;2;0;0;0m[48;2;0;0;0m▀[0m[38;2;0;0;0m[48;2;122;68;170m▀[0m[38;2;0;0;0m▄   
[38;2;0;0;0m[48;2;0;0;0m▀[0m[38;2;235;227;247m[48;2;241;238;246m▀[0m[38;2;77;74;82m[48;2;241;238;246m▀[0m[38;2;65;63;65m[48;2;180;177;172m▀[0m[38;2;65;63;65m[48;2;180;177;172m▀[0m[38;2;180;177;172m[48;2;65;63;65m▀[0m[38;2;65;63;65m[48;2;150;92;198m▀[0m[38;2;65;63;65m[48;2;65;63;65m▀[0m[38;2;180;177;172m[48;2;180;177;172m▀[0m[38;2;180;175;172m[48;2;180;177;172m▀[0m[38;2;180;175;172m[48;2;0;0;0m▀[0m[38;2;180;177;172m[48;2;180;177;172m▀[0m[38;2;0;0;0m[48;2;180;177;172m▀[0m[38;2;0;0;0m▄  [38;2;0;0;0m[48;2;0;0;0m▀[0m[38;2;57;78;123m[48;2;93;99;177m▀[0m[38;2;128;156;232m[48;2;50;42;47m▀[0m[38;2;66;85;124m[48;2;62;49;67m▀[0m[38;2;49;47;49m[48;2;189;149;204m▀[0m[38;2;65;63;65m[48;2;243;231;248m▀[0m[38;2;150;92;198m[48;2;65;63;65m▀[0m[38;2;65;63;65m[48;2;65;63;65m▀[0m[38;2;243;231;248m[48;2;243;231;248m▀[0m[38;2;180;177;172m[48;2;243;231;248m▀[0m[38;2;243;231;248m[48;2;180;177;172m▀[0m[38;2;180;175;176m[48;2;180;175;172m▀[0m[38;2;63;65;57m[48;2;180;175;172m▀[0m[38;2;180;177;172m[48;2;180;177;172m▀[0m[38;2;180;177;172m[48;2;0;0;0m▀[0m[38;2;180;177;172m[48;2;0;0;0m▀[0m[38;2;0;0;0m▀[38;2;0;0;0m▄[38;2;0;0;0m[48;2;74;82;82m▀[0m[38;2;0;0;0m[48;2;74;77;81m▀[0m[38;2;49;47;49m[48;2;74;77;81m▀[0m[38;2;122;68;170m[48;2;0;0;0m▀[0m[38;2;0;0;0m▀   
 [38;2;8;7;0m▀[38;2;162;159;164m[48;2;0;0;0m▀[0m[38;2;180;177;172m[48;2;0;0;0m▀[0m[38;2;65;63;65m[48;2;180;177;172m▀[0m[38;2;150;92;198m[48;2;60;59;57m▀[0m[38;2;65;63;65m[48;2;180;177;172m▀[0m[38;2;180;177;172m[48;2;0;0;0m▀[0m[38;2;180;177;172m[48;2;0;0;0m▀[0m[38;2;0;0;0m▀ [38;2;0;0;0m▀[38;2;0;0;0m▀  [38;2;0;0;0m[48;2;0;0;0m▀[0m[38;2;65;63;65m[48;2;122;68;170m▀[0m[38;2;78;81;134m[48;2;65;63;65m▀[0m[38;2;50;42;47m[48;2;123;66;168m▀[0m[38;2;148;115;158m[48;2;55;37;68m▀[0m[38;2;62;49;67m[48;2;154;95;209m▀[0m[38;2;184;177;187m[48;2;63;65;57m▀[0m[38;2;243;231;248m[48;2;240;227;235m▀[0m[38;2;243;231;248m[48;2;180;175;172m▀[0m[38;2;243;231;248m[48;2;180;175;172m▀[0m[38;2;180;177;172m[48;2;180;177;172m▀[0m[38;2;180;177;172m[48;2;180;177;172m▀[0m[38;2;180;175;172m[48;2;65;63;65m▀[0m[38;2;180;175;172m[48;2;0;0;0m▀[0m[38;2;0;0;0m▀ [38;2;0;0;0m▄[38;2;0;0;0m▄[38;2;0;0;0m[48;2;41;39;48m▀[0m[38;2;74;82;82m[48;2;79;61;102m▀[0m[38;2;74;77;81m[48;2;74;82;82m▀[0m[38;2;104;112;114m[48;2;74;82;82m▀[0m[38;2;49;47;49m[48;2;41;44;42m▀[0m[38;2;49;47;49m[48;2;82;85;83m▀[0m[38;2;0;0;0m▄  
    [38;2;0;0;0m▀[38;2;0;0;0m▀[38;2;0;0;0m▀        [38;2;0;0;0m▀[38;2;122;68;170m[48;2;0;0;0m▀[0m[38;2;123;66;168m[48;2;65;63;65m▀[0m[38;2;65;63;65m[48;2;65;63;65m▀[0m[38;2;104;66;139m[48;2;0;0;0m▀[0m[38;2;5;8;0m▀[38;2;180;175;176m[48;2;0;0;0m▀[0m[38;2;180;175;176m[48;2;65;63;65m▀[0m[38;2;180;175;172m[48;2;65;63;65m▀[0m[38;2;180;175;172m[48;2;65;63;65m▀[0m[38;2;65;63;65m[48;2;121;72;163m▀[0m[38;2;65;63;65m[48;2;63;40;80m▀[0m[38;2;0;0;0m[48;2;122;68;170m▀[0m[38;2;0;0;0m▄ [38;2;0;0;0m[48;2;0;0;0m▀[0m[38;2;74;80;76m[48;2;74;82;82m▀[0m[38;2;49;53;50m[48;2;74;82;82m▀[0m[38;2;118;85;156m[48;2;0;0;0m▀[0m[38;2;4;12;0m▀[38;2;0;0;0m▀[38;2;0;0;0m▀ [38;2;0;4;1m▀   
                 [38;2;0;0;0m[48;2;0;0;0m▀[0m[38;2;65;63;65m[48;2;65;63;65m▀[0m[38;2;0;0;0m[48;2;65;63;65m▀[0m[38;2;0;0;0m▄ [38;2;0;0;0m▀[38;2;123;66;168m[48;2;0;0;0m▀[0m[38;2;123;66;168m[48;2;0;0;0m▀[0m[38;2;5;8;0m▀[38;2;121;72;163m[48;2;0;0;0m▀[0m[38;2;122;68;170m[48;2;122;68;170m▀[0m[38;2;0;0;0m[48;2;0;0;0m▀[0m  [38;2;0;0;0m▀[38;2;0;0;0m[48;2;0;0;0m▀[0m         
                  [38;2;0;0;0m▀[38;2;0;0;0m▀      [38;2;0;0;0m▀[38;2;122;68;170m[48;2;0;0;0m▀[0m[38;2;122;68;170m[48;2;0;0;0m▀[0m[38;2;0;0;0m▀            
[0m