           [38;2;0;0;0m▄[38;2;0;0;0m[48;2;106;137;222m▀[0m[38;2;0;0;0m▄   [38;2;0;0;0m▄[38;2;0;0;0m▄[38;2;0;0;0m[48;2;106;137;222m▀[0m[38;2;0;0;0m[48;2;41;45;52m▀[0m[38;2;0;0;0m[48;2;82;91;104m▀[0m[38;2;0;0;0m[48;2;78;89;106m▀[0m[38;2;0;0;0m[48;2;78;89;106m▀[0m[38;2;0;0;0m[48;2;78;89;106m▀[0m[38;2;0;0;0m[48;2;78;89;106m▀[0m[38;2;0;0;0m▄[38;2;0;0;0m▄[38;2;0;0;0m▄          
           [38;2;0;0;0m[48;2;0;0;0m▀[0m[38;2;106;137;222m[48;2;106;137;222m▀[0m[38;2;8;0;0m[48;2;41;45;74m▀[0m[38;2;0;0;0m▄[38;2;0;0;0m[48;2;78;89;106m▀[0m[38;2;0;0;0m[48;2;78;89;106m▀[0m[38;2;78;89;106m[48;2;78;89;106m▀[0m[38;2;49;48;49m[48;2;49;48;49m▀[0m[38;2;106;137;222m[48;2;106;137;222m▀[0m[38;2;49;48;49m[48;2;49;48;49m▀[0m[38;2;79;89;104m[48;2;79;89;104m▀[0m[38;2;79;89;104m[48;2;79;89;104m▀[0m[38;2;79;89;104m[48;2;49;48;49m▀[0m[38;2;61;74;123m[48;2;49;52;49m▀[0m[38;2;49;52;49m[48;2;74;97;197m▀[0m[38;2;79;89;104m[48;2;49;48;49m▀[0m[38;2;79;89;104m[48;2;49;48;49m▀[0m[38;2;78;89;106m[48;2;0;0;0m▀[0m[38;2;0;0;0m▀[38;2;0;0;0m▀        
           [38;2;0;0;0m[48;2;0;0;0m▀[0m[38;2;106;137;222m[48;2;106;137;222m▀[0m[38;2;49;48;49m[48;2;49;48;49m▀[0m[38;2;79;89;104m[48;2;79;89;104m▀[0m[38;2;79;89;104m[48;2;49;48;49m▀[0m[38;2;79;89;104m[48;2;79;89;104m▀[0m[38;2;49;48;49m[48;2;49;48;49m▀[0m[38;2;106;136;227m[48;2;106;136;227m▀[0m[38;2;106;136;227m[48;2;255;255;255m▀[0m[38;2;106;137;222m[48;2;106;137;222m▀[0m[38;2;49;48;49m[48;2;49;48;49m▀[0m[38;2;49;48;49m[48;2;65;93;197m▀[0m[38;2;65;93;197m[48;2;65;93;197m▀[0m[38;2;65;93;197m[48;2;65;93;197m▀[0m[38;2;65;93;197m[48;2;49;48;49m▀[0m[38;2;49;48;49m[48;2;49;48;49m▀[0m[38;2;61;64;135m[48;2;61;64;135m▀[0m[38;2;60;64;137m[48;2;60;64;137m▀[0m[38;2;0;0;0m[48;2;60;64;137m▀[0m[38;2;0;0;0m▄        
         [38;2;0;0;0m▄[38;2;0;4;0m[48;2;65;68;131m▀[0m[38;2;32;36;65m[48;2;0;4;0m▀[0m[38;2;65;93;197m[48;2;65;93;197m▀[0m[38;2;49;48;49m[48;2;49;48;49m▀[0m[38;2;79;89;104m[48;2;49;48;49m▀[0m[38;2;49;48;49m[48;2;79;89;104m▀[0m[38;2;49;48;49m[48;2;49;48;49m▀[0m[38;2;98;129;238m[48;2;82;102;175m▀[0m[38;2;123;144;222m[48;2;57;89;205m▀[0m[38;2;255;255;255m[48;2;255;255;255m▀[0m[38;2;104;137;227m[48;2;68;93;200m▀[0m[38;2;68;93;200m[48;2;68;93;200m▀[0m[38;2;65;93;197m[48;2;65;93;197m▀[0m[38;2;60;63;131m[48;2;65;93;197m▀[0m[38;2;49;48;49m[48;2;65;93;197m▀[0m[38;2;65;93;197m[48;2;65;93;197m▀[0m[38;2;0;0;0m[48;2;0;0;0m▀[0m[38;2;0;0;0m▀[38;2;60;64;137m[48;2;0;0;0m▀[0m[38;2;60;64;137m[48;2;60;64;137m▀[0m[38;2;52;62;137m[48;2;52;62;137m▀[0m[38;2;8;0;0m[48;2;74;93;205m▀[0m[38;2;0;0;0m▄      
       [38;2;0;0;0m▄[38;2;8;0;0m[48;2;74;93;205m▀[0m[38;2;52;62;137m[48;2;52;62;137m▀[0m[38;2;60;64;137m[48;2;60;64;137m▀[0m[38;2;60;64;137m[48;2;0;0;0m▀[0m[38;2;8;0;0m[48;2;46;45;52m▀[0m[38;2;84;91;104m[48;2;46;45;52m▀[0m[38;2;98;91;80m[48;2;41;48;57m▀[0m[38;2;41;48;57m[48;2;214;152;110m▀[0m[38;2;87;103;161m[48;2;32;52;123m▀[0m[38;2;87;103;161m[48;2;197;206;238m▀[0m[38;2;65;93;197m[48;2;255;255;255m▀[0m[38;2;255;255;255m[48;2;255;255;255m▀[0m[38;2;255;255;255m[48;2;255;255;255m▀[0m[38;2;255;255;255m[48;2;65;93;197m▀[0m[38;2;65;93;200m[48;2;65;93;200m▀[0m[38;2;65;93;200m[48;2;65;93;200m▀[0m[38;2;65;93;197m[48;2;65;93;197m▀[0m[38;2;0;0;0m[48;2;0;0;0m▀[0m   [38;2;0;0;0m[48;2;0;0;0m▀[0m[38;2;60;63;131m[48;2;60;63;131m▀[0m[38;2;65;93;197m[48;2;65;93;197m▀[0m[38;2;0;0;0m[48;2;65;93;197m▀[0m[38;2;0;0;0m▄     
      [38;2;0;0;0m▄[38;2;0;0;0m[48;2;65;93;197m▀[0m[38;2;74;93;197m[48;2;74;93;197m▀[0m[38;2;49;62;131m[48;2;0;0;0m▀[0m[38;2;0;0;0m▀[38;2;0;0;0m[48;2;0;0;0m▀[0m[38;2;225;144;90m[48;2;172;117;83m▀[0m[38;2;65;64;65m[48;2;65;64;65m▀[0m[38;2;224;147;105m[48;2;182;108;62m▀[0m[38;2;224;147;105m[48;2;182;108;62m▀[0m[38;2;235;139;90m[48;2;179;113;80m▀[0m[38;2;65;60;58m[48;2;179;113;80m▀[0m[38;2;74;62;59m[48;2;179;109;63m▀[0m[38;2;222;207;195m[48;2;74;62;59m▀[0m[38;2;65;93;197m[48;2;65;93;197m▀[0m[38;2;65;64;65m[48;2;65;64;65m▀[0m[38;2;65;93;200m[48;2;65;93;200m▀[0m[38;2;65;93;200m[48;2;65;93;200m▀[0m[38;2;65;93;200m[48;2;65;93;200m▀[0m[38;2;65;93;200m[48;2;65;93;200m▀[0m[38;2;0;0;0m[48;2;65;93;197m▀[0m[38;2;0;0;0m[48;2;65;93;197m▀[0m[38;2;0;0;0m▄[38;2;0;0;0m[48;2;65;93;197m▀[0m[38;2;65;93;200m[48;2;65;93;200m▀[0m[38;2;65;93;200m[48;2;65;93;200m▀[0m[38;2;65;93;197m[48;2;65;93;197m▀[0m[38;2;0;0;0m[48;2;0;0;0m▀[0m     
      [38;2;0;0;0m[48;2;0;0;0m▀[0m[38;2;65;93;197m[48;2;65;93;197m▀[0m[38;2;74;97;197m[48;2;74;97;197m▀[0m[38;2;16;9;3m[48;2;35;43;65m▀[0m[38;2;0;0;0m▄[38;2;0;0;0m[48;2;255;255;255m▀[0m[38;2;65;64;65m[48;2;65;64;65m▀[0m[38;2;179;109;63m[48;2;179;109;63m▀[0m[38;2;65;64;65m[48;2;179;109;63m▀[0m[38;2;179;109;63m[48;2;65;64;65m▀[0m[38;2;65;64;65m[48;2;179;109;63m▀[0m[38;2;65;64;65m[48;2;179;109;63m▀[0m[38;2;179;109;63m[48;2;65;64;65m▀[0m[38;2;65;64;65m[48;2;179;109;63m▀[0m[38;2;109;116;150m[48;2;41;48;98m▀[0m[38;2;246;250;255m[48;2;246;250;255m▀[0m[38;2;65;64;65m[48;2;65;64;65m▀[0m[38;2;65;93;197m[48;2;65;93;197m▀[0m[38;2;112;120;139m[48;2;49;56;82m▀[0m[38;2;49;56;82m[48;2;238;246;255m▀[0m[38;2;65;93;197m[48;2;65;64;65m▀[0m[38;2;65;93;197m[48;2;65;64;65m▀[0m[38;2;57;56;74m[48;2;90;125;246m▀[0m[38;2;79;102;189m[48;2;79;102;189m▀[0m[38;2;65;93;200m[48;2;65;93;200m▀[0m[38;2;65;93;200m[48;2;65;93;200m▀[0m[38;2;0;0;0m[48;2;0;0;0m▀[0m      
       [38;2;0;0;0m[48;2;0;0;0m▀[0m[38;2;68;93;200m[48;2;68;93;200m▀[0m[38;2;68;93;200m[48;2;104;137;227m▀[0m[38;2;65;64;65m[48;2;255;255;255m▀[0m[38;2;255;255;255m[48;2;65;64;65m▀[0m[38;2;255;255;255m[48;2;255;255;255m▀[0m[38;2;65;64;65m[48;2;255;255;255m▀[0m[38;2;179;109;63m[48;2;65;64;65m▀[0m[38;2;179;109;63m[48;2;65;64;65m▀[0m[38;2;179;109;63m[48;2;65;64;65m▀[0m[38;2;179;109;63m[48;2;65;64;65m▀[0m[38;2;179;109;63m[48;2;68;66;59m▀[0m[38;2;68;66;59m[48;2;197;172;163m▀[0m[38;2;65;64;65m[48;2;186;183;191m▀[0m[38;2;65;64;65m[48;2;186;183;191m▀[0m[38;2;65;64;65m[48;2;65;64;65m▀[0m[38;2;65;93;197m[48;2;65;93;197m▀[0m[38;2;65;64;65m[48;2;65;64;65m▀[0m[38;2;255;255;255m[48;2;65;64;65m▀[0m[38;2;65;64;65m[48;2;255;255;255m▀[0m[38;2;255;255;255m[48;2;255;255;255m▀[0m[38;2;246;250;255m[48;2;246;250;255m▀[0m[38;2;148;153;172m[48;2;49;56;90m▀[0m[38;2;63;60;65m[48;2;189;182;197m▀[0m[38;2;0;0;0m[48;2;0;0;0m▀[0m       
        [38;2;0;0;0m[48;2;0;0;0m▀[0m[38;2;246;250;246m[48;2;82;83;82m▀[0m[38;2;255;255;255m[48;2;255;255;255m▀[0m[38;2;65;64;65m[48;2;255;255;255m▀[0m[38;2;65;93;197m[48;2;65;64;65m▀[0m[38;2;65;93;197m[48;2;65;93;197m▀[0m[38;2;255;255;255m[48;2;255;255;255m▀[0m[38;2;57;64;131m[48;2;255;255;255m▀[0m[38;2;41;56;164m[48;2;84;97;178m▀[0m[38;2;172;178;205m[48;2;84;97;178m▀[0m[38;2;186;183;191m[48;2;186;183;191m▀[0m[38;2;186;183;191m[48;2;186;183;191m▀[0m[38;2;172;178;205m[48;2;84;97;178m▀[0m[38;2;41;56;164m[48;2;84;97;178m▀[0m[38;2;60;63;112m[48;2;60;63;112m▀[0m[38;2;60;63;112m[48;2;180;182;189m▀[0m[38;2;191;188;191m[48;2;65;64;65m▀[0m[38;2;65;64;65m[48;2;255;250;255m▀[0m[38;2;255;255;255m[48;2;255;255;255m▀[0m[38;2;255;255;255m[48;2;255;255;255m▀[0m[38;2;65;64;90m[48;2;65;64;90m▀[0m[38;2;186;183;194m[48;2;65;64;90m▀[0m[38;2;183;183;191m[48;2;183;183;191m▀[0m[38;2;183;183;191m[48;2;57;64;131m▀[0m[38;2;0;0;0m[48;2;0;0;0m▀[0m      
  [38;2;0;0;0m▄[38;2;0;0;0m▄[38;2;8;3;1m[48;2;45;50;94m▀[0m[38;2;8;3;1m[48;2;82;97;189m▀[0m[38;2;8;3;1m[48;2;45;50;94m▀[0m[38;2;8;3;1m[48;2;82;97;189m▀[0m[38;2;95;107;161m[48;2;24;40;115m▀[0m[38;2;95;107;161m[48;2;238;242;255m▀[0m[38;2;65;64;65m[48;2;255;255;255m▀[0m[38;2;255;255;255m[48;2;65;64;65m▀[0m[38;2;255;255;255m[48;2;255;255;255m▀[0m[38;2;65;64;65m[48;2;65;64;65m▀[0m[38;2;65;93;197m[48;2;255;255;255m▀[0m[38;2;255;255;255m[48;2;255;255;255m▀[0m[38;2;255;255;255m[48;2;65;93;197m▀[0m[38;2;65;93;197m[48;2;255;255;255m▀[0m[38;2;65;93;200m[48;2;65;93;200m▀[0m[38;2;65;93;200m[48;2;65;93;200m▀[0m[38;2;65;93;197m[48;2;255;255;255m▀[0m[38;2;255;255;255m[48;2;255;255;255m▀[0m[38;2;246;250;255m[48;2;109;116;150m▀[0m[38;2;246;250;255m[48;2;41;48;98m▀[0m[38;2;65;64;65m[48;2;255;255;255m▀[0m[38;2;255;255;255m[48;2;255;255;255m▀[0m[38;2;255;255;255m[48;2;255;255;255m▀[0m[38;2;65;64;65m[48;2;65;64;65m▀[0m[38;2;57;64;131m[48;2;183;183;191m▀[0m[38;2;57;64;131m[48;2;183;183;191m▀[0m[38;2;60;63;134m[48;2;180;182;189m▀[0m[38;2;60;63;134m[48;2;60;63;134m▀[0m[38;2;0;0;0m[48;2;0;0;0m▀[0m      
[38;2;0;0;0m▄[38;2;0;0;0m[48;2;182;111;67m▀[0m[38;2;225;143;101m[48;2;65;64;65m▀[0m[38;2;65;64;65m[48;2;225;143;101m▀[0m[38;2;225;143;101m[48;2;65;64;65m▀[0m[38;2;65;64;65m[48;2;225;143;101m▀[0m[38;2;94;95;98m[48;2;171;98;67m▀[0m[38;2;41;60;164m[48;2;94;95;98m▀[0m[38;2;65;64;65m[48;2;65;93;197m▀[0m[38;2;65;64;65m[48;2;65;93;197m▀[0m[38;2;109;114;150m[48;2;54;59;79m▀[0m[38;2;54;59;79m[48;2;164;170;222m▀[0m[38;2;255;255;255m[48;2;65;64;65m▀[0m[38;2;255;255;255m[48;2;255;255;255m▀[0m[38;2;65;64;65m[48;2;65;64;65m▀[0m[38;2;255;255;255m[48;2;255;255;255m▀[0m[38;2;255;255;255m[48;2;255;255;255m▀[0m[38;2;65;93;197m[48;2;255;255;255m▀[0m[38;2;65;93;197m[48;2;65;93;197m▀[0m[38;2;65;93;197m[48;2;255;255;255m▀[0m[38;2;65;93;197m[48;2;255;255;255m▀[0m[38;2;255;255;255m[48;2;255;255;255m▀[0m[38;2;255;255;255m[48;2;255;255;255m▀[0m[38;2;65;64;65m[48;2;65;64;65m▀[0m[38;2;106;136;227m[48;2;106;136;227m▀[0m[38;2;255;255;255m[48;2;106;136;227m▀[0m[38;2;65;64;65m[48;2;65;64;65m▀[0m[38;2;186;183;191m[48;2;65;64;65m▀[0m[38;2;49;56;82m[48;2;112;120;139m▀[0m[38;2;49;56;82m[48;2;238;246;255m▀[0m[38;2;41;48;98m[48;2;109;114;150m▀[0m[38;2;178;180;202m[48;2;246;246;255m▀[0m[38;2;86;87;106m[48;2;172;174;205m▀[0m[38;2;0;0;8m[48;2;0;0;8m▀[0m     
[38;2;0;0;0m▀[38;2;182;111;67m[48;2;0;0;0m▀[0m[38;2;65;64;65m[48;2;179;109;63m▀[0m[38;2;179;109;63m[48;2;179;109;63m▀[0m[38;2;82;60;51m[48;2;0;0;8m▀[0m[38;2;173;112;78m[48;2;0;0;8m▀[0m[38;2;65;64;65m[48;2;179;109;63m▀[0m[38;2;65;64;65m[48;2;179;109;63m▀[0m[38;2;65;64;65m[48;2;65;64;65m▀[0m[38;2;65;64;65m[48;2;186;183;191m▀[0m[38;2;189;182;189m[48;2;0;0;0m▀[0m[38;2;189;182;189m[48;2;63;60;63m▀[0m[38;2;65;60;65m[48;2;82;106;180m▀[0m[38;2;90;129;238m[48;2;65;60;65m▀[0m[38;2;60;63;112m[48;2;60;63;112m▀[0m[38;2;180;182;189m[48;2;60;63;112m▀[0m[38;2;255;247;241m[48;2;168;176;209m▀[0m[38;2;82;97;180m[48;2;168;176;209m▀[0m[38;2;65;93;197m[48;2;65;93;197m▀[0m[38;2;65;93;197m[48;2;255;255;255m▀[0m[38;2;65;93;197m[48;2;255;255;255m▀[0m[38;2;255;255;255m[48;2;255;255;255m▀[0m[38;2;65;85;205m[48;2;65;60;65m▀[0m[38;2;65;72;135m[48;2;65;60;65m▀[0m[38;2;65;64;65m[48;2;65;93;197m▀[0m[38;2;65;64;65m[48;2;65;93;197m▀[0m[38;2;65;93;197m[48;2;65;64;65m▀[0m[38;2;65;93;197m[48;2;65;93;197m▀[0m[38;2;65;64;65m[48;2;65;93;197m▀[0m[38;2;65;93;197m[48;2;65;64;65m▀[0m[38;2;255;255;255m[48;2;255;255;255m▀[0m[38;2;255;255;255m[48;2;65;93;197m▀[0m[38;2;255;255;255m[48;2;255;255;255m▀[0m[38;2;255;255;255m[48;2;255;255;255m▀[0m[38;2;0;0;0m[48;2;0;0;0m▀[0m    
  [38;2;0;0;0m▀[38;2;0;0;0m▀  [38;2;0;0;0m▀[38;2;0;0;0m▀[38;2;0;0;0m▀[38;2;0;0;0m▀[38;2;0;0;0m▄[38;2;0;0;0m[48;2;65;64;65m▀[0m[38;2;65;93;197m[48;2;57;60;57m▀[0m[38;2;57;60;57m[48;2;57;60;57m▀[0m[38;2;61;64;135m[48;2;49;48;49m▀[0m[38;2;61;64;135m[48;2;61;64;135m▀[0m[38;2;60;63;134m[48;2;60;63;134m▀[0m[38;2;180;182;189m[48;2;60;63;134m▀[0m[38;2;183;183;191m[48;2;183;183;191m▀[0m[38;2;57;64;131m[48;2;57;64;131m▀[0m[38;2;186;183;191m[48;2;186;183;191m▀[0m[38;2;65;64;65m[48;2;65;64;65m▀[0m[38;2;225;143;101m[48;2;225;143;101m▀[0m[38;2;225;143;101m[48;2;65;64;65m▀[0m[38;2;65;64;65m[48;2;225;143;101m▀[0m[38;2;65;64;65m[48;2;225;143;101m▀[0m[38;2;65;93;197m[48;2;65;64;65m▀[0m[38;2;65;64;65m[48;2;65;64;65m▀[0m[38;2;65;64;65m[48;2;65;93;197m▀[0m[38;2;65;64;65m[48;2;65;64;65m▀[0m[38;2;74;97;189m[48;2;255;251;248m▀[0m[38;2;255;251;248m[48;2;164;176;217m▀[0m[38;2;255;255;255m[48;2;185;182;193m▀[0m[38;2;185;182;193m[48;2;185;182;193m▀[0m[38;2;0;0;0m[48;2;0;0;0m▀[0m    
     [38;2;0;0;0m▄[38;2;0;0;0m[48;2;65;93;197m▀[0m[38;2;0;0;0m▄[38;2;0;0;16m[48;2;246;250;255m▀[0m[38;2;0;0;16m[48;2;82;83;95m▀[0m[38;2;65;72;156m[48;2;65;72;156m▀[0m[38;2;255;255;255m[48;2;65;72;156m▀[0m[38;2;255;255;255m[48;2;255;255;255m▀[0m[38;2;255;255;255m[48;2;255;255;255m▀[0m[38;2;180;178;197m[48;2;82;83;109m▀[0m[38;2;32;36;65m[48;2;180;178;197m▀[0m[38;2;41;40;57m[48;2;172;174;205m▀[0m[38;2;84;84;106m[48;2;41;40;57m▀[0m[38;2;60;63;134m[48;2;180;182;189m▀[0m[38;2;60;63;134m[48;2;60;63;134m▀[0m[38;2;60;63;112m[48;2;60;63;112m▀[0m[38;2;60;63;112m[48;2;180;182;189m▀[0m[38;2;179;109;63m[48;2;65;64;65m▀[0m[38;2;65;64;65m[48;2;179;109;63m▀[0m[38;2;179;109;63m[48;2;65;64;65m▀[0m[38;2;65;64;65m[48;2;65;64;65m▀[0m[38;2;224;148;99m[48;2;172;119;88m▀[0m[38;2;224;148;99m[48;2;65;60;58m▀[0m[38;2;63;60;63m[48;2;0;0;0m▀[0m[38;2;189;182;189m[48;2;189;182;189m▀[0m[38;2;186;183;191m[48;2;186;183;191m▀[0m[38;2;186;183;191m[48;2;186;183;191m▀[0m[38;2;164;174;222m[48;2;41;44;65m▀[0m[38;2;41;44;65m[48;2;102;109;143m▀[0m[38;2;0;0;0m[48;2;65;93;197m▀[0m[38;2;0;0;0m▄[38;2;0;0;0m▄  
     [38;2;0;0;0m[48;2;0;0;0m▀[0m[38;2;65;93;197m[48;2;65;93;197m▀[0m[38;2;60;63;131m[48;2;65;93;197m▀[0m[38;2;255;255;255m[48;2;65;72;156m▀[0m[38;2;65;72;156m[48;2;65;72;156m▀[0m[38;2;65;93;197m[48;2;65;93;197m▀[0m[38;2;60;63;131m[48;2;65;93;197m▀[0m[38;2;255;255;255m[48;2;65;72;156m▀[0m[38;2;65;72;156m[48;2;65;72;156m▀[0m[38;2;65;93;197m[48;2;65;93;197m▀[0m[38;2;60;63;131m[48;2;60;63;131m▀[0m[38;2;180;182;189m[48;2;180;182;189m▀[0m[38;2;49;48;49m[48;2;49;48;49m▀[0m[38;2;180;182;189m[48;2;60;63;134m▀[0m[38;2;60;63;134m[48;2;60;63;134m▀[0m[38;2;183;183;191m[48;2;183;183;191m▀[0m[38;2;183;183;191m[48;2;57;64;131m▀[0m[38;2;61;64;135m[48;2;61;64;135m▀[0m[38;2;65;64;65m[48;2;61;64;135m▀[0m[38;2;49;48;49m[48;2;49;48;49m▀[0m[38;2;180;182;189m[48;2;180;182;189m▀[0m[38;2;63;60;65m[48;2;189;182;197m▀[0m[38;2;0;0;0m[48;2;0;0;0m▀[0m [38;2;0;0;0m▀[38;2;0;0;0m▀[38;2;0;0;0m▀[38;2;65;93;197m[48;2;0;0;0m▀[0m[38;2;65;93;197m[48;2;0;0;0m▀[0m[38;2;65;93;200m[48;2;65;93;200m▀[0m[38;2;65;93;200m[48;2;65;93;200m▀[0m[38;2;74;97;197m[48;2;30;35;65m▀[0m[38;2;8;3;1m[48;2;8;3;1m▀[0m 
      [38;2;0;0;0m▀[38;2;65;93;197m[48;2;0;0;0m▀[0m[38;2;65;72;156m[48;2;65;72;156m▀[0m[38;2;65;72;156m[48;2;255;255;255m▀[0m[38;2;57;64;131m[48;2;255;255;255m▀[0m[38;2;57;64;131m[48;2;255;255;255m▀[0m[38;2;65;72;156m[48;2;255;255;255m▀[0m[38;2;65;72;156m[48;2;65;72;156m▀[0m[38;2;65;93;197m[48;2;60;63;131m▀[0m[38;2;65;93;197m[48;2;65;93;197m▀[0m[38;2;60;63;131m[48;2;65;93;197m▀[0m[38;2;65;93;197m[48;2;65;93;197m▀[0m[38;2;49;48;49m[48;2;49;48;49m▀[0m[38;2;61;64;135m[48;2;61;64;135m▀[0m[38;2;60;64;134m[48;2;60;64;134m▀[0m[38;2;60;64;134m[48;2;60;64;134m▀[0m[38;2;61;64;135m[48;2;49;48;49m▀[0m[38;2;61;64;135m[48;2;61;64;135m▀[0m[38;2;49;48;49m[48;2;49;48;49m▀[0m[38;2;180;182;189m[48;2;180;182;189m▀[0m[38;2;186;183;191m[48;2;186;183;191m▀[0m[38;2;186;183;191m[48;2;186;183;191m▀[0m[38;2;0;0;0m[48;2;0;0;0m▀[0m     [38;2;0;0;0m[48;2;0;0;0m▀[0m[38;2;65;93;197m[48;2;65;93;197m▀[0m[38;2;65;93;197m[48;2;65;93;197m▀[0m[38;2;0;0;0m[48;2;65;93;197m▀[0m[38;2;0;0;0m▄
       [38;2;0;0;0m▀[38;2;246;246;255m[48;2;0;0;24m▀[0m[38;2;123;123;139m[48;2;246;246;255m▀[0m[38;2;255;255;255m[48;2;65;93;197m▀[0m[38;2;65;93;197m[48;2;255;255;255m▀[0m[38;2;255;251;248m[48;2;74;97;189m▀[0m[38;2;255;251;248m[48;2;164;176;217m▀[0m[38;2;183;183;191m[48;2;183;183;191m▀[0m[38;2;57;64;131m[48;2;57;64;131m▀[0m[38;2;74;93;197m[48;2;8;4;1m▀[0m[38;2;30;36;65m[48;2;52;64;131m▀[0m[38;2;61;64;135m[48;2;61;64;135m▀[0m[38;2;49;48;49m[48;2;49;48;49m▀[0m[38;2;60;64;134m[48;2;60;64;134m▀[0m[38;2;60;64;134m[48;2;60;64;134m▀[0m[38;2;49;48;49m[48;2;49;48;49m▀[0m[38;2;61;64;135m[48;2;49;48;49m▀[0m[38;2;49;48;49m[48;2;180;182;189m▀[0m[38;2;180;182;189m[48;2;180;182;189m▀[0m[38;2;186;183;191m[48;2;186;183;191m▀[0m[38;2;186;183;191m[48;2;186;183;191m▀[0m[38;2;0;0;0m[48;2;49;48;49m▀[0m[38;2;0;0;0m▄     [38;2;0;0;0m[48;2;0;0;0m▀[0m[38;2;65;93;197m[48;2;65;93;197m▀[0m[38;2;0;0;0m[48;2;0;0;0m▀[0m 
        [38;2;0;0;0m▀[38;2;180;182;189m[48;2;0;0;0m▀[0m[38;2;57;64;131m[48;2;183;183;191m▀[0m[38;2;183;183;191m[48;2;57;64;131m▀[0m[38;2;57;64;131m[48;2;183;183;191m▀[0m[38;2;183;183;191m[48;2;57;64;131m▀[0m[38;2;180;182;189m[48;2;180;182;189m▀[0m[38;2;0;0;0m[48;2;0;0;0m▀[0m [38;2;0;0;0m[48;2;0;0;0m▀[0m[38;2;49;48;49m[48;2;61;64;135m▀[0m[38;2;61;64;135m[48;2;61;64;135m▀[0m[38;2;60;64;134m[48;2;60;64;134m▀[0m[38;2;60;64;134m[48;2;60;64;134m▀[0m[38;2;49;48;49m[48;2;49;48;49m▀[0m[38;2;61;64;135m[48;2;49;48;49m▀[0m[38;2;49;48;49m[48;2;61;64;135m▀[0m[38;2;49;48;49m[48;2;61;64;135m▀[0m[38;2;41;40;57m[48;2;84;84;106m▀[0m[38;2;172;174;205m[48;2;41;40;57m▀[0m[38;2;35;37;65m[48;2;63;67;131m▀[0m[38;2;63;67;131m[48;2;8;4;1m▀[0m[38;2;0;0;0m▀     [38;2;0;0;0m▀  
         [38;2;0;0;0m[48;2;0;0;0m▀[0m[38;2;65;64;65m[48;2;61;64;135m▀[0m[38;2;61;64;135m[48;2;65;64;65m▀[0m[38;2;65;64;65m[48;2;61;64;135m▀[0m[38;2;61;64;135m[48;2;65;64;65m▀[0m[38;2;49;49;82m[48;2;74;72;123m▀[0m[38;2;0;4;0m[48;2;0;4;0m▀[0m [38;2;0;0;0m[48;2;0;0;0m▀[0m[38;2;60;64;137m[48;2;0;0;0m▀[0m[38;2;60;64;137m[48;2;60;64;137m▀[0m[38;2;35;37;65m[48;2;8;4;1m▀[0m[38;2;63;67;131m[48;2;63;67;131m▀[0m[38;2;49;48;49m[48;2;49;48;49m▀[0m[38;2;180;182;189m[48;2;180;182;189m▀[0m[38;2;49;48;49m[48;2;180;182;189m▀[0m[38;2;49;48;49m[48;2;180;182;189m▀[0m[38;2;49;48;49m[48;2;0;0;0m▀[0m[38;2;0;0;0m▀[38;2;0;0;0m▀          
         [38;2;0;0;0m▀[38;2;156;104;80m[48;2;0;0;16m▀[0m[38;2;74;57;53m[48;2;74;57;53m▀[0m[38;2;157;95;54m[48;2;157;95;54m▀[0m[38;2;65;64;65m[48;2;65;64;65m▀[0m[38;2;157;95;59m[48;2;0;0;0m▀[0m[38;2;0;0;0m▀ [38;2;0;0;0m▀ [38;2;0;0;0m[48;2;0;0;0m▀[0m[38;2;180;182;189m[48;2;180;182;189m▀[0m[38;2;49;48;49m[48;2;180;182;189m▀[0m[38;2;183;183;191m[48;2;183;183;191m▀[0m[38;2;57;64;131m[48;2;57;64;131m▀[0m[38;2;180;182;189m[48;2;180;182;189m▀[0m[38;2;0;0;0m[48;2;0;0;0m▀[0m             
           [38;2;0;0;0m▀[38;2;0;0;0m▀[38;2;0;0;0m▀      [38;2;0;0;0m[48;2;0;0;0m▀[0m[38;2;180;182;189m[48;2;180;182;189m▀[0m[38;2;186;183;191m[48;2;65;64;65m▀[0m[38;2;186;183;191m[48;2;65;64;65m▀[0m[38;2;65;64;65m[48;2;157;95;54m▀[0m[38;2;65;64;65m[48;2;65;64;65m▀[0m[38;2;0;0;0m[48;2;225;143;101m▀[0m[38;2;0;0;0m▄           
                     [38;2;0;0;0m▀[38;2;0;0;0m▀[38;2;0;0;0m▀[38;2;0;0;0m▀[38;2;0;0;0m▀[38;2;0;0;0m▀            
[0m