      [38;2;7;7;7m▄[38;2;7;7;7m▄[38;2;7;7;7m[48;2;55;121;174m▀[0m[38;2;7;7;7m[48;2;55;121;174m▀[0m[38;2;7;7;7m[48;2;7;7;7m▀[0m        
     [38;2;7;7;7m[48;2;7;7;7m▀[0m[38;2;55;121;174m[48;2;55;121;174m▀[0m[38;2;55;121;174m[48;2;7;7;7m▀[0m[38;2;7;7;7m▀[38;2;7;7;7m▀         
      [38;2;7;7;7m[48;2;7;7;7m▀[0m[38;2;149;221;225m[48;2;149;221;225m▀[0m[38;2;7;7;7m[48;2;65;156;224m▀[0m[38;2;7;7;7m▄         
[38;2;7;7;7m[48;2;7;7;7m▀[0m[38;2;7;7;7m[48;2;149;221;225m▀[0m[38;2;7;7;7m▄[38;2;7;7;7m▄[38;2;7;7;7m[48;2;245;246;247m▀[0m[38;2;7;7;7m[48;2;245;246;247m▀[0m[38;2;181;180;186m[48;2;245;246;247m▀[0m[38;2;245;246;247m[48;2;181;180;186m▀[0m[38;2;181;180;186m[48;2;7;7;7m▀[0m[38;2;7;7;7m▀ [38;2;7;7;7m▄[38;2;7;7;7m▄[38;2;7;7;7m▄  [38;2;7;7;7m▄[38;2;7;7;7m▄ 
[38;2;7;7;7m▄[38;2;7;7;7m[48;2;149;221;225m▀[0m[38;2;66;66;66m[48;2;66;66;66m▀[0m[38;2;181;180;186m[48;2;245;246;247m▀[0m[38;2;245;246;247m[48;2;245;246;247m▀[0m[38;2;245;246;247m[48;2;245;246;247m▀[0m[38;2;245;246;247m[48;2;245;246;247m▀[0m[38;2;245;246;247m[48;2;245;246;247m▀[0m[38;2;66;66;66m[48;2;110;98;111m▀[0m[38;2;7;7;7m[48;2;138;132;138m▀[0m[38;2;7;7;7m[48;2;149;221;225m▀[0m[38;2;149;221;225m[48;2;149;221;225m▀[0m[38;2;149;221;225m[48;2;7;7;7m▀[0m[38;2;7;7;7m▀[38;2;7;7;7m▄[38;2;7;7;7m▄[38;2;7;7;7m[48;2;65;156;224m▀[0m[38;2;65;156;224m[48;2;7;7;7m▀[0m[38;2;7;7;7m▀
 [38;2;7;7;7m[48;2;7;7;7m▀[0m[38;2;66;66;66m[48;2;138;132;138m▀[0m[38;2;181;180;186m[48;2;65;156;224m▀[0m[38;2;245;246;247m[48;2;110;98;111m▀[0m[38;2;245;246;247m[48;2;110;98;111m▀[0m[38;2;110;98;111m[48;2;138;132;138m▀[0m[38;2;110;98;111m[48;2;138;132;138m▀[0m[38;2;138;132;138m[48;2;138;132;138m▀[0m[38;2;138;132;138m[48;2;66;66;66m▀[0m[38;2;66;66;66m[48;2;66;66;66m▀[0m[38;2;66;66;66m[48;2;110;98;111m▀[0m[38;2;149;221;225m[48;2;7;7;7m▀[0m[38;2;7;7;7m[48;2;65;156;224m▀[0m[38;2;65;156;224m[48;2;65;156;224m▀[0m[38;2;65;156;224m[48;2;66;66;66m▀[0m[38;2;7;7;7m[48;2;7;7;7m▀[0m[38;2;7;7;7m▄ 
[38;2;7;7;7m[48;2;7;7;7m▀[0m[38;2;66;66;66m[48;2;181;180;186m▀[0m[38;2;149;221;225m[48;2;245;246;247m▀[0m[38;2;138;132;138m[48;2;138;132;138m▀[0m[38;2;138;132;138m[48;2;138;132;138m▀[0m[38;2;65;156;224m[48;2;138;132;138m▀[0m[38;2;138;132;138m[48;2;149;221;225m▀[0m[38;2;55;121;174m[48;2;149;221;225m▀[0m[38;2;138;132;138m[48;2;55;121;174m▀[0m[38;2;138;132;138m[48;2;138;132;138m▀[0m[38;2;66;66;66m[48;2;138;132;138m▀[0m[38;2;66;66;66m[48;2;66;66;66m▀[0m[38;2;65;156;224m[48;2;55;121;174m▀[0m[38;2;55;121;174m[48;2;66;66;66m▀[0m[38;2;66;66;66m[48;2;65;156;224m▀[0m[38;2;55;121;174m[48;2;66;66;66m▀[0m[38;2;65;156;224m[48;2;7;7;7m▀[0m[38;2;7;7;7m▀ 
[38;2;7;7;7m▄[38;2;7;7;7m[48;2;66;66;66m▀[0m[38;2;247;148;41m[48;2;138;132;138m▀[0m[38;2;138;132;138m[48;2;110;98;111m▀[0m[38;2;138;132;138m[48;2;138;132;138m▀[0m[38;2;138;132;138m[48;2;138;132;138m▀[0m[38;2;245;246;247m[48;2;247;148;41m▀[0m[38;2;247;148;41m[48;2;245;246;247m▀[0m[38;2;245;246;247m[48;2;138;132;138m▀[0m[38;2;138;132;138m[48;2;138;132;138m▀[0m[38;2;138;132;138m[48;2;66;66;66m▀[0m[38;2;138;132;138m[48;2;66;66;66m▀[0m[38;2;66;66;66m[48;2;65;156;224m▀[0m[38;2;66;66;66m[48;2;66;66;66m▀[0m[38;2;245;246;247m[48;2;245;246;247m▀[0m[38;2;65;156;224m[48;2;245;246;247m▀[0m[38;2;7;7;7m[48;2;7;7;7m▀[0m  
[38;2;7;7;7m▀[38;2;181;180;186m[48;2;7;7;7m▀[0m[38;2;66;66;66m[48;2;245;246;247m▀[0m[38;2;138;132;138m[48;2;110;98;111m▀[0m[38;2;138;132;138m[48;2;66;66;66m▀[0m[38;2;138;132;138m[48;2;66;66;66m▀[0m[38;2;138;132;138m[48;2;66;66;66m▀[0m[38;2;110;98;111m[48;2;245;246;247m▀[0m[38;2;110;98;111m[48;2;245;246;247m▀[0m[38;2;66;66;66m[48;2;181;180;186m▀[0m[38;2;55;121;174m[48;2;66;66;66m▀[0m[38;2;65;156;224m[48;2;66;66;66m▀[0m[38;2;66;66;66m[48;2;138;132;138m▀[0m[38;2;245;246;247m[48;2;7;7;7m▀[0m[38;2;217;221;222m[48;2;7;7;7m▀[0m[38;2;7;7;7m▀   
  [38;2;7;7;7m▀[38;2;245;246;247m[48;2;7;7;7m▀[0m[38;2;245;246;247m[48;2;90;91;90m▀[0m[38;2;245;246;247m[48;2;7;7;7m▀[0m[38;2;245;246;247m[48;2;7;7;7m▀[0m[38;2;245;246;247m[48;2;66;66;66m▀[0m[38;2;66;66;66m[48;2;138;132;138m▀[0m[38;2;66;66;66m[48;2;7;7;7m▀[0m[38;2;7;7;7m▀[38;2;110;98;111m[48;2;7;7;7m▀[0m[38;2;138;132;138m[48;2;117;117;117m▀[0m[38;2;7;7;7m[48;2;7;7;7m▀[0m     
   [38;2;7;7;7m▀[38;2;7;7;7m▀ [38;2;7;7;7m[48;2;7;7;7m▀[0m[38;2;117;117;117m[48;2;7;7;7m▀[0m[38;2;7;7;7m▀  [38;2;7;7;7m▀[38;2;7;7;7m▀      
[0m