        [38;2;0;0;0m██                                                      
        ████        ██                        ██                
        ██[38;2;65;65;65m██[38;2;0;0;0m██    ██[38;2;65;65;65m██[38;2;0;0;0m██            ████      ██                
████    ██[38;2;65;65;65m██[38;2;0;0;0m██    ██[38;2;65;65;65m██[38;2;0;0;0m██        ████[38;2;65;65;65m██[38;2;0;0;0m██    ██[38;2;65;65;65m██[38;2;0;0;0m██      ██      
██[38;2;65;65;65m██[38;2;0;0;0m██  ██[38;2;53;53;53m██[38;2;156;140;140m██[38;2;0;0;0m██  ██[38;2;65;65;65m██[38;2;0;0;0m██      ██[38;2;65;65;65m████[38;2;0;0;0m██      ██[38;2;65;65;65m██[38;2;0;0;0m██    ████      
██[38;2;65;65;65m██[38;2;53;53;53m██[38;2;0;0;0m██[38;2;156;140;140m██████[38;2;0;0;0m██  ██[38;2;156;140;140m██[38;2;0;0;0m████  ██[38;2;65;65;65m████[38;2;0;0;0m████    ██[38;2;65;65;65m████[38;2;0;0;0m██  ██[38;2;65;65;65m██[38;2;0;0;0m██      
  ██[38;2;156;140;140m████[38;2;65;65;65m██[38;2;156;140;140m██[38;2;65;65;65m██[38;2;156;140;140m██[38;2;0;0;0m████[38;2;189;189;189m████[38;2;156;140;140m██[38;2;0;0;0m██[38;2;189;189;189m██[38;2;65;65;65m██[38;2;0;0;0m████      ██[38;2;65;65;65m██[38;2;189;189;189m██[38;2;65;65;65m██[38;2;0;0;0m████[38;2;65;65;65m██[38;2;0;0;0m██      
██[38;2;156;140;140m██[38;2;99;82;156m██████[38;2;65;65;65m██[38;2;99;82;156m██[38;2;65;65;65m██[38;2;0;0;0m██[38;2;189;189;189m████[38;2;53;53;53m████[38;2;189;189;189m████[38;2;156;140;140m██[38;2;0;0;0m██  ██    ██[38;2;189;189;189m██████[38;2;0;0;0m██[38;2;189;189;189m██[38;2;0;0;0m██        
██[38;2;99;82;156m██[38;2;0;0;0m████[38;2;99;82;156m██████[38;2;0;0;0m██[38;2;65;65;65m██[38;2;189;189;189m██[38;2;53;53;53m██[38;2;65;65;65m████[38;2;53;53;53m██[38;2;156;140;140m██[38;2;65;65;65m████[38;2;0;0;0m██[38;2;65;65;65m██[38;2;0;0;0m██  ██[38;2;189;189;189m██████████[38;2;0;0;0m████      
████    ██[38;2;99;82;156m██[38;2;0;0;0m████[38;2;65;65;65m██[38;2;53;53;53m██[38;2;65;65;65m████████[38;2;156;140;140m██[38;2;53;53;53m██[38;2;189;189;189m██[38;2;65;65;65m████[38;2;0;0;0m████[38;2;189;189;189m██[38;2;99;82;156m██[38;2;189;189;189m██[38;2;99;82;156m██[38;2;189;189;189m██[38;2;99;82;156m██[38;2;189;189;189m████[38;2;0;0;0m██    
          ██  ██[38;2;53;53;53m██[38;2;65;65;65m████[38;2;0;0;0m██[38;2;255;255;255m██[38;2;156;140;140m██[38;2;65;65;65m████[38;2;53;53;53m██[38;2;189;189;189m██[38;2;65;65;65m██[38;2;189;189;189m████[38;2;65;65;65m██[38;2;99;82;156m██[38;2;189;189;189m██[38;2;99;82;156m████[38;2;123;99;173m██[38;2;99;82;156m████[38;2;189;189;189m██[38;2;0;0;0m██  
            ██[38;2;189;189;189m████[38;2;65;65;65m████[38;2;82;165;115m██[38;2;255;255;255m██[38;2;156;140;140m██[38;2;65;65;65m████[38;2;53;53;53m██[38;2;156;140;140m██[38;2;189;189;189m██[38;2;65;65;65m████[38;2;99;82;156m██████[38;2;123;99;173m██████████[38;2;0;0;0m████  
          ██[38;2;189;189;189m██████[38;2;156;140;140m████████[38;2;65;65;65m████[38;2;53;53;53m████[38;2;156;140;140m██[38;2;65;65;65m██[38;2;99;82;156m██████████[38;2;123;99;173m████[38;2;0;0;0m██████      
          ██[38;2;156;140;140m██[38;2;189;189;189m██[38;2;65;65;65m██[38;2;156;140;140m████[38;2;65;65;65m██████[38;2;53;53;53m████[38;2;156;140;140m████[38;2;65;65;65m██[38;2;99;82;156m██[38;2;0;0;0m██████[38;2;99;82;156m████[38;2;0;0;0m██            
            ██[38;2;156;140;140m██[38;2;65;65;65m██[38;2;156;140;140m██[38;2;65;65;65m██[38;2;165;82;58m████[38;2;65;65;65m██[38;2;156;140;140m██[38;2;65;65;65m██[38;2;156;140;140m██[38;2;132;107;107m████[38;2;0;0;0m██[38;2;132;107;107m██████[38;2;0;0;0m████    ████      
              ██[38;2;156;140;140m██[38;2;65;65;65m██[38;2;165;82;58m██[38;2;214;99;66m██[38;2;165;82;58m██[38;2;255;255;255m██[38;2;156;140;140m██[38;2;0;0;0m██[38;2;132;107;107m████[38;2;156;140;140m██[38;2;0;0;0m████[38;2;132;107;107m████████[38;2;0;0;0m████[38;2;65;65;65m██[38;2;156;140;140m██[38;2;0;0;0m████  
                ████[38;2;214;99;66m██████[38;2;165;82;58m██[38;2;0;0;0m██  ██[38;2;156;140;140m████[38;2;0;0;0m██  ████[38;2;132;107;107m████[38;2;156;140;140m████████████[38;2;0;0;0m██
                  ██[38;2;255;255;255m██[38;2;165;82;58m██[38;2;255;255;255m██[38;2;156;140;140m██[38;2;0;0;0m██  ████[38;2;65;65;65m██[38;2;156;140;140m██[38;2;0;0;0m██    ████████[38;2;65;65;65m██[38;2;156;140;140m██[38;2;0;0;0m████  
                  ████[38;2;156;140;140m████[38;2;0;0;0m██      ██[38;2;156;140;140m██[38;2;65;65;65m██[38;2;0;0;0m██            ████      
                    ██[38;2;53;53;53m████[38;2;0;0;0m██        ████                        
                    ██[38;2;65;65;65m████[38;2;0;0;0m██                                    
                    ██[38;2;65;65;65m██[38;2;0;0;0m██                                      
                    ██[38;2;65;65;65m██[38;2;0;0;0m██                                      
                      ██                                        
[0m