                      [38;2;0;0;0m████        ████                      
                    ██[38;2;189;189;181m██[38;2;123;123;123m██[38;2;0;0;0m██    ██[38;2;189;189;181m██[38;2;123;123;123m██[38;2;0;0;0m██                    
        ████        ██[38;2;123;123;123m██[38;2;255;255;255m██[38;2;0;0;0m██    ██[38;2;123;123;123m██[38;2;255;255;255m██[38;2;0;0;0m██                    
      ██[38;2;189;189;181m██[38;2;123;123;123m██[38;2;0;0;0m██      ██[38;2;123;123;123m██[38;2;189;189;181m██[38;2;0;0;0m██    ██[38;2;123;123;123m██[38;2;189;189;181m██[38;2;0;0;0m██    ████            
      ██[38;2;123;123;123m██[38;2;255;255;255m██[38;2;0;0;0m██      ██[38;2;189;189;181m██[38;2;0;0;0m██      ██[38;2;189;189;181m██[38;2;0;0;0m██    ██[38;2;189;189;181m██[38;2;123;123;123m██[38;2;0;0;0m██          
      ██[38;2;123;123;123m██[38;2;189;189;181m██[38;2;0;0;0m██      ██[38;2;189;189;181m██[38;2;0;0;0m██      ██[38;2;189;189;181m██[38;2;0;0;0m██    ██[38;2;123;123;123m██[38;2;255;255;255m██[38;2;0;0;0m██          
      ██[38;2;189;189;181m██[38;2;0;0;0m██        ██[38;2;189;189;181m██[38;2;0;0;0m██      ██[38;2;189;189;181m██[38;2;0;0;0m██    ██[38;2;123;123;123m██[38;2;189;189;181m██[38;2;0;0;0m██          
      ██[38;2;189;189;181m██[38;2;0;0;0m██          ██          ██      ██[38;2;189;189;181m██[38;2;0;0;0m██            
      ██[38;2;189;189;181m██[38;2;0;0;0m██                ██████        ██[38;2;189;189;181m██[38;2;0;0;0m██            
        ██    ████      ████[38;2;197;173;49m██[38;2;230;222;58m████[38;2;0;0;0m██      ██[38;2;189;189;181m██[38;2;0;0;0m██      ████  
              ██[38;2;197;173;49m██[38;2;0;0;0m██  ██[38;2;197;173;49m██[38;2;230;222;58m████████[38;2;0;0;0m██        ██      ██[38;2;189;189;181m██[38;2;123;123;123m██[38;2;0;0;0m██
        ██    ██[38;2;197;173;49m████[38;2;0;0;0m██[38;2;230;222;58m██████████[38;2;197;173;49m██[38;2;0;0;0m██                ██[38;2;123;123;123m██[38;2;255;255;255m██[38;2;0;0;0m██
      ██[38;2;230;222;58m██[38;2;0;0;0m████[38;2;65;65;65m██[38;2;197;173;49m██[38;2;148;123;49m██[38;2;230;222;58m████████████[38;2;0;0;0m██  ██████          ██[38;2;123;123;123m██[38;2;189;189;181m██[38;2;0;0;0m██
      ██[38;2;148;123;49m████[38;2;230;222;58m██[38;2;0;0;0m██[38;2;65;65;65m██[38;2;148;123;49m██[38;2;230;222;58m██[38;2;255;49;49m██[38;2;230;222;58m██████[38;2;197;173;49m██[38;2;0;0;0m████[38;2;230;222;58m████[38;2;0;0;0m██          ██[38;2;189;189;181m██[38;2;0;0;0m██  
      ██[38;2;230;222;58m██[38;2;197;173;49m██[38;2;0;0;0m██  ██[38;2;230;222;58m██[38;2;255;49;49m██[38;2;189;41;41m██[38;2;230;222;58m██████████████[38;2;0;0;0m██            ██[38;2;189;189;181m██[38;2;0;0;0m██  
    ██[38;2;123;74;107m██[38;2;148;123;49m██[38;2;65;65;65m████[38;2;0;0;0m██[38;2;65;65;65m██[38;2;230;222;58m██[38;2;156;33;33m██[38;2;230;222;58m████████[38;2;148;123;49m██[38;2;230;222;58m████[38;2;65;65;65m██[38;2;0;0;0m████          ██[38;2;189;189;181m██[38;2;0;0;0m██  
    ██[38;2;123;74;107m████████[38;2;65;65;65m██[38;2;197;173;49m██[38;2;65;65;65m██[38;2;230;222;58m████[38;2;148;123;49m██[38;2;65;65;65m████[38;2;230;222;58m████[38;2;65;65;65m██[38;2;165;107;140m██████[38;2;0;0;0m██████      ██    
      ██[38;2;123;74;107m████[38;2;0;0;0m██████[38;2;65;65;65m██[38;2;230;222;58m██[38;2;65;65;65m██[38;2;0;0;0m██[38;2;255;255;255m██[38;2;197;173;49m██[38;2;230;222;58m██████[38;2;65;65;65m██[38;2;165;107;140m████████[38;2;0;0;0m██            
        ████[38;2;255;255;255m██[38;2;0;0;0m██[38;2;189;189;181m██[38;2;65;65;65m██[38;2;230;222;58m██[38;2;65;65;65m██[38;2;197;173;49m████[38;2;230;222;58m██████████[38;2;65;65;65m██[38;2;123;74;107m████[38;2;0;0;0m██    ██        
  ██████[38;2;255;255;255m████[38;2;0;0;0m██[38;2;255;255;255m██[38;2;65;65;65m██[38;2;230;222;58m██[38;2;197;173;49m██[38;2;230;222;58m██[38;2;197;173;49m██[38;2;255;255;255m████[38;2;65;65;65m████████[38;2;123;74;107m████[38;2;0;0;0m██  ████[38;2;230;222;58m██[38;2;0;0;0m██      
██[38;2;189;189;181m██[38;2;123;123;123m██[38;2;189;189;181m██[38;2;0;0;0m████[38;2;65;65;65m██[38;2;255;255;255m██[38;2;65;65;65m██[38;2;230;222;58m██[38;2;197;173;49m██[38;2;65;65;65m██[38;2;255;255;255m██[38;2;189;189;181m██[38;2;255;255;255m████[38;2;65;65;65m██[38;2;123;74;107m██[38;2;0;0;0m████[38;2;197;173;49m██[38;2;148;123;49m██[38;2;0;0;0m██[38;2;65;65;65m██[38;2;197;173;49m██[38;2;230;222;58m██[38;2;0;0;0m██      
  ██[38;2;189;189;181m████████[38;2;65;65;65m██[38;2;255;255;255m████[38;2;65;65;65m████[38;2;255;255;255m██████[38;2;65;65;65m██[38;2;255;255;255m████[38;2;65;65;65m██[38;2;0;0;0m██  ██[38;2;230;222;58m██[38;2;165;107;140m██[38;2;123;74;107m██[38;2;230;222;58m██[38;2;0;0;0m██        
    ██[38;2;123;123;123m██[38;2;189;189;181m██████[38;2;65;65;65m██[38;2;255;255;255m██████████████[38;2;65;65;65m██[38;2;255;255;255m██[38;2;0;0;0m██    ██[38;2;165;107;140m██████[38;2;123;74;107m██[38;2;165;107;140m██[38;2;0;0;0m██      
      ████[38;2;65;65;65m██████[38;2;255;255;255m██████[38;2;189;189;181m██[38;2;255;255;255m██████[38;2;65;65;65m██[38;2;189;189;181m██[38;2;255;255;255m██[38;2;0;0;0m████[38;2;65;65;65m██████[38;2;123;74;107m██[38;2;165;107;140m████[38;2;0;0;0m██      
          ██[38;2;165;107;140m██[38;2;123;74;107m██[38;2;65;65;65m██[38;2;255;255;255m██████[38;2;189;189;181m██[38;2;255;255;255m██[38;2;65;65;65m██[38;2;255;255;255m████[38;2;189;189;181m████[38;2;255;255;255m██████[38;2;189;189;181m██[38;2;65;65;65m████[38;2;0;0;0m██        
          ██[38;2;123;74;107m██[38;2;197;173;49m████[38;2;65;65;65m██[38;2;255;255;255m████[38;2;65;65;65m████[38;2;197;173;49m██[38;2;65;65;65m██[38;2;255;255;255m████████[38;2;189;189;181m████[38;2;255;255;255m████[38;2;0;0;0m██          
            ██████[38;2;65;65;65m██[38;2;255;255;255m██[38;2;65;65;65m██[38;2;230;222;58m██[38;2;197;173;49m████[38;2;230;222;58m██[38;2;65;65;65m████[38;2;255;255;255m████████[38;2;189;189;181m██[38;2;0;0;0m██            
                  ████[38;2;230;222;58m██[38;2;148;123;49m██[38;2;197;173;49m██[38;2;0;0;0m██[38;2;197;173;49m██[38;2;230;222;58m████[38;2;123;74;107m██[38;2;165;107;140m████[38;2;0;0;0m██[38;2;255;255;255m██[38;2;0;0;0m██            
                      ██████  ████[38;2;230;222;58m████[38;2;123;74;107m██[38;2;0;0;0m██  ████            
                                  ██████                    
[0m