                  [38;2;0;0;0m██████████                      
                  ██[38;2;255;255;238m████████[38;2;0;0;0m████                  
                    ██[38;2;246;206;205m██[38;2;255;255;238m████████[38;2;0;0;0m██                
                      [38;2;16;0;8m██[38;2;255;230;230m██[38;2;255;255;238m████████[38;2;0;0;0m██              
          ████    ████[38;2;255;230;230m██[38;2;175;153;156m██[38;2;255;255;238m██[38;2;246;206;205m██[38;2;255;255;238m██████[38;2;0;0;0m██            
        ██[38;2;206;158;206m██[38;2;175;131;178m██[38;2;41;36;41m██[38;2;0;0;0m██[38;2;255;255;238m██[38;2;246;206;205m██[38;2;230;147;164m██[38;2;255;255;238m████[38;2;230;149;164m██[38;2;255;255;238m████[38;2;255;238;230m██[38;2;0;0;0m██            
  ██████[38;2;175;132;178m██████[38;2;0;0;0m██[38;2;255;255;238m██[38;2;246;206;205m██[38;2;255;255;238m██████[38;2;242;202;201m██[38;2;230;149;164m██[38;2;255;255;238m████[38;2;255;238;230m██[38;2;0;0;0m████          
[38;2;41;36;41m██[38;2;206;167;214m██[38;2;175;132;178m██[38;2;175;131;178m██[38;2;175;132;178m████[38;2;173;130;178m██[38;2;121;87;134m██[38;2;255;255;238m████████[38;2;246;206;205m██[38;2;230;147;164m██[38;2;255;255;238m██████[38;2;246;202;205m██[38;2;121;87;134m██[38;2;206;158;206m██[38;2;0;0;0m██        
██[38;2;175;131;178m████[38;2;175;132;178m████████[38;2;121;87;134m██[38;2;255;255;238m████[38;2;246;206;205m██████[38;2;255;255;238m██████[38;2;197;105;131m██[38;2;201;125;131m██[38;2;175;132;178m████[38;2;0;0;0m██  ████  
  ██[38;2;173;130;178m██[38;2;202;160;206m██[38;2;175;132;178m██[38;2;121;87;134m████[38;2;197;105;131m██[38;2;255;255;238m██████████████[38;2;205;105;131m██[38;2;255;255;238m██[38;2;175;132;178m██[38;2;181;130;198m██[38;2;175;132;178m████[38;2;0;0;0m██[38;2;175;131;178m██[38;2;206;167;214m██[38;2;0;0;0m██
    ██[38;2;121;87;134m██[38;2;175;132;178m██[38;2;121;87;134m██[38;2;222;190;189m██[38;2;197;105;131m██[38;2;235;205;202m██[38;2;255;255;238m████████[38;2;235;205;202m██[38;2;197;105;131m██[38;2;222;155;167m██[38;2;255;255;238m██[38;2;121;87;134m██[38;2;173;130;178m██[38;2;175;132;178m██[38;2;175;131;178m██[38;2;175;132;178m██[38;2;175;131;178m████[38;2;0;0;0m██
    ██[38;2;255;255;238m██[38;2;121;87;134m██[38;2;224;155;167m██[38;2;246;206;205m██[38;2;197;107;131m██[38;2;246;206;205m██████████[38;2;255;190;205m██[38;2;172;121;135m██[38;2;230;147;164m██[38;2;255;255;238m████[38;2;121;87;134m████[38;2;175;132;178m██[38;2;202;160;206m██[38;2;175;132;178m██[38;2;140;95;167m██[38;2;0;0;0m██
    ██[38;2;246;206;205m██████[38;2;202;103;128m██[38;2;246;206;205m██[38;2;197;107;131m██[38;2;246;206;205m██[38;2;197;107;131m██[38;2;246;206;205m████[38;2;172;121;135m██[38;2;90;52;65m██[38;2;255;255;238m██[38;2;230;147;164m██[38;2;255;246;230m██[38;2;255;255;238m████[38;2;121;87;134m██[38;2;173;130;178m██[38;2;142;98;170m██[38;2;0;0;0m██  
      ██[38;2;246;206;205m████[38;2;65;64;65m██[38;2;206;158;206m██[38;2;249;249;249m██[38;2;197;107;131m██[38;2;246;206;205m██[38;2;197;105;131m████[38;2;255;198;197m██[38;2;98;48;49m██[38;2;246;222;213m████[38;2;255;255;238m██[38;2;235;205;202m██[38;2;246;202;205m██[38;2;222;153;168m██[38;2;172;132;137m██[38;2;255;198;205m██[38;2;0;0;0m██  
    ██[38;2;246;206;205m██[38;2;82;68;68m██[38;2;65;64;65m████[38;2;206;158;206m██[38;2;148;97;181m██[38;2;246;206;205m████[38;2;235;205;213m██[38;2;252;252;252m██[38;2;176;123;123m██[38;2;255;198;197m██[38;2;65;64;65m██[38;2;246;222;213m██[38;2;235;205;202m██[38;2;197;105;131m██████[38;2;255;198;205m██[38;2;8;0;0m██    
  [38;2;0;0;0m██[38;2;238;178;189m██[38;2;230;147;164m██[38;2;255;255;238m██[38;2;255;222;222m██[38;2;82;52;57m██[38;2;148;133;148m██[38;2;104;97;107m██[38;2;255;255;238m██████[38;2;175;132;178m██[38;2;148;97;181m██[38;2;255;202;205m██[38;2;168;145;148m██[38;2;82;44;57m██[38;2;65;64;65m██[38;2;246;206;205m██████[38;2;0;0;0m██      
  ██[38;2;238;178;189m██[38;2;255;255;238m████[38;2;255;222;222m██[38;2;168;137;139m██[38;2;115;44;49m██[38;2;255;255;238m████████[38;2;175;132;178m██[38;2;202;160;206m████[38;2;255;246;238m████[38;2;246;206;205m██[38;2;65;64;65m██████[38;2;197;105;131m██[38;2;0;0;0m██    
  ██[38;2;230;149;164m██[38;2;246;206;205m████[38;2;230;152;167m██[38;2;205;102;128m██[38;2;255;202;205m██[38;2;82;56;65m██[38;2;255;255;238m██[38;2;98;64;65m██[38;2;255;255;238m██████[38;2;197;105;131m██[38;2;255;255;238m██████[38;2;246;206;205m██████[38;2;197;105;131m██[38;2;0;0;0m██    
    ██[38;2;246;206;205m██[38;2;230;147;164m██[38;2;230;152;167m██[38;2;255;202;205m████[38;2;168;129;135m██[38;2;98;64;65m████[38;2;65;64;65m████[38;2;197;105;131m██[38;2;255;255;238m████[38;2;246;206;205m██[38;2;255;255;238m████[38;2;246;206;205m██[38;2;230;147;164m██[38;2;197;105;131m██[38;2;0;0;0m██    
      ██[38;2;246;206;205m██████[38;2;0;0;0m██[38;2;65;66;65m██[38;2;255;255;238m████████[38;2;255;202;205m██[38;2;168;129;135m██[38;2;255;255;238m████[38;2;244;202;202m██[38;2;233;149;167m██[38;2;230;147;164m████[38;2;246;206;205m██[38;2;0;0;0m██    
        ██████  ██[38;2;197;105;131m██[38;2;255;255;238m████[38;2;246;206;205m██[38;2;255;202;205m██[38;2;82;56;65m██[38;2;246;206;205m██[38;2;255;255;238m████[38;2;244;202;202m██[38;2;246;206;205m████[38;2;0;0;0m██      
              ██[38;2;246;206;205m██[38;2;82;44;57m██[38;2;168;145;148m██[38;2;197;105;131m████[38;2;65;64;65m██[38;2;246;206;205m██[38;2;65;64;65m██[38;2;255;230;222m██[38;2;230;149;164m██████[38;2;0;0;0m██        
            ██[38;2;246;206;205m██[38;2;82;68;68m██[38;2;255;246;238m████[38;2;255;255;238m██[38;2;235;205;202m██[38;2;246;206;205m██[38;2;65;64;65m██[38;2;255;230;222m██[38;2;65;64;65m██████[38;2;0;0;0m██          
            ██[38;2;84;83;79m██[38;2;255;250;238m██[38;2;255;255;238m██[38;2;230;147;164m██[38;2;246;206;205m██[38;2;255;255;238m██[38;2;255;202;205m██[38;2;82;56;65m██[38;2;255;255;238m██████[38;2;0;0;0m██            
              ██[38;2;255;250;238m██[38;2;230;147;164m████[38;2;255;255;238m████[38;2;255;202;205m██[38;2;168;129;135m██[38;2;65;64;65m██[38;2;255;255;238m██[38;2;0;0;0m██              
            ██[38;2;230;149;164m██[38;2;255;255;238m██[38;2;230;147;164m██[38;2;255;255;238m████[38;2;244;202;202m██[38;2;230;147;164m████[38;2;255;202;205m██[38;2;74;64;65m██[38;2;161;101;117m██[38;2;8;4;8m██            
          [38;2;0;0;0m██[38;2;246;206;205m██[38;2;242;202;201m██[38;2;230;149;164m██[38;2;255;255;238m████[38;2;244;202;202m██[38;2;233;149;167m██[38;2;230;147;164m██[38;2;246;206;205m██[38;2;255;202;205m██[38;2;194;156;159m██[38;2;238;149;172m████[38;2;0;0;0m██          
            ██[38;2;246;206;205m████████[38;2;230;147;164m████[38;2;246;206;205m████[38;2;230;147;164m████[38;2;246;206;205m██████[38;2;0;0;0m██        
              ██████[38;2;246;206;205m██████[38;2;0;0;0m████[38;2;246;206;205m██████[38;2;0;0;0m████          
                    ██████    ██████              
[0m