                [38;2;0;0;0m██████████                    
                ██[38;2;246;202;230m████████[38;2;0;0;0m████                
                  ██[38;2;235;153;186m██[38;2;246;202;230m████████[38;2;0;0;0m██              
        ██████      [38;2;8;0;0m██[38;2;255;170;213m██[38;2;246;202;230m████[38;2;249;201;227m████[38;2;0;0;0m██            
      [38;2;57;32;16m██[38;2;239;117;41m██[38;2;200;87;19m████[38;2;0;0;0m██████[38;2;255;170;213m██[38;2;172;113;142m██[38;2;246;202;230m██[38;2;235;153;186m██[38;2;249;201;227m████[38;2;246;202;230m██[38;2;0;0;0m██          
    ██[38;2;239;117;41m██[38;2;238;116;43m██[38;2;239;117;41m████[38;2;200;87;19m██[38;2;246;202;230m██[38;2;235;153;186m██[38;2;205;89;148m██[38;2;246;202;230m██[38;2;255;202;230m██[38;2;205;93;148m██[38;2;249;201;227m████[38;2;246;186;213m██[38;2;0;0;0m██          
  ██[38;2;238;116;43m████[38;2;247;243;173m██[38;2;247;243;57m██[38;2;200;87;19m██[38;2;249;201;227m██[38;2;235;153;186m██[38;2;246;202;230m██████[38;2;230;147;189m██[38;2;205;93;148m██[38;2;249;201;227m████[38;2;246;186;213m████[38;2;41;40;33m██[38;2;41;36;41m██[38;2;0;0;0m██    
  ██[38;2;239;117;41m██[38;2;238;116;43m██[38;2;247;243;57m████[38;2;200;87;19m██[38;2;249;201;227m██[38;2;246;202;230m██████[38;2;235;153;186m██[38;2;205;89;148m██[38;2;246;202;230m██████[38;2;238;149;189m██[38;2;200;87;19m████[38;2;238;116;43m██[38;2;200;87;19m██[38;2;0;0;0m██  
    [38;2;41;32;24m██[38;2;206;85;16m██[38;2;239;117;41m████[38;2;200;87;19m██[38;2;249;201;227m██[38;2;246;202;230m██[38;2;235;153;186m██████[38;2;246;202;230m██████[38;2;180;72;123m██[38;2;200;87;19m██[38;2;238;116;43m██[38;2;247;243;173m██[38;2;247;243;57m██[38;2;239;117;41m██[38;2;200;87;19m██[38;2;0;0;0m██
    ██[38;2;200;87;19m██[38;2;239;117;41m██[38;2;200;87;19m██[38;2;180;72;123m██[38;2;249;201;227m██████████[38;2;255;198;230m████[38;2;180;60;115m██[38;2;246;198;230m██[38;2;239;109;33m██[38;2;238;116;43m██[38;2;247;243;57m████[38;2;238;116;43m████[38;2;0;0;0m██
  ██[38;2;246;202;230m██[38;2;172;126;153m██[38;2;255;202;238m██[38;2;222;153;178m██[38;2;180;72;123m██[38;2;238;153;189m██[38;2;249;201;227m████████[38;2;230;156;194m██[38;2;180;72;123m██[38;2;202;106;153m██[38;2;246;198;230m████[38;2;239;117;41m██[38;2;238;116;43m████[38;2;238;115;43m██[38;2;200;87;19m██[38;2;0;0;0m██
  ██[38;2;246;202;230m████[38;2;200;97;145m██[38;2;238;153;189m██[38;2;180;72;123m██[38;2;238;153;189m██████[38;2;235;153;186m████[38;2;246;133;180m██[38;2;164;91;123m██[38;2;205;89;148m██[38;2;246;202;230m██[38;2;246;198;230m██[38;2;206;85;16m██[38;2;239;117;41m██[38;2;238;116;43m██[38;2;200;87;19m██[38;2;0;0;0m██  
  ██[38;2;235;153;186m████[38;2;238;153;189m██[38;2;180;68;123m██[38;2;238;153;189m██[38;2;180;72;123m██[38;2;238;153;189m██[38;2;180;72;123m██[38;2;235;153;186m████[38;2;164;91;123m██[38;2;82;48;65m██[38;2;246;202;230m██[38;2;205;89;148m██[38;2;255;198;222m██[38;2;246;198;230m██[38;2;200;87;19m████[38;2;255;149;197m██[38;2;180;99;131m██[38;2;0;0;0m██
    [38;2;0;8;0m██[38;2;230;153;189m██[38;2;238;153;189m██[38;2;65;64;65m██[38;2;217;102;32m██[38;2;249;249;249m██[38;2;180;72;123m██[38;2;238;153;189m██[38;2;180;72;123m████[38;2;255;145;172m██[38;2;82;56;49m██[38;2;238;170;197m████[38;2;255;198;222m██[38;2;230;156;189m██[38;2;238;149;189m██[38;2;200;98;145m██[38;2;161;97;126m██[38;2;238;145;189m██[38;2;0;0;0m██
  ██[38;2;230;153;189m██[38;2;76;56;63m██[38;2;65;64;65m████[38;2;217;102;32m██[38;2;206;85;16m██[38;2;238;153;189m████[38;2;217;161;189m██[38;2;252;252;252m██[38;2;197;116;131m██[38;2;255;145;172m██[38;2;65;64;65m██[38;2;238;170;197m██[38;2;230;156;189m██[38;2;180;72;123m██████[38;2;238;145;189m██[38;2;8;0;0m██  
██[38;2;255;145;197m██[38;2;205;89;148m██[38;2;246;202;230m██[38;2;255;194;230m██[38;2;90;52;65m██[38;2;241;144;27m██[38;2;150;102;82m██[38;2;249;201;227m████[38;2;246;202;230m██[38;2;214;101;33m██[38;2;206;85;16m██[38;2;246;149;189m██[38;2;145;98;120m██[38;2;90;48;65m██[38;2;65;64;65m██[38;2;238;153;189m██████[38;2;0;0;0m██    
[38;2;8;0;0m██[38;2;172;97;131m██[38;2;246;202;230m████[38;2;200;147;175m██[38;2;145;99;120m██[38;2;82;56;49m██[38;2;249;201;227m██████[38;2;246;202;230m██[38;2;214;101;33m██[38;2;238;116;43m████[38;2;255;198;230m████[38;2;238;153;189m██[38;2;65;64;65m██████[38;2;180;72;123m██[38;2;0;0;0m██  
██[38;2;205;89;148m██[38;2;233;153;186m████[38;2;205;95;145m██[38;2;189;68;123m██[38;2;238;145;189m██[38;2;74;52;65m██[38;2;246;202;230m██[38;2;98;64;65m██[38;2;246;202;230m██████[38;2;180;72;123m██[38;2;246;202;230m██████[38;2;235;153;186m██[38;2;233;153;186m████[38;2;180;72;123m██[38;2;0;0;0m██  
  ██[38;2;233;153;186m██[38;2;205;89;148m██[38;2;205;95;145m██[38;2;238;149;189m██[38;2;238;145;189m██[38;2;156;99;127m██[38;2;98;64;65m████[38;2;65;64;65m████[38;2;180;72;123m██[38;2;246;202;230m████[38;2;235;153;186m██[38;2;246;202;230m████[38;2;233;153;186m██[38;2;205;89;148m██[38;2;180;72;123m██[38;2;0;0;0m██  
    ██[38;2;238;153;189m██████[38;2;0;0;0m██[38;2;65;66;65m██[38;2;246;202;230m████████[38;2;238;145;189m██[38;2;156;99;127m██[38;2;246;202;230m████[38;2;233;149;189m██[38;2;211;93;148m██[38;2;205;89;148m████[38;2;238;153;189m██[38;2;0;0;0m██  
      ██████  ██[38;2;180;72;123m██[38;2;246;202;230m████[38;2;235;153;186m██[38;2;238;145;189m██[38;2;74;52;65m██[38;2;235;153;186m██[38;2;246;202;230m██[38;2;255;206;230m██[38;2;233;149;189m██[38;2;233;153;186m████[38;2;0;0;0m██    
            [38;2;0;8;0m██[38;2;230;153;189m██[38;2;90;48;65m██[38;2;145;98;120m██[38;2;180;72;123m████[38;2;65;64;65m██[38;2;238;153;189m██[38;2;74;64;65m██[38;2;194;153;175m██[38;2;205;89;148m██████[38;2;0;0;0m██      
          ██[38;2;230;153;189m██[38;2;76;56;63m██[38;2;255;198;230m████[38;2;255;198;222m██[38;2;230;156;189m██[38;2;238;153;189m██[38;2;65;64;65m██[38;2;255;198;230m██[38;2;74;64;65m██[38;2;65;64;65m████[38;2;0;0;0m██        
          ██[38;2;82;67;76m██[38;2;246;202;230m████[38;2;205;89;148m██[38;2;235;153;186m██[38;2;246;202;230m██[38;2;238;145;189m██[38;2;74;52;65m██[38;2;246;202;230m██████[38;2;0;0;0m██          
            ██[38;2;246;202;230m██[38;2;205;89;148m████[38;2;246;202;230m████[38;2;238;145;189m██[38;2;156;99;127m██[38;2;65;64;65m██[38;2;246;202;230m██[38;2;0;0;0m██            
          ██[38;2;205;93;148m██[38;2;255;202;230m██[38;2;205;89;148m██[38;2;246;202;230m██[38;2;255;206;230m██[38;2;233;149;189m██[38;2;205;89;148m████[38;2;238;145;189m██[38;2;74;56;65m██[38;2;197;85;139m██[38;2;0;0;0m██          
        ██[38;2;238;153;189m██[38;2;230;147;189m██[38;2;205;93;148m██[38;2;246;202;230m████[38;2;233;149;189m██[38;2;211;93;148m██[38;2;205;89;148m██[38;2;233;153;186m██[38;2;238;145;189m██[38;2;183;116;148m██[38;2;197;85;139m████[38;2;0;0;0m██        
          ██[38;2;238;153;189m████████[38;2;205;89;148m████[38;2;238;153;189m████[38;2;205;89;148m████[38;2;238;153;189m██████[38;2;0;0;0m██      
            ██████[38;2;238;153;189m██[38;2;233;153;186m████[38;2;0;0;0m████[38;2;233;153;186m████[38;2;238;153;189m██[38;2;0;0;0m████        
                  ██████    ██████            
[0m