                      [38;2;0;0;0m████                                
          ██████    ██[38;2;255;255;255m████[38;2;0;0;0m██                              
        ██[38;2;140;140;123m██[38;2;255;255;255m████[38;2;0;0;0m████[38;2;255;255;255m████[38;2;0;0;0m██            ████                
        ██[38;2;255;255;255m████████████[38;2;65;65;65m██[38;2;0;0;0m██  ████    ██[38;2;255;255;255m████[38;2;0;0;0m██              
    ████[38;2;255;255;255m██[38;2;140;140;123m██[38;2;189;189;189m██[38;2;255;255;255m████████[38;2;65;65;65m████[38;2;0;0;0m██[38;2;255;255;255m████[38;2;0;0;0m████[38;2;255;255;255m████[38;2;0;0;0m██                
  ██[38;2;255;255;255m██[38;2;247;74;49m██[38;2;255;255;255m████████████[38;2;65;65;65m██[38;2;255;230;66m██[38;2;65;65;65m██[38;2;0;0;0m██[38;2;255;255;255m██████[38;2;140;140;123m████[38;2;255;255;255m██[38;2;0;0;0m██                
██[38;2;189;189;189m██[38;2;247;74;49m████[38;2;156;58;58m██[38;2;255;255;255m██████[38;2;140;140;123m██[38;2;65;65;65m██[38;2;255;230;66m██[38;2;197;165;74m██[38;2;65;65;65m██[38;2;255;255;255m██████████████[38;2;0;0;0m██                
██[38;2;65;65;65m██[38;2;189;189;189m██[38;2;156;58;58m██[38;2;189;189;189m██[38;2;140;140;123m██[38;2;255;255;255m████[38;2;189;189;189m██[38;2;65;65;65m████████[38;2;255;255;255m████████████[38;2;0;0;0m██          ████    
  ██[38;2;140;140;123m██[38;2;189;189;189m██[38;2;140;140;123m██[38;2;65;65;65m██[38;2;189;189;189m████[38;2;65;65;65m██[38;2;255;230;66m██[38;2;65;65;65m████[38;2;140;140;123m██[38;2;255;255;255m████████████[38;2;0;0;0m██          ██[38;2;255;255;255m██[38;2;0;0;0m██  
    ██[38;2;65;65;65m████[38;2;255;230;66m██[38;2;65;65;65m██████[38;2;197;165;74m████[38;2;65;65;65m██[38;2;189;189;189m██[38;2;140;140;123m██[38;2;255;255;255m████████[38;2;140;140;123m██[38;2;0;0;0m██            ██[38;2;255;255;255m██[38;2;0;0;0m██
    ██[38;2;255;230;66m██████[38;2;255;255;255m██[38;2;0;0;0m██[38;2;197;165;74m██[38;2;65;65;65m████[38;2;189;189;189m██████[38;2;140;140;123m████████[38;2;0;0;0m██        ██████[38;2;255;255;255m████[38;2;0;0;0m██
  ██[38;2;255;230;66m████████[38;2;0;0;0m██[38;2;65;65;65m██[38;2;197;165;74m████[38;2;65;65;65m██[38;2;189;189;189m██████████[38;2;0;0;0m████    ██████[38;2;247;74;49m██[38;2;156;58;58m██[38;2;255;255;255m████[38;2;0;0;0m██  
  ██[38;2;255;230;66m████████[38;2;197;165;74m██████[38;2;65;65;65m██████[38;2;189;189;189m████[38;2;0;0;0m████      ██[38;2;255;255;255m████[38;2;156;58;58m████[38;2;189;189;189m██[38;2;156;58;58m████[38;2;255;255;255m██[38;2;0;0;0m██
    ██[38;2;255;230;66m████[38;2;197;165;74m████[38;2;65;65;65m████████████[38;2;0;0;0m██        ██[38;2;255;255;255m██████████[38;2;156;58;58m██[38;2;255;255;255m██[38;2;247;74;49m██[38;2;156;58;58m██[38;2;0;0;0m██
      ████[38;2;65;65;65m████[38;2;140;123;58m██[38;2;65;65;65m██████[38;2;197;165;74m████[38;2;255;230;66m██[38;2;0;0;0m████    ██[38;2;189;189;189m██[38;2;255;255;255m██[38;2;140;140;123m██[38;2;255;255;255m████[38;2;156;58;58m██[38;2;247;74;49m████[38;2;0;0;0m██  
          ██[38;2;140;123;58m████[38;2;65;65;65m██[38;2;255;255;255m████[38;2;65;65;65m██[38;2;255;230;66m████████[38;2;0;0;0m██    ██[38;2;140;140;123m██[38;2;255;255;255m██████[38;2;189;189;189m██[38;2;0;0;0m████    
          ████[38;2;65;65;65m██[38;2;255;230;66m██[38;2;255;255;255m████[38;2;255;230;66m██[38;2;65;65;65m██[38;2;197;165;74m██[38;2;255;230;66m██████[38;2;0;0;0m████[38;2;255;255;255m██[38;2;189;189;189m██[38;2;156;58;58m████[38;2;255;255;255m██[38;2;0;0;0m██        
              ██[38;2;255;255;255m██████████[38;2;65;65;65m██████████[38;2;255;255;255m████[38;2;156;58;58m██[38;2;255;255;255m██[38;2;247;74;49m██[38;2;156;58;58m██[38;2;0;0;0m██        
            ██[38;2;197;165;74m██[38;2;255;255;255m████████[38;2;65;65;65m██[38;2;255;230;66m████████[38;2;197;165;74m██[38;2;65;65;65m██[38;2;189;189;189m██[38;2;156;58;58m██[38;2;247;74;49m████[38;2;156;58;58m██[38;2;189;189;189m██[38;2;0;0;0m██      
            ██[38;2;197;165;74m██[38;2;140;123;58m██[38;2;255;255;255m██████[38;2;65;65;65m██[38;2;197;165;74m██[38;2;255;230;66m████[38;2;197;165;74m████[38;2;65;65;65m██[38;2;189;189;189m████[38;2;156;58;58m████[38;2;189;189;189m████[38;2;0;0;0m██      
              ██[38;2;197;165;74m██[38;2;140;123;58m██[38;2;189;189;189m██████[38;2;65;65;65m██[38;2;197;165;74m██████[38;2;65;65;65m██[38;2;0;0;0m████[38;2;189;189;189m████[38;2;0;0;0m██████        
              ██[38;2;65;65;65m██████[38;2;0;0;0m██████[38;2;65;65;65m████[38;2;197;165;74m██[38;2;0;0;0m██    ████              
            ██[38;2;65;65;65m██[38;2;140;123;58m████[38;2;0;0;0m██      ██[38;2;255;230;66m██[38;2;197;165;74m████[38;2;0;0;0m██                    
              ██████      ██[38;2;255;230;66m██████[38;2;197;165;74m██[38;2;0;0;0m██                    
                          ██[38;2;65;65;65m██[38;2;140;140;123m██[38;2;65;65;65m██[38;2;0;0;0m██                      
                            ██████                        
[0m