                                                                [38;2;7;7;7m████      
                                                            ████[38;2;116;108;108m██[38;2;7;7;7m██      
                                                          ██[38;2;92;87;87m██[38;2;116;108;108m██[38;2;7;7;7m██        
                  ██                                    ██[38;2;116;108;108m██████[38;2;7;7;7m██        
                ██[38;2;116;108;108m██[38;2;7;7;7m██                                ████[38;2;116;108;108m████████[38;2;7;7;7m██      
                ██[38;2;116;108;108m██[38;2;7;7;7m██        ██                    ██[38;2;116;108;108m██████████████[38;2;7;7;7m██    
      ██      ██[38;2;116;108;108m████[38;2;92;87;87m██[38;2;7;7;7m██    ██[38;2;116;108;108m██[38;2;7;7;7m██              ████[38;2;116;108;108m████████████████[38;2;92;87;87m██[38;2;7;7;7m██  
    ██[38;2;116;108;108m██[38;2;7;7;7m██  ████[38;2;116;108;108m██████[38;2;7;7;7m██    ██[38;2;116;108;108m██[38;2;7;7;7m██            ██[38;2;116;108;108m████████[38;2;92;87;87m████[38;2;116;108;108m██████████[38;2;7;7;7m██  
    ██[38;2;116;108;108m██[38;2;7;7;7m████[38;2;92;87;87m██[38;2;116;108;108m████████[38;2;7;7;7m██  ██[38;2;116;108;108m████[38;2;7;7;7m██          ██[38;2;92;87;87m██[38;2;116;108;108m██████████[38;2;66;66;66m████[38;2;92;87;87m██[38;2;116;108;108m██████[38;2;92;87;87m██[38;2;7;7;7m██
    ██[38;2;116;108;108m████████████████[38;2;92;87;87m██[38;2;7;7;7m██[38;2;92;87;87m██[38;2;116;108;108m████[38;2;92;87;87m██[38;2;7;7;7m██        ██[38;2;116;108;108m██████████[38;2;66;66;66m██[38;2;116;108;108m██[38;2;92;87;87m██[38;2;66;66;66m██[38;2;92;87;87m██[38;2;116;108;108m██[38;2;92;87;87m████[38;2;7;7;7m██
      ██[38;2;116;108;108m████████████[38;2;92;87;87m██████[38;2;116;108;108m██████[38;2;92;87;87m██[38;2;7;7;7m████  ████[38;2;116;108;108m██████████[38;2;66;66;66m██[38;2;116;108;108m████████[38;2;66;66;66m██[38;2;116;108;108m██[38;2;92;87;87m██[38;2;7;7;7m██  
  ████[38;2;116;108;108m████[38;2;247;78;66m██[38;2;116;108;108m████████████████████[38;2;92;87;87m██████[38;2;7;7;7m██[38;2;116;108;108m██[38;2;92;87;87m██[38;2;66;66;66m████[38;2;116;108;108m██████[38;2;66;66;66m██[38;2;116;108;108m████████[38;2;66;66;66m██[38;2;92;87;87m████[38;2;7;7;7m██  
██[38;2;207;66;66m██[38;2;66;66;66m██[38;2;116;108;108m██[38;2;92;87;87m██[38;2;247;78;66m██[38;2;207;66;66m██[38;2;116;108;108m████████████████[38;2;92;87;87m██████[38;2;66;66;66m██[38;2;92;87;87m██[38;2;116;108;108m██████[38;2;92;87;87m██[38;2;66;66;66m██[38;2;116;108;108m████[38;2;66;66;66m██[38;2;92;87;87m██[38;2;116;108;108m██[38;2;66;66;66m██[38;2;116;108;108m██[38;2;66;66;66m██[38;2;92;87;87m██[38;2;7;7;7m██    
  ██[38;2;207;66;66m██[38;2;66;66;66m██[38;2;247;78;66m████████[38;2;207;66;66m██[38;2;92;87;87m████[38;2;116;108;108m██████[38;2;66;66;66m████████[38;2;92;87;87m██[38;2;66;66;66m██[38;2;92;87;87m██[38;2;116;108;108m████████[38;2;92;87;87m██[38;2;116;108;108m████[38;2;66;66;66m████[38;2;116;108;108m██[38;2;92;87;87m██[38;2;66;66;66m██[38;2;7;7;7m██      
  ██[38;2;207;66;66m██[38;2;66;66;66m██[38;2;207;66;66m██[38;2;247;78;66m████[38;2;92;87;87m████[38;2;116;108;108m████[38;2;92;87;87m██[38;2;116;108;108m██[38;2;66;66;66m██[38;2;247;78;66m████████[38;2;66;66;66m██[38;2;92;87;87m██[38;2;66;66;66m████[38;2;116;108;108m██████████████[38;2;92;87;87m██[38;2;116;108;108m██[38;2;92;87;87m██[38;2;7;7;7m██        
    ██[38;2;116;108;108m████[38;2;247;78;66m██[38;2;92;87;87m██[38;2;116;108;108m██████████[38;2;66;66;66m██[38;2;247;78;66m██[38;2;92;87;87m██[38;2;116;108;108m██████[38;2;247;78;66m██[38;2;66;66;66m██[38;2;116;108;108m██[38;2;66;66;66m████[38;2;116;108;108m██████[38;2;92;87;87m██[38;2;116;108;108m██[38;2;92;87;87m██[38;2;116;108;108m██[38;2;92;87;87m████[38;2;7;7;7m██        
    ██[38;2;116;108;108m████[38;2;247;78;66m██[38;2;116;108;108m██████[38;2;66;66;66m████[38;2;207;66;66m██[38;2;247;78;66m██[38;2;92;87;87m██[38;2;116;108;108m██████[38;2;247;78;66m██[38;2;66;66;66m██[38;2;116;108;108m████[38;2;66;66;66m██[38;2;116;108;108m██████████[38;2;92;87;87m██[38;2;116;108;108m██[38;2;92;87;87m██████[38;2;7;7;7m██        
      ██[38;2;247;78;66m████[38;2;207;66;66m██[38;2;248;248;248m██[38;2;7;7;7m██[38;2;248;248;248m████[38;2;66;66;66m██[38;2;247;78;66m██████████[38;2;66;66;66m██[38;2;116;108;108m████████[38;2;66;66;66m██[38;2;116;108;108m████[38;2;92;87;87m████████████[38;2;7;7;7m██          
      ██[38;2;92;87;87m████[38;2;247;78;66m██[38;2;7;7;7m██[38;2;66;66;66m██[38;2;248;248;248m████[38;2;66;66;66m██[38;2;247;78;66m██[38;2;66;66;66m████████[38;2;116;108;108m██[38;2;92;87;87m██[38;2;116;108;108m████[38;2;92;87;87m██[38;2;66;66;66m████[38;2;92;87;87m██████████████[38;2;7;7;7m██          
    ██[38;2;116;108;108m██████[38;2;92;87;87m██[38;2;247;78;66m██████████[38;2;92;87;87m██[38;2;116;108;108m████[38;2;66;66;66m██[38;2;116;108;108m██████[38;2;92;87;87m██[38;2;116;108;108m██[38;2;66;66;66m██[38;2;247;78;66m████[38;2;66;66;66m██[38;2;92;87;87m██████████[38;2;7;7;7m██            
  ██[38;2;66;66;66m████[38;2;116;108;108m██████[38;2;92;87;87m██████████[38;2;116;108;108m████[38;2;66;66;66m██[38;2;92;87;87m██[38;2;116;108;108m████[38;2;92;87;87m██████[38;2;66;66;66m██[38;2;247;78;66m██████[38;2;66;66;66m██[38;2;92;87;87m██████[38;2;7;7;7m██    ██████    
  ██[38;2;116;108;108m████████████████████████[38;2;66;66;66m██[38;2;92;87;87m██████████[38;2;66;66;66m██[38;2;247;78;66m████████[38;2;82;90;106m██[38;2;66;66;66m██[38;2;92;87;87m██[38;2;66;66;66m████[38;2;7;7;7m████[38;2;116;108;108m██████[38;2;7;7;7m██  
    ██[38;2;116;108;108m████████[38;2;92;87;87m██[38;2;66;66;66m████[38;2;92;87;87m██[38;2;116;108;108m████████[38;2;66;66;66m██[38;2;92;87;87m████[38;2;66;66;66m████[38;2;82;90;106m████[38;2;247;78;66m████[38;2;82;90;106m████[38;2;207;66;66m██[38;2;66;66;66m████[38;2;116;108;108m██████[38;2;92;87;87m██[38;2;7;7;7m████    
      ██[38;2;66;66;66m██████[38;2;248;248;248m██[38;2;92;87;87m████[38;2;66;66;66m██[38;2;116;108;108m██████████[38;2;66;66;66m████[38;2;207;66;66m████[38;2;66;66;66m████[38;2;247;78;66m████[38;2;82;90;106m██[38;2;247;78;66m██[38;2;207;66;66m██[38;2;66;66;66m██[38;2;116;108;108m████[38;2;92;87;87m████[38;2;116;108;108m██[38;2;7;7;7m██      
        ██[38;2;92;87;87m██████████[38;2;116;108;108m██████████████████[38;2;207;66;66m████[38;2;116;108;108m██[38;2;66;66;66m██[38;2;247;78;66m████[38;2;207;66;66m██[38;2;82;90;106m██[38;2;66;66;66m██[38;2;116;108;108m██[38;2;92;87;87m██[38;2;116;108;108m██[38;2;92;87;87m██[38;2;7;7;7m██        
        ██[38;2;116;108;108m██[38;2;92;87;87m████[38;2;66;66;66m██[38;2;116;108;108m██████████████████[38;2;66;66;66m██[38;2;116;108;108m██[38;2;92;87;87m██[38;2;66;66;66m████[38;2;247;78;66m██[38;2;207;66;66m██[38;2;82;90;106m████[38;2;66;66;66m██[38;2;116;108;108m██[38;2;92;87;87m██[38;2;116;108;108m████[38;2;7;7;7m██        
      ██[38;2;66;66;66m██[38;2;116;108;108m██████[38;2;66;66;66m██[38;2;116;108;108m████████[38;2;66;66;66m██[38;2;116;108;108m████[38;2;247;78;66m████[38;2;116;108;108m██[38;2;66;66;66m██████[38;2;207;66;66m████[38;2;82;90;106m████[38;2;207;66;66m██[38;2;66;66;66m██[38;2;92;87;87m██[38;2;116;108;108m██[38;2;92;87;87m██[38;2;7;7;7m██          
  ████[38;2;116;108;108m██[38;2;66;66;66m██[38;2;92;87;87m██[38;2;116;108;108m██[38;2;247;78;66m██[38;2;116;108;108m██[38;2;66;66;66m██[38;2;116;108;108m██████[38;2;92;87;87m██[38;2;66;66;66m██[38;2;92;87;87m██[38;2;116;108;108m██[38;2;247;78;66m████[38;2;116;108;108m████[38;2;66;66;66m████[38;2;207;66;66m██████[38;2;82;90;106m██[38;2;66;66;66m██[38;2;92;87;87m████[38;2;7;7;7m██            
  ██[38;2;116;108;108m██████[38;2;66;66;66m██[38;2;207;66;66m██[38;2;247;78;66m██[38;2;116;108;108m██[38;2;92;87;87m██[38;2;66;66;66m████[38;2;247;78;66m██[38;2;92;87;87m████[38;2;66;66;66m██[38;2;92;87;87m████[38;2;207;66;66m██[38;2;247;78;66m██[38;2;92;87;87m██████[38;2;66;66;66m██[38;2;207;66;66m██[38;2;66;66;66m████[38;2;92;87;87m██████[38;2;7;7;7m██            
    ██████[38;2;66;66;66m██[38;2;247;78;66m████[38;2;116;108;108m██[38;2;92;87;87m████[38;2;66;66;66m██[38;2;247;78;66m██[38;2;207;66;66m██[38;2;92;87;87m████[38;2;66;66;66m████[38;2;92;87;87m██████[38;2;7;7;7m████[38;2;92;87;87m██[38;2;66;66;66m████[38;2;92;87;87m██████[38;2;7;7;7m██              
          ██[38;2;92;87;87m██[38;2;247;78;66m██[38;2;92;87;87m██[38;2;66;66;66m████[38;2;92;87;87m██[38;2;247;78;66m████[38;2;92;87;87m██[38;2;66;66;66m██[38;2;207;66;66m████[38;2;66;66;66m██████[38;2;7;7;7m██  ██[38;2;92;87;87m████████[38;2;7;7;7m██                
            ██[38;2;92;87;87m██[38;2;66;66;66m██[38;2;82;90;106m██[38;2;66;66;66m██[38;2;92;87;87m██[38;2;247;78;66m██[38;2;92;87;87m████[38;2;66;66;66m██[38;2;247;78;66m██[38;2;82;90;106m████[38;2;116;108;108m████[38;2;7;7;7m██    [38;2;66;66;66m████████[38;2;7;7;7m██                
            ██[38;2;92;87;87m██[38;2;66;66;66m██[38;2;207;66;66m████[38;2;66;66;66m██[38;2;92;87;87m████[38;2;66;66;66m██[38;2;82;90;106m██████[38;2;247;78;66m██[38;2;116;108;108m██[38;2;7;7;7m██      ██[38;2;207;66;66m████████[38;2;7;7;7m██              
          ██[38;2;207;66;66m██[38;2;66;66;66m██[38;2;207;66;66m██████[38;2;7;7;7m████[38;2;92;87;87m██[38;2;66;66;66m██[38;2;247;78;66m██[38;2;82;90;106m██[38;2;247;78;66m████[38;2;116;108;108m██[38;2;7;7;7m██    ██[38;2;170;62;62m██[38;2;207;66;66m██[38;2;170;62;62m██[38;2;207;66;66m████[38;2;7;7;7m██              
          ██[38;2;66;66;66m██[38;2;207;66;66m██████[38;2;7;7;7m██  ██[38;2;92;87;87m██[38;2;66;66;66m██[38;2;247;78;66m████████[38;2;7;7;7m██      ██[38;2;66;66;66m██[38;2;207;66;66m██[38;2;170;62;62m██[38;2;207;66;66m██[38;2;7;7;7m██                
            ████████      ██[38;2;247;78;66m██████████[38;2;7;7;7m██        ████████                  
                          ██[38;2;207;66;66m██[38;2;170;62;62m██[38;2;247;78;66m██[38;2;170;62;62m██[38;2;207;66;66m██[38;2;7;7;7m██                                  
                            ██[38;2;170;62;62m██[38;2;207;66;66m██[38;2;170;62;62m██[38;2;7;7;7m██                                    
                              ██████                                      
[0m