                          [38;2;0;0;0m██████                        
                      ████[38;2;255;255;255m████[38;2;0;0;0m██                        
                    ██[38;2;255;255;255m██████[38;2;0;0;0m██                          
    ██            ██[38;2;255;255;255m██████[38;2;115;115;99m██[38;2;0;0;0m██                          
  ██[38;2;189;189;189m██[38;2;0;0;0m██      ████[38;2;255;255;255m██[38;2;65;65;65m██[38;2;255;255;255m████[38;2;65;65;65m██[38;2;0;0;0m██                          
  ██[38;2;189;189;189m████[38;2;0;0;0m██████[38;2;255;255;255m████[38;2;65;65;65m██[38;2;255;255;255m██[38;2;0;0;0m██[38;2;189;189;189m██[38;2;65;65;65m██[38;2;0;0;0m██                          
  ██[38;2;189;189;189m██[38;2;115;115;99m██[38;2;255;255;255m████████[38;2;65;65;65m██[38;2;255;255;255m████[38;2;0;0;0m██[38;2;65;65;65m██[38;2;0;0;0m██                      ████  
    [38;2;65;65;65m██[38;2;255;255;255m██████████[38;2;65;65;65m██[38;2;255;255;255m████[38;2;0;0;0m██[38;2;65;65;65m██[38;2;0;0;0m██                  ████[38;2;255;255;255m████[38;2;0;0;0m██
  ████[38;2;255;255;255m████████[38;2;65;65;65m██[38;2;255;255;255m██████[38;2;0;0;0m████    ████    ████  ██[38;2;255;255;255m██████[38;2;0;0;0m██  
  ██[38;2;255;255;255m██████████████████[38;2;0;0;0m██    ██[38;2;197;202;205m██[38;2;255;255;255m██[38;2;0;0;0m████[38;2;255;255;255m██[38;2;0;0;0m██[38;2;65;65;65m██[38;2;255;255;255m████[38;2;189;189;189m██[38;2;0;0;0m██    
██[38;2;154;159;162m██[38;2;255;255;255m██████████████████[38;2;0;0;0m██      ██[38;2;154;159;162m██[38;2;255;255;255m██[38;2;197;202;205m██[38;2;154;159;162m██[38;2;65;65;65m██[38;2;255;255;255m████[38;2;189;189;189m██[38;2;65;65;65m██[38;2;0;0;0m██    
██[38;2;197;202;205m██[38;2;154;159;162m██[38;2;255;255;255m████████[38;2;252;234;105m██[38;2;65;65;65m██[38;2;255;255;255m████[38;2;65;65;65m██[38;2;0;0;0m████    ██[38;2;252;234;105m██[38;2;197;202;205m██[38;2;65;65;65m██[38;2;189;189;189m██████[38;2;65;65;65m██[38;2;0;0;0m██      
██[38;2;197;202;205m██[38;2;154;159;162m██[38;2;255;255;255m████[38;2;189;189;189m██[38;2;93;143;160m██[38;2;252;234;105m██[38;2;65;65;65m██[38;2;255;255;255m██[38;2;65;65;65m████[38;2;117;122;125m██[38;2;154;159;162m██[38;2;0;0;0m████[38;2;197;202;205m██████[38;2;65;65;65m██[38;2;189;189;189m████[38;2;65;65;65m████[38;2;0;0;0m██      
██[38;2;197;202;205m██[38;2;154;159;162m██[38;2;255;255;255m██[38;2;115;115;99m██[38;2;65;65;65m██[38;2;0;0;0m████[38;2;252;234;105m██[38;2;189;189;189m██[38;2;65;65;65m██[38;2;189;189;189m██[38;2;65;65;65m████[38;2;197;202;205m████[38;2;154;159;162m██[38;2;65;65;65m██[38;2;197;202;205m██[38;2;154;159;162m██[38;2;65;65;65m██████[38;2;0;0;0m██        
  ██████[38;2;65;65;65m██[38;2;0;0;0m████[38;2;65;65;65m██[38;2;189;189;189m████[38;2;65;65;65m██[38;2;255;255;255m████[38;2;117;122;125m██[38;2;65;65;65m██[38;2;154;159;162m██[38;2;65;65;65m██[38;2;189;189;189m██[38;2;65;65;65m██[38;2;197;202;205m██[38;2;65;65;65m██[38;2;189;189;189m██[38;2;0;0;0m██          
        ██[38;2;189;189;189m██[38;2;255;255;255m████[38;2;65;65;65m████[38;2;189;189;189m██[38;2;255;255;255m██████[38;2;65;65;65m██[38;2;197;202;205m██[38;2;65;65;65m██[38;2;189;189;189m██[38;2;65;65;65m██[38;2;255;255;255m██[38;2;65;65;65m██[38;2;189;189;189m██[38;2;65;65;65m██[38;2;0;0;0m██        
          ████[38;2;65;65;65m██[38;2;0;0;0m██[38;2;189;189;189m██[38;2;255;255;255m██████[38;2;115;115;99m██[38;2;154;159;162m██[38;2;197;202;205m████[38;2;65;65;65m██[38;2;154;159;162m██[38;2;197;202;205m██[38;2;65;65;65m██[38;2;189;189;189m██████[38;2;0;0;0m██      
            ██[38;2;189;189;189m██[38;2;255;255;255m██[38;2;189;189;189m██[38;2;255;255;255m████[38;2;115;115;99m██[38;2;197;202;205m████[38;2;65;65;65m██[38;2;197;202;205m██[38;2;65;65;65m██[38;2;197;202;205m██[38;2;154;159;162m██[38;2;65;65;65m██[38;2;115;115;99m██[38;2;189;189;189m██[38;2;0;0;0m██        
          ██[38;2;189;189;189m██[38;2;65;65;65m██[38;2;189;189;189m██[38;2;115;115;99m██[38;2;255;255;255m████[38;2;189;189;189m██[38;2;65;65;65m████[38;2;115;115;99m██[38;2;154;159;162m████[38;2;197;202;205m██[38;2;65;65;65m██[38;2;189;189;189m████[38;2;0;0;0m██          
        ██[38;2;189;189;189m██[38;2;65;65;65m██[38;2;115;115;99m████[38;2;65;65;65m██[38;2;255;255;255m██████[38;2;189;189;189m██[38;2;0;0;0m██[38;2;117;122;125m██[38;2;0;0;0m██[38;2;252;234;105m██[38;2;197;202;205m██[38;2;65;65;65m██[38;2;189;189;189m██[38;2;117;122;125m██[38;2;189;189;189m██[38;2;0;0;0m██        
        ██[38;2;115;115;99m██[38;2;65;65;65m██[38;2;115;115;99m████[38;2;65;65;65m██[38;2;189;189;189m██[38;2;255;255;255m██[38;2;65;65;65m██[38;2;0;0;0m██  ██[38;2;65;65;65m██[38;2;193;179;82m██[38;2;197;202;205m██[38;2;154;159;162m██[38;2;65;65;65m██[38;2;154;159;162m██[38;2;117;122;125m██[38;2;0;0;0m██        
          ██[38;2;154;159;162m██[38;2;65;65;65m████[38;2;255;255;255m██[38;2;115;115;99m████[38;2;255;255;255m██[38;2;0;0;0m██    ██[38;2;197;202;205m██[38;2;0;0;0m██[38;2;197;202;205m██[38;2;65;65;65m██[38;2;0;0;0m██[38;2;154;159;162m██[38;2;0;0;0m██        
          ██[38;2;154;159;162m██[38;2;0;0;0m████[38;2;154;159;162m██[38;2;255;255;255m██[38;2;189;189;189m██[38;2;0;0;0m██        ██  ████  ████        
            ██  ██[38;2;197;202;205m██[38;2;154;159;162m██[38;2;189;189;189m██[38;2;0;0;0m██                              
                  ██[38;2;197;202;205m██[38;2;0;0;0m██                                
                  ██[38;2;197;202;205m██[38;2;0;0;0m██                                
                    ██                                  
[0m