                          [38;2;0;0;0m██████                        
                      ████[38;2;255;255;255m████[38;2;0;0;0m██                        
                    ██[38;2;255;255;255m██████[38;2;0;0;0m██                          
    ██            ██[38;2;255;255;255m██████[38;2;115;115;99m██[38;2;0;0;0m██                          
  ██[38;2;189;189;189m██[38;2;0;0;0m██      ████[38;2;255;255;255m██[38;2;65;65;65m██[38;2;255;255;255m████[38;2;65;65;65m██[38;2;0;0;0m██                          
  ██[38;2;189;189;189m████[38;2;0;0;0m██████[38;2;255;255;255m████[38;2;65;65;65m██[38;2;255;255;255m██[38;2;0;0;0m██[38;2;189;189;189m██[38;2;65;65;65m██[38;2;0;0;0m██                          
  ██[38;2;189;189;189m██[38;2;115;115;99m██[38;2;255;255;255m████████[38;2;65;65;65m██[38;2;255;255;255m████[38;2;0;0;0m██[38;2;65;65;65m██[38;2;0;0;0m██                      ████  
    [38;2;65;65;65m██[38;2;255;255;255m██████████[38;2;65;65;65m██[38;2;255;255;255m████[38;2;0;0;0m██[38;2;65;65;65m██[38;2;0;0;0m██                  ████[38;2;255;255;255m████[38;2;0;0;0m██
  ████[38;2;255;255;255m████████[38;2;65;65;65m██[38;2;255;255;255m██████[38;2;0;0;0m████    ████    ████  ██[38;2;255;255;255m██████[38;2;0;0;0m██  
  ██[38;2;255;255;255m██████████████████[38;2;0;0;0m██    ██[38;2;146;167;59m██[38;2;255;255;255m██[38;2;0;0;0m████[38;2;255;255;255m██[38;2;0;0;0m██[38;2;65;65;65m██[38;2;255;255;255m████[38;2;189;189;189m██[38;2;0;0;0m██    
██[38;2;93;125;12m██[38;2;255;255;255m██████████████████[38;2;0;0;0m██      ██[38;2;93;125;12m██[38;2;255;255;255m██[38;2;146;167;59m██[38;2;93;125;12m██[38;2;65;65;65m██[38;2;255;255;255m████[38;2;189;189;189m██[38;2;65;65;65m██[38;2;0;0;0m██    
██[38;2;146;167;59m██[38;2;93;125;12m██[38;2;255;255;255m████████[38;2;212;133;156m██[38;2;65;65;65m██[38;2;255;255;255m████[38;2;65;65;65m██[38;2;0;0;0m████    ██[38;2;212;133;156m██[38;2;146;167;59m██[38;2;65;65;65m██[38;2;189;189;189m██████[38;2;65;65;65m██[38;2;0;0;0m██      
██[38;2;146;167;59m██[38;2;93;125;12m██[38;2;255;255;255m████[38;2;189;189;189m██[38;2;102;118;19m██[38;2;212;133;156m██[38;2;65;65;65m██[38;2;255;255;255m██[38;2;65;65;65m████[38;2;65;95;1m██[38;2;93;125;12m██[38;2;0;0;0m████[38;2;146;167;59m██████[38;2;65;65;65m██[38;2;189;189;189m████[38;2;65;65;65m████[38;2;0;0;0m██      
██[38;2;146;167;59m██[38;2;93;125;12m██[38;2;255;255;255m██[38;2;115;115;99m██[38;2;65;65;65m██[38;2;0;0;0m████[38;2;212;133;156m██[38;2;189;189;189m██[38;2;65;65;65m██[38;2;189;189;189m██[38;2;65;65;65m████[38;2;146;167;59m████[38;2;93;125;12m██[38;2;65;65;65m██[38;2;146;167;59m██[38;2;93;125;12m██[38;2;65;65;65m██████[38;2;0;0;0m██        
  ██████[38;2;65;65;65m██[38;2;0;0;0m████[38;2;65;65;65m██[38;2;189;189;189m████[38;2;65;65;65m██[38;2;255;255;255m████[38;2;65;95;1m██[38;2;65;65;65m██[38;2;93;125;12m██[38;2;65;65;65m██[38;2;189;189;189m██[38;2;65;65;65m██[38;2;146;167;59m██[38;2;65;65;65m██[38;2;189;189;189m██[38;2;0;0;0m██          
        ██[38;2;189;189;189m██[38;2;255;255;255m████[38;2;65;65;65m████[38;2;189;189;189m██[38;2;255;255;255m██████[38;2;65;65;65m██[38;2;146;167;59m██[38;2;65;65;65m██[38;2;189;189;189m██[38;2;65;65;65m██[38;2;255;255;255m██[38;2;65;65;65m██[38;2;189;189;189m██[38;2;65;65;65m██[38;2;0;0;0m██        
          ████[38;2;65;65;65m██[38;2;0;0;0m██[38;2;189;189;189m██[38;2;255;255;255m██████[38;2;115;115;99m██[38;2;93;125;12m██[38;2;146;167;59m████[38;2;65;65;65m██[38;2;93;125;12m██[38;2;146;167;59m██[38;2;65;65;65m██[38;2;189;189;189m██████[38;2;0;0;0m██      
            ██[38;2;189;189;189m██[38;2;255;255;255m██[38;2;189;189;189m██[38;2;255;255;255m████[38;2;115;115;99m██[38;2;146;167;59m████[38;2;65;65;65m██[38;2;146;167;59m██[38;2;65;65;65m██[38;2;146;167;59m██[38;2;93;125;12m██[38;2;65;65;65m██[38;2;115;115;99m██[38;2;189;189;189m██[38;2;0;0;0m██        
          ██[38;2;189;189;189m██[38;2;65;65;65m██[38;2;189;189;189m██[38;2;115;115;99m██[38;2;255;255;255m████[38;2;189;189;189m██[38;2;65;65;65m████[38;2;115;115;99m██[38;2;93;125;12m████[38;2;146;167;59m██[38;2;65;65;65m██[38;2;189;189;189m████[38;2;0;0;0m██          
        ██[38;2;189;189;189m██[38;2;65;65;65m██[38;2;115;115;99m████[38;2;65;65;65m██[38;2;255;255;255m██████[38;2;189;189;189m██[38;2;0;0;0m██[38;2;65;95;1m██[38;2;0;0;0m██[38;2;212;133;156m██[38;2;146;167;59m██[38;2;65;65;65m██[38;2;189;189;189m██[38;2;65;95;1m██[38;2;189;189;189m██[38;2;0;0;0m██        
        ██[38;2;115;115;99m██[38;2;65;65;65m██[38;2;115;115;99m████[38;2;65;65;65m██[38;2;189;189;189m██[38;2;255;255;255m██[38;2;65;65;65m██[38;2;0;0;0m██  ██[38;2;65;65;65m██[38;2;184;105;128m██[38;2;146;167;59m██[38;2;93;125;12m██[38;2;65;65;65m██[38;2;93;125;12m██[38;2;65;95;1m██[38;2;0;0;0m██        
          ██[38;2;93;125;12m██[38;2;65;65;65m████[38;2;255;255;255m██[38;2;115;115;99m████[38;2;255;255;255m██[38;2;0;0;0m██    ██[38;2;146;167;59m██[38;2;0;0;0m██[38;2;146;167;59m██[38;2;65;65;65m██[38;2;0;0;0m██[38;2;93;125;12m██[38;2;0;0;0m██        
          ██[38;2;93;125;12m██[38;2;0;0;0m████[38;2;93;125;12m██[38;2;255;255;255m██[38;2;189;189;189m██[38;2;0;0;0m██        ██  ████  ████        
            ██  ██[38;2;146;167;59m██[38;2;93;125;12m██[38;2;189;189;189m██[38;2;0;0;0m██                              
                  ██[38;2;146;167;59m██[38;2;0;0;0m██                                
                  ██[38;2;146;167;59m██[38;2;0;0;0m██                                
                    ██                                  
[0m