                          [38;2;0;0;0m██████                        
                      ████[38;2;255;255;255m████[38;2;0;0;0m██                        
                    ██[38;2;255;255;255m██████[38;2;0;0;0m██                          
    ██            ██[38;2;255;255;255m██████[38;2;115;115;99m██[38;2;0;0;0m██                          
  ██[38;2;189;189;189m██[38;2;0;0;0m██      ████[38;2;255;255;255m██[38;2;65;65;65m██[38;2;255;255;255m████[38;2;65;65;65m██[38;2;0;0;0m██                          
  ██[38;2;189;189;189m████[38;2;0;0;0m██████[38;2;255;255;255m████[38;2;65;65;65m██[38;2;255;255;255m██[38;2;0;0;0m██[38;2;189;189;189m██[38;2;65;65;65m██[38;2;0;0;0m██                          
  ██[38;2;189;189;189m██[38;2;115;115;99m██[38;2;255;255;255m████████[38;2;65;65;65m██[38;2;255;255;255m████[38;2;0;0;0m██[38;2;65;65;65m██[38;2;0;0;0m██                      ████  
    [38;2;65;65;65m██[38;2;255;255;255m██████████[38;2;65;65;65m██[38;2;255;255;255m████[38;2;0;0;0m██[38;2;65;65;65m██[38;2;0;0;0m██                  ████[38;2;255;255;255m████[38;2;0;0;0m██
  ████[38;2;255;255;255m████████[38;2;65;65;65m██[38;2;255;255;255m██████[38;2;0;0;0m████    ████    ████  ██[38;2;255;255;255m██████[38;2;0;0;0m██  
  ██[38;2;255;255;255m██████████████████[38;2;0;0;0m██    ██[38;2;106;179;84m██[38;2;255;255;255m██[38;2;0;0;0m████[38;2;255;255;255m██[38;2;0;0;0m██[38;2;65;65;65m██[38;2;255;255;255m████[38;2;189;189;189m██[38;2;0;0;0m██    
██[38;2;74;147;52m██[38;2;255;255;255m██████████████████[38;2;0;0;0m██      ██[38;2;74;147;52m██[38;2;255;255;255m██[38;2;106;179;84m██[38;2;74;147;52m██[38;2;65;65;65m██[38;2;255;255;255m████[38;2;189;189;189m██[38;2;65;65;65m██[38;2;0;0;0m██    
██[38;2;106;179;84m██[38;2;74;147;52m██[38;2;255;255;255m████████[38;2;252;203;0m██[38;2;65;65;65m██[38;2;255;255;255m████[38;2;65;65;65m██[38;2;0;0;0m████    ██[38;2;252;203;0m██[38;2;106;179;84m██[38;2;65;65;65m██[38;2;189;189;189m██████[38;2;65;65;65m██[38;2;0;0;0m██      
██[38;2;106;179;84m██[38;2;74;147;52m██[38;2;255;255;255m████[38;2;189;189;189m██[38;2;214;99;66m██[38;2;252;203;0m██[38;2;65;65;65m██[38;2;255;255;255m██[38;2;65;65;65m████[38;2;57;130;35m██[38;2;74;147;52m██[38;2;0;0;0m████[38;2;106;179;84m██████[38;2;65;65;65m██[38;2;189;189;189m████[38;2;65;65;65m████[38;2;0;0;0m██      
██[38;2;106;179;84m██[38;2;74;147;52m██[38;2;255;255;255m██[38;2;115;115;99m██[38;2;65;65;65m██[38;2;0;0;0m████[38;2;252;203;0m██[38;2;189;189;189m██[38;2;65;65;65m██[38;2;189;189;189m██[38;2;65;65;65m████[38;2;106;179;84m████[38;2;74;147;52m██[38;2;65;65;65m██[38;2;106;179;84m██[38;2;74;147;52m██[38;2;65;65;65m██████[38;2;0;0;0m██        
  ██████[38;2;65;65;65m██[38;2;0;0;0m████[38;2;65;65;65m██[38;2;189;189;189m████[38;2;65;65;65m██[38;2;255;255;255m████[38;2;57;130;35m██[38;2;65;65;65m██[38;2;74;147;52m██[38;2;65;65;65m██[38;2;189;189;189m██[38;2;65;65;65m██[38;2;106;179;84m██[38;2;65;65;65m██[38;2;189;189;189m██[38;2;0;0;0m██          
        ██[38;2;189;189;189m██[38;2;255;255;255m████[38;2;65;65;65m████[38;2;189;189;189m██[38;2;255;255;255m██████[38;2;65;65;65m██[38;2;106;179;84m██[38;2;65;65;65m██[38;2;189;189;189m██[38;2;65;65;65m██[38;2;255;255;255m██[38;2;65;65;65m██[38;2;189;189;189m██[38;2;65;65;65m██[38;2;0;0;0m██        
          ████[38;2;65;65;65m██[38;2;0;0;0m██[38;2;189;189;189m██[38;2;255;255;255m██████[38;2;115;115;99m██[38;2;74;147;52m██[38;2;106;179;84m████[38;2;65;65;65m██[38;2;74;147;52m██[38;2;106;179;84m██[38;2;65;65;65m██[38;2;189;189;189m██████[38;2;0;0;0m██      
            ██[38;2;189;189;189m██[38;2;255;255;255m██[38;2;189;189;189m██[38;2;255;255;255m████[38;2;115;115;99m██[38;2;106;179;84m████[38;2;65;65;65m██[38;2;106;179;84m██[38;2;65;65;65m██[38;2;106;179;84m██[38;2;74;147;52m██[38;2;65;65;65m██[38;2;115;115;99m██[38;2;189;189;189m██[38;2;0;0;0m██        
          ██[38;2;189;189;189m██[38;2;65;65;65m██[38;2;189;189;189m██[38;2;66;134;72m██[38;2;255;255;255m████[38;2;189;189;189m██[38;2;65;65;65m████[38;2;66;134;72m██[38;2;74;147;52m████[38;2;106;179;84m██[38;2;65;65;65m██[38;2;189;189;189m████[38;2;0;0;0m██          
        ██[38;2;189;189;189m██[38;2;65;65;65m██[38;2;66;134;72m████[38;2;65;65;65m██[38;2;255;255;255m██████[38;2;189;189;189m██[38;2;0;0;0m██[38;2;57;130;35m██[38;2;0;0;0m██[38;2;252;203;0m██[38;2;106;179;84m██[38;2;65;65;65m██[38;2;189;189;189m██[38;2;57;130;35m██[38;2;189;189;189m██[38;2;0;0;0m██        
        ██[38;2;66;134;72m██[38;2;65;65;65m██[38;2;66;134;72m████[38;2;65;65;65m██[38;2;189;189;189m██[38;2;255;255;255m██[38;2;65;65;65m██[38;2;0;0;0m██  ██[38;2;65;65;65m██[38;2;228;176;0m██[38;2;106;179;84m██[38;2;74;147;52m██[38;2;65;65;65m██[38;2;74;147;52m██[38;2;57;130;35m██[38;2;0;0;0m██        
          ██[38;2;74;147;52m██[38;2;65;65;65m████[38;2;255;255;255m██[38;2;115;115;99m████[38;2;255;255;255m██[38;2;0;0;0m██    ██[38;2;106;179;84m██[38;2;0;0;0m██[38;2;106;179;84m██[38;2;65;65;65m██[38;2;0;0;0m██[38;2;74;147;52m██[38;2;0;0;0m██        
          ██[38;2;74;147;52m██[38;2;0;0;0m████[38;2;74;147;52m██[38;2;255;255;255m██[38;2;189;189;189m██[38;2;0;0;0m██        ██  ████  ████        
            ██  ██[38;2;106;179;84m██[38;2;74;147;52m██[38;2;189;189;189m██[38;2;0;0;0m██                              
                  ██[38;2;106;179;84m██[38;2;0;0;0m██                                
                  ██[38;2;106;179;84m██[38;2;0;0;0m██                                
                    ██                                  
[0m