                          [38;2;0;0;0m██████                        
                      ████[38;2;255;255;255m████[38;2;0;0;0m██                        
                    ██[38;2;255;255;255m██████[38;2;0;0;0m██                          
    ██            ██[38;2;255;255;255m██████[38;2;115;115;99m██[38;2;0;0;0m██                          
  ██[38;2;189;189;189m██[38;2;0;0;0m██      ████[38;2;255;255;255m██[38;2;65;65;65m██[38;2;255;255;255m████[38;2;65;65;65m██[38;2;0;0;0m██                          
  ██[38;2;189;189;189m████[38;2;0;0;0m██████[38;2;255;255;255m████[38;2;65;65;65m██[38;2;255;255;255m██[38;2;0;0;0m██[38;2;189;189;189m██[38;2;65;65;65m██[38;2;0;0;0m██                          
  ██[38;2;189;189;189m██[38;2;115;115;99m██[38;2;255;255;255m████████[38;2;65;65;65m██[38;2;255;255;255m████[38;2;0;0;0m██[38;2;65;65;65m██[38;2;0;0;0m██                      ████  
    [38;2;65;65;65m██[38;2;255;255;255m██████████[38;2;65;65;65m██[38;2;255;255;255m████[38;2;0;0;0m██[38;2;65;65;65m██[38;2;0;0;0m██                  ████[38;2;255;255;255m████[38;2;0;0;0m██
  ████[38;2;255;255;255m████████[38;2;65;65;65m██[38;2;255;255;255m██████[38;2;0;0;0m████    ████    ████  ██[38;2;255;255;255m██████[38;2;0;0;0m██  
  ██[38;2;255;255;255m██████████████████[38;2;0;0;0m██    ██[38;2;235;115;80m██[38;2;255;255;255m██[38;2;0;0;0m████[38;2;255;255;255m██[38;2;0;0;0m██[38;2;65;65;65m██[38;2;255;255;255m████[38;2;189;189;189m██[38;2;0;0;0m██    
██[38;2;203;83;48m██[38;2;255;255;255m██████████████████[38;2;0;0;0m██      ██[38;2;203;83;48m██[38;2;255;255;255m██[38;2;235;115;80m██[38;2;203;83;48m██[38;2;65;65;65m██[38;2;255;255;255m████[38;2;189;189;189m██[38;2;65;65;65m██[38;2;0;0;0m██    
██[38;2;235;115;80m██[38;2;203;83;48m██[38;2;255;255;255m████████[38;2;252;174;0m██[38;2;65;65;65m██[38;2;255;255;255m████[38;2;65;65;65m██[38;2;0;0;0m████    ██[38;2;252;174;0m██[38;2;235;115;80m██[38;2;65;65;65m██[38;2;189;189;189m██████[38;2;65;65;65m██[38;2;0;0;0m██      
██[38;2;235;115;80m██[38;2;203;83;48m██[38;2;255;255;255m████[38;2;189;189;189m██[38;2;214;99;66m██[38;2;252;174;0m██[38;2;65;65;65m██[38;2;255;255;255m██[38;2;65;65;65m████[38;2;186;66;31m██[38;2;203;83;48m██[38;2;0;0;0m████[38;2;235;115;80m██████[38;2;65;65;65m██[38;2;189;189;189m████[38;2;65;65;65m████[38;2;0;0;0m██      
██[38;2;235;115;80m██[38;2;203;83;48m██[38;2;255;255;255m██[38;2;115;115;99m██[38;2;65;65;65m██[38;2;0;0;0m████[38;2;252;174;0m██[38;2;189;189;189m██[38;2;65;65;65m██[38;2;189;189;189m██[38;2;65;65;65m████[38;2;235;115;80m████[38;2;203;83;48m██[38;2;65;65;65m██[38;2;235;115;80m██[38;2;203;83;48m██[38;2;65;65;65m██████[38;2;0;0;0m██        
  ██████[38;2;65;65;65m██[38;2;0;0;0m████[38;2;65;65;65m██[38;2;189;189;189m████[38;2;65;65;65m██[38;2;255;255;255m████[38;2;186;66;31m██[38;2;65;65;65m██[38;2;203;83;48m██[38;2;65;65;65m██[38;2;189;189;189m██[38;2;65;65;65m██[38;2;235;115;80m██[38;2;65;65;65m██[38;2;189;189;189m██[38;2;0;0;0m██          
        ██[38;2;189;189;189m██[38;2;255;255;255m████[38;2;65;65;65m████[38;2;189;189;189m██[38;2;255;255;255m██████[38;2;65;65;65m██[38;2;235;115;80m██[38;2;65;65;65m██[38;2;189;189;189m██[38;2;65;65;65m██[38;2;255;255;255m██[38;2;65;65;65m██[38;2;189;189;189m██[38;2;65;65;65m██[38;2;0;0;0m██        
          ████[38;2;65;65;65m██[38;2;0;0;0m██[38;2;189;189;189m██[38;2;255;255;255m██████[38;2;115;115;99m██[38;2;203;83;48m██[38;2;235;115;80m████[38;2;65;65;65m██[38;2;203;83;48m██[38;2;235;115;80m██[38;2;65;65;65m██[38;2;189;189;189m██████[38;2;0;0;0m██      
            ██[38;2;189;189;189m██[38;2;255;255;255m██[38;2;189;189;189m██[38;2;255;255;255m████[38;2;115;115;99m██[38;2;235;115;80m████[38;2;65;65;65m██[38;2;235;115;80m██[38;2;65;65;65m██[38;2;235;115;80m██[38;2;203;83;48m██[38;2;65;65;65m██[38;2;115;115;99m██[38;2;189;189;189m██[38;2;0;0;0m██        
          ██[38;2;189;189;189m██[38;2;65;65;65m██[38;2;189;189;189m██[38;2;105;45;49m██[38;2;255;255;255m████[38;2;189;189;189m██[38;2;65;65;65m████[38;2;105;45;49m██[38;2;203;83;48m████[38;2;235;115;80m██[38;2;65;65;65m██[38;2;189;189;189m████[38;2;0;0;0m██          
        ██[38;2;189;189;189m██[38;2;65;65;65m██[38;2;105;45;49m████[38;2;65;65;65m██[38;2;255;255;255m██████[38;2;189;189;189m██[38;2;0;0;0m██[38;2;186;66;31m██[38;2;0;0;0m██[38;2;252;174;0m██[38;2;235;115;80m██[38;2;65;65;65m██[38;2;189;189;189m██[38;2;186;66;31m██[38;2;189;189;189m██[38;2;0;0;0m██        
        ██[38;2;105;45;49m██[38;2;65;65;65m██[38;2;105;45;49m████[38;2;65;65;65m██[38;2;189;189;189m██[38;2;255;255;255m██[38;2;65;65;65m██[38;2;0;0;0m██  ██[38;2;65;65;65m██[38;2;228;150;0m██[38;2;235;115;80m██[38;2;203;83;48m██[38;2;65;65;65m██[38;2;203;83;48m██[38;2;186;66;31m██[38;2;0;0;0m██        
          ██[38;2;203;83;48m██[38;2;65;65;65m████[38;2;255;255;255m██[38;2;115;115;99m████[38;2;255;255;255m██[38;2;0;0;0m██    ██[38;2;235;115;80m██[38;2;0;0;0m██[38;2;235;115;80m██[38;2;65;65;65m██[38;2;0;0;0m██[38;2;203;83;48m██[38;2;0;0;0m██        
          ██[38;2;203;83;48m██[38;2;0;0;0m████[38;2;203;83;48m██[38;2;255;255;255m██[38;2;189;189;189m██[38;2;0;0;0m██        ██  ████  ████        
            ██  ██[38;2;235;115;80m██[38;2;203;83;48m██[38;2;189;189;189m██[38;2;0;0;0m██                              
                  ██[38;2;235;115;80m██[38;2;0;0;0m██                                
                  ██[38;2;235;115;80m██[38;2;0;0;0m██                                
                    ██                                  
[0m