                          [38;2;0;0;0m██████                        
                      ████[38;2;255;255;255m████[38;2;0;0;0m██                        
                    ██[38;2;255;255;255m██████[38;2;0;0;0m██                          
    ██            ██[38;2;255;255;255m██████[38;2;115;115;99m██[38;2;0;0;0m██                          
  ██[38;2;189;189;189m██[38;2;0;0;0m██      ████[38;2;255;255;255m██[38;2;65;65;65m██[38;2;255;255;255m████[38;2;65;65;65m██[38;2;0;0;0m██                          
  ██[38;2;189;189;189m████[38;2;0;0;0m██████[38;2;255;255;255m████[38;2;65;65;65m██[38;2;255;255;255m██[38;2;0;0;0m██[38;2;189;189;189m██[38;2;65;65;65m██[38;2;0;0;0m██                          
  ██[38;2;189;189;189m██[38;2;115;115;99m██[38;2;255;255;255m████████[38;2;65;65;65m██[38;2;255;255;255m████[38;2;0;0;0m██[38;2;65;65;65m██[38;2;0;0;0m██                      ████  
    [38;2;65;65;65m██[38;2;255;255;255m██████████[38;2;65;65;65m██[38;2;255;255;255m████[38;2;0;0;0m██[38;2;65;65;65m██[38;2;0;0;0m██                  ████[38;2;255;255;255m████[38;2;0;0;0m██
  ████[38;2;255;255;255m████████[38;2;65;65;65m██[38;2;255;255;255m██████[38;2;0;0;0m████    ████    ████  ██[38;2;255;255;255m██████[38;2;0;0;0m██  
  ██[38;2;255;255;255m██████████████████[38;2;0;0;0m██    ██[38;2;176;162;44m██[38;2;255;255;255m██[38;2;0;0;0m████[38;2;255;255;255m██[38;2;0;0;0m██[38;2;65;65;65m██[38;2;255;255;255m████[38;2;189;189;189m██[38;2;0;0;0m██    
██[38;2;134;121;8m██[38;2;255;255;255m██████████████████[38;2;0;0;0m██      ██[38;2;134;121;8m██[38;2;255;255;255m██[38;2;176;162;44m██[38;2;134;121;8m██[38;2;65;65;65m██[38;2;255;255;255m████[38;2;189;189;189m██[38;2;65;65;65m██[38;2;0;0;0m██    
██[38;2;176;162;44m██[38;2;134;121;8m██[38;2;255;255;255m████████[38;2;254;255;223m██[38;2;65;65;65m██[38;2;255;255;255m████[38;2;65;65;65m██[38;2;0;0;0m████    ██[38;2;254;255;223m██[38;2;176;162;44m██[38;2;65;65;65m██[38;2;189;189;189m██████[38;2;65;65;65m██[38;2;0;0;0m██      
██[38;2;176;162;44m██[38;2;134;121;8m██[38;2;255;255;255m████[38;2;189;189;189m██[38;2;151;105;71m██[38;2;254;255;223m██[38;2;65;65;65m██[38;2;255;255;255m██[38;2;65;65;65m████[38;2;110;99;6m██[38;2;134;121;8m██[38;2;0;0;0m████[38;2;176;162;44m██████[38;2;65;65;65m██[38;2;189;189;189m████[38;2;65;65;65m████[38;2;0;0;0m██      
██[38;2;176;162;44m██[38;2;134;121;8m██[38;2;255;255;255m██[38;2;115;115;99m██[38;2;65;65;65m██[38;2;0;0;0m████[38;2;254;255;223m██[38;2;189;189;189m██[38;2;65;65;65m██[38;2;189;189;189m██[38;2;65;65;65m████[38;2;176;162;44m████[38;2;134;121;8m██[38;2;65;65;65m██[38;2;176;162;44m██[38;2;134;121;8m██[38;2;65;65;65m██████[38;2;0;0;0m██        
  ██████[38;2;65;65;65m██[38;2;0;0;0m████[38;2;65;65;65m██[38;2;189;189;189m████[38;2;65;65;65m██[38;2;255;255;255m████[38;2;110;99;6m██[38;2;65;65;65m██[38;2;134;121;8m██[38;2;65;65;65m██[38;2;189;189;189m██[38;2;65;65;65m██[38;2;176;162;44m██[38;2;65;65;65m██[38;2;189;189;189m██[38;2;0;0;0m██          
        ██[38;2;189;189;189m██[38;2;255;255;255m████[38;2;65;65;65m████[38;2;189;189;189m██[38;2;255;255;255m██████[38;2;65;65;65m██[38;2;176;162;44m██[38;2;65;65;65m██[38;2;189;189;189m██[38;2;65;65;65m██[38;2;255;255;255m██[38;2;65;65;65m██[38;2;189;189;189m██[38;2;65;65;65m██[38;2;0;0;0m██        
          ████[38;2;65;65;65m██[38;2;0;0;0m██[38;2;189;189;189m██[38;2;255;255;255m██████[38;2;115;115;99m██[38;2;134;121;8m██[38;2;176;162;44m████[38;2;65;65;65m██[38;2;134;121;8m██[38;2;176;162;44m██[38;2;65;65;65m██[38;2;189;189;189m██████[38;2;0;0;0m██      
            ██[38;2;189;189;189m██[38;2;255;255;255m██[38;2;189;189;189m██[38;2;255;255;255m████[38;2;115;115;99m██[38;2;176;162;44m████[38;2;65;65;65m██[38;2;176;162;44m██[38;2;65;65;65m██[38;2;176;162;44m██[38;2;134;121;8m██[38;2;65;65;65m██[38;2;115;115;99m██[38;2;189;189;189m██[38;2;0;0;0m██        
          ██[38;2;189;189;189m██[38;2;65;65;65m██[38;2;189;189;189m██[38;2;115;115;99m██[38;2;255;255;255m████[38;2;189;189;189m██[38;2;65;65;65m████[38;2;115;115;99m██[38;2;134;121;8m████[38;2;176;162;44m██[38;2;65;65;65m██[38;2;189;189;189m████[38;2;0;0;0m██          
        ██[38;2;189;189;189m██[38;2;65;65;65m██[38;2;115;115;99m████[38;2;65;65;65m██[38;2;255;255;255m██████[38;2;189;189;189m██[38;2;0;0;0m██[38;2;110;99;6m██[38;2;0;0;0m██[38;2;254;255;223m██[38;2;176;162;44m██[38;2;65;65;65m██[38;2;189;189;189m██[38;2;110;99;6m██[38;2;189;189;189m██[38;2;0;0;0m██        
        ██[38;2;115;115;99m██[38;2;65;65;65m██[38;2;115;115;99m████[38;2;65;65;65m██[38;2;189;189;189m██[38;2;255;255;255m██[38;2;65;65;65m██[38;2;0;0;0m██  ██[38;2;65;65;65m██[38;2;226;230;139m██[38;2;176;162;44m██[38;2;134;121;8m██[38;2;65;65;65m██[38;2;134;121;8m██[38;2;110;99;6m██[38;2;0;0;0m██        
          ██[38;2;134;121;8m██[38;2;65;65;65m████[38;2;255;255;255m██[38;2;115;115;99m████[38;2;255;255;255m██[38;2;0;0;0m██    ██[38;2;176;162;44m██[38;2;0;0;0m██[38;2;176;162;44m██[38;2;65;65;65m██[38;2;0;0;0m██[38;2;134;121;8m██[38;2;0;0;0m██        
          ██[38;2;134;121;8m██[38;2;0;0;0m████[38;2;134;121;8m██[38;2;255;255;255m██[38;2;189;189;189m██[38;2;0;0;0m██        ██  ████  ████        
            ██  ██[38;2;176;162;44m██[38;2;134;121;8m██[38;2;189;189;189m██[38;2;0;0;0m██                              
                  ██[38;2;176;162;44m██[38;2;0;0;0m██                                
                  ██[38;2;176;162;44m██[38;2;0;0;0m██                                
                    ██                                  
[0m