      [38;2;0;0;0m████                                  
    ██[38;2;205;189;106m██[38;2;238;230;172m██[38;2;0;0;0m██                                
    ██[38;2;238;230;172m████[38;2;0;0;0m██                                
    ██[38;2;238;230;172m██[38;2;197;189;180m██[38;2;255;222;230m██[38;2;0;0;0m██                              
      ██[38;2;197;189;180m██[38;2;255;222;230m████[38;2;0;0;0m██                            
    ██[38;2;238;230;172m████[38;2;197;189;180m██[38;2;255;255;255m██[38;2;131;139;156m██[38;2;0;0;0m██████            ████████  
    ██[38;2;238;230;172m██[38;2;197;189;180m██[38;2;255;255;255m██[38;2;131;139;156m██[38;2;255;255;255m████████[38;2;0;0;0m████    ████[38;2;255;222;230m██[38;2;205;189;106m██[38;2;238;230;172m██[38;2;205;189;106m██[38;2;0;0;0m██
      ██[38;2;197;189;180m██[38;2;131;139;156m██[38;2;255;255;255m██████████████[38;2;0;0;0m████[38;2;255;222;230m████[38;2;197;189;180m██[38;2;238;230;172m██████[38;2;0;0;0m██
      ██[38;2;238;230;172m██[38;2;131;139;156m██[38;2;255;255;255m████████████[38;2;197;189;180m██[38;2;255;255;255m██[38;2;255;222;230m████[38;2;197;189;180m██[38;2;238;230;172m██[38;2;205;172;115m████[38;2;0;0;0m██  
    ██[38;2;205;172;115m██[38;2;65;65;65m██[38;2;255;222;230m██[38;2;197;189;180m██[38;2;255;255;255m████████[38;2;197;189;180m██[38;2;255;255;255m██████[38;2;197;189;180m██[38;2;238;230;172m██████[38;2;0;0;0m██    
  ██[38;2;205;172;115m██[38;2;65;65;65m██[38;2;238;230;172m██[38;2;222;98;131m██[38;2;205;189;106m████[38;2;255;255;255m██[38;2;205;172;115m██[38;2;255;255;255m██████████[38;2;197;189;180m██[38;2;238;230;172m██[38;2;205;172;115m████[38;2;0;0;0m██    
██[38;2;205;189;106m██[38;2;172;123;57m██[38;2;65;65;65m██[38;2;238;230;172m████████[38;2;205;189;106m██[38;2;255;255;255m██[38;2;255;197;205m██[38;2;255;255;255m██████[38;2;197;189;180m██[38;2;238;230;172m██████[38;2;0;0;0m██      
██[38;2;172;123;57m██[38;2;205;172;115m██[38;2;65;65;65m██[38;2;238;230;172m██[38;2;205;189;106m██[38;2;238;230;172m██████[38;2;222;98;131m██[38;2;255;222;230m██[38;2;255;255;255m██[38;2;197;189;180m████[38;2;238;230;172m██████[38;2;0;0;0m██        
  ██[38;2;172;123;57m████[38;2;0;0;0m██[38;2;238;230;172m██[38;2;205;172;115m████[38;2;238;230;172m██████[38;2;205;189;106m██[38;2;238;230;172m██████[38;2;172;123;57m██[38;2;0;0;0m██          
    ████  ██[38;2;238;230;172m██[38;2;131;139;156m██[38;2;238;230;172m██████[38;2;205;189;106m██[38;2;238;230;172m██[38;2;172;123;57m████[38;2;205;189;106m██[38;2;0;0;0m██          
          ██[38;2;131;139;156m██[38;2;255;255;255m██[38;2;131;139;156m██[38;2;238;230;172m██[38;2;205;189;106m██[38;2;255;255;255m██[38;2;65;65;65m██[38;2;205;172;115m██[38;2;238;230;172m██[38;2;172;123;57m██[38;2;205;189;106m██[38;2;0;0;0m██        
        ██[38;2;255;255;255m████████[38;2;131;139;156m██[38;2;255;255;255m████[38;2;65;65;65m██[38;2;238;230;172m██[38;2;172;123;57m████[38;2;205;189;106m██[38;2;0;0;0m██████    
      ██[38;2;65;65;65m██[38;2;197;189;180m██[38;2;255;255;255m████[38;2;197;189;180m██[38;2;65;65;65m██[38;2;197;189;180m██[38;2;255;255;255m████[38;2;65;65;65m██[38;2;205;189;106m████[38;2;65;65;65m██[38;2;255;255;255m██████[38;2;0;0;0m██  
      ██[38;2;255;222;230m██[38;2;65;65;65m██[38;2;197;189;180m████[38;2;65;65;65m██[38;2;255;255;255m████[38;2;65;65;65m██[38;2;255;255;255m████[38;2;65;65;65m████[38;2;255;255;255m██████[38;2;0;0;0m██    
    ██[38;2;255;197;205m██[38;2;189;106;90m██[38;2;205;189;106m██[38;2;65;65;65m████[38;2;238;230;172m██[38;2;189;106;90m██[38;2;255;255;255m████[38;2;65;65;65m████[38;2;205;189;106m██[38;2;205;172;115m██[38;2;65;65;65m██[38;2;255;255;255m████[38;2;0;0;0m██    
    ██[38;2;255;197;205m██[38;2;189;106;90m██[38;2;205;189;106m████[38;2;238;230;172m██████[38;2;189;106;90m██[38;2;255;255;255m██████[38;2;65;65;65m████[38;2;197;189;180m████[38;2;156;148;139m██[38;2;0;0;0m██    
      ██[38;2;189;106;90m██[38;2;0;0;0m██[38;2;205;189;106m████[38;2;238;230;172m██[38;2;205;189;106m██[38;2;189;106;90m██[38;2;255;255;255m████[38;2;255;222;230m████[38;2;255;197;205m██[38;2;65;65;65m██[38;2;156;148;139m██[38;2;0;0;0m██      
        ██  ████[38;2;65;65;65m████[38;2;205;189;106m██[38;2;189;106;90m████[38;2;255;222;230m██[38;2;255;197;205m████[38;2;0;0;0m████        
              ██[38;2;197;189;180m████[38;2;65;65;65m██[38;2;131;139;156m████[38;2;189;106;90m████[38;2;0;0;0m██            
                ██████[38;2;255;255;255m████[38;2;197;189;180m██[38;2;0;0;0m██              
                      ██████                
[0m