                                                      [38;2;7;7;7m██████████                
                            ██████████████  ██████████[38;2;174;148;131m██[38;2;141;116;109m██[38;2;174;148;131m██[38;2;228;247;255m██[38;2;248;248;248m██[38;2;7;7;7m██              
                        ████[38;2;248;248;248m██████[38;2;228;247;255m████[38;2;248;248;248m████[38;2;7;7;7m██[38;2;141;116;109m██[38;2;174;148;131m██[38;2;228;247;255m██████████[38;2;174;148;131m██[38;2;141;116;109m██[38;2;174;148;131m██[38;2;7;7;7m██              
                      ██[38;2;248;248;248m██[38;2;141;116;109m████[38;2;174;148;131m██[38;2;228;247;255m██████[38;2;248;248;248m██████[38;2;228;247;255m██[38;2;141;116;109m██████[38;2;174;148;131m██[38;2;228;247;255m████[38;2;248;248;248m████████[38;2;7;7;7m██            
                  ████[38;2;248;248;248m████████[38;2;141;116;109m██████[38;2;174;148;131m████[38;2;248;248;248m██[38;2;228;247;255m████████[38;2;174;148;131m██[38;2;141;116;109m██████[38;2;174;148;131m██[38;2;248;248;248m████[38;2;228;247;255m████[38;2;7;7;7m██          
                ██[38;2;248;248;248m██████████[38;2;228;247;255m████[38;2;248;248;248m██[38;2;141;116;109m██[38;2;174;148;131m██[38;2;141;116;109m████[38;2;174;148;131m██[38;2;228;247;255m██████████[38;2;248;248;248m████[38;2;141;116;109m██████[38;2;174;148;131m██[38;2;228;247;255m██[38;2;7;7;7m██          
              ██[38;2;141;116;109m██[38;2;248;248;248m████████[38;2;228;247;255m████[38;2;248;248;248m████████[38;2;228;247;255m████[38;2;141;116;109m████████[38;2;174;148;131m██[38;2;248;248;248m████████[38;2;228;247;255m████[38;2;141;116;109m██[38;2;7;7;7m██            
              ██[38;2;176;164;155m██[38;2;141;116;109m████[38;2;248;248;248m██████████████[38;2;228;247;255m██████████[38;2;141;116;109m██████[38;2;174;148;131m██[38;2;248;248;248m████[38;2;228;247;255m██████████[38;2;7;7;7m██          
              ██[38;2;176;164;155m██[38;2;66;66;66m████[38;2;141;116;109m██████[38;2;248;248;248m██████[38;2;228;247;255m██████████████[38;2;248;248;248m████[38;2;141;116;109m████[38;2;174;148;131m██[38;2;228;247;255m████████[38;2;141;116;109m██[38;2;176;164;155m██[38;2;7;7;7m██        
                ██[38;2;248;248;248m██[38;2;228;247;255m██[38;2;66;66;66m████[38;2;176;164;155m██[38;2;141;116;109m██████[38;2;228;247;255m████████████[38;2;248;248;248m████████[38;2;228;247;255m██[38;2;141;116;109m██████████[38;2;176;164;155m████[38;2;7;7;7m██        
              ██[38;2;147;109;91m██[38;2;228;247;255m████[38;2;248;248;248m████[38;2;66;66;66m████████[38;2;141;116;109m██████[38;2;228;247;255m████[38;2;248;248;248m████████[38;2;228;247;255m██[38;2;141;116;109m████[38;2;176;164;155m██████[38;2;141;116;109m██[38;2;176;164;155m██[38;2;114;78;70m██[38;2;7;7;7m██        
            ██[38;2;228;247;255m██████[38;2;248;248;248m████████[38;2;228;247;255m██████[38;2;66;66;66m████[38;2;176;164;155m██[38;2;141;116;109m██████[38;2;248;248;248m████[38;2;141;116;109m██████[38;2;176;164;155m██████[38;2;114;78;70m██[38;2;141;116;109m██[38;2;176;164;155m██[38;2;66;66;66m██[38;2;141;116;109m██[38;2;7;7;7m██      
          ██[38;2;210;123;94m████[38;2;228;247;255m██[38;2;248;248;248m██████[38;2;159;70;56m████[38;2;210;123;94m██[38;2;228;247;255m██████[38;2;140;165;177m██[38;2;66;66;66m██[38;2;176;164;155m████[38;2;141;116;109m██████[38;2;176;164;155m████[38;2;141;116;109m██[38;2;176;164;155m████████[38;2;141;116;109m██[38;2;114;78;70m██[38;2;66;66;66m██[38;2;141;116;109m████[38;2;7;7;7m██    
        ██[38;2;248;248;248m██[38;2;228;247;255m██[38;2;210;123;94m██████[38;2;248;248;248m██████[38;2;210;123;94m██[38;2;159;70;56m██[38;2;140;165;177m████[38;2;66;66;66m██[38;2;189;214;221m██[38;2;66;66;66m██[38;2;176;164;155m██████[38;2;141;116;109m██[38;2;176;164;155m██████[38;2;141;116;109m██[38;2;114;78;70m████[38;2;176;164;155m██[38;2;141;116;109m████[38;2;66;66;66m██[38;2;141;116;109m██[38;2;91;99;96m██[38;2;141;116;109m██[38;2;7;7;7m██    
      ██[38;2;248;248;248m██[38;2;228;247;255m████████[38;2;159;70;56m██[38;2;210;123;94m██[38;2;140;165;177m████████[38;2;189;214;221m██[38;2;66;66;66m██[38;2;200;211;230m██[38;2;66;66;66m██[38;2;176;164;155m████████[38;2;141;116;109m██[38;2;176;164;155m██[38;2;114;78;70m██[38;2;176;164;155m██[38;2;141;116;109m██[38;2;114;78;70m████[38;2;141;116;109m████[38;2;66;66;66m██[38;2;141;116;109m████[38;2;91;99;96m██[38;2;141;116;109m██[38;2;159;70;56m██[38;2;7;7;7m██  
      ██[38;2;140;165;177m██████████[38;2;159;70;56m██[38;2;189;214;221m██[38;2;247;214;71m██[38;2;91;99;96m██[38;2;247;214;71m████[38;2;91;99;96m██[38;2;66;66;66m██[38;2;200;211;230m██[38;2;140;165;177m██[38;2;66;66;66m██[38;2;176;164;155m██[38;2;114;78;70m██[38;2;176;164;155m██[38;2;141;116;109m██[38;2;176;164;155m████[38;2;141;116;109m██[38;2;66;66;66m████[38;2;141;116;109m████[38;2;7;7;7m██[38;2;91;99;96m██[38;2;141;116;109m██[38;2;159;70;56m██████[38;2;141;116;109m██[38;2;7;7;7m██  
  ████[38;2;200;211;230m██[38;2;66;66;66m████[38;2;189;214;221m████████[38;2;159;70;56m██[38;2;91;99;96m██[38;2;247;214;71m████[38;2;91;99;96m██[38;2;66;66;66m██[38;2;140;165;177m██[38;2;200;211;230m████[38;2;66;66;66m████[38;2;176;164;155m██[38;2;141;116;109m██[38;2;114;78;70m████[38;2;66;66;66m████[38;2;176;164;155m██[38;2;141;116;109m██[38;2;66;66;66m██[38;2;7;7;7m██  ██[38;2;159;70;56m██[38;2;210;123;94m████[38;2;91;99;96m██[38;2;141;116;109m██[38;2;114;78;70m██[38;2;7;7;7m██
  ██[38;2;200;211;230m██████[38;2;91;99;96m██[38;2;66;66;66m██[38;2;91;99;96m████████[38;2;189;214;221m██[38;2;91;99;96m████[38;2;66;66;66m████[38;2;200;211;230m██████[38;2;140;165;177m██[38;2;66;66;66m██[38;2;141;116;109m████[38;2;114;78;70m██[38;2;66;66;66m██[38;2;141;116;109m██[38;2;176;164;155m████[38;2;141;116;109m██[38;2;7;7;7m██      ██[38;2;91;99;96m██[38;2;141;116;109m████[38;2;91;99;96m██[38;2;176;164;155m██[38;2;7;7;7m██
  ██[38;2;200;211;230m████████[38;2;66;66;66m████[38;2;140;165;177m██████[38;2;91;99;96m██[38;2;66;66;66m████[38;2;140;165;177m██[38;2;248;248;248m██[38;2;140;165;177m██[38;2;200;211;230m██[38;2;140;165;177m██[38;2;66;66;66m██[38;2;141;116;109m██[38;2;114;78;70m██[38;2;141;116;109m██[38;2;66;66;66m██[38;2;176;164;155m██[38;2;141;116;109m██[38;2;176;164;155m████[38;2;141;116;109m██[38;2;176;164;155m██[38;2;7;7;7m██  ██[38;2;176;164;155m██[38;2;91;99;96m██[38;2;114;78;70m██[38;2;176;164;155m██[38;2;91;99;96m██[38;2;176;164;155m██[38;2;7;7;7m██
██[38;2;200;211;230m██████████[38;2;66;66;66m██[38;2;141;116;109m██[38;2;66;66;66m████████[38;2;200;211;230m██████[38;2;248;248;248m██[38;2;140;165;177m██[38;2;200;211;230m██[38;2;248;248;248m██[38;2;66;66;66m██[38;2;141;116;109m████[38;2;7;7;7m██[38;2;66;66;66m██[38;2;176;164;155m██[38;2;159;70;56m████████[38;2;176;164;155m██[38;2;7;7;7m██  ██[38;2;159;70;56m██[38;2;91;99;96m██[38;2;176;164;155m████[38;2;91;99;96m██[38;2;159;70;56m██[38;2;7;7;7m██
██[38;2;200;211;230m██████[38;2;7;7;7m████[38;2;141;116;109m██[38;2;91;99;96m██[38;2;141;116;109m██[38;2;66;66;66m██[38;2;200;211;230m████[38;2;248;248;248m██[38;2;200;211;230m████████[38;2;248;248;248m████[38;2;140;165;177m██[38;2;66;66;66m██[38;2;7;7;7m██  ██[38;2;159;70;56m██[38;2;210;123;94m████[38;2;176;164;155m██████[38;2;7;7;7m██    ████████████  
████████  ██[38;2;66;66;66m██[38;2;91;99;96m██[38;2;141;116;109m██[38;2;66;66;66m██[38;2;200;211;230m████████[38;2;140;165;177m██[38;2;248;248;248m██[38;2;140;165;177m██[38;2;248;248;248m██[38;2;7;7;7m██████      ██[38;2;159;70;56m██[38;2;114;78;70m██[38;2;176;164;155m██[38;2;159;70;56m██[38;2;210;194;184m██[38;2;176;164;155m██[38;2;7;7;7m██                
            ████[38;2;66;66;66m██[38;2;200;211;230m████████[38;2;140;165;177m██[38;2;248;248;248m████[38;2;7;7;7m████          ██[38;2;210;194;184m██[38;2;159;70;56m██[38;2;210;194;184m████[38;2;91;99;96m██[38;2;159;70;56m██[38;2;210;194;184m██[38;2;7;7;7m██                
                ██[38;2;200;211;230m████████[38;2;7;7;7m██████              ██[38;2;210;123;94m██[38;2;91;99;96m██[38;2;210;194;184m██[38;2;114;78;70m██[38;2;91;99;96m██[38;2;159;70;56m██[38;2;7;7;7m██                  
                ██████████                      ████████████                    
[0m