                        [38;2;7;7;7m██                            
                  ██  ██[38;2;248;248;248m██[38;2;7;7;7m██                          
                ██[38;2;248;248;248m██[38;2;7;7;7m██[38;2;107;110;107m██[38;2;248;248;248m██[38;2;7;7;7m██  ████                    
                ██[38;2;248;248;248m██[38;2;107;110;107m██[38;2;248;248;248m████[38;2;189;189;189m██[38;2;7;7;7m██[38;2;189;189;189m██[38;2;7;7;7m██                    
            ████[38;2;107;110;107m██[38;2;248;248;248m████████[38;2;189;189;189m██████[38;2;7;7;7m██  ████              
            ██[38;2;248;248;248m██[38;2;107;110;107m██[38;2;248;248;248m██████[38;2;189;189;189m██████[38;2;7;7;7m██  ██[38;2;189;189;189m██[38;2;66;66;66m██[38;2;7;7;7m████          
            ██[38;2;248;248;248m████████[38;2;189;189;189m██[38;2;66;66;66m████████[38;2;7;7;7m██[38;2;189;189;189m████████[38;2;7;7;7m██    ██    
              ██[38;2;248;248;248m████[38;2;66;66;66m████[38;2;107;110;107m████████[38;2;141;141;141m██[38;2;66;66;66m████[38;2;189;189;189m██[38;2;7;7;7m██    ██[38;2;107;110;107m██[38;2;7;7;7m██  
            ██[38;2;107;110;107m██[38;2;248;248;248m██[38;2;66;66;66m██[38;2;107;110;107m██████████████████[38;2;66;66;66m██[38;2;189;189;189m██[38;2;7;7;7m██  ██[38;2;107;110;107m██[38;2;7;7;7m██  
          ██[38;2;107;110;107m████[38;2;66;66;66m██[38;2;141;141;141m██[38;2;107;110;107m██████[38;2;175;219;218m████████[38;2;107;110;107m██████[38;2;66;66;66m████[38;2;7;7;7m██[38;2;107;110;107m██████[38;2;7;7;7m██
████    ██[38;2;107;110;107m██[38;2;141;141;141m██[38;2;107;110;107m████████[38;2;175;219;218m████[38;2;82;156;66m██[38;2;107;189;99m██████[38;2;175;219;218m████[38;2;82;156;66m██[38;2;107;110;107m██[38;2;66;66;66m██[38;2;107;110;107m████[38;2;175;219;218m████[38;2;7;7;7m██
██[38;2;189;189;189m██[38;2;7;7;7m██  ██[38;2;107;110;107m██████████[38;2;175;219;218m████[38;2;82;156;66m████[38;2;107;189;99m████████[38;2;82;156;66m██[38;2;175;219;218m████[38;2;66;66;66m██[38;2;175;219;218m████[38;2;82;156;66m████[38;2;7;7;7m██
██[38;2;189;189;189m████[38;2;7;7;7m██[38;2;107;110;107m██[38;2;141;141;141m██[38;2;107;110;107m██████[38;2;175;219;218m████[38;2;248;248;248m██[38;2;82;156;66m██[38;2;74;115;66m██[38;2;107;189;99m████████[38;2;82;156;66m████[38;2;66;66;66m██████[38;2;82;156;66m████[38;2;7;7;7m██  
  ██[38;2;189;189;189m██[38;2;66;66;66m██[38;2;107;110;107m██[38;2;141;141;141m██[38;2;107;110;107m██████[38;2;175;219;218m██████[38;2;248;248;248m██[38;2;82;156;66m██[38;2;74;115;66m██[38;2;107;189;99m████[38;2;82;156;66m██[38;2;66;66;66m████[38;2;248;248;248m██████[38;2;66;66;66m██[38;2;82;156;66m██[38;2;7;7;7m██  
  ██[38;2;189;189;189m██[38;2;66;66;66m██[38;2;107;110;107m████████[38;2;175;219;218m██[38;2;248;248;248m██[38;2;7;7;7m██[38;2;175;219;218m██[38;2;248;248;248m██[38;2;107;189;99m██[38;2;74;115;66m██[38;2;107;189;99m██[38;2;66;66;66m████[38;2;248;248;248m████████[38;2;7;7;7m████[38;2;107;189;99m██[38;2;7;7;7m██  
    ██[38;2;66;66;66m██[38;2;107;110;107m████████[38;2;175;219;218m██[38;2;248;248;248m██[38;2;7;7;7m██[38;2;175;219;218m██[38;2;248;248;248m██[38;2;107;189;99m██[38;2;74;115;66m██[38;2;66;66;66m██[38;2;248;248;248m██████████[38;2;7;7;7m██    ██    
      ██[38;2;107;110;107m██████[38;2;175;219;218m██[38;2;107;189;99m██[38;2;74;115;66m██[38;2;248;248;248m████[38;2;74;115;66m██[38;2;107;189;99m██[38;2;66;66;66m██[38;2;248;248;248m██████████[38;2;7;7;7m██            
      ██[38;2;107;110;107m████[38;2;66;66;66m██[38;2;107;189;99m██████[38;2;74;115;66m████[38;2;66;66;66m██[38;2;82;156;66m████[38;2;66;66;66m██████[38;2;248;248;248m████[38;2;7;7;7m██            
      ██[38;2;107;110;107m██[38;2;66;66;66m██[38;2;107;189;99m██[38;2;66;66;66m████[38;2;107;189;99m██[38;2;82;156;66m██[38;2;66;66;66m██[38;2;82;156;66m██[38;2;66;66;66m██[38;2;82;156;66m██[38;2;74;115;66m██[38;2;82;156;66m██[38;2;7;7;7m██████              
        ██[38;2;107;189;99m████████[38;2;66;66;66m████[38;2;82;156;66m████████[38;2;74;115;66m██[38;2;7;7;7m██                    
        ██[38;2;107;189;99m████████[38;2;82;156;66m██████████[38;2;7;7;7m████                      
          ████[38;2;107;189;99m██[38;2;82;156;66m██████[38;2;7;7;7m██████                          
              ████████                                
[0m