              [38;2;0;0;0m██                                                
            ██[38;2;197;181;140m██[38;2;0;0;0m██                ██████                        
            ██[38;2;197;181;140m██[38;2;0;0;0m██            ████[38;2;255;239;206m████[38;2;0;0;0m██                        
          ██[38;2;197;181;140m██[38;2;156;123;99m██[38;2;197;181;140m██[38;2;0;0;0m██        ██[38;2;255;239;206m██████[38;2;156;123;99m██[38;2;0;0;0m██          [38;2;189;74;66m████          
    ████  [38;2;0;0;0m██[38;2;197;181;140m██[38;2;156;123;99m██[38;2;197;181;140m██[38;2;0;0;0m██      ██[38;2;255;239;206m██████[38;2;197;181;140m██[38;2;255;239;206m██[38;2;0;0;0m██        [38;2;189;74;66m██[38;2;239;148;66m██[38;2;189;74;66m██          
    ██[38;2;239;148;66m██[38;2;189;74;66m██[38;2;0;0;0m██[38;2;197;181;140m██████[38;2;0;0;0m██    ██[38;2;255;239;206m██████[38;2;197;181;140m██[38;2;255;239;206m██[38;2;0;0;0m██        [38;2;189;74;66m██[38;2;239;148;66m██[38;2;189;74;66m██            
      ██[38;2;239;148;66m██[38;2;189;74;66m██[38;2;0;0;0m██[38;2;197;181;140m██[38;2;65;65;65m████[38;2;0;0;0m██  ██[38;2;255;239;206m████████[38;2;156;123;99m██[38;2;0;0;0m██        [38;2;189;74;66m██[38;2;239;148;66m██[38;2;189;74;66m██            
      ██[38;2;239;148;66m██[38;2;189;74;66m██[38;2;0;0;0m██[38;2;65;65;65m██[38;2;230;99;66m██[38;2;65;65;65m██[38;2;197;181;140m██[38;2;0;0;0m██[38;2;255;239;206m████████[38;2;197;181;140m██[38;2;255;239;206m██[38;2;0;0;0m██        [38;2;189;74;66m██[38;2;239;148;66m████[38;2;189;74;66m██    ██    
    ██[38;2;239;148;66m████[38;2;189;74;66m██[38;2;0;0;0m██[38;2;230;99;66m██[38;2;189;74;66m██[38;2;65;65;65m██[38;2;197;181;140m██[38;2;132;123;107m██[38;2;255;239;206m██████████[38;2;0;0;0m██            [38;2;189;74;66m██[38;2;239;148;66m██[38;2;189;74;66m██  ██[38;2;239;148;66m██[38;2;189;74;66m██  
  ██[38;2;239;148;66m████[38;2;189;74;66m██  [38;2;0;0;0m██[38;2;230;99;66m██[38;2;189;74;66m██[38;2;65;65;65m██[38;2;132;123;107m██[38;2;255;239;206m██████[38;2;189;74;66m████[38;2;197;181;140m██[38;2;0;0;0m██            [38;2;189;74;66m██[38;2;239;148;66m██[38;2;189;74;66m██  ██[38;2;239;148;66m██[38;2;189;74;66m██  
  ██[38;2;247;222;49m██[38;2;189;74;66m██    [38;2;0;0;0m██[38;2;230;99;66m██████[38;2;132;123;107m██[38;2;255;239;206m████[38;2;65;65;65m██[38;2;189;74;66m██[38;2;65;65;65m██[38;2;197;181;140m██[38;2;0;0;0m██          [38;2;189;74;66m██[38;2;247;222;49m██[38;2;239;148;66m██[38;2;189;74;66m██  ██[38;2;239;148;66m██[38;2;189;74;66m██  
██[38;2;247;222;49m████[38;2;189;74;66m██    [38;2;0;0;0m██[38;2;65;65;65m██[38;2;230;99;66m██[38;2;132;123;107m██[38;2;255;239;206m████[38;2;65;65;65m██[38;2;247;222;49m██[38;2;189;74;66m██[38;2;65;65;65m██[38;2;197;181;140m██[38;2;0;0;0m██        [38;2;189;74;66m██[38;2;247;222;49m████[38;2;189;74;66m██    ██[38;2;239;148;66m████[38;2;189;74;66m██
██[38;2;247;222;49m████[38;2;189;74;66m██      [38;2;0;0;0m██[38;2;189;74;66m██[38;2;132;123;107m██[38;2;255;239;206m██[38;2;132;123;107m██[38;2;66;148;255m██[38;2;247;222;49m██[38;2;189;74;66m██[38;2;230;99;66m██[38;2;65;65;65m██[38;2;197;181;140m██[38;2;0;0;0m██      [38;2;189;74;66m██[38;2;247;222;49m████[38;2;189;74;66m██    ██[38;2;239;148;66m████[38;2;189;74;66m██
██[38;2;247;222;49m██████[38;2;189;74;66m██    [38;2;0;0;0m██[38;2;230;99;66m████[38;2;189;74;66m████[38;2;247;222;49m██[38;2;189;74;66m████[38;2;65;65;65m██[38;2;255;239;206m██[38;2;65;65;65m██[38;2;0;0;0m██  ████  [38;2;189;74;66m██[38;2;247;222;49m██[38;2;189;74;66m██  ██[38;2;239;148;66m██████[38;2;189;74;66m██
  ██[38;2;239;148;66m██[38;2;247;222;49m██[38;2;189;74;66m██  [38;2;0;0;0m████[38;2;65;65;65m██[38;2;230;99;66m██[38;2;65;65;65m████[38;2;189;74;66m██[38;2;65;65;65m██[38;2;230;99;66m██[38;2;65;65;65m██[38;2;255;239;206m████[38;2;189;74;66m██[38;2;0;0;0m██[38;2;230;99;66m████[38;2;0;0;0m████[38;2;247;222;49m██[38;2;189;74;66m████[38;2;239;148;66m██[38;2;247;222;49m████[38;2;189;74;66m██  
    ██[38;2;247;222;49m████[38;2;0;0;0m██[38;2;65;65;65m██[38;2;132;123;107m████[38;2;65;65;65m████[38;2;189;74;66m████[38;2;65;65;65m████[38;2;255;239;206m██[38;2;65;65;65m██[38;2;189;74;66m██[38;2;230;99;66m██████[38;2;181;165;156m██[38;2;132;123;107m██[38;2;181;165;156m██[38;2;0;0;0m██[38;2;189;74;66m██[38;2;239;148;66m██[38;2;247;222;49m████[38;2;189;74;66m██    
      ██[38;2;0;0;0m██[38;2;181;165;156m██[38;2;65;65;65m██[38;2;132;123;107m██[38;2;0;0;0m████[38;2;197;181;140m██[38;2;65;65;65m████[38;2;197;181;140m██[38;2;255;239;206m██████[38;2;65;65;65m██[38;2;230;99;66m██[38;2;189;74;66m██[38;2;0;0;0m████[38;2;181;165;156m██[38;2;132;123;107m██[38;2;181;165;156m██[38;2;0;0;0m██[38;2;247;222;49m██████[38;2;189;74;66m██    
        [38;2;0;0;0m██[38;2;255;255;255m██[38;2;65;65;65m██[38;2;0;0;0m██    ██[38;2;197;181;140m████[38;2;65;65;65m████[38;2;255;239;206m██████[38;2;65;65;65m██[38;2;0;0;0m██    ██[38;2;181;165;156m████[38;2;0;0;0m██[38;2;247;222;49m██[38;2;189;74;66m████      
          [38;2;0;0;0m██[38;2;181;165;156m██[38;2;0;0;0m██      ██[38;2;197;181;140m██[38;2;65;65;65m██[38;2;230;99;66m██[38;2;65;65;65m██[38;2;255;239;206m██████[38;2;197;181;140m██[38;2;0;0;0m██  ██[38;2;181;165;156m██[38;2;132;123;107m██[38;2;255;255;255m██[38;2;0;0;0m██          
            ██      ██[38;2;65;65;65m████[38;2;189;74;66m██[38;2;230;99;66m████[38;2;189;74;66m██[38;2;65;65;65m██[38;2;255;239;206m██[38;2;0;0;0m██      ██[38;2;255;255;255m██[38;2;0;0;0m████          
                  ██[38;2;65;65;65m████████[38;2;189;74;66m██[38;2;230;99;66m██[38;2;65;65;65m████[38;2;0;0;0m██          ████            
                  ██[38;2;65;65;65m██████[38;2;148;66;58m██[38;2;0;0;0m████[38;2;65;65;65m██████[38;2;0;0;0m██                        
                    ██[38;2;189;74;66m██[38;2;0;0;0m██[38;2;148;66;58m██[38;2;0;0;0m██  ██[38;2;65;65;65m████[38;2;230;99;66m██[38;2;0;0;0m██                      
                    ████  ██    ██[38;2;230;99;66m██[38;2;189;74;66m██[38;2;230;99;66m████[38;2;0;0;0m████                  
                                  ██[38;2;230;99;66m██████[38;2;189;74;66m██[38;2;0;0;0m██                  
                                  ██[38;2;230;99;66m██[38;2;0;0;0m██[38;2;230;99;66m██[38;2;0;0;0m██                    
                                    ██  ██                      
[0m