                      [38;2;0;0;0m████                            
                    ██[38;2;132;197;99m██[38;2;0;0;0m██                            
                  [38;2;65;65;65m██[38;2;132;197;99m██[38;2;0;0;0m████████████                    
                [38;2;132;197;99m██[38;2;0;0;0m████[38;2;181;239;115m████████████[38;2;0;0;0m████████████        
                ██[38;2;181;239;115m████████████████████[38;2;65;65;65m██[38;2;132;197;99m████[38;2;0;0;0m██        
              ██[38;2;181;239;115m████████████[38;2;132;197;99m████[38;2;181;239;115m████████[38;2;65;65;65m██[38;2;66;132;66m██[38;2;65;65;65m██[38;2;0;0;0m██      
            ██[38;2;181;239;115m████████████[38;2;132;197;99m██[38;2;255;255;255m████[38;2;132;197;99m██[38;2;181;239;115m██████[38;2;65;65;65m██[38;2;132;197;99m██████[38;2;0;0;0m██    
            ██[38;2;90;173;82m██[38;2;181;239;115m████████[38;2;132;197;99m██[38;2;255;255;255m██[38;2;0;0;0m██[38;2;255;255;255m██[38;2;132;197;99m██[38;2;181;239;115m████████[38;2;0;0;0m████████    
    ████  ██[38;2;173;82;90m██[38;2;181;239;115m██[38;2;90;173;82m██[38;2;181;239;115m██████[38;2;132;197;99m██[38;2;255;255;255m████[38;2;132;197;99m██[38;2;181;239;115m████████[38;2;132;197;99m██[38;2;0;0;0m██          
  ██[38;2;90;173;82m██[38;2;0;0;0m██  ██[38;2;230;74;41m██[38;2;181;239;115m██[38;2;90;173;82m██[38;2;181;239;115m██████[38;2;90;173;82m██[38;2;132;197;99m████[38;2;181;239;115m██[38;2;90;173;82m██[38;2;181;239;115m██[38;2;173;82;90m██[38;2;132;197;99m██[38;2;0;0;0m██            
████[38;2;90;173;82m██[38;2;0;0;0m██    ██[38;2;181;239;115m██[38;2;90;173;82m██[38;2;181;239;115m████[38;2;90;173;82m██[38;2;181;239;115m██[38;2;90;173;82m██[38;2;181;239;115m██[38;2;90;173;82m██[38;2;181;239;115m██[38;2;90;173;82m██[38;2;173;82;90m██[38;2;132;197;99m██[38;2;0;0;0m██            
██[38;2;90;173;82m██████[38;2;0;0;0m██    ██[38;2;181;239;115m██[38;2;173;82;90m██[38;2;181;239;115m██[38;2;173;82;90m██[38;2;132;197;99m██[38;2;173;82;90m██[38;2;181;239;115m██[38;2;173;82;90m██[38;2;132;197;99m██[38;2;230;74;41m██[38;2;132;197;99m██[38;2;0;0;0m██              
  ██[38;2;90;173;82m████[38;2;0;0;0m██      ████[38;2;181;239;115m██[38;2;230;74;41m██[38;2;132;197;99m██[38;2;230;74;41m██[38;2;181;239;115m██[38;2;230;74;41m██[38;2;132;197;99m██[38;2;0;0;0m████            ████
  ██[38;2;90;173;82m██████[38;2;0;0;0m██    [38;2;65;65;65m██[38;2;0;0;0m██[38;2;132;197;99m██[38;2;65;65;65m██████[38;2;132;197;99m██[38;2;65;65;65m██[38;2;0;0;0m██              ██[38;2;90;173;82m██[38;2;0;0;0m██
    ██[38;2;90;173;82m████[38;2;66;132;66m██[38;2;0;0;0m████[38;2;66;132;66m████[38;2;0;0;0m██[38;2;189;165;90m██████[38;2;65;65;65m██[38;2;90;173;82m████[38;2;0;0;0m████      ████[38;2;90;173;82m████[38;2;0;0;0m██
      ████[38;2;66;132;66m██████[38;2;0;0;0m████  ██[38;2;189;165;90m██████[38;2;65;65;65m██[38;2;90;173;82m██████[38;2;0;0;0m██████[38;2;90;173;82m████[38;2;0;0;0m████  
          ██████        ████[38;2;65;65;65m██████[38;2;90;173;82m████████████[38;2;0;0;0m██      
                          ██[38;2;173;82;90m██[38;2;65;65;65m██████[38;2;90;173;82m████████████[38;2;0;0;0m██    
                        ██[38;2;173;82;90m██[38;2;65;65;65m██[38;2;90;173;82m██[38;2;65;65;65m██[38;2;173;82;90m██[38;2;65;65;65m██[38;2;90;173;82m██████[38;2;0;0;0m██████    
                        ██[38;2;230;74;41m██[38;2;65;65;65m██[38;2;90;173;82m██[38;2;65;65;65m██[38;2;230;74;41m██[38;2;65;65;65m████[38;2;0;0;0m████          
                          ██[38;2;230;74;41m██[38;2;0;0;0m██[38;2;90;173;82m██[38;2;65;65;65m██[38;2;230;74;41m██[38;2;0;0;0m██              
                            ██  ████[38;2;230;74;41m██[38;2;0;0;0m██              
                                    ████              
[0m