                            [38;2;0;0;0m████                                                
                          ████[38;2;65;65;65m██[38;2;0;0;0m██                      ████████                
                        ██[38;2;99;99;90m████[38;2;65;65;65m████[38;2;0;0;0m████  ████    ████████[38;2;123;123;115m████████[38;2;0;0;0m██              
                        ██[38;2;99;99;90m██[38;2;65;65;65m██[38;2;0;0;0m██[38;2;65;65;65m██████[38;2;0;0;0m██[38;2;123;123;115m████[38;2;0;0;0m████[38;2;123;123;115m████████[38;2;58;90;156m████[38;2;0;0;0m████                
                        ██████[38;2;65;65;65m██████[38;2;0;0;0m██[38;2;123;123;115m██████[38;2;65;65;65m██[38;2;123;123;115m████[38;2;58;90;156m██████[38;2;74;132;189m██[38;2;0;0;0m██                    
      [38;2;58;90;156m████      [38;2;0;0;0m██            ██[38;2;65;65;65m████[38;2;0;0;0m████[38;2;123;123;115m██[38;2;65;65;65m██[38;2;123;123;115m████[38;2;58;90;156m██[38;2;74;132;189m██████████[38;2;0;0;0m████            [38;2;58;90;156m██  
    ██[38;2;58;173;255m██[38;2;58;90;156m██    [38;2;0;0;0m██[38;2;58;173;255m██[38;2;0;0;0m██      ████  ██[38;2;65;65;65m██████[38;2;0;0;0m██[38;2;65;65;65m██[38;2;123;123;115m██[38;2;65;65;65m██[38;2;74;132;189m████████████████[38;2;0;0;0m██        [38;2;58;90;156m██[38;2;107;206;255m██[38;2;58;90;156m██
    ██[38;2;58;173;255m████[38;2;58;90;156m██  [38;2;0;0;0m██[38;2;58;173;255m██[38;2;0;0;0m██  ████[38;2;58;173;255m██[38;2;0;0;0m██  ██[38;2;58;90;156m████[38;2;65;65;65m████[38;2;0;0;0m██[38;2;123;123;115m██[38;2;65;65;65m██[38;2;74;132;189m████████[38;2;0;0;0m████████      [38;2;58;90;156m████[38;2;58;173;255m██[38;2;107;206;255m██[38;2;58;90;156m██
      ██[38;2;58;173;255m██[38;2;58;90;156m██[38;2;0;0;0m██[38;2;99;99;90m████[38;2;0;0;0m██  ██[38;2;58;173;255m██[38;2;0;0;0m██    [38;2;58;90;156m██[38;2;58;173;255m██[38;2;58;90;156m██[38;2;65;65;65m██[38;2;0;0;0m██[38;2;99;99;90m██[38;2;65;65;65m██[38;2;74;132;189m██████[38;2;58;90;156m██████[38;2;0;0;0m██        [38;2;58;90;156m██[38;2;58;173;255m██[38;2;165;230;255m██[38;2;107;206;255m██[38;2;58;90;156m██  
    ██[38;2;165;230;255m██[38;2;58;173;255m████[38;2;0;0;0m██[38;2;99;99;90m██[38;2;65;65;65m██[38;2;0;0;0m████[38;2;123;123;115m████[38;2;65;65;65m██[38;2;0;0;0m██[38;2;58;90;156m██[38;2;58;173;255m██[38;2;58;90;156m██[38;2;65;65;65m████[38;2;0;0;0m██[38;2;99;99;90m██[38;2;65;65;65m██[38;2;58;90;156m██████████████[38;2;0;0;0m██      [38;2;58;90;156m██[38;2;165;230;255m██[38;2;58;173;255m████[38;2;58;90;156m██  
    ██[38;2;58;173;255m██[38;2;165;230;255m██[38;2;0;0;0m██[38;2;65;65;65m████[38;2;123;123;115m██[38;2;65;65;65m██[38;2;123;123;115m████[38;2;65;65;65m██[38;2;123;123;115m██[38;2;0;0;0m██[38;2;58;90;156m██[38;2;58;173;255m██[38;2;58;90;156m██[38;2;65;65;65m██[38;2;0;0;0m██[38;2;99;99;90m████[38;2;65;65;65m██[38;2;58;90;156m██████[38;2;0;0;0m████[38;2;58;90;156m██████[38;2;0;0;0m██      [38;2;58;90;156m██[38;2;107;206;255m██[38;2;58;90;156m██    
      ██[38;2;165;230;255m██[38;2;0;0;0m██[38;2;123;123;115m████████████[38;2;65;65;65m██[38;2;0;0;0m██  [38;2;58;90;156m██[38;2;58;173;255m████[38;2;58;90;156m██[38;2;99;99;90m████[38;2;65;65;65m██[38;2;58;90;156m████████[38;2;0;0;0m██  ████████      [38;2;58;90;156m██[38;2;165;230;255m██[38;2;58;90;156m██    
        [38;2;0;0;0m██[38;2;123;123;115m██████████[38;2;99;99;90m██[38;2;123;123;115m██[38;2;99;99;90m██[38;2;0;0;0m██[38;2;58;90;156m██[38;2;58;173;255m██████[38;2;58;90;156m██[38;2;99;99;90m██[38;2;65;65;65m██[38;2;58;173;255m██[38;2;65;65;65m██[38;2;58;90;156m████████[38;2;0;0;0m██            [38;2;58;90;156m██[38;2;107;206;255m██[38;2;165;230;255m██[38;2;58;173;255m██[38;2;58;90;156m██  
    ████[38;2;0;0;0m██[38;2;123;123;115m████████[38;2;99;99;90m██[38;2;255;255;255m██[38;2;99;99;90m██████[38;2;58;90;156m██[38;2;165;230;255m██[38;2;58;173;255m██[38;2;58;90;156m██[38;2;123;123;115m████[38;2;65;65;65m██[38;2;123;123;115m██[38;2;65;65;65m██████[38;2;58;90;156m████[38;2;0;0;0m██            [38;2;58;90;156m██[38;2;165;230;255m████[38;2;107;206;255m██[38;2;58;90;156m██  
  ██[38;2;58;173;255m████[38;2;0;0;0m██[38;2;99;99;90m██[38;2;123;123;115m██[38;2;65;65;65m██[38;2;123;123;115m██[38;2;197;74;58m██[38;2;255;255;255m██[38;2;99;99;90m██[38;2;58;90;156m████[38;2;58;173;255m██[38;2;165;230;255m██[38;2;58;90;156m██[38;2;65;65;65m████[38;2;123;123;115m████████[38;2;65;65;65m██[38;2;99;99;90m██[38;2;65;65;65m██[38;2;58;90;156m██[38;2;0;0;0m██              [38;2;58;90;156m██[38;2;107;206;255m██[38;2;58;90;156m██    
██[38;2;165;230;255m████[38;2;0;0;0m██[38;2;123;123;115m████[38;2;99;99;90m████[38;2;0;0;0m██[38;2;197;74;58m██[38;2;99;99;90m████[38;2;58;173;255m██[38;2;165;230;255m████[38;2;58;173;255m██[38;2;58;90;156m██[38;2;65;65;65m██[38;2;58;173;255m██[38;2;123;123;115m██[38;2;65;65;65m██[38;2;123;123;115m████[38;2;65;65;65m██[38;2;99;99;90m████[38;2;0;0;0m██              ██[38;2;123;123;115m██[38;2;0;0;0m██      
[38;2;58;90;156m██[38;2;58;173;255m██[38;2;0;0;0m██[38;2;123;123;115m████████████[38;2;99;99;90m████[38;2;58;173;255m██[38;2;165;230;255m██[38;2;58;173;255m██[38;2;58;90;156m██████[38;2;156;222;255m██[38;2;65;65;65m████[38;2;156;222;255m██[38;2;65;65;65m██[38;2;123;123;115m████[38;2;65;65;65m██[38;2;99;99;90m████[38;2;0;0;0m████      ████[38;2;123;123;115m██[38;2;99;99;90m██[38;2;0;0;0m██      
  [38;2;58;90;156m██[38;2;0;0;0m██[38;2;123;123;115m████[38;2;65;65;65m████[38;2;123;123;115m██[38;2;99;99;90m██[38;2;65;65;65m████[38;2;165;230;255m████[38;2;58;90;156m██[38;2;255;255;255m██[38;2;0;0;0m██[38;2;115;181;222m██[38;2;156;222;255m██████[38;2;65;65;65m████[38;2;123;123;115m██[38;2;65;65;65m██[38;2;99;99;90m██████[38;2;65;65;65m██[38;2;99;99;90m██[38;2;0;0;0m██████[38;2;123;123;115m██████[38;2;0;0;0m██        
      ██[38;2;99;99;90m██[38;2;123;123;115m██[38;2;99;99;90m██[38;2;65;65;65m██[38;2;0;0;0m██[38;2;165;230;255m████[38;2;58;173;255m████[38;2;58;90;156m██[38;2;0;0;0m██[38;2;99;99;90m██[38;2;65;65;65m██[38;2;115;181;222m██[38;2;156;222;255m██[38;2;65;65;65m████[38;2;123;123;115m████[38;2;65;65;65m██[38;2;123;123;115m██[38;2;99;99;90m██████[38;2;65;65;65m██[38;2;99;99;90m██████[38;2;123;123;115m████[38;2;0;0;0m██          
        ████[38;2;255;255;255m██[38;2;0;0;0m██[38;2;58;90;156m██[38;2;58;173;255m████[38;2;58;90;156m████  [38;2;0;0;0m██[38;2;99;99;90m██████[38;2;65;65;65m██[38;2;255;255;255m██[38;2;123;123;115m████[38;2;65;65;65m██[38;2;123;123;115m██████[38;2;99;99;90m████[38;2;65;65;65m██[38;2;99;99;90m██████[38;2;0;0;0m████            
            ██    [38;2;58;90;156m████        [38;2;0;0;0m██[38;2;99;99;90m██████[38;2;65;65;65m████[38;2;255;255;255m██[38;2;65;65;65m██[38;2;123;123;115m██████[38;2;99;99;90m████[38;2;0;0;0m████████                
                                ████████[38;2;115;181;222m██[38;2;65;65;65m██[38;2;123;123;115m██████[38;2;99;99;90m████[38;2;0;0;0m██                        
                                        ████[38;2;99;99;90m██████████[38;2;0;0;0m██                        
                                            ██[38;2;255;255;255m██[38;2;65;65;65m██[38;2;189;189;189m██[38;2;0;0;0m██                          
                                              ██████                            
[0m