                      [38;2;0;0;0m██                
                    ██[38;2;115;115;99m██[38;2;0;0;0m████            
                    ██[38;2;115;115;99m██████[38;2;0;0;0m████        
                    ██[38;2;115;115;99m██████████[38;2;0;0;0m██      
                  ██[38;2;65;65;65m██[38;2;115;115;99m██[38;2;0;0;0m██[38;2;115;115;99m████[38;2;65;65;65m██[38;2;0;0;0m██      
                  ██[38;2;115;115;99m████[38;2;0;0;0m██████[38;2;65;65;65m████[38;2;0;0;0m██    
                  ██[38;2;115;115;99m██[38;2;65;65;65m██[38;2;0;0;0m██    ██[38;2;65;65;65m██[38;2;0;0;0m██    
            ████████[38;2;115;115;99m██[38;2;0;0;0m██      ████      
        ████[38;2;115;115;99m██[38;2;65;65;65m████████[38;2;0;0;0m██              ██
      ██[38;2;115;115;99m████████[38;2;65;65;65m██████[38;2;0;0;0m████          ████
    ██[38;2;65;65;65m████[38;2;115;115;99m████[38;2;65;65;65m██████████[38;2;255;255;255m██[38;2;0;0;0m██    ██████  
  ██[38;2;255;115;115m██[38;2;214;74;99m██[38;2;65;65;65m████[38;2;214;74;99m██[38;2;255;115;115m██[38;2;214;74;99m██[38;2;65;65;65m██████[38;2;255;255;255m████[38;2;0;0;0m██  ██[38;2;65;65;65m██[38;2;0;0;0m██  
██[38;2;214;74;99m██[38;2;255;115;115m████[38;2;214;74;99m██[38;2;65;65;65m██[38;2;255;255;255m██[38;2;0;0;0m██[38;2;255;255;255m██[38;2;65;65;65m██████[38;2;255;255;255m██[38;2;65;65;65m██[38;2;0;0;0m██  ██████  
██[38;2;214;74;99m██[38;2;255;115;115m████[38;2;214;74;99m██[38;2;65;65;65m██[38;2;255;255;255m██[38;2;0;0;0m██[38;2;255;255;255m██[38;2;65;65;65m████[38;2;255;255;255m██████[38;2;189;189;189m██[38;2;0;0;0m████      
  ██[38;2;255;115;115m██[38;2;140;49;66m████[38;2;65;65;65m██[38;2;214;74;99m██[38;2;255;115;115m██[38;2;214;74;99m██[38;2;65;65;65m████[38;2;255;255;255m████[38;2;65;65;65m████[38;2;74;156;255m██[38;2;0;0;0m██      
  ████[38;2;214;74;99m████[38;2;65;65;65m██████████[38;2;189;189;189m████[38;2;255;255;255m████[38;2;65;65;65m██[38;2;74;156;255m██[38;2;0;0;0m██      
      ██████[38;2;65;65;65m██████[38;2;189;189;189m██████[38;2;65;65;65m████[38;2;74;156;255m██[38;2;0;0;0m██        
            ██[38;2;189;189;189m██[38;2;115;115;99m██[38;2;189;189;189m██[38;2;65;65;65m██[38;2;189;189;189m██[38;2;65;65;65m██[38;2;66;123;197m████[38;2;0;0;0m██        
              ██[38;2;107;197;107m██[38;2;65;65;65m██[38;2;107;197;107m██[38;2;65;65;65m██[38;2;66;123;197m████[38;2;0;0;0m██          
            ██[38;2;255;230;58m██[38;2;189;165;66m██[38;2;107;197;107m██████[38;2;65;65;65m██[38;2;0;0;0m██            
              ██████[38;2;255;230;58m██[38;2;189;165;66m██[38;2;255;230;58m██[38;2;0;0;0m██            
                    ██████              
[0m