          [38;2;0;0;0m██████    ██████          
        ██[38;2;82;197;82m██████[38;2;0;0;0m████[38;2;74;148;82m██[38;2;82;197;82m████[38;2;0;0;0m██        
      ██[38;2;82;197;82m██████████[38;2;65;65;65m██[38;2;74;148;82m████[38;2;82;197;82m████[38;2;0;0;0m██      
    ██[38;2;82;197;82m██████████[38;2;74;148;82m██████[38;2;0;0;0m████[38;2;82;197;82m██[38;2;0;0;0m██      
      ████[38;2;82;197;82m████[38;2;65;65;65m████[38;2;74;148;82m██[38;2;0;0;0m██    ████      
          ██[38;2;65;65;65m██[38;2;58;115;58m████[38;2;65;65;65m██[38;2;58;115;58m██[38;2;0;0;0m██            
            ██[38;2;58;115;58m████[38;2;0;0;0m██[38;2;58;115;58m████[38;2;0;0;0m████████    
        ██████[38;2;58;115;58m██[38;2;0;0;0m██  ██[38;2;58;115;58m████[38;2;65;65;65m██[38;2;247;115;156m████[38;2;0;0;0m██  
    ████[38;2;247;115;156m██[38;2;189;66;107m████[38;2;0;0;0m████    ██[38;2;65;65;65m██[38;2;247;115;156m████████[38;2;0;0;0m██
  ██[38;2;247;115;156m████[38;2;189;66;107m██[38;2;247;115;156m████████[38;2;0;0;0m██  ██[38;2;197;99;132m██[38;2;247;115;156m██████[38;2;197;99;132m██[38;2;0;0;0m██
  ██[38;2;247;115;156m██[38;2;189;66;107m██[38;2;247;115;156m██████████[38;2;0;0;0m██  ██[38;2;197;99;132m██████████[38;2;0;0;0m██
██[38;2;255;255;255m██[38;2;247;115;156m██[38;2;189;66;107m██[38;2;247;115;156m████████████[38;2;0;0;0m██  ██[38;2;197;99;132m██████[38;2;0;0;0m██  
████[38;2;247;115;156m██████[38;2;255;255;255m██[38;2;247;115;156m██████[38;2;197;99;132m██[38;2;0;0;0m██    ██████    
██[38;2;197;99;132m██[38;2;189;66;107m████[38;2;247;115;156m██[38;2;0;0;0m██[38;2;247;115;156m██[38;2;197;99;132m██████[38;2;0;0;0m██              
  ██[38;2;197;99;132m██████████████[38;2;0;0;0m██                
  ██████[38;2;197;99;132m██████████[38;2;0;0;0m██                
        ████[38;2;65;65;65m██[38;2;197;99;132m██[38;2;0;0;0m██                  
            ████                    
[0m