                  [38;2;0;0;0m██                      
                ██[38;2;247;123;66m██[38;2;0;0;0m██                    
          ████  ██[38;2;247;123;66m██[38;2;0;0;0m██    ████            
          ██[38;2;197;90;66m██[38;2;0;0;0m██[38;2;156;74;58m██[38;2;247;123;66m██[38;2;0;0;0m██  ██[38;2;247;123;66m██[38;2;0;0;0m██            
    ██████  ██[38;2;65;65;65m██[38;2;247;123;66m████[38;2;197;90;66m██[38;2;0;0;0m██[38;2;247;123;66m██[38;2;0;0;0m██              
  ██[38;2;197;90;66m██████[38;2;0;0;0m████[38;2;65;65;65m██[38;2;247;123;66m██[38;2;156;74;58m████[38;2;65;65;65m██[38;2;247;123;66m██[38;2;0;0;0m██              
██[38;2;197;90;66m██████████[38;2;65;65;65m██[38;2;247;123;66m██[38;2;156;74;58m██[38;2;247;123;66m██████[38;2;0;0;0m██                
██[38;2;197;90;66m██[38;2;156;74;58m██[38;2;197;90;66m██[38;2;156;74;58m██[38;2;65;65;65m██[38;2;247;123;66m██████████[38;2;255;255;255m██[38;2;247;123;66m██[38;2;0;0;0m██    ██████    
  ██[38;2;197;189;156m██[38;2;156;74;58m██[38;2;197;189;156m██[38;2;65;65;65m██[38;2;247;123;66m██[38;2;65;65;65m██[38;2;247;123;66m████[38;2;255;255;255m██[38;2;0;0;0m██[38;2;255;255;255m██[38;2;197;90;66m██[38;2;0;0;0m████[38;2;247;123;66m██████[38;2;0;0;0m██  
  ██[38;2;197;189;156m████[38;2;65;65;65m██[38;2;247;123;66m██[38;2;65;65;65m██[38;2;230;222;189m██[38;2;65;65;65m██[38;2;247;123;66m██[38;2;255;255;255m██████[38;2;197;90;66m██[38;2;65;65;65m██[38;2;247;123;66m██████████[38;2;0;0;0m██
    ██[38;2;197;189;156m██[38;2;65;65;65m██[38;2;247;123;66m██[38;2;165;148;115m██[38;2;230;222;189m████[38;2;65;65;65m██[38;2;197;90;66m██[38;2;255;255;255m██[38;2;197;90;66m██[38;2;65;65;65m██[38;2;247;123;66m████[38;2;156;74;58m██[38;2;247;123;66m████[38;2;197;90;66m██[38;2;0;0;0m██
      ████[38;2;65;65;65m██[38;2;230;222;189m██[38;2;165;148;115m████[38;2;65;65;65m██[38;2;197;90;66m██████[38;2;65;65;65m██[38;2;247;123;66m██[38;2;156;74;58m██[38;2;230;222;189m██[38;2;197;90;66m████[38;2;230;222;189m██[38;2;0;0;0m██
        ██[38;2;65;65;65m██[38;2;165;148;115m██[38;2;230;222;189m██████[38;2;65;65;65m██[38;2;197;90;66m████[38;2;65;65;65m██[38;2;247;123;66m██[38;2;156;74;58m██[38;2;230;222;189m██████[38;2;0;0;0m██  
      ██[38;2;197;90;66m██[38;2;65;65;65m██[38;2;230;222;189m██[38;2;165;148;115m██████[38;2;65;65;65m██[38;2;197;90;66m██████[38;2;65;65;65m██[38;2;230;222;189m████[38;2;65;65;65m██[38;2;0;0;0m██    
    ██[38;2;197;90;66m██[38;2;197;189;156m██[38;2;0;0;0m████[38;2;230;222;189m██████[38;2;197;189;156m██[38;2;65;65;65m██[38;2;197;90;66m██[38;2;65;65;65m██[38;2;197;90;66m██[38;2;65;65;65m██████[38;2;197;90;66m██[38;2;0;0;0m██  
    ██[38;2;197;90;66m██[38;2;0;0;0m██  ████[38;2;197;189;156m████████[38;2;65;65;65m██[38;2;247;123;66m██[38;2;65;65;65m████[38;2;197;90;66m██[38;2;65;65;65m██[38;2;0;0;0m████  
    ████        ██████████[38;2;247;123;66m████[38;2;65;65;65m██[38;2;0;0;0m████      
                        ██[38;2;65;65;65m██[38;2;247;123;66m██[38;2;0;0;0m██          
                          ██████          
[0m