      [38;2;0;0;0m██                                  
    ██[38;2;214;211;206m██[38;2;0;4;0m██[38;2;0;0;0m██                              
  ██[38;2;49;48;49m██[38;2;214;211;206m██[38;2;142;142;137m██[38;2;206;207;206m██[38;2;0;0;0m██                            
  ██[38;2;206;207;206m██████[38;2;0;0;0m██                  ██          
    ██[38;2;150;149;150m██[38;2;206;207;206m████[38;2;0;0;0m██        ████  ██[38;2;206;207;206m██[38;2;0;0;0m██        
      ██[38;2;206;207;206m██████[38;2;0;0;0m████████[38;2;148;150;148m██[38;2;214;212;214m██[38;2;0;0;0m██[38;2;222;223;222m██[38;2;206;207;206m██[38;2;0;0;0m██        
      ██[38;2;206;207;206m██[38;2;82;81;82m████[38;2;247;247;247m████████[38;2;148;150;148m██[38;2;247;243;247m██[38;2;222;223;222m████[38;2;137;138;137m██[38;2;0;0;0m██        
  ████[38;2;137;136;137m██[38;2;82;81;82m██[38;2;247;247;247m████████████[38;2;152;151;152m██[38;2;247;247;247m██████[38;2;214;211;206m████[38;2;0;0;0m██      
  ██[38;2;247;247;247m████[38;2;137;136;137m██[38;2;135;135;135m██[38;2;247;247;247m████████[38;2;152;151;152m██[38;2;247;247;247m████[38;2;214;214;214m██[38;2;148;150;148m██[38;2;142;142;137m██[38;2;0;4;0m██[38;2;148;150;148m██[38;2;0;0;0m██    
    ██[38;2;222;223;222m████[38;2;208;208;205m██[38;2;247;247;247m████████[38;2;208;208;205m██[38;2;214;212;208m██[38;2;247;243;239m██[38;2;152;151;152m██[38;2;247;247;247m████[38;2;152;151;152m██[38;2;0;0;0m██[38;2;206;207;206m██[38;2;0;0;0m██  
      ██[38;2;222;223;222m██[38;2;208;208;205m██[38;2;247;247;247m████████[38;2;208;208;205m██[38;2;214;212;208m██[38;2;148;150;148m██[38;2;247;247;247m████[38;2;152;151;152m████[38;2;206;207;206m██████[38;2;0;0;0m██
    ██[38;2;66;52;57m██[38;2;129;110;120m██[38;2;247;247;247m████████████████████[38;2;152;151;152m████[38;2;206;207;206m██[38;2;0;0;0m██[38;2;148;150;148m██[38;2;0;0;0m██
  ██[38;2;82;83;82m██[38;2;192;168;183m██[38;2;255;227;247m██[38;2;247;247;247m██[38;2;49;48;49m██[38;2;247;247;247m██████████████████[38;2;152;151;152m██[38;2;0;0;0m██  ██  
██[38;2;154;154;154m██[38;2;77;77;77m██[38;2;247;247;247m██[38;2;135;135;135m██[38;2;255;243;247m██[38;2;200;156;175m██[38;2;247;247;247m████[38;2;209;208;206m████[38;2;247;247;247m██[38;2;208;208;205m██[38;2;247;247;247m██[38;2;208;208;205m██[38;2;206;207;206m████[38;2;0;0;0m██      
  ████[38;2;135;135;135m██[38;2;247;247;247m██[38;2;173;113;140m██[38;2;255;243;247m██[38;2;247;247;247m██[38;2;152;151;152m██[38;2;209;208;206m████[38;2;247;247;247m██████[38;2;208;208;205m██[38;2;206;207;206m██[38;2;0;0;0m██        
      ██[38;2;82;82;85m██[38;2;247;247;247m████[38;2;135;135;135m██[38;2;247;247;247m██[38;2;214;211;206m██[38;2;148;147;145m██[38;2;209;208;206m████[38;2;206;207;206m████[38;2;82;82;85m██[38;2;0;0;0m██        
      ██[38;2;164;164;170m██[38;2;82;82;82m██[38;2;0;0;0m██[38;2;247;247;247m████[38;2;82;83;84m████[38;2;209;208;206m████[38;2;0;0;0m██[38;2;137;138;137m██[38;2;164;164;170m██[38;2;0;0;0m██        
        ████  ██[38;2;82;83;82m██[38;2;82;81;82m██[38;2;165;166;173m██[38;2;82;83;82m██[38;2;0;0;0m██  ████          
                ██[38;2;165;166;173m████[38;2;0;0;0m██                  
                  ████                    
[0m