                                          [38;2;0;0;0m████                
                            ████      ████[38;2;189;189;189m██[38;2;0;0;0m██                
            ██            ██[38;2;255;255;255m████[38;2;0;0;0m██████[38;2;189;189;189m████[38;2;0;0;0m██                  
        ████            ██[38;2;255;255;255m████████[38;2;189;189;189m████████[38;2;0;0;0m██                  
      ██[38;2;65;65;65m██[38;2;0;0;0m██            ██[38;2;255;255;255m████████[38;2;0;0;0m██[38;2;189;189;189m████[38;2;0;0;0m██                    
    ██[38;2;65;65;65m██[38;2;0;0;0m██            ██[38;2;255;255;255m████████[38;2;0;0;0m██  ████                    ██
    ██[38;2;65;65;65m████[38;2;0;0;0m██      ████[38;2;255;255;255m██████████[38;2;0;0;0m██                    ██  ████
      ██[38;2;65;65;65m████[38;2;0;0;0m██  ██[38;2;255;255;255m██████████[38;2;189;189;189m██[38;2;0;0;0m██                    ██[38;2;65;65;65m██[38;2;0;0;0m████  
        ██[38;2;65;65;65m████[38;2;0;0;0m██[38;2;255;255;255m██████████[38;2;189;189;189m██[38;2;0;0;0m██                      ██[38;2;65;65;65m████[38;2;0;0;0m██  
        ██[38;2;65;65;65m██████[38;2;255;255;255m██████████[38;2;189;189;189m██[38;2;0;0;0m██                    ██[38;2;65;65;65m██████[38;2;0;0;0m██  
      ██[38;2;65;65;65m██████[38;2;255;255;255m██████████[38;2;189;189;189m████[38;2;65;65;65m██[38;2;0;0;0m██          ██████  ██[38;2;65;65;65m██[38;2;0;0;0m████    
      ██[38;2;65;65;65m██████[38;2;255;255;255m██████████[38;2;65;65;65m██[38;2;189;189;189m████[38;2;173;66;58m██[38;2;0;0;0m██      ██[38;2;65;65;65m██[38;2;115;115;99m████[38;2;0;0;0m██[38;2;65;65;65m██[38;2;0;0;0m██        
      ██[38;2;65;65;65m████████[38;2;255;255;255m████[38;2;189;189;189m██[38;2;65;65;65m██[38;2;90;197;189m██[38;2;0;0;0m██[38;2;189;189;189m██[38;2;214;90;66m████[38;2;0;0;0m████  ██[38;2;115;115;99m████████[38;2;65;65;65m██[38;2;0;0;0m██        
      ██[38;2;65;65;65m████[38;2;173;66;58m██[38;2;65;65;65m██[38;2;189;189;189m████[38;2;65;65;65m██[38;2;255;255;255m██[38;2;66;156;140m██[38;2;0;0;0m██[38;2;173;66;58m██[38;2;214;90;66m██[38;2;65;65;65m██[38;2;115;115;99m████[38;2;0;0;0m██[38;2;65;65;65m████[38;2;0;0;0m██[38;2;115;115;99m██[38;2;65;65;65m████[38;2;0;0;0m██        
        ██[38;2;65;65;65m██[38;2;214;90;66m████[38;2;65;65;65m██[38;2;189;189;189m██[38;2;65;65;65m██[38;2;0;0;0m████[38;2;255;132;99m████[38;2;65;65;65m██[38;2;115;115;99m██████████[38;2;0;0;0m██  ██████          
          ██[38;2;173;66;58m████[38;2;0;0;0m████[38;2;65;65;65m██████[38;2;255;132;99m██[38;2;214;90;66m██[38;2;65;65;65m██[38;2;115;115;99m████████[38;2;65;65;65m██[38;2;0;0;0m██                  
          ██[38;2;65;65;65m██[38;2;255;132;99m██[38;2;0;0;0m████████[38;2;214;90;66m██[38;2;173;66;58m██[38;2;214;90;66m██[38;2;65;65;65m████[38;2;115;115;99m████[38;2;65;65;65m██[38;2;0;0;0m██                    
        ██[38;2;65;65;65m████[38;2;173;66;58m██[38;2;255;132;99m██[38;2;173;66;58m██[38;2;0;0;0m██[38;2;255;132;99m████[38;2;214;90;66m████[38;2;65;65;65m██████████[38;2;0;0;0m██                    
    ████[38;2;65;65;65m██[38;2;0;0;0m████[38;2;255;132;99m██████[38;2;173;66;58m██[38;2;255;132;99m██[38;2;214;90;66m████[38;2;65;65;65m██████[38;2;0;0;0m████[38;2;65;65;65m████[38;2;0;0;0m████    ██████      
  ██[38;2;65;65;65m████[38;2;0;0;0m██    ██[38;2;255;132;99m██[38;2;214;90;66m████████[38;2;65;65;65m██████[38;2;0;0;0m██    ██[38;2;65;65;65m██[38;2;115;115;99m████[38;2;0;0;0m██████████████  
██[38;2;65;65;65m██████[38;2;0;0;0m██      ██[38;2;214;90;66m████[38;2;65;65;65m████████[38;2;0;0;0m██    ████[38;2;115;115;99m████[38;2;0;0;0m████████████      
██[38;2;65;65;65m████[38;2;0;0;0m██          ██████[38;2;65;65;65m████[38;2;0;0;0m████████████[38;2;115;115;99m██████[38;2;0;0;0m██████          
  ██[38;2;65;65;65m██[38;2;0;0;0m██                ██[38;2;65;65;65m██████[38;2;0;0;0m████████[38;2;115;115;99m████[38;2;0;0;0m████████          
    ██              ████[38;2;65;65;65m████████████[38;2;0;0;0m██[38;2;115;115;99m██[38;2;65;65;65m██[38;2;115;115;99m██[38;2;0;0;0m██████            
                  ██[38;2;65;65;65m████████████████[38;2;0;0;0m██[38;2;115;115;99m██[38;2;0;0;0m██[38;2;115;115;99m██[38;2;0;0;0m██                
                  ██[38;2;65;65;65m██[38;2;0;0;0m██[38;2;65;65;65m██████████[38;2;0;0;0m██[38;2;65;65;65m██[38;2;0;0;0m██  ██                  
                    ██  ██[38;2;65;65;65m██[38;2;0;0;0m██[38;2;65;65;65m██[38;2;0;0;0m██  ██                        
                          ██  ██                              
[0m