            [38;2;0;0;0m████          [38;2;0;4;0m██[38;2;0;0;0m████████                
            ██[38;2;231;178;66m██[38;2;0;0;0m████  [38;2;0;4;0m████[38;2;66;162;173m██████████[38;2;0;0;0m████            
            ██[38;2;231;178;66m██[38;2;140;115;115m██[38;2;231;178;66m██[38;2;8;0;0m██[38;2;74;158;173m██[38;2;71;162;176m████[38;2;66;65;66m████[38;2;71;162;176m████████[38;2;0;0;0m██          
              ██[38;2;231;178;66m██[38;2;140;115;115m██[38;2;41;79;86m██[38;2;74;158;173m██[38;2;71;162;176m██[38;2;66;65;66m██[38;2;231;178;66m████[38;2;66;65;66m██████[38;2;71;162;176m██[38;2;66;162;173m██[38;2;0;0;0m██        
        [38;2;8;4;0m████[38;2;8;8;8m██[38;2;156;211;255m██[38;2;66;65;66m████[38;2;60;95;123m██[38;2;71;163;172m██[38;2;66;65;74m██[38;2;231;174;82m██[38;2;231;178;66m██[38;2;140;115;115m██[38;2;148;119;78m██[38;2;231;174;74m██[38;2;222;190;90m██[38;2;49;81;90m██[38;2;68;162;175m████[38;2;0;0;0m██      
      ██[38;2;148;166;181m██[38;2;54;58;60m██[38;2;57;75;90m████[38;2;255;255;255m██[38;2;66;65;66m██[38;2;60;95;123m████[38;2;66;65;74m██[38;2;148;119;78m██[38;2;231;178;66m████[38;2;231;174;74m██[38;2;66;65;82m██[38;2;49;81;90m██[38;2;106;117;90m██[38;2;68;162;175m████[38;2;0;0;0m██      
      ██[38;2;132;162;181m██[38;2;57;65;74m██[38;2;156;207;255m██[38;2;49;56;66m██[38;2;255;255;255m██[38;2;66;77;82m██[38;2;156;208;255m████[38;2;156;207;255m██[38;2;66;65;66m████████[38;2;156;207;255m██[38;2;57;93;123m██[38;2;69;162;172m██[38;2;68;162;175m████[38;2;66;162;173m██[38;2;0;0;0m██    
  ████[38;2;140;162;181m██[38;2;57;65;74m██[38;2;82;97;109m██[38;2;84;106;129m██[38;2;156;207;255m██[38;2;66;77;82m████[38;2;156;208;255m████[38;2;156;207;255m██[38;2;66;65;66m██[38;2;255;255;255m████[38;2;66;65;66m██[38;2;156;207;255m██[38;2;57;93;123m██[38;2;69;162;172m██[38;2;68;162;175m████[38;2;66;162;173m██[38;2;0;0;0m██    
[38;2;0;4;0m██[38;2;93;117;126m██[38;2;142;162;176m████[38;2;66;65;66m██[38;2;71;162;176m██[38;2;66;155;176m██[38;2;66;107;121m██[38;2;68;162;175m████[38;2;49;101;123m██[38;2;148;215;255m██[38;2;156;207;255m██[38;2;66;65;66m██[38;2;255;255;255m████[38;2;66;65;66m██[38;2;156;207;255m████[38;2;57;95;123m██[38;2;68;162;175m████████[38;2;0;0;0m██  
[38;2;0;4;0m██[38;2;140;174;189m██[38;2;142;162;176m██[38;2;66;65;66m██[38;2;71;162;176m████[38;2;66;60;66m████[38;2;68;162;175m████[38;2;82;139;167m██[38;2;49;101;123m██[38;2;156;207;255m████[38;2;66;65;66m████[38;2;156;207;255m██████[38;2;57;95;123m██[38;2;68;162;175m████████[38;2;0;0;0m██  
[38;2;0;4;0m██[38;2;93;117;126m██[38;2;110;129;142m██[38;2;66;65;66m██[38;2;69;162;172m████[38;2;68;162;175m████[38;2;66;65;66m██[38;2;71;162;176m██████[38;2;57;93;123m████[38;2;49;101;123m██[38;2;148;215;255m██[38;2;156;207;255m██████[38;2;57;95;123m██[38;2;69;162;172m████[38;2;49;101;123m██[38;2;82;139;167m██[38;2;0;0;0m██  
[38;2;0;4;0m██[38;2;140;174;189m██[38;2;132;162;181m██[38;2;66;65;66m██[38;2;69;162;172m██[38;2;57;93;123m██[38;2;68;162;175m████[38;2;71;162;176m██[38;2;66;65;66m██████[38;2;69;162;172m████[38;2;82;139;167m██[38;2;49;101;123m██[38;2;57;95;123m████████[38;2;69;162;172m██[38;2;57;93;123m██[38;2;148;215;255m██[38;2;49;101;123m██[38;2;74;121;123m██[38;2;0;0;0m██
  ██[38;2;107;129;142m██[38;2;57;65;66m██[38;2;84;106;129m██[38;2;156;207;255m██[38;2;74;121;123m██[38;2;70;162;177m██[38;2;66;125;123m██[38;2;93;153;167m██[38;2;70;162;177m████[38;2;66;65;66m████[38;2;71;162;176m████[38;2;68;162;175m████████[38;2;71;163;172m██[38;2;60;95;123m██[38;2;156;207;255m████[38;2;60;94;126m██[38;2;0;0;0m██
  ██[38;2;132;162;181m████[38;2;49;56;66m██[38;2;156;207;255m██[38;2;74;121;123m████[38;2;148;211;255m██[38;2;66;125;123m██[38;2;70;162;177m██[38;2;74;121;123m██[38;2;71;162;176m████[38;2;66;65;66m████[38;2;68;162;175m████████[38;2;60;95;123m████[38;2;139;162;177m██[38;2;156;207;255m██[38;2;60;94;126m██[38;2;0;0;0m██
    ████[38;2;63;73;85m██[38;2;173;219;255m██[38;2;77;120;120m██[38;2;121;163;183m██[38;2;165;207;255m██[38;2;82;120;117m██[38;2;74;121;123m██[38;2;156;207;255m██[38;2;51;130;134m██[38;2;87;152;161m██[38;2;68;162;175m████[38;2;66;65;66m██[38;2;71;162;176m██[38;2;74;162;173m██[38;2;57;97;123m██[38;2;156;207;255m████[38;2;156;208;255m████[38;2;173;219;255m██[38;2;0;4;0m██
        [38;2;8;0;0m██[38;2;118;146;170m██[38;2;77;120;120m██[38;2;165;207;247m██[38;2;165;207;255m██[38;2;123;163;186m██[38;2;74;121;123m██[38;2;156;207;255m██[38;2;123;174;189m██[38;2;87;152;161m██[38;2;68;162;175m████[38;2;71;162;176m████[38;2;62;118;139m██[38;2;57;97;123m██[38;2;90;133;145m████[38;2;156;208;255m████[38;2;115;147;170m██[38;2;0;4;0m██
      [38;2;0;0;0m██[38;2;71;121;123m████[38;2;66;65;66m████[38;2;165;207;255m████[38;2;77;120;120m██[38;2;165;207;247m████[38;2;77;120;120m██[38;2;70;162;177m██[38;2;74;121;123m██[38;2;71;121;123m████[38;2;74;121;123m██[38;2;60;95;126m██[38;2;156;207;255m████[38;2;165;211;255m██[38;2;126;159;178m██[38;2;140;162;181m██[38;2;0;0;0m██
      ██[38;2;71;121;123m██[38;2;66;65;66m██[38;2;156;207;255m████[38;2;66;65;66m██[38;2;132;159;192m██[38;2;77;120;120m██[38;2;121;163;183m████[38;2;77;120;120m██[38;2;74;121;123m████[38;2;66;65;66m████[38;2;74;121;123m████[38;2;57;97;115m██[38;2;90;133;161m██[38;2;107;134;140m██[38;2;126;159;178m██[38;2;0;0;0m██  
        ██[38;2;156;207;255m██[38;2;90;133;142m██[38;2;139;161;178m██[38;2;60;66;65m██[38;2;96;116;123m██[38;2;71;121;123m██[38;2;66;65;66m██[38;2;57;69;66m██[38;2;87;116;129m██[38;2;71;121;123m██[38;2;66;65;66m██[38;2;71;121;123m████[38;2;66;65;66m██[38;2;71;121;123m██[38;2;57;97;123m██[38;2;140;162;173m██[38;2;132;158;181m████[38;2;0;0;0m██  
        ██[38;2;156;207;255m██[38;2;139;161;178m████[38;2;132;166;181m██[38;2;60;66;65m██[38;2;71;121;123m██[38;2;66;65;66m██[38;2;148;211;255m██[38;2;57;69;66m██[38;2;66;65;66m██[38;2;71;121;123m██████████[38;2;84;118;139m██[38;2;57;97;123m██[38;2;88;105;120m██[38;2;0;0;0m██    
          ██[38;2;140;162;181m██████[38;2;0;0;0m██[38;2;57;69;85m██[38;2;156;207;255m██[38;2;90;133;145m██[38;2;156;207;255m██[38;2;62;103;123m████[38;2;71;121;123m████████[38;2;74;121;123m████[38;2;0;0;0m██      
            ██████  [38;2;8;0;0m██[38;2;156;207;255m████████[38;2;62;103;123m██[38;2;71;121;123m████████[38;2;0;0;0m████        
                      ██[38;2;156;207;255m████████[38;2;0;0;0m████████            
                        ████████                    
[0m