          [38;2;0;0;0m████  ████████          
        ██[38;2;156;227;231m████[38;2;0;0;0m██[38;2;255;255;255m████████[38;2;0;0;0m████      
    ██  ██[38;2;99;190;189m██[38;2;70;105;160m██[38;2;156;223;239m██[38;2;66;65;82m██[38;2;239;255;255m██[38;2;66;69;66m████[38;2;239;255;255m██[38;2;255;255;255m██[38;2;0;0;0m██    
  ██[38;2;123;166;231m██[38;2;0;0;0m██[38;2;255;255;255m██[38;2;99;190;189m████[38;2;156;223;239m██[38;2;126;170;186m██[38;2;66;69;66m██[38;2;181;193;192m████[38;2;66;69;66m██[38;2;255;255;255m████[38;2;0;0;0m██  
██[38;2;154;167;175m████[38;2;33;48;66m██[38;2;181;186;192m██[38;2;0;0;0m██[38;2;255;255;255m██[38;2;69;105;160m██[38;2;123;166;231m██[38;2;148;239;231m██[38;2;60;117;159m██[38;2;98;189;192m██[38;2;66;65;66m██[38;2;255;255;255m████[38;2;0;0;0m██  
  [38;2;0;0;16m██[38;2;231;251;255m██[38;2;255;255;255m██[38;2;107;117;129m██[38;2;255;255;255m████[38;2;69;105;160m██[38;2;123;166;231m██[38;2;104;178;195m████[38;2;98;189;192m██[38;2;66;65;66m██[38;2;255;255;255m██████[38;2;0;0;0m██
  ██[38;2;198;215;222m██[38;2;255;255;255m████[38;2;74;105;156m████[38;2;129;160;205m████[38;2;0;0;0m██[38;2;255;255;255m██[38;2;41;52;82m██[38;2;247;251;255m██[38;2;239;255;255m██[38;2;74;81;90m██[38;2;255;255;255m██[38;2;0;0;0m██
    ██[38;2;255;255;255m██████████[38;2;66;113;181m██[38;2;255;255;255m████[38;2;109;118;139m██[38;2;247;251;255m██[38;2;74;81;90m██[38;2;156;168;172m██[38;2;85;85;85m██[38;2;0;0;0m██
    ██[38;2;255;255;255m██████[38;2;156;225;227m██[38;2;99;190;189m██[38;2;255;255;255m██[38;2;74;105;156m████[38;2;255;255;255m██[38;2;115;138;148m██[38;2;255;255;255m██[38;2;123;165;227m██[38;2;123;166;231m██[38;2;0;0;0m██
      ██[38;2;255;255;255m████████████████[38;2;208;216;219m██[38;2;255;255;255m████[38;2;123;166;231m██[38;2;0;0;0m██
      ██[38;2;198;215;222m██[38;2;255;251;247m██[38;2;165;215;214m██[38;2;99;190;189m██[38;2;255;255;255m████████████[38;2;201;216;222m██[38;2;0;0;0m██  
        ██[38;2;195;227;225m████[38;2;255;255;255m██████████[38;2;201;216;222m██████[38;2;0;0;0m██  
        ██[38;2;198;215;222m████[38;2;120;140;142m████[38;2;198;215;222m████[38;2;200;216;219m████[38;2;0;0;0m████    
          ██████████[38;2;198;215;222m██[38;2;200;216;219m██[38;2;123;138;148m██[38;2;0;0;0m██      
                    ██████        
[0m