                                                      [38;2;0;0;0m████                
                                                ██████[38;2;255;255;255m████[38;2;0;0;0m██              
                                              ██[38;2;255;255;255m██████████[38;2;0;0;0m██              
                                              ██[38;2;255;255;255m██████[38;2;197;197;213m██[38;2;255;255;255m████[38;2;0;0;0m██            
                                              ██[38;2;255;255;255m████████[38;2;197;197;213m██[38;2;255;255;255m██[38;2;0;0;0m██            
                                          ████[38;2;238;246;255m██[38;2;156;156;189m████[38;2;255;255;255m██████[38;2;197;197;213m██[38;2;0;0;0m██            
                      ██                ██[38;2;238;246;255m██████████[38;2;156;156;189m████[38;2;255;255;255m████[38;2;156;156;189m██[38;2;0;0;0m██          
                    ██[38;2;255;255;255m██[38;2;0;0;0m██            ██[38;2;238;246;255m████████████████[38;2;156;156;189m██[38;2;238;246;255m██[38;2;255;255;255m██[38;2;0;0;0m██          
                  ██[38;2;255;255;255m████[38;2;0;0;0m██            ██[38;2;238;246;255m██████████████████[38;2;197;197;213m██[38;2;238;246;255m██[38;2;0;0;0m██          
                ██[38;2;65;65;65m██[38;2;255;255;255m██[38;2;238;246;255m████[38;2;0;0;0m██            ██[38;2;238;246;255m████[38;2;156;156;189m████████[38;2;238;246;255m████████[38;2;0;0;0m██          
            ████[38;2;238;246;255m██████████[38;2;65;65;65m██[38;2;0;0;0m██            ██[38;2;197;197;213m██████████[38;2;156;156;189m████[38;2;238;246;255m██████[38;2;0;0;0m██        
          ██[38;2;255;255;255m██████[38;2;238;246;255m████████████[38;2;0;0;0m██          ██[38;2;197;197;213m████████████████[38;2;238;246;255m████[38;2;0;0;0m██        
        ██[38;2;255;255;255m██████████[38;2;238;246;255m████████████[38;2;0;0;0m██        ██[38;2;197;197;213m████[38;2;0;0;0m██████████[38;2;197;197;213m██[38;2;156;156;189m██[38;2;238;246;255m████[38;2;0;0;0m██      
        ██[38;2;238;246;255m██[38;2;255;255;255m██████[38;2;238;246;255m██████████████[38;2;0;0;0m██          ████          ██[38;2;197;197;213m██[38;2;238;246;255m██████[38;2;0;0;0m██    
      ██[38;2;238;246;255m██████████████████████████[38;2;0;0;0m██                        ██[38;2;238;246;255m██████[38;2;0;0;0m██    
      ██[38;2;238;246;255m████████████[38;2;82;90;106m██[38;2;65;65;65m██[38;2;238;246;255m██████████[38;2;0;0;0m██                        ██[38;2;238;246;255m████████[38;2;0;0;0m██  
      ██[38;2;238;246;255m██████████[38;2;82;90;106m██[38;2;255;255;255m██[38;2;0;0;0m██[38;2;65;65;65m██[38;2;238;246;255m██████████[38;2;0;0;0m██                    ██[38;2;238;246;255m██████████[38;2;0;0;0m██  
    ██[38;2;238;246;255m████████████[38;2;0;0;0m██████[38;2;65;65;65m██[38;2;238;246;255m██████████[38;2;156;156;189m██[38;2;0;0;0m██                ██[38;2;238;246;255m██████████████[38;2;0;0;0m██
  ██[38;2;238;246;255m████[38;2;65;65;65m████[38;2;238;246;255m██████[38;2;65;65;65m██[38;2;156;131;74m██[38;2;131;115;90m██[38;2;65;65;65m██[38;2;238;246;255m██████████[38;2;156;156;189m██[38;2;255;255;255m██[38;2;0;0;0m██        ██████[38;2;238;246;255m████████████████[38;2;0;0;0m██
  ██[38;2;238;246;255m██████████████████████████████████[38;2;255;255;255m████[38;2;0;0;0m████████[38;2;255;255;255m████[38;2;238;246;255m██████████████████[38;2;0;0;0m██
  ██[38;2;197;197;213m██[38;2;238;246;255m██████████████████████████████████[38;2;255;255;255m████████████████[38;2;238;246;255m████████████████[38;2;0;0;0m██
    ██[38;2;197;197;213m██[38;2;82;90;106m██████[38;2;238;246;255m██████████████████████████████[38;2;255;255;255m██████████[38;2;238;246;255m██████████████████[38;2;0;0;0m██
      ██[38;2;238;246;255m██[38;2;65;65;65m██[38;2;197;197;213m██[38;2;82;90;106m████[38;2;238;246;255m████████[38;2;82;90;106m██[38;2;238;246;255m██████████████████████████████████████████[38;2;0;0;0m██  
        ██[38;2;82;90;106m██[38;2;197;197;213m██████[38;2;82;90;106m████████[38;2;238;246;255m████████████████████████████████████████████[38;2;0;0;0m██  
          ██[38;2;65;65;65m██[38;2;197;197;213m████[38;2;82;90;106m██[38;2;255;255;255m██[38;2;65;65;65m██[38;2;238;246;255m████████████████████[38;2;82;90;106m██[38;2;238;246;255m██████████████████████[38;2;0;0;0m██    
          ██[38;2;238;246;255m██[38;2;65;65;65m██[38;2;197;197;213m████[38;2;65;65;65m██[38;2;197;197;213m██████[38;2;238;246;255m██████████████████[38;2;82;90;106m██[38;2;238;246;255m████████████████████[38;2;0;0;0m██    
        ██[38;2;238;246;255m██[38;2;156;156;189m██[38;2;65;65;65m██[38;2;197;197;213m██████████████[38;2;238;246;255m██[38;2;197;197;213m██[38;2;238;246;255m██[38;2;82;90;106m██[38;2;238;246;255m████[38;2;156;156;189m██[38;2;238;246;255m████[38;2;82;90;106m████[38;2;238;246;255m████████████[38;2;197;197;213m██[38;2;0;0;0m██      
      ██[38;2;238;246;255m██[38;2;156;156;189m██[38;2;197;197;213m████[38;2;65;65;65m██[38;2;197;197;213m██████████[38;2;238;246;255m██[38;2;197;197;213m██[38;2;238;246;255m██[38;2;197;197;213m████[38;2;82;90;106m██[38;2;238;246;255m████[38;2;156;156;189m██[38;2;238;246;255m████[38;2;156;156;189m██[38;2;82;90;106m████[38;2;238;246;255m████[38;2;197;197;213m████[38;2;0;0;0m██        
  ████[38;2;238;246;255m████[38;2;197;197;213m██████[38;2;0;0;0m██[38;2;65;65;65m██[38;2;197;197;213m██████████[38;2;238;246;255m██[38;2;197;197;213m██[38;2;238;246;255m██[38;2;197;197;213m████[38;2;82;90;106m██[38;2;238;246;255m████[38;2;156;156;189m██[38;2;238;246;255m████[38;2;156;156;189m██[38;2;255;255;255m██[38;2;82;90;106m██████[38;2;0;0;0m██          
██[38;2;238;246;255m██████[38;2;156;156;189m██[38;2;197;197;213m████[38;2;0;0;0m██  ██[38;2;197;197;213m████████████████████[38;2;82;90;106m██[38;2;238;246;255m████[38;2;197;197;213m████[38;2;238;246;255m████[38;2;197;197;213m██[38;2;255;255;255m████████[38;2;0;0;0m██        
██[38;2;238;246;255m████[38;2;156;156;189m██[38;2;0;0;0m██████      ██[38;2;197;197;213m████████████████████[38;2;82;90;106m██[38;2;238;246;255m████[38;2;156;156;189m██[38;2;238;246;255m████████[38;2;255;255;255m██████[38;2;0;0;0m██        
  ██████              ██[38;2;197;197;213m██████████████████[38;2;82;90;106m██[38;2;238;246;255m██████[38;2;156;156;189m████[38;2;238;246;255m████████[38;2;0;0;0m██          
                        ████[38;2;197;197;213m████████████████[38;2;82;90;106m██[38;2;238;246;255m████████[38;2;197;197;213m██████[38;2;238;246;255m██[38;2;0;0;0m██          
                            ██████[38;2;197;197;213m████████████[38;2;0;0;0m██[38;2;238;246;255m████████████████[38;2;0;0;0m██        
                                  ████████████  ████[38;2;238;246;255m██████████████[38;2;0;0;0m██      
                                                    ████[38;2;238;246;255m██████████[38;2;0;0;0m██      
                                                        ██████████        
[0m