              [38;2;0;0;0m████            
          ████[38;2;65;65;65m██[38;2;255;246;164m██[38;2;0;0;0m████        
          ██[38;2;255;246;164m██[38;2;65;65;65m██[38;2;255;246;164m██[38;2;65;65;65m██[38;2;255;246;164m██[38;2;0;0;0m██      
            ██[38;2;255;246;164m██████[38;2;0;0;0m████      
            ████[38;2;255;246;164m██[38;2;0;0;0m██          
          ██[38;2;180;131;90m██████[38;2;139;98;57m██[38;2;0;0;0m██        
        ██[38;2;180;131;90m██████████[38;2;139;98;57m██[38;2;0;0;0m██      
        ██[38;2;139;98;57m██[38;2;180;131;90m██[38;2;0;0;0m██[38;2;180;131;90m██████[38;2;0;0;0m██      
      ██[38;2;246;123;139m██[38;2;255;205;213m██[38;2;139;98;57m██[38;2;0;0;0m██[38;2;180;131;90m██████[38;2;0;0;0m██      
      ██[38;2;65;65;65m██[38;2;205;98;115m████[38;2;139;98;57m██[38;2;180;131;90m██████[38;2;0;0;0m██      
    ██[38;2;65;65;65m██[38;2;180;131;90m██[38;2;65;65;65m████[38;2;180;131;90m██████[38;2;139;98;57m██[38;2;0;0;0m████    
  ██[38;2;131;131;131m██[38;2;65;65;65m██[38;2;139;98;57m██[38;2;180;131;90m██████[38;2;139;98;57m██████[38;2;65;65;65m██[38;2;131;131;131m██[38;2;0;0;0m██  
██[38;2;115;115;98m██[38;2;82;82;74m████[38;2;65;65;65m████[38;2;139;98;57m██████████[38;2;65;65;65m██[38;2;82;82;74m██[38;2;131;131;131m██[38;2;0;0;0m██
██[38;2;82;82;74m████[38;2;65;65;65m██[38;2;131;131;131m████[38;2;65;65;65m██[38;2;139;98;57m████[38;2;65;65;65m████[38;2;131;131;131m██[38;2;82;82;74m████[38;2;0;0;0m██
  ████[38;2;131;131;131m██████[38;2;65;65;65m██[38;2;131;131;131m████[38;2;82;82;74m██[38;2;115;115;98m██[38;2;131;131;131m████[38;2;0;0;0m██  
      ██[38;2;115;115;98m██[38;2;131;131;131m██[38;2;82;82;74m████[38;2;131;131;131m████[38;2;0;0;0m██[38;2;115;115;98m██[38;2;65;65;65m██[38;2;0;0;0m██  
        ████[38;2;82;82;74m████[38;2;0;0;0m████  ████    
            ████              
[0m