                                        [38;2;0;0;0m██████                              
                                    ████[38;2;115;173;165m████[38;2;115;174;165m██[38;2;0;0;0m████                          
                                  ██[38;2;115;174;165m████[38;2;115;173;165m████[38;2;115;174;165m██████[38;2;0;0;0m██                        
                                ██[38;2;115;174;165m██[38;2;115;173;165m████[38;2;115;173;164m████████[38;2;115;174;165m██[38;2;0;0;0m██                        
                                ██[38;2;115;174;165m██[38;2;115;173;165m████[38;2;115;173;164m██[38;2;66;65;66m████[38;2;115;173;164m██[38;2;115;174;165m████[38;2;0;0;0m██                      
                                ██[38;2;115;174;165m██████[38;2;0;0;0m████[38;2;173;215;173m████[38;2;115;173;164m████[38;2;0;0;0m██  ████████            
                              ██[38;2;115;174;165m██████[38;2;0;0;0m██    ██[38;2;173;215;173m████[38;2;115;173;164m██[38;2;66;65;66m██[38;2;0;0;0m██[38;2;239;247;239m████████[38;2;0;0;0m██          
                  ██[38;2;0;4;0m████[38;2;0;0;0m██    ██[38;2;115;173;165m████[38;2;115;174;165m██[38;2;0;0;0m██    ██[38;2;173;215;173m████[38;2;115;173;164m██[38;2;66;65;66m██[38;2;239;247;239m████████████[38;2;0;0;0m██        
              ████[38;2;239;247;239m██[38;2;255;255;247m██[38;2;170;171;164m██[38;2;189;190;173m██[38;2;0;0;0m████[38;2;66;65;66m██[38;2;115;173;165m████[38;2;115;174;165m██[38;2;0;0;0m██  ██[38;2;173;215;173m████[38;2;115;173;164m████[38;2;66;65;66m██[38;2;239;247;239m████████████[38;2;0;0;0m██        
            ██[38;2;239;239;231m██[38;2;239;247;239m████[38;2;189;189;173m██[38;2;239;247;239m██████████[38;2;49;73;74m██[38;2;140;162;156m██[38;2;0;0;0m██    ██[38;2;173;214;173m████[38;2;115;173;165m████[38;2;115;173;164m██[38;2;66;65;66m██[38;2;239;247;239m████████[38;2;189;190;173m██[38;2;0;0;0m██  ██    
            ██[38;2;159;159;154m██[38;2;239;247;239m██████████[38;2;189;189;173m████[38;2;239;247;239m██[38;2;231;251;239m████[38;2;0;0;0m██  ██[38;2;173;215;173m██[38;2;173;214;173m████[38;2;115;173;165m████[38;2;115;173;164m██[38;2;66;65;66m██[38;2;239;247;239m██[38;2;115;174;165m██[38;2;239;247;239m████[38;2;189;190;173m████[38;2;0;0;0m██[38;2;239;247;239m██[38;2;0;0;0m██  
          ██[38;2;247;223;49m████[38;2;156;147;131m██[38;2;239;247;239m████████████[38;2;156;147;131m██[38;2;239;247;239m██████[38;2;0;0;0m██[38;2;173;215;173m████[38;2;184;195;181m██[38;2;74;77;66m██[38;2;57;69;66m██[38;2;139;162;156m██[38;2;115;173;165m████[38;2;66;65;66m██[38;2;115;173;164m██[38;2;239;247;239m██████[38;2;181;186;181m██[38;2;239;247;239m████[38;2;0;0;0m██  
    ████  ██[38;2;255;166;214m██[38;2;247;223;49m██[38;2;156;147;131m██[38;2;239;247;239m██[38;2;66;65;66m██████[38;2;239;247;239m██████[38;2;189;189;173m██[38;2;239;247;239m████[38;2;79;82;79m██[38;2;239;247;239m██[38;2;173;215;173m██[38;2;129;136;123m██[38;2;239;255;239m██[38;2;222;255;247m██[38;2;57;69;66m██[38;2;115;173;165m████[38;2;115;173;164m████[38;2;115;174;165m██[38;2;239;247;239m████[38;2;66;65;66m██[38;2;239;247;239m██[38;2;0;0;0m██    
  ██[38;2;115;173;165m████[38;2;8;4;8m██[38;2;43;60;60m██[38;2;144;150;86m██[38;2;231;231;90m██[38;2;120;147;115m██[38;2;57;101;132m██[38;2;247;223;49m██████[38;2;66;65;66m██[38;2;239;247;239m████████████[38;2;66;65;66m██[38;2;239;247;239m██████[38;2;66;65;66m████[38;2;57;69;66m██[38;2;139;162;156m██[38;2;115;173;165m████[38;2;66;69;66m██[38;2;173;199;189m██[38;2;239;247;239m████[38;2;66;65;66m████[38;2;0;0;0m██  
██[38;2;115;174;165m██[38;2;115;173;165m████[38;2;115;174;165m████[38;2;57;69;82m████[38;2;120;147;115m██[38;2;247;239;82m██[38;2;239;138;198m████[38;2;247;223;49m████[38;2;66;65;66m██[38;2;239;247;239m████[38;2;189;189;173m██[38;2;239;247;239m████[38;2;66;65;66m██[38;2;239;247;239m██████████[38;2;222;255;247m██[38;2;57;69;66m██[38;2;115;173;165m████[38;2;137;155;148m██[38;2;66;69;66m██[38;2;189;189;173m██[38;2;239;247;239m██████[38;2;189;190;173m██[38;2;0;0;0m██
██[38;2;115;166;156m██[38;2;115;173;164m██[38;2;66;65;66m██[38;2;115;173;165m████[38;2;115;173;164m████████[38;2;247;154;206m████[38;2;247;223;49m████[38;2;66;69;66m██[38;2;239;255;239m██[38;2;239;247;239m████[38;2;156;147;131m██[38;2;239;247;239m████[38;2;66;65;66m██[38;2;239;247;239m██[38;2;189;189;173m██[38;2;186;186;176m██[38;2;247;247;231m██[38;2;66;65;66m██[38;2;115;173;164m████[38;2;173;215;173m██[38;2;132;167;148m██[38;2;66;65;66m██[38;2;189;190;173m██[38;2;66;65;66m██[38;2;189;190;173m████[38;2;0;0;0m██  
██[38;2;57;83;78m██[38;2;115;173;164m████[38;2;115;173;165m████[38;2;173;215;173m██[38;2;115;173;164m████[38;2;173;215;173m██[38;2;115;174;165m████[38;2;173;215;173m████[38;2;181;193;181m██[38;2;66;69;66m██[38;2;239;247;239m████[38;2;156;147;131m██[38;2;239;247;239m██[38;2;181;186;181m██[38;2;66;65;66m██[38;2;239;247;239m████[38;2;186;186;176m██[38;2;66;65;66m██[38;2;115;173;164m████[38;2;173;215;173m██[38;2;115;173;164m██[38;2;165;219;189m██[38;2;66;65;66m██[38;2;189;190;173m████[38;2;0;0;0m████    
██[38;2;173;215;173m██[38;2;165;219;181m██[38;2;129;167;142m██[38;2;115;173;164m██[38;2;173;215;173m████[38;2;137;165;137m██[38;2;66;65;66m██[38;2;137;165;137m██[38;2;173;215;173m████[38;2;181;203;173m██[38;2;66;65;66m██[38;2;173;215;173m██[38;2;66;65;66m██[38;2;239;247;239m████[38;2;189;190;173m██[38;2;66;65;66m██[38;2;181;186;181m██[38;2;66;65;66m██[38;2;239;247;239m██████[38;2;189;189;173m██[38;2;57;69;66m██[38;2;139;162;156m██[38;2;57;69;66m██[38;2;139;162;156m██[38;2;123;174;165m██[38;2;51;60;60m██[38;2;0;0;0m████        
  ██[38;2;129;167;142m██[38;2;57;65;66m██[38;2;173;215;173m██████[38;2;66;65;66m██[38;2;173;215;173m██[38;2;66;65;66m██[38;2;173;215;173m██[38;2;66;65;66m████[38;2;181;203;173m██[38;2;137;165;137m██[38;2;66;65;66m██[38;2;189;189;173m████[38;2;189;190;173m██[38;2;66;65;66m████[38;2;239;247;239m████████[38;2;189;189;173m██[38;2;222;255;247m██[38;2;57;69;66m██[38;2;222;255;247m██[38;2;57;69;66m██[38;2;51;60;60m██[38;2;16;4;8m██            
    [38;2;0;0;0m██[38;2;189;190;173m██[38;2;66;65;66m████[38;2;173;215;173m████[38;2;148;158;148m██[38;2;66;65;66m██[38;2;79;82;79m██[38;2;239;247;239m██[38;2;189;190;173m██[38;2;0;0;0m██[38;2;132;158;132m██[38;2;66;79;66m██[38;2;189;189;173m████[38;2;189;190;173m██[38;2;66;65;66m██[38;2;189;189;173m██[38;2;239;247;239m████████████████[38;2;189;189;173m██[38;2;189;189;172m██[38;2;156;147;131m██[38;2;0;0;0m██          
      ██[38;2;239;247;239m████[38;2;66;65;66m██████[38;2;231;251;231m██[38;2;239;247;239m██[38;2;0;0;0m████  ██[38;2;66;79;66m██[38;2;189;189;173m████[38;2;66;65;66m██[38;2;148;148;137m██[38;2;189;189;173m████[38;2;239;247;239m████████[38;2;183;182;167m██[38;2;156;150;132m██[38;2;189;189;173m████[38;2;189;189;172m████[38;2;189;190;173m██[38;2;0;0;0m██        
        ████[38;2;159;162;154m██[38;2;239;243;231m████[38;2;159;162;154m██[38;2;0;0;0m██        ██[38;2;66;64;66m████[38;2;156;150;132m██████[38;2;183;182;167m██[38;2;239;247;239m████[38;2;156;147;131m██[38;2;239;247;239m██████[38;2;159;156;148m████[38;2;156;150;132m██[38;2;0;0;0m████          
            ██[38;2;239;243;231m████[38;2;0;0;0m██            ██████[38;2;156;150;132m██[38;2;239;247;239m████[38;2;156;147;131m██[38;2;239;247;239m████[38;2;156;147;131m██[38;2;189;189;173m██[38;2;239;247;239m██[38;2;239;235;222m██[38;2;0;0;0m████              
              ████                    ██[38;2;255;255;247m██[38;2;170;171;164m██[38;2;0;0;0m████[38;2;239;247;239m████[38;2;0;0;0m██████                  
                                        [38;2;0;4;0m████    [38;2;0;0;0m████                        
[0m