          [38;2;0;0;0m██  ██                
        ██[38;2;165;214;255m██[38;2;0;0;0m██[38;2;165;214;255m██[38;2;0;0;0m██              
        ██[38;2;165;214;255m██████[38;2;0;0;0m██              
        ██[38;2;82;115;165m██[38;2;165;214;255m██[38;2;65;65;65m██[38;2;165;214;255m██[38;2;0;0;0m██            
      ██[38;2;165;214;255m██████████[38;2;123;181;222m██[38;2;0;0;0m██          
    ██[38;2;123;181;222m██[38;2;165;214;255m████████████[38;2;0;0;0m██          
    ██[38;2;165;214;255m████████[38;2;255;255;255m██[38;2;165;214;255m██████[38;2;0;0;0m██        
    ██[38;2;82;115;165m██[38;2;123;181;222m██[38;2;165;214;255m██[38;2;255;255;255m██[38;2;0;0;0m██[38;2;255;255;255m██[38;2;165;214;255m████[38;2;0;0;0m██  ██    
  ██[38;2;206;173;66m██[38;2;247;247;41m████[38;2;140;140;115m██[38;2;255;255;255m██[38;2;0;0;0m██[38;2;255;255;255m██[38;2;165;214;255m██████[38;2;0;0;0m██[38;2;165;214;255m██[38;2;0;0;0m██  
██[38;2;247;247;41m██████████[38;2;140;140;115m██[38;2;255;255;255m██[38;2;165;214;255m██[38;2;123;181;222m██[38;2;65;65;65m████[38;2;165;214;255m██[38;2;123;181;222m██[38;2;0;0;0m██  
  ████[38;2;206;173;66m████[38;2;65;65;65m████[38;2;123;181;222m██[38;2;82;115;165m██[38;2;65;65;65m██[38;2;123;181;222m██[38;2;82;115;165m██[38;2;65;65;65m████[38;2;165;214;255m██[38;2;0;0;0m██
      ████[38;2;82;115;165m██[38;2;123;181;222m████[38;2;82;115;165m██[38;2;123;181;222m██[38;2;82;115;165m██[38;2;165;214;255m████████[38;2;0;0;0m██
        ██[38;2;123;181;222m██[38;2;65;65;65m██[38;2;123;181;222m██████[38;2;165;214;255m████████[38;2;82;132;247m██[38;2;0;0;0m██
      ██[38;2;82;132;247m██[38;2;65;65;65m██[38;2;82;132;247m██[38;2;65;65;65m██[38;2;123;181;222m██[38;2;65;65;65m██[38;2;165;214;255m██████[38;2;82;115;165m██[38;2;0;0;0m██  
      ██[38;2;82;132;247m██████[38;2;65;65;65m██[38;2;82;132;247m████[38;2;65;65;65m██[38;2;0;0;0m██████    
        ██[38;2;82;132;247m██[38;2;65;65;65m██[38;2;82;132;247m████████████[38;2;0;0;0m██    
        ██[38;2;206;173;66m██[38;2;140;140;115m██[38;2;65;65;65m████[38;2;206;173;66m██[38;2;65;65;65m██[38;2;82;132;247m██[38;2;0;0;0m██      
          ██████[38;2;247;247;41m██████[38;2;0;0;0m██        
                ██████          
[0m