                      [38;2;0;0;0m██████                  
                  ████[38;2;255;246;172m██████[38;2;0;0;0m██                
                ██[38;2;255;246;172m██[38;2;197;189;90m██[38;2;74;74;74m████[38;2;255;246;172m████[38;2;0;0;0m██              
              ██[38;2;255;246;172m██[38;2;74;74;74m██[38;2;180;131;90m██████[38;2;74;74;74m██[38;2;255;246;172m████[38;2;0;0;0m██            
            ██[38;2;197;189;90m██[38;2;74;74;74m██[38;2;180;131;90m████[38;2;0;0;0m██[38;2;180;131;90m████[38;2;74;74;74m██[38;2;255;246;172m██[38;2;0;0;0m██            
            ██[38;2;197;189;90m██[38;2;74;74;74m██[38;2;156;106;65m██[38;2;180;131;90m██[38;2;0;0;0m██[38;2;180;131;90m████[38;2;74;74;74m██[38;2;255;255;255m██[38;2;0;0;0m██            
          ██[38;2;197;189;90m██[38;2;74;74;74m██[38;2;255;255;255m██[38;2;246;123;131m████[38;2;180;131;90m██████[38;2;74;74;74m██[38;2;255;246;172m████[38;2;0;0;0m██          
        ██[38;2;197;189;90m████[38;2;74;74;74m██[38;2;205;90;98m██[38;2;246;123;131m██[38;2;205;90;98m██[38;2;123;74;57m██[38;2;180;131;90m██[38;2;74;74;74m██[38;2;255;246;172m████████[38;2;0;0;0m██        
        ██[38;2;74;74;74m████████[38;2;123;74;57m████[38;2;180;131;90m████[38;2;74;74;74m██[38;2;255;246;172m██████[38;2;197;189;90m████[38;2;0;0;0m██      
        ██[38;2;255;246;172m████████[38;2;74;74;74m██[38;2;156;106;65m████████[38;2;74;74;74m██[38;2;255;246;172m██[38;2;197;189;90m██████[38;2;0;0;0m██      
      ██[38;2;255;246;172m██[38;2;74;74;74m████[38;2;255;246;172m██████[38;2;74;74;74m██[38;2;156;106;65m██[38;2;74;74;74m████████[38;2;197;189;90m██████[38;2;0;0;0m██      
  ████[38;2;255;246;172m██[38;2;74;74;74m██[38;2;156;106;65m██[38;2;180;131;90m██[38;2;74;74;74m██[38;2;255;246;172m██[38;2;197;189;90m████[38;2;74;74;74m██[38;2;255;246;172m████████[38;2;74;74;74m██[38;2;197;189;90m██[38;2;255;246;172m██[38;2;197;189;90m██[38;2;0;0;0m██████
██[38;2;255;246;172m████[38;2;74;74;74m████[38;2;180;131;90m████[38;2;0;0;0m██[38;2;74;74;74m██[38;2;197;189;90m██[38;2;74;74;74m██[38;2;255;246;172m██[38;2;74;74;74m████[38;2;255;246;172m██████[38;2;74;74;74m██[38;2;197;189;90m████████[38;2;0;0;0m██
  ██[38;2;74;74;74m████[38;2;255;255;255m██[38;2;246;123;131m██[38;2;156;106;65m██[38;2;0;0;0m██[38;2;180;131;90m██[38;2;74;74;74m██[38;2;255;246;172m██[38;2;74;74;74m██[38;2;180;131;90m████[38;2;0;0;0m██[38;2;255;246;172m████[38;2;197;189;90m██[38;2;74;74;74m██[38;2;197;189;90m████[38;2;0;0;0m██  
██[38;2;131;131;131m████[38;2;74;74;74m██[38;2;205;90;98m██[38;2;246;123;131m████[38;2;123;74;57m██[38;2;180;131;90m██[38;2;74;74;74m████[38;2;246;123;131m██[38;2;255;255;255m██[38;2;205;90;98m██[38;2;0;0;0m██[38;2;180;131;90m██[38;2;255;246;172m████[38;2;74;74;74m██[38;2;90;90;90m██[38;2;0;0;0m██    
██[38;2;131;131;131m██[38;2;74;74;74m██[38;2;90;90;90m██[38;2;74;74;74m██[38;2;123;74;57m████[38;2;156;106;65m████[38;2;74;74;74m████[38;2;205;90;98m██[38;2;246;123;131m████[38;2;180;131;90m████[38;2;255;246;172m████[38;2;74;74;74m██[38;2;90;90;90m██[38;2;0;0;0m██    
  ██[38;2;90;90;90m██[38;2;131;131;131m████[38;2;74;74;74m██[38;2;156;106;65m██████[38;2;74;74;74m██[38;2;156;106;65m██[38;2;74;74;74m██[38;2;123;74;57m████[38;2;180;131;90m████[38;2;74;74;74m████[38;2;90;90;90m██[38;2;0;0;0m██      
  ██[38;2;90;90;90m██[38;2;131;131;131m████[38;2;74;74;74m██████[38;2;131;131;131m████[38;2;74;74;74m██[38;2;180;131;90m████████[38;2;156;106;65m██[38;2;74;74;74m██[38;2;90;90;90m██████[38;2;0;0;0m██    
    ██[38;2;90;90;90m██[38;2;74;74;74m████[38;2;90;90;90m██[38;2;131;131;131m████[38;2;90;90;90m██[38;2;74;74;74m██[38;2;156;106;65m██████████[38;2;74;74;74m██[38;2;131;131;131m██[38;2;74;74;74m██[38;2;90;90;90m████[38;2;0;0;0m██  
      ████[38;2;90;90;90m████[38;2;74;74;74m██[38;2;90;90;90m██████[38;2;74;74;74m██[38;2;156;106;65m██████[38;2;74;74;74m██[38;2;131;131;131m██████[38;2;74;74;74m██[38;2;90;90;90m██[38;2;0;0;0m██  
          ████[38;2;90;90;90m████[38;2;131;131;131m████[38;2;90;90;90m████[38;2;74;74;74m██[38;2;90;90;90m██[38;2;74;74;74m██[38;2;90;90;90m██[38;2;131;131;131m██[38;2;90;90;90m██[38;2;0;0;0m████    
              ██[38;2;90;90;90m██[38;2;131;131;131m████[38;2;0;0;0m████[38;2;90;90;90m██████[38;2;74;74;74m██[38;2;90;90;90m██[38;2;0;0;0m██        
                ██████    ██[38;2;90;90;90m████[38;2;0;0;0m████          
                            ████              
[0m