                        [38;2;0;0;0m████████████                        
                    ████[38;2;82;99;189m████████████[38;2;0;0;0m██████              ████
                ████[38;2;58;74;140m████████[38;2;197;173;99m████[38;2;255;255;132m████[38;2;197;173;99m██[38;2;82;99;189m████[38;2;0;0;0m████████    ██[38;2;123;140;255m██[38;2;0;0;0m██
              ██[38;2;58;74;140m██[38;2;82;99;189m██████████[38;2;58;74;140m████[38;2;197;173;99m██[38;2;255;255;132m████[38;2;197;173;99m████[38;2;82;99;189m████████[38;2;0;0;0m████[38;2;82;99;189m████[38;2;0;0;0m██
            ██[38;2;82;99;189m██████████████████[38;2;58;74;140m████[38;2;255;255;132m██[38;2;197;173;99m██[38;2;255;255;132m████[38;2;197;173;99m████[38;2;82;99;189m██████[38;2;0;0;0m████  
          ██[38;2;82;99;189m██████████████[38;2;255;255;74m██[38;2;82;99;189m████████[38;2;58;74;140m██[38;2;255;255;132m██████[38;2;197;173;99m██[38;2;255;255;132m██████[38;2;0;0;0m██      
          ██[38;2;123;140;255m██[38;2;82;99;189m████████[38;2;255;255;74m██[38;2;82;99;189m██████[38;2;239;181;0m██[38;2;82;99;189m██████[38;2;58;74;140m██[38;2;0;0;0m████[38;2;255;255;132m████[38;2;0;0;0m████        
        ██[38;2;123;140;255m████[38;2;82;99;189m████[38;2;255;255;74m████[38;2;239;181;0m██[38;2;82;99;189m██████████████[38;2;0;0;0m██    ████            
        ██[38;2;123;140;255m██[38;2;82;99;189m████[38;2;255;255;74m██[38;2;0;0;0m██[38;2;247;82;90m██[38;2;255;255;74m██[38;2;82;99;189m██████████████[38;2;0;0;0m██              ████  
        ██[38;2;82;99;189m██████[38;2;255;255;74m██[38;2;247;82;90m████[38;2;239;181;0m██[38;2;82;99;189m██[38;2;65;65;65m████[38;2;82;99;189m████████[38;2;0;0;0m██            ██[38;2;82;99;189m██[38;2;0;0;0m██  
      ██[38;2;247;82;90m████[38;2;82;99;189m████[38;2;255;255;74m████[38;2;239;181;0m██[38;2;82;99;189m██[38;2;181;49;58m██[38;2;65;65;65m██[38;2;197;173;99m██[38;2;58;74;140m██[38;2;82;99;189m████[38;2;0;0;0m██          ████[38;2;255;255;132m██[38;2;82;99;189m██[38;2;0;0;0m██  
      ██[38;2;255;255;255m██[38;2;247;82;90m████████[38;2;181;49;58m████[38;2;247;82;90m████[38;2;65;65;65m██[38;2;255;255;132m██[38;2;58;74;140m██[38;2;65;65;65m██[38;2;123;140;255m██[38;2;0;0;0m██      ████[38;2;197;173;99m██[38;2;255;255;132m██[38;2;82;99;189m██[38;2;0;0;0m██    
    ██[38;2;65;65;65m██[38;2;255;255;255m██[38;2;65;65;65m██[38;2;247;82;90m██[38;2;255;255;255m██[38;2;247;82;90m████[38;2;255;255;255m██[38;2;247;82;90m██[38;2;65;65;65m██[38;2;255;255;132m██[38;2;197;173;99m██[38;2;58;74;140m██[38;2;65;65;65m██[38;2;123;140;255m████[38;2;0;0;0m██████[38;2;197;173;99m██[38;2;255;255;132m██[38;2;197;173;99m██[38;2;82;99;189m████[38;2;0;0;0m██    
  ██[38;2;189;189;189m██[38;2;82;99;189m██[38;2;65;65;65m██[38;2;82;99;189m██[38;2;65;65;65m██[38;2;255;255;255m██[38;2;65;65;65m██[38;2;181;49;58m██[38;2;255;255;255m██[38;2;181;49;58m██[38;2;65;65;65m██[38;2;255;255;132m██[38;2;58;74;140m██[38;2;82;99;189m████[38;2;65;65;65m██[38;2;123;140;255m████[38;2;65;65;65m██[38;2;255;255;132m████[38;2;197;173;99m██[38;2;82;99;189m████[38;2;0;0;0m██      
  ██[38;2;255;255;255m██[38;2;58;74;140m██[38;2;82;99;189m██[38;2;58;74;140m██[38;2;82;99;189m██[38;2;65;65;65m██[38;2;0;0;0m████████[38;2;255;255;132m████[38;2;58;74;140m██[38;2;82;99;189m██████[38;2;65;65;65m██[38;2;123;140;255m████[38;2;65;65;65m██████[38;2;82;99;189m██[38;2;58;74;140m██[38;2;0;0;0m██      
██[38;2;58;74;140m██[38;2;181;49;58m██[38;2;247;82;90m██[38;2;181;49;58m██[38;2;189;189;189m██[38;2;58;74;140m██[38;2;82;99;189m██[38;2;0;0;0m██    ██[38;2;255;255;132m████[38;2;58;74;140m████[38;2;82;99;189m██████[38;2;65;65;65m██[38;2;123;140;255m████[38;2;255;255;74m██[38;2;123;140;255m██[38;2;65;65;65m██[38;2;0;0;0m██        
██[38;2;189;189;189m██[38;2;247;82;90m██[38;2;255;255;74m██[38;2;247;82;90m██[38;2;255;255;255m██[38;2;58;74;140m██[38;2;0;0;0m██      ██[38;2;255;255;132m██████[38;2;58;74;140m████[38;2;82;99;189m████[38;2;65;65;65m██[38;2;123;140;255m██████[38;2;255;255;74m████[38;2;0;0;0m██        
██[38;2;255;255;255m██[38;2;0;0;0m██[38;2;239;181;0m██[38;2;247;82;90m██[38;2;58;74;140m██[38;2;0;0;0m██          ██[38;2;255;255;132m██████[38;2;197;173;99m██[38;2;58;74;140m██████[38;2;65;65;65m██[38;2;255;255;255m██[38;2;123;140;255m██[38;2;255;255;74m████[38;2;82;99;189m██[38;2;0;0;0m██      
  ██  ██████              ██[38;2;197;173;99m██[38;2;255;255;132m████[38;2;197;173;99m██[38;2;65;65;65m████[38;2;255;255;255m██[38;2;189;189;189m██[38;2;82;99;189m██[38;2;123;140;255m████[38;2;255;255;255m██[38;2;0;0;0m██      
                            ████████[38;2;197;173;99m████[38;2;65;65;65m██[38;2;0;0;0m████[38;2;189;189;189m██[38;2;255;255;255m██[38;2;0;0;0m████      
                                    ██████    ██[38;2;255;255;255m██[38;2;0;0;0m██        
                                                ██          
[0m