      [38;2;0;0;0m██████                      
    ██[38;2;222;181;90m████[38;2;0;0;0m██                      
  ██[38;2;222;181;90m██[38;2;115;90;66m██[38;2;222;181;90m██[38;2;0;0;0m██        ██████    ██  
  ██[38;2;222;181;90m██[38;2;115;90;66m██[38;2;189;132;58m██[38;2;0;0;0m████  ████[38;2;230;206;115m████[38;2;0;0;0m██████[38;2;255;247;214m██[38;2;0;0;0m██
  ██[38;2;115;90;66m██[38;2;65;65;65m████[38;2;230;206;115m██[38;2;0;0;0m████[38;2;189;132;58m██[38;2;230;206;115m██[38;2;115;90;66m██[38;2;222;181;90m██[38;2;65;65;65m██[38;2;189;132;58m██[38;2;255;247;214m████[38;2;0;0;0m██
  ██[38;2;65;65;65m██[38;2;222;181;90m██[38;2;230;206;115m██[38;2;222;181;90m██[38;2;230;206;115m██[38;2;115;90;66m██[38;2;222;181;90m██[38;2;115;90;66m████[38;2;222;181;90m██[38;2;65;65;65m██[38;2;189;132;58m██[38;2;230;206;115m██[38;2;255;247;214m██[38;2;0;0;0m██
██[38;2;115;90;66m██[38;2;222;181;90m████████████[38;2;115;90;66m████[38;2;222;181;90m██[38;2;65;65;65m██[38;2;189;132;58m██████[38;2;230;206;115m██[38;2;0;0;0m██
██[38;2;255;255;255m██[38;2;222;181;90m████████████[38;2;189;132;58m██[38;2;222;181;90m██[38;2;65;65;65m██[38;2;115;90;66m██[38;2;189;132;58m██████[38;2;0;0;0m██  
████[38;2;222;181;90m██████[38;2;189;132;58m██[38;2;115;90;66m██[38;2;222;181;90m████[38;2;65;65;65m██[38;2;115;90;66m██[38;2;189;132;58m██[38;2;115;90;66m██[38;2;0;0;0m████    
██[38;2;222;181;90m██████[38;2;206;156;74m██[38;2;255;255;255m██[38;2;0;0;0m██[38;2;222;181;90m██[38;2;115;90;66m██[38;2;230;206;115m██[38;2;115;90;66m██[38;2;189;132;58m████[38;2;0;0;0m██      
  ██[38;2;206;156;74m██[38;2;222;181;90m████[38;2;115;90;66m██[38;2;0;0;0m██[38;2;189;132;58m██[38;2;115;90;66m██[38;2;230;206;115m████[38;2;115;90;66m██[38;2;189;132;58m██[38;2;0;0;0m██      
██[38;2;255;247;214m██[38;2;115;90;66m████[38;2;189;132;58m██████[38;2;115;90;66m██[38;2;255;247;214m██[38;2;230;206;115m████[38;2;115;90;66m██[38;2;189;132;58m████[38;2;0;0;0m██    
██[38;2;255;247;214m██████████[38;2;230;206;115m██[38;2;255;247;214m████[38;2;230;206;115m██[38;2;65;65;65m██[38;2;115;90;66m██[38;2;189;132;58m████[38;2;0;0;0m██    
  ██[38;2;255;247;214m██[38;2;230;206;115m██[38;2;255;247;214m████[38;2;230;206;115m██[38;2;255;247;214m██[38;2;230;206;115m██[38;2;115;90;66m██[38;2;0;0;0m████[38;2;115;90;66m██[38;2;189;132;58m██[38;2;0;0;0m██    
    ██[38;2;65;65;65m██[38;2;230;206;115m████[38;2;255;247;214m██[38;2;115;90;66m██[38;2;189;132;58m██[38;2;0;0;0m██    ████      
      ██[38;2;189;132;58m██[38;2;65;65;65m████[38;2;189;132;58m██[38;2;0;0;0m██                
        ████[38;2;222;181;90m██[38;2;189;132;58m██[38;2;0;0;0m██                
            ████                  
[0m