              [38;2;0;0;0m██            
              ██            
                ██          
                ██          
              ██            
            ██              
          [38;2;8;0;0m██[38;2;57;70;79m██[38;2;0;0;0m████          
      ████[38;2;156;211;239m██[38;2;57;70;79m██[38;2;148;215;247m████[38;2;0;0;0m████      
    ██[38;2;148;215;247m████[38;2;148;214;247m████████████[38;2;0;0;0m██    
  ██[38;2;148;215;247m████[38;2;66;65;66m██[38;2;148;214;247m████████████[38;2;107;182;214m██[38;2;0;0;0m██  
  [38;2;8;0;0m██[38;2;54;71;82m██[38;2;57;69;74m██[38;2;148;162;164m██[38;2;148;215;247m██[38;2;66;65;66m██[38;2;148;219;255m████[38;2;140;223;255m██[38;2;115;171;192m██[38;2;107;182;214m██[38;2;0;0;0m██  
  [38;2;8;0;0m██[38;2;148;215;247m██[38;2;239;255;255m██[38;2;57;69;74m██[38;2;148;215;247m████[38;2;66;69;74m██[38;2;120;169;194m██[38;2;66;69;66m████[38;2;107;182;214m██[38;2;0;0;0m██  
  ██[38;2;107;182;214m██[38;2;66;73;74m██[38;2;160;164;164m██[38;2;144;164;168m████[38;2;57;69;74m██[38;2;239;255;255m██[38;2;66;65;66m██[38;2;107;182;214m████[38;2;0;0;0m██  
    ██[38;2;160;164;164m██[38;2;255;255;255m██[38;2;239;255;255m██[38;2;49;73;82m██[38;2;148;162;164m██[38;2;57;69;74m██[38;2;107;182;214m████[38;2;0;0;0m██    
      ██[38;2;66;67;66m██[38;2;66;65;66m██[38;2;107;182;214m██████[38;2;0;0;0m████      
        ██[38;2;66;65;66m████[38;2;46;63;71m██[38;2;16;4;0m██          
        [38;2;0;0;0m██[38;2;107;182;214m████[38;2;66;65;66m████[38;2;0;0;0m██        
      ██[38;2;107;182;214m██[38;2;255;255;255m████[38;2;107;182;214m██[38;2;66;65;66m██[38;2;0;0;0m██        
      ██[38;2;255;255;255m██████[38;2;136;166;172m██[38;2;41;77;90m██[38;2;66;66;66m██[38;2;0;0;0m██      
    ██[38;2;255;255;255m████████[38;2;231;255;255m██[38;2;136;166;172m██[38;2;66;66;66m██[38;2;0;0;0m██      
  ██[38;2;66;66;66m██[38;2;255;255;255m██████████[38;2;107;182;214m██[38;2;66;66;66m████[38;2;0;0;0m██    
██[38;2;66;66;66m████[38;2;255;255;255m████████[38;2;107;182;214m████[38;2;0;0;0m██[38;2;66;66;66m██[38;2;66;67;66m██[38;2;0;0;0m██  
  ████[38;2;255;255;255m████████████[38;2;107;150;165m██[38;2;0;0;0m██[38;2;66;66;66m████[38;2;0;0;0m██
      ██[38;2;255;255;255m██████[38;2;181;202;210m██[38;2;107;150;165m████[38;2;0;0;0m████████
      ██[38;2;189;207;206m██[38;2;189;206;206m████████[38;2;189;207;206m██[38;2;0;0;0m██      
  ████[38;2;63;69;68m████[38;2;189;206;206m████████[38;2;189;207;206m██[38;2;63;69;68m██[38;2;0;0;0m██    
██[38;2;189;142;49m████████[38;2;0;0;0m████[38;2;82;63;43m████[38;2;85;63;35m██[38;2;0;0;16m██      
  [38;2;0;0;0m████████    [38;2;0;0;24m██[38;2;247;190;82m██[38;2;255;190;74m████[38;2;0;0;0m██    
            ██[38;2;255;195;66m██[38;2;170;130;44m██[38;2;255;195;66m██[38;2;172;131;44m██[38;2;255;190;66m██[38;2;0;0;0m██  
              ████[38;2;255;195;66m██[38;2;8;4;0m██[38;2;0;0;0m██    
                  ██        
[0m