        [38;2;0;4;0m██                                                            
      ██[38;2;181;162;173m██[38;2;0;4;0m██                                                  ████    
      ██[38;2;181;162;173m██[38;2;0;4;0m██                                ██            ████[38;2;231;195;214m████[38;2;0;4;0m██  
      [38;2;0;8;0m██[38;2;49;86;82m██[38;2;181;166;173m██[38;2;0;20;8m██                            [38;2;0;4;0m██[38;2;231;195;214m██[38;2;0;4;0m██        ██[38;2;231;195;214m████[38;2;0;4;0m████    
      [38;2;0;8;0m██[38;2;74;125;123m██[38;2;60;68;63m██[38;2;181;166;173m██[38;2;0;4;0m██                        ██[38;2;77;67;71m██[38;2;231;195;214m██[38;2;0;4;0m██      ██[38;2;231;195;214m████[38;2;0;4;0m██        
      ██[38;2;74;121;123m██[38;2;49;93;74m██[38;2;173;162;181m██[38;2;181;162;173m██[38;2;0;8;0m██                [38;2;0;4;0m████[38;2;0;16;0m██[38;2;231;199;214m██[38;2;239;195;222m██[38;2;178;161;172m██[38;2;0;4;0m██    ██[38;2;231;195;214m████[38;2;71;70;68m████[38;2;0;4;0m██████  
      ██[38;2;74;121;123m██[38;2;90;116;109m██[38;2;49;93;74m██[38;2;181;162;173m██[38;2;60;59;57m██[38;2;0;4;0m██          ████[38;2;231;195;214m████[38;2;231;199;214m██[38;2;77;77;71m██[38;2;57;93;74m██[38;2;178;161;172m██[38;2;0;4;0m██    ██[38;2;231;195;214m██[38;2;66;65;66m██[38;2;71;70;68m██[38;2;181;162;173m████████[38;2;0;4;0m██
        ██[38;2;74;121;123m██[38;2;57;91;73m██[38;2;181;162;173m████[38;2;85;69;74m██[38;2;0;0;0m██[38;2;0;4;0m██    ██[38;2;231;195;214m████[38;2;222;195;214m██[38;2;41;89;74m██[38;2;57;91;73m████[38;2;181;162;173m██[38;2;0;4;0m██    ██[38;2;231;195;214m██[38;2;239;199;214m██[38;2;66;65;66m██[38;2;181;162;173m████[38;2;0;4;0m██████  
        ██[38;2;74;121;123m████[38;2;60;78;68m████[38;2;255;207;222m████[38;2;231;195;214m██[38;2;0;4;0m████[38;2;231;195;214m████[38;2;57;93;74m██[38;2;41;89;74m██[38;2;101;124;120m██[38;2;74;121;123m██[38;2;57;91;73m██[38;2;181;162;173m██[38;2;0;4;0m██    ██[38;2;231;195;214m██[38;2;66;65;66m██[38;2;181;154;164m██[38;2;181;162;173m██[38;2;0;4;0m██        
          [38;2;8;0;0m██[38;2;90;113;115m██[38;2;82;65;74m██[38;2;197;191;194m██[38;2;255;207;222m██████[38;2;234;194;214m██[38;2;231;195;214m████[38;2;57;91;73m██[38;2;74;121;123m██████[38;2;60;68;63m██[38;2;181;166;173m██[38;2;0;4;0m██      ██[38;2;231;195;214m██[38;2;66;69;66m██[38;2;181;158;170m██[38;2;0;4;0m██          
        ██[38;2;62;75;76m████[38;2;197;191;194m██[38;2;255;255;255m██[38;2;222;85;84m██[38;2;255;207;222m██[38;2;234;194;214m████[38;2;231;195;214m██[38;2;57;93;74m██[38;2;74;121;123m████[38;2;57;91;73m████[38;2;181;166;173m██[38;2;0;20;8m██        [38;2;0;4;0m██[38;2;231;195;214m██[38;2;239;203;222m██[38;2;181;158;170m██[38;2;0;4;0m██          
    ████[38;2;181;162;173m██[38;2;90;65;99m████[38;2;222;199;214m██[38;2;173;73;49m██[38;2;206;85;82m██[38;2;222;195;214m██[38;2;231;195;214m████████[38;2;57;93;74m████[38;2;181;162;173m██[38;2;0;4;0m████            ██[38;2;231;195;214m██[38;2;0;4;0m██            
  ██[38;2;181;162;173m████[38;2;90;83;86m██[38;2;90;65;99m██[38;2;255;255;255m██[38;2;205;157;159m██[38;2;222;199;214m██[38;2;222;195;214m██[38;2;216;158;170m██[38;2;231;195;214m██[38;2;66;65;66m████[38;2;231;195;214m██████[38;2;0;4;0m██                ██[38;2;231;195;214m██[38;2;0;4;0m██            
██[38;2;181;162;173m██████[38;2;0;4;0m██[38;2;150;116;162m██[38;2;79;58;93m██[38;2;181;162;175m██[38;2;231;195;214m██[38;2;181;155;164m██[38;2;239;199;214m██[38;2;0;0;24m██[38;2;255;231;255m██[38;2;139;104;153m██[38;2;98;58;117m██[38;2;231;195;214m██████[38;2;0;4;0m████              ██[38;2;231;195;214m██[38;2;0;4;0m██          
  ██████  [38;2;8;0;24m██[38;2;222;174;231m██[38;2;231;195;214m████[38;2;239;199;214m██[38;2;66;69;66m██[38;2;127;115;139m████[38;2;98;58;117m██[38;2;181;150;189m██[38;2;181;162;175m██[38;2;231;195;214m████████[38;2;0;4;0m██            ██[38;2;231;195;214m██[38;2;0;4;0m██          
          ████[38;2;231;195;214m████████[38;2;99;65;115m████[38;2;181;162;173m████[38;2;66;64;66m██[38;2;0;4;0m██[38;2;231;195;214m████[38;2;239;195;214m████[38;2;0;4;0m██          [38;2;0;8;0m██[38;2;247;211;231m██[38;2;0;4;0m██          
            ████[38;2;115;99;107m██[38;2;231;195;214m██[38;2;181;162;175m██████[38;2;181;162;173m██[38;2;94;97;94m██[38;2;0;4;0m██  ████[38;2;79;70;71m██[38;2;0;8;0m██          [38;2;0;4;0m██[38;2;164;143;154m██[38;2;0;8;0m██            
                [38;2;0;4;0m██████[38;2;181;162;173m████[38;2;94;97;94m██[38;2;181;162;173m██[38;2;162;139;150m██[38;2;8;12;8m██    [38;2;0;4;0m██[38;2;77;67;71m██[38;2;0;4;0m██      [38;2;0;8;0m██[38;2;181;162;173m██[38;2;66;64;66m██[38;2;0;4;0m██            
                      ██[38;2;181;162;173m██████[38;2;239;203;222m████[38;2;0;4;0m████[38;2;231;195;214m██████[38;2;0;4;0m██████[38;2;181;162;173m██[38;2;60;59;57m██[38;2;0;4;0m██              
                      [38;2;8;12;8m██[38;2;162;139;150m██[38;2;181;162;175m██[38;2;231;195;214m██[38;2;233;195;214m████████████████[38;2;181;162;173m████[38;2;0;4;0m████                
                    ██[38;2;239;203;222m████[38;2;231;195;214m████[38;2;233;195;214m████████████████[38;2;60;59;57m██[38;2;0;8;0m██                    
                    [38;2;0;4;0m██[38;2;239;199;214m████[38;2;233;195;214m████[38;2;231;195;214m████[38;2;181;162;173m██[38;2;0;4;0m██[38;2;162;139;150m██[38;2;239;203;222m██[38;2;233;195;214m████[38;2;0;4;0m██                      
                    ██[38;2;181;155;164m██[38;2;66;69;66m██[38;2;233;195;214m████[38;2;231;195;214m██[38;2;181;162;175m██[38;2;0;4;0m██  [38;2;8;12;8m██[38;2;239;203;222m██[38;2;233;195;214m████[38;2;0;4;0m██                      
                      ██[38;2;181;162;173m██[38;2;66;65;66m██[38;2;231;195;214m████[38;2;0;4;0m██    ██[38;2;181;162;173m██[38;2;239;203;222m██[38;2;181;158;170m██[38;2;181;162;173m██[38;2;0;4;0m██                    
                      ██[38;2;181;162;173m██[38;2;66;65;66m██[38;2;231;195;214m████[38;2;0;4;0m██      ██[38;2;66;69;66m██[38;2;181;158;170m██[38;2;181;162;173m██[38;2;0;4;0m██                    
                      ██[38;2;181;162;173m██[38;2;66;69;66m██[38;2;239;199;214m██[38;2;0;4;0m██          [38;2;0;0;0m██[38;2;173;154;165m██[38;2;181;162;173m██[38;2;0;4;0m██                    
                        ██[38;2;181;155;164m██[38;2;239;199;214m██[38;2;0;4;0m██            [38;2;86;77;82m██[38;2;181;162;173m██[38;2;0;4;0m██                    
                        ██[38;2;231;195;214m██[38;2;77;67;71m██[38;2;0;4;0m██            ████                      
                          ████                                        
[0m