                  [38;2;0;0;0m██                                          
                ██[38;2;247;99;99m██[38;2;0;0;0m██  ██                                    
                ██[38;2;247;99;99m██[38;2;189;41;66m██[38;2;0;0;0m██[38;2;247;99;99m██[38;2;0;0;0m██              ██                  
                ██[38;2;247;99;99m████[38;2;65;65;65m██[38;2;247;99;99m██[38;2;0;0;0m██        ██  ██[38;2;247;99;99m██[38;2;0;0;0m██                
            ████[38;2;189;41;66m██[38;2;247;99;99m████[38;2;189;41;66m██[38;2;247;99;99m██[38;2;0;0;0m██      ██[38;2;247;99;99m██[38;2;0;0;0m██[38;2;189;41;66m██[38;2;247;99;99m██[38;2;0;0;0m██                
            ██[38;2;247;99;99m██[38;2;189;41;66m████[38;2;247;99;99m██████[38;2;65;65;65m██[38;2;0;0;0m██    ██[38;2;247;99;99m██[38;2;65;65;65m██[38;2;247;99;99m████[38;2;0;0;0m██                
            ██[38;2;247;99;99m████[38;2;189;41;66m██[38;2;247;99;99m████[38;2;65;65;65m██[38;2;74;181;214m████[38;2;0;0;0m████[38;2;189;41;66m██[38;2;247;99;99m██[38;2;189;41;66m██[38;2;247;99;99m████[38;2;0;0;0m████              
              ██[38;2;247;99;99m██████[38;2;65;65;65m██[38;2;74;181;214m████████[38;2;65;65;65m████[38;2;247;99;99m██████[38;2;189;41;66m████[38;2;0;0;0m██              
              ██[38;2;65;65;65m██[38;2;247;99;99m██[38;2;65;65;65m██[38;2;74;181;214m████[38;2;65;65;65m██[38;2;74;181;214m██████[38;2;65;65;65m██[38;2;74;181;214m████[38;2;189;41;66m██████[38;2;0;0;0m██              
              ██[38;2;74;181;214m██[38;2;65;65;65m██[38;2;74;123;156m██[38;2;123;206;247m██[38;2;65;65;65m██[38;2;255;255;255m██[38;2;65;65;65m██[38;2;74;181;214m██████[38;2;74;123;156m██[38;2;74;181;214m████[38;2;189;41;66m██[38;2;0;0;0m██                
            ██[38;2;74;181;214m████[38;2;74;123;156m██[38;2;123;206;247m██[38;2;74;181;214m██[38;2;189;41;66m██[38;2;255;255;255m██[38;2;65;65;65m██[38;2;206;181;99m██[38;2;74;181;214m██████[38;2;74;123;156m██[38;2;65;65;65m████[38;2;0;0;0m██                
          ██[38;2;123;206;247m██[38;2;74;123;156m████[38;2;123;206;247m████[38;2;0;0;0m██[38;2;247;99;99m██[38;2;74;181;214m██[38;2;247;230;107m████[38;2;206;181;99m██[38;2;74;181;214m██[38;2;74;123;156m████[38;2;123;206;247m██[38;2;74;123;156m██[38;2;65;65;65m██[38;2;0;0;0m██    ██  ██    
          ██[38;2;123;206;247m████████[38;2;74;181;214m████[38;2;255;255;255m██[38;2;206;181;99m██[38;2;247;230;107m████[38;2;206;181;99m██[38;2;74;181;214m██[38;2;74;123;156m██[38;2;123;206;247m██[38;2;74;123;156m██[38;2;74;181;214m██████[38;2;0;0;0m████[38;2;189;41;66m██[38;2;0;0;0m██[38;2;189;41;66m██[38;2;0;0;0m██  
      ████[38;2;74;123;156m██[38;2;65;65;65m██[38;2;123;206;247m██[38;2;65;65;65m██[38;2;74;181;214m██[38;2;255;255;255m██[38;2;74;181;214m██[38;2;206;181;99m██[38;2;247;230;107m██████[38;2;74;181;214m████[38;2;65;65;65m████[38;2;74;181;214m██[38;2;74;123;156m████[38;2;74;181;214m██[38;2;74;123;156m██[38;2;65;65;65m██[38;2;189;41;66m██████[38;2;0;0;0m████
  ████[38;2;74;123;156m██████[38;2;65;65;65m██[38;2;74;181;214m██[38;2;247;230;107m████[38;2;206;181;99m██[38;2;247;230;107m████████[38;2;65;65;65m██[38;2;74;181;214m████████[38;2;65;65;65m██[38;2;123;206;247m████[38;2;74;123;156m██[38;2;74;181;214m██[38;2;65;65;65m██[38;2;189;41;66m████[38;2;65;65;65m██[38;2;74;123;156m██[38;2;0;0;0m██
██[38;2;189;189;181m██[38;2;65;65;65m██[38;2;74;123;156m████████[38;2;65;65;65m██[38;2;0;0;0m██[38;2;247;230;107m████████[38;2;65;65;65m████[38;2;74;181;214m████████[38;2;65;65;65m██[38;2;74;123;156m██████[38;2;74;181;214m████[38;2;65;65;65m██████[38;2;74;123;156m████[38;2;0;0;0m██
  ██[38;2;189;189;181m██[38;2;65;65;65m██[38;2;74;123;156m████[38;2;0;0;0m████  ████[38;2;65;65;65m██[38;2;74;181;214m██████████[38;2;74;123;156m██[38;2;74;181;214m██[38;2;65;65;65m██[38;2;123;206;247m████[38;2;74;123;156m██[38;2;74;181;214m██[38;2;65;65;65m██[38;2;74;123;156m████████[38;2;0;0;0m██  
    ████████        ██[38;2;74;123;156m██[38;2;65;65;65m██[38;2;74;123;156m██[38;2;74;181;214m██[38;2;74;123;156m████[38;2;74;181;214m██[38;2;65;65;65m██[38;2;255;255;255m██[38;2;74;123;156m████[38;2;74;181;214m██[38;2;65;65;65m████[38;2;74;123;156m████████[38;2;0;0;0m██  
                  ██[38;2;74;123;156m████[38;2;65;65;65m██[38;2;74;181;214m██████████[38;2;65;65;65m████[38;2;255;255;255m██[38;2;65;65;65m██[38;2;255;255;255m██[38;2;65;65;65m██[38;2;74;181;214m██[38;2;65;65;65m██[38;2;74;123;156m████[38;2;0;0;0m██    
                  ██[38;2;74;123;156m████[38;2;65;65;65m██[38;2;74;181;214m████████[38;2;74;123;156m██[38;2;247;230;107m██[38;2;65;65;65m████[38;2;74;181;214m██[38;2;65;65;65m██[38;2;74;181;214m████[38;2;65;65;65m██[38;2;0;0;0m████      
                    ██[38;2;74;123;156m████[38;2;65;65;65m██[38;2;206;181;99m██[38;2;74;181;214m██[38;2;74;123;156m██[38;2;247;230;107m████[38;2;74;123;156m██[38;2;74;181;214m██████████[38;2;0;0;0m██          
                  ██[38;2;189;189;181m██[38;2;74;123;156m██████[38;2;65;65;65m██[38;2;206;181;99m██[38;2;247;230;107m████[38;2;74;123;156m██[38;2;74;181;214m██[38;2;65;65;65m██[38;2;74;181;214m██████[38;2;0;0;0m██            
                  ██[38;2;65;65;65m██[38;2;189;189;181m██[38;2;0;0;0m██[38;2;189;189;181m██[38;2;0;0;0m████[38;2;206;181;99m██[38;2;74;123;156m██[38;2;74;181;214m██[38;2;65;65;65m██[38;2;74;181;214m██[38;2;65;65;65m██████[38;2;74;181;214m██[38;2;0;0;0m██          
                    ████  ██    ████████[38;2;65;65;65m██[38;2;74;181;214m████████[38;2;255;255;255m██[38;2;0;0;0m██        
                                        ████[38;2;255;255;255m██[38;2;65;65;65m██[38;2;255;255;255m██[38;2;65;65;65m██[38;2;0;0;0m██        
                                            ████████          
[0m