    [38;2;0;0;0m████                      
  ██[38;2;255;255;255m████[38;2;0;0;0m██  ████████          
    ██[38;2;255;255;255m████[38;2;0;0;0m██[38;2;230;197;8m██[38;2;255;255;255m████[38;2;230;197;8m██[38;2;0;0;0m██        
  ██[38;2;255;255;255m██[38;2;214;214;214m██[38;2;115;115;115m██[38;2;230;197;8m██[38;2;255;239;74m████████[38;2;230;197;8m██[38;2;0;0;0m██████  
    ██[38;2;65;65;65m██[38;2;197;197;197m██[38;2;255;255;255m██[38;2;230;197;8m████████[38;2;165;123;25m██[38;2;214;214;214m██[38;2;255;255;255m████[38;2;0;0;0m██
      ██[38;2;255;255;255m██[38;2;65;65;65m██[38;2;255;255;255m██████████████[38;2;0;0;0m██  
      ██[38;2;222;115;189m██[38;2;255;255;255m████[38;2;65;65;65m██[38;2;255;255;255m████[38;2;115;115;115m██[38;2;214;214;214m██[38;2;255;255;255m████[38;2;0;0;0m██
        ██[38;2;255;255;255m██[38;2;197;197;197m██[38;2;214;214;214m██[38;2;222;115;189m██[38;2;255;255;255m██[38;2;214;214;214m██[38;2;0;0;0m██████  
    ██    ██[38;2;165;123;25m██[38;2;230;197;8m██[38;2;165;165;165m██[38;2;65;65;65m██[38;2;0;0;0m██        
  ██[38;2;255;239;74m██[38;2;0;0;0m████[38;2;255;255;255m██[38;2;165;123;25m████[38;2;49;115;8m██[38;2;65;65;65m██[38;2;255;239;74m██[38;2;0;0;0m██      
    ██[38;2;65;65;65m██[38;2;214;214;214m██[38;2;165;165;165m██[38;2;165;123;25m██[38;2;255;255;255m██[38;2;165;165;165m██[38;2;107;181;58m██[38;2;0;0;0m██        
  ██[38;2;65;65;65m██[38;2;197;197;197m██[38;2;214;214;214m██[38;2;165;165;165m██[38;2;230;197;8m██[38;2;165;165;165m██[38;2;214;214;214m██[38;2;197;197;197m██[38;2;65;65;65m██[38;2;0;0;0m██      
██[38;2;255;255;255m██████[38;2;165;165;165m██[38;2;255;239;74m██████[38;2;165;165;165m██[38;2;255;255;255m██████[38;2;0;0;0m██    
██[38;2;165;165;165m██[38;2;255;255;255m██[38;2;197;197;197m██[38;2;255;255;255m██[38;2;197;197;197m██████[38;2;255;255;255m██[38;2;197;197;197m██[38;2;255;255;255m██[38;2;165;165;165m██[38;2;0;0;0m██    
  ██████[38;2;197;197;197m██[38;2;255;255;255m██████[38;2;197;197;197m██[38;2;65;65;65m██[38;2;0;0;0m████      
        ██[38;2;107;181;58m████[38;2;49;115;8m██[38;2;107;181;58m██[38;2;0;0;0m██          
          ████[38;2;107;181;58m██[38;2;0;0;0m██            
              ████            
[0m