                            [38;2;0;0;0m████    
                          ██[38;2;65;65;65m██[38;2;0;0;0m██████
                        ██[38;2;65;65;65m████████[38;2;0;0;0m██
        ████████    ██  ██[38;2;255;255;255m██[38;2;65;65;65m██████[38;2;0;0;0m██
      ██[38;2;197;82;58m██[38;2;230;132;90m████[38;2;197;82;58m██[38;2;0;0;0m██  ████[38;2;65;65;65m████[38;2;255;255;255m████[38;2;0;0;0m██  
    ██[38;2;230;132;90m██████[38;2;197;82;58m██[38;2;230;132;90m████[38;2;0;0;0m██[38;2;65;65;65m████████[38;2;0;0;0m████    
████[38;2;65;65;65m████[38;2;230;132;90m██[38;2;197;82;58m██[38;2;255;255;255m██[38;2;65;65;65m██[38;2;230;132;90m██[38;2;197;82;58m██[38;2;99;115;140m██[38;2;165;189;206m██[38;2;65;65;65m████████[38;2;0;0;0m██  
  ████[38;2;65;65;65m████[38;2;197;82;58m██[38;2;0;0;0m██[38;2;65;65;65m██[38;2;255;214;58m██[38;2;197;82;58m██[38;2;165;189;206m████[38;2;65;65;65m██[38;2;0;0;0m██████    
    ██[38;2;230;132;90m██████[38;2;65;65;65m██[38;2;197;82;58m██[38;2;230;132;90m████[38;2;99;115;140m██[38;2;65;65;65m██[38;2;0;0;0m██          
    ██[38;2;230;132;90m████████████[38;2;99;115;140m██[38;2;165;189;206m████[38;2;65;65;65m██[38;2;0;0;0m██        
      ██[38;2;230;132;90m████████[38;2;99;115;140m██[38;2;165;189;206m██████[38;2;255;255;255m████[38;2;0;0;0m██      
      ██[38;2;197;82;58m██[38;2;165;189;206m██[38;2;230;132;90m████[38;2;99;115;140m██[38;2;132;148;165m██[38;2;165;189;206m██[38;2;255;255;255m████[38;2;0;0;0m██        
        ██[38;2;99;115;140m██[38;2;165;189;206m██████[38;2;99;115;140m████[38;2;0;0;0m████          
          ██████[38;2;65;65;65m██[38;2;0;0;0m████              
              ████                  
[0m