                    [38;2;0;0;0m████                          
                ████[38;2;247;148;41m██[38;2;206;107;74m██[38;2;0;0;0m██                        
            ████[38;2;247;148;41m██[38;2;206;107;74m████[38;2;65;65;65m██[38;2;0;0;0m██                        
        ████[38;2;247;148;41m████[38;2;206;107;74m████[38;2;65;65;65m██[38;2;206;107;74m██[38;2;0;0;0m██                        
      ██[38;2;255;230;156m██[38;2;247;148;41m████████[38;2;65;65;65m██[38;2;206;107;74m██[38;2;0;0;0m██                          
    ██[38;2;255;230;156m████[38;2;247;148;41m██████████[38;2;65;65;65m██[38;2;0;0;0m████                        
    ██[38;2;255;230;156m██[38;2;247;148;41m████[38;2;214;189;140m██[38;2;255;230;156m██[38;2;247;148;41m████[38;2;65;65;65m██[38;2;247;214;58m████[38;2;0;0;0m██                      
  ██[38;2;247;148;41m████████[38;2;255;230;156m██[38;2;132;132;115m██[38;2;247;148;41m████[38;2;206;107;74m██[38;2;65;65;65m██[38;2;247;214;58m████[38;2;0;0;0m██            ████    
██[38;2;247;148;41m██████████[38;2;0;0;0m██[38;2;255;255;255m██[38;2;247;148;41m██[38;2;206;107;74m████[38;2;65;65;65m██[38;2;247;214;58m████[38;2;0;0;0m██        ████[38;2;214;189;140m██[38;2;0;0;0m██    
██[38;2;65;65;65m████[38;2;247;148;41m██[38;2;214;189;140m██[38;2;255;230;156m██[38;2;0;0;0m██[38;2;214;189;140m██[38;2;0;0;0m████[38;2;206;107;74m██[38;2;65;65;65m██[38;2;247;214;58m████[38;2;0;0;0m██      ██[38;2;214;189;140m████[38;2;0;0;0m██      
  ██[38;2;214;189;140m██[38;2;255;230;156m██████████[38;2;206;107;74m████[38;2;65;65;65m██[38;2;247;214;58m████[38;2;0;0;0m██      ██[38;2;214;189;140m████[38;2;65;65;65m████[38;2;0;0;0m████  
██[38;2;214;189;140m██[38;2;65;65;65m████[38;2;214;189;140m██[38;2;255;230;156m████[38;2;206;107;74m████[38;2;65;65;65m██[38;2;189;165;66m████[38;2;65;65;65m██[38;2;0;0;0m██      ██[38;2;214;189;140m██[38;2;65;65;65m██[38;2;255;230;156m████████[38;2;0;0;0m██
██[38;2;214;189;140m██[38;2;65;65;65m██[38;2;247;214;58m██[38;2;65;65;65m████[38;2;214;189;140m██[38;2;206;107;74m██[38;2;65;65;65m██[38;2;189;165;66m██[38;2;65;65;65m████[38;2;247;148;41m██[38;2;206;107;74m██[38;2;0;0;0m██  ██[38;2;206;107;74m██[38;2;65;65;65m██[38;2;255;230;156m██████[38;2;0;0;0m████  
  ████[38;2;247;214;58m████[38;2;65;65;65m██[38;2;214;189;140m██[38;2;65;65;65m██[38;2;189;165;66m██[38;2;65;65;65m██[38;2;255;230;156m████[38;2;247;148;41m████[38;2;0;0;0m██  ██[38;2;206;107;74m██[38;2;65;65;65m██[38;2;255;230;156m████[38;2;0;0;0m██      
      ██[38;2;247;214;58m██[38;2;65;65;65m██[38;2;214;189;140m██[38;2;65;65;65m██[38;2;247;214;58m██[38;2;65;65;65m████[38;2;255;230;156m████[38;2;58;123;206m██[38;2;189;165;66m██[38;2;0;0;0m██[38;2;206;107;74m██[38;2;65;65;65m██[38;2;247;148;41m██████[38;2;0;0;0m██      
        ██[38;2;189;165;66m██[38;2;65;65;65m██[38;2;214;189;140m██[38;2;65;65;65m██[38;2;247;214;58m██[38;2;65;65;65m████[38;2;58;123;206m██[38;2;74;181;255m██[38;2;58;123;206m██[38;2;189;165;66m██[38;2;65;65;65m██[38;2;206;107;74m██[38;2;247;148;41m████[38;2;0;0;0m██        
        ██[38;2;189;165;66m██[38;2;65;65;65m██[38;2;255;230;156m████[38;2;65;65;65m██[38;2;189;165;66m██████[38;2;58;123;206m████[38;2;189;165;66m██[38;2;65;65;65m██[38;2;206;107;74m████[38;2;0;0;0m██          
          ██[38;2;65;65;65m██[38;2;206;107;74m██[38;2;255;230;156m████[38;2;65;65;65m████[38;2;189;165;66m██████[38;2;65;65;65m██[38;2;206;107;74m██[38;2;0;0;0m████            
          ██[38;2;206;107;74m██[38;2;65;65;65m██[38;2;206;107;74m████[38;2;173;82;66m██[38;2;247;148;41m██[38;2;65;65;65m████[38;2;0;0;0m██████                
            ██████████[38;2;65;65;65m██[38;2;247;148;41m████[38;2;0;0;0m██                    
                      ██████                      
[0m