          [38;2;0;0;0m████                                      
        ██[38;2;189;132;239m████[38;2;0;0;0m██    ██████    ████                  
    ████[38;2;255;173;239m██[38;2;189;132;239m██████[38;2;0;0;0m████[38;2;247;99;99m██████[38;2;0;0;0m████[38;2;189;132;239m████[38;2;0;0;0m████              
  ██[38;2;189;132;239m██████[38;2;148;66;222m██[38;2;247;99;99m██[38;2;65;65;65m██[38;2;247;99;99m██████[38;2;255;173;239m██[38;2;247;99;99m████[38;2;65;65;65m██[38;2;189;132;239m████[38;2;255;173;239m██[38;2;189;132;239m██[38;2;0;0;0m██            
  ██[38;2;189;132;239m██[38;2;255;173;239m██[38;2;65;65;65m██[38;2;247;99;99m██[38;2;65;65;65m██[38;2;66;189;148m██[38;2;65;65;65m██[38;2;255;222;49m██[38;2;247;99;99m██[38;2;255;173;239m████[38;2;65;65;65m██[38;2;247;99;99m██[38;2;148;66;222m██[38;2;189;132;239m██████[38;2;0;0;0m██            
██[38;2;189;132;239m██[38;2;65;65;65m████[38;2;247;99;99m██[38;2;65;65;65m██[38;2;66;189;148m██[38;2;49;140;107m██[38;2;65;65;65m██████[38;2;247;99;99m██[38;2;65;65;65m██[38;2;66;189;148m██[38;2;65;65;65m██[38;2;247;99;99m██[38;2;148;66;222m████[38;2;189;132;239m██[38;2;255;173;239m██[38;2;0;0;0m██          
██[38;2;65;65;65m██[38;2;206;58;74m██[38;2;255;173;239m██[38;2;247;99;99m██[38;2;65;65;65m██[38;2;66;189;148m██[38;2;65;65;65m██[38;2;255;255;255m██████[38;2;65;65;65m████[38;2;66;189;148m██[38;2;65;65;65m██[38;2;247;99;99m██████[38;2;148;66;222m██[38;2;189;132;239m████[38;2;0;0;0m██        
  ██[38;2;247;99;99m████[38;2;65;65;65m██[38;2;66;189;148m██[38;2;49;140;107m██[38;2;255;255;255m████[38;2;206;206;206m██████[38;2;49;140;107m██[38;2;66;189;148m██[38;2;65;65;65m██[38;2;247;99;99m██████[38;2;148;66;222m██[38;2;189;132;239m████[38;2;0;0;0m██        
  ██[38;2;247;99;99m██[38;2;65;65;65m████[38;2;66;189;148m██[38;2;255;255;255m████[38;2;206;206;206m██[38;2;255;255;255m████[38;2;49;140;107m██[38;2;66;189;148m██[38;2;65;65;65m██[38;2;247;99;99m██████[38;2;206;58;74m██[38;2;65;65;65m██[38;2;189;132;239m██[38;2;255;173;239m██[38;2;0;0;0m██        
██[38;2;206;58;74m██[38;2;65;65;65m██[38;2;206;206;206m██[38;2;255;255;255m██[38;2;49;140;107m██[38;2;255;255;255m██[38;2;206;206;206m██[38;2;255;255;255m██[38;2;49;140;107m████[38;2;66;189;148m██[38;2;165;165;165m██[38;2;65;65;65m██[38;2;206;58;74m██[38;2;255;222;49m██[38;2;247;99;99m██████[38;2;65;65;65m██[38;2;189;132;239m████[38;2;0;0;0m██      
██[38;2;65;65;65m██[38;2;255;255;255m████[38;2;65;65;65m████[38;2;255;255;255m████[38;2;49;140;107m██[38;2;66;189;148m████[38;2;255;255;255m██[38;2;206;206;206m██[38;2;255;255;255m██[38;2;65;65;65m██[38;2;247;99;99m████████[38;2;65;65;65m██[38;2;0;0;0m██[38;2;189;132;239m██[38;2;0;0;0m██      
██[38;2;148;66;222m██[38;2;65;65;65m██████[38;2;255;255;255m██████[38;2;65;65;65m██[38;2;0;0;0m██[38;2;255;255;255m██[38;2;165;165;165m██[38;2;65;65;65m██[38;2;255;255;255m████[38;2;65;65;65m██[38;2;206;58;74m██[38;2;148;66;222m██[38;2;65;65;65m██[38;2;0;0;0m██  ██        
  ██[38;2;148;66;222m██[38;2;247;99;99m████[38;2;65;65;65m██[38;2;165;165;165m██[38;2;255;255;255m████[38;2;206;206;206m██[38;2;206;58;74m████[38;2;247;99;99m██[38;2;65;65;65m██[38;2;255;255;255m████[38;2;65;65;65m██[38;2;189;132;239m████[38;2;0;0;0m██        ████
  ██[38;2;189;132;239m██[38;2;206;58;74m██[38;2;247;99;99m████[38;2;65;65;65m██████[38;2;206;58;74m██[38;2;247;99;99m██[38;2;255;222;49m██[38;2;247;99;99m██[38;2;65;65;65m██[38;2;255;255;255m████[38;2;65;65;65m██[38;2;255;173;239m██[38;2;189;132;239m████[38;2;0;0;0m██    ██[38;2;66;189;148m██[38;2;0;0;0m██
██[38;2;255;173;239m██[38;2;189;132;239m██[38;2;65;65;65m██[38;2;206;58;74m██[38;2;247;99;99m██████████████████[38;2;0;0;0m██[38;2;65;65;65m██[38;2;189;132;239m██████[38;2;148;66;222m██[38;2;0;0;0m██    ██[38;2;66;189;148m██[38;2;0;0;0m██
██[38;2;189;132;239m██[38;2;0;0;0m████[38;2;65;65;65m████[38;2;206;206;206m██[38;2;41;90;66m██[38;2;65;65;65m████[38;2;206;58;74m████[38;2;65;65;65m██[38;2;0;0;0m██  ██[38;2;148;66;222m██[38;2;189;132;239m████[38;2;255;173;239m██[38;2;0;0;0m██████[38;2;66;189;148m██[38;2;0;0;0m██  
  ██  ██[38;2;206;206;206m████[38;2;41;90;66m████[38;2;65;65;65m██[38;2;66;189;148m██[38;2;65;65;65m██[38;2;206;206;206m██[38;2;0;0;0m██      ██[38;2;189;132;239m██[38;2;148;66;222m██[38;2;41;90;66m██[38;2;66;189;148m████[38;2;49;140;107m██[38;2;0;0;0m██    
        ██[38;2;65;65;65m██[38;2;49;140;107m██[38;2;41;90;66m██[38;2;66;189;148m████[38;2;65;65;65m██[38;2;255;255;255m████[38;2;0;0;0m██    ██[38;2;189;132;239m██[38;2;41;90;66m██[38;2;66;189;148m████[38;2;49;140;107m██[38;2;66;189;148m██[38;2;0;0;0m██    
          ██[38;2;49;140;107m████[38;2;41;90;66m██[38;2;66;189;148m████[38;2;65;65;65m██[38;2;255;255;255m████[38;2;0;0;0m████[38;2;41;90;66m██[38;2;255;173;239m██[38;2;41;90;66m██[38;2;49;140;107m████[38;2;66;189;148m██[38;2;0;0;0m██      
          ██[38;2;49;140;107m██████[38;2;41;90;66m████[38;2;49;140;107m██[38;2;65;65;65m████[38;2;41;90;66m██[38;2;49;140;107m██[38;2;41;90;66m████[38;2;49;140;107m██[38;2;66;189;148m████[38;2;0;0;0m██        
            ████[38;2;49;140;107m████[38;2;41;90;66m██[38;2;49;140;107m██[38;2;41;90;66m██[38;2;66;189;148m████[38;2;49;140;107m██[38;2;66;189;148m██████[38;2;0;0;0m████          
                ██[38;2;49;140;107m██[38;2;41;90;66m██████[38;2;49;140;107m████[38;2;0;0;0m████████              
                  ██[38;2;49;140;107m██[38;2;41;90;66m██[38;2;49;140;107m██[38;2;0;0;0m████                      
                ██[38;2;49;140;107m██[38;2;0;0;0m████[38;2;66;189;148m██[38;2;0;0;0m██                        
                ████  ██[38;2;66;189;148m████[38;2;0;0;0m██                      
                        ██[38;2;66;189;148m██[38;2;0;0;0m██                      
                          ████                      
[0m