          [38;2;0;0;0m████                                      
        ██[38;2;255;247;189m████[38;2;0;0;0m██    ██████    ████                  
    ████[38;2;247;173;82m██[38;2;255;247;189m██[38;2;230;156;8m████[38;2;0;0;0m████[38;2;255;214;0m██████[38;2;0;0;0m████[38;2;255;247;189m████[38;2;0;0;0m████              
  ██[38;2;255;247;189m██████[38;2;230;156;8m██[38;2;255;214;0m██[38;2;65;65;65m██[38;2;255;214;0m████[38;2;148;255;66m██[38;2;247;173;82m██[38;2;255;214;0m████[38;2;65;65;65m██[38;2;255;247;189m████[38;2;247;173;82m██[38;2;255;247;189m██[38;2;0;0;0m██            
  ██[38;2;255;247;189m██[38;2;247;173;82m██[38;2;65;65;65m██[38;2;255;214;0m██[38;2;65;65;65m██[38;2;66;189;148m██[38;2;65;65;65m██[38;2;255;214;0m████[38;2;247;173;82m████[38;2;65;65;65m██[38;2;255;214;0m██[38;2;230;156;8m██[38;2;255;247;189m██████[38;2;0;0;0m██            
██[38;2;255;247;189m██[38;2;65;65;65m████[38;2;255;214;0m██[38;2;65;65;65m██[38;2;66;189;148m██[38;2;49;140;107m██[38;2;65;65;65m██████[38;2;255;214;0m██[38;2;65;65;65m██[38;2;66;189;148m██[38;2;65;65;65m██[38;2;255;214;0m██[38;2;230;156;8m████[38;2;255;247;189m██[38;2;247;173;82m██[38;2;0;0;0m██          
██[38;2;65;65;65m██[38;2;230;156;8m██[38;2;247;173;82m██[38;2;255;214;0m██[38;2;65;65;65m██[38;2;66;189;148m██[38;2;65;65;65m██[38;2;255;255;255m██████[38;2;65;65;65m████[38;2;66;189;148m██[38;2;65;65;65m██[38;2;255;214;0m██████[38;2;230;156;8m██[38;2;255;247;189m████[38;2;0;0;0m██        
  ██[38;2;255;214;0m████[38;2;65;65;65m██[38;2;66;189;148m██[38;2;49;140;107m██[38;2;255;255;255m████[38;2;206;206;206m██████[38;2;49;140;107m██[38;2;66;189;148m██[38;2;65;65;65m██[38;2;255;214;0m██████[38;2;230;156;8m██[38;2;255;247;189m████[38;2;0;0;0m██        
  ██[38;2;255;214;0m██[38;2;65;65;65m████[38;2;66;189;148m██[38;2;255;255;255m████[38;2;206;206;206m██[38;2;255;255;255m████[38;2;49;140;107m██[38;2;66;189;148m██[38;2;65;65;65m██[38;2;255;214;0m████[38;2;148;255;66m██[38;2;230;156;8m██[38;2;65;65;65m██[38;2;255;247;189m██[38;2;247;173;82m██[38;2;0;0;0m██        
██[38;2;255;214;0m██[38;2;65;65;65m██[38;2;206;206;206m██[38;2;255;255;255m██[38;2;49;140;107m██[38;2;255;255;255m██[38;2;206;206;206m██[38;2;255;255;255m██[38;2;49;140;107m████[38;2;66;189;148m██[38;2;165;165;165m██[38;2;65;65;65m██[38;2;230;156;8m██[38;2;255;214;0m████████[38;2;65;65;65m██[38;2;255;247;189m████[38;2;0;0;0m██      
██[38;2;65;65;65m██[38;2;255;255;255m████[38;2;65;65;65m████[38;2;255;255;255m████[38;2;49;140;107m██[38;2;66;189;148m████[38;2;255;255;255m██[38;2;206;206;206m██[38;2;255;255;255m██[38;2;65;65;65m██[38;2;255;214;0m████████[38;2;65;65;65m██[38;2;0;0;0m██[38;2;255;247;189m██[38;2;0;0;0m██      
██[38;2;230;156;8m██[38;2;65;65;65m██████[38;2;255;255;255m██████[38;2;65;65;65m██[38;2;0;0;0m██[38;2;255;255;255m██[38;2;165;165;165m██[38;2;65;65;65m██[38;2;255;255;255m████[38;2;65;65;65m██[38;2;255;214;0m██[38;2;230;156;8m██[38;2;65;65;65m██[38;2;0;0;0m██  ██        
  ██[38;2;230;156;8m██[38;2;115;115;115m██[38;2;255;214;0m██[38;2;65;65;65m██[38;2;165;165;165m██[38;2;255;255;255m████[38;2;206;206;206m██[38;2;230;156;8m████[38;2;255;214;0m██[38;2;65;65;65m██[38;2;255;255;255m████[38;2;65;65;65m██[38;2;255;247;189m████[38;2;0;0;0m██        ████
  ██[38;2;255;247;189m██[38;2;230;156;8m██[38;2;255;214;0m████[38;2;65;65;65m██████[38;2;230;156;8m██[38;2;255;214;0m██████[38;2;65;65;65m██[38;2;255;255;255m████[38;2;65;65;65m██[38;2;247;173;82m██[38;2;255;247;189m████[38;2;0;0;0m██    ██[38;2;66;189;148m██[38;2;0;0;0m██
██[38;2;247;173;82m██[38;2;255;247;189m██[38;2;65;65;65m██[38;2;230;156;8m██[38;2;255;214;0m████████████[38;2;148;255;66m██[38;2;255;214;0m████[38;2;0;0;0m██[38;2;65;65;65m██[38;2;255;247;189m████████[38;2;0;0;0m██    ██[38;2;66;189;148m██[38;2;0;0;0m██
██[38;2;255;247;189m██[38;2;0;0;0m████[38;2;65;65;65m████[38;2;206;206;206m██[38;2;41;90;66m██[38;2;65;65;65m████[38;2;230;156;8m████[38;2;65;65;65m██[38;2;0;0;0m██  ██[38;2;255;247;189m██████[38;2;247;173;82m██[38;2;0;0;0m██████[38;2;66;189;148m██[38;2;0;0;0m██  
  ██  ██[38;2;206;206;206m████[38;2;41;90;66m████[38;2;65;65;65m██[38;2;66;189;148m██[38;2;65;65;65m██[38;2;206;206;206m██[38;2;0;0;0m██      ██[38;2;255;247;189m████[38;2;41;90;66m██[38;2;66;189;148m████[38;2;49;140;107m██[38;2;0;0;0m██    
        ██[38;2;65;65;65m██[38;2;49;140;107m██[38;2;41;90;66m██[38;2;66;189;148m████[38;2;65;65;65m██[38;2;255;255;255m████[38;2;0;0;0m██    ██[38;2;255;247;189m██[38;2;41;90;66m██[38;2;66;189;148m████[38;2;49;140;107m██[38;2;66;189;148m██[38;2;0;0;0m██    
          ██[38;2;49;140;107m████[38;2;41;90;66m██[38;2;66;189;148m████[38;2;65;65;65m██[38;2;255;255;255m████[38;2;0;0;0m████[38;2;41;90;66m██[38;2;247;173;82m██[38;2;41;90;66m██[38;2;49;140;107m████[38;2;66;189;148m██[38;2;0;0;0m██      
          ██[38;2;49;140;107m██████[38;2;41;90;66m████[38;2;49;140;107m██[38;2;65;65;65m████[38;2;41;90;66m██[38;2;49;140;107m██[38;2;41;90;66m████[38;2;49;140;107m██[38;2;66;189;148m████[38;2;0;0;0m██        
            ████[38;2;49;140;107m████[38;2;41;90;66m██[38;2;49;140;107m██[38;2;41;90;66m██[38;2;66;189;148m████[38;2;49;140;107m██[38;2;66;189;148m██████[38;2;0;0;0m████          
                ██[38;2;49;140;107m██[38;2;41;90;66m██████[38;2;49;140;107m████[38;2;0;0;0m████████              
                  ██[38;2;49;140;107m██[38;2;41;90;66m██[38;2;49;140;107m██[38;2;0;0;0m████                      
                ██[38;2;49;140;107m██[38;2;0;0;0m████[38;2;66;189;148m██[38;2;0;0;0m██                        
                ████  ██[38;2;66;189;148m████[38;2;0;0;0m██                      
                        ██[38;2;66;189;148m██[38;2;0;0;0m██                      
                          ████                      
[0m