            [38;2;0;0;0m██                                
          ██[38;2;49;74;140m██[38;2;0;0;0m██      ██████                  
        ██[38;2;49;74;140m██[38;2;41;58;115m██[38;2;0;0;0m██  ████[38;2;49;74;140m████[38;2;0;0;0m██                  
        ██[38;2;41;58;115m██[38;2;49;74;140m████[38;2;0;0;0m██[38;2;66;99;173m████[38;2;41;58;115m██[38;2;49;74;140m██[38;2;0;0;0m██            ████  
      ██[38;2;49;74;140m████[38;2;66;99;173m████[38;2;49;74;140m██[38;2;82;181;214m██[38;2;49;74;140m██[38;2;66;99;173m██[38;2;0;0;0m██            ██[38;2;255;255;255m████[38;2;0;0;0m██
      ██[38;2;49;74;140m██[38;2;66;99;173m██[38;2;49;74;140m██[38;2;41;58;115m██[38;2;82;181;214m██████[38;2;41;58;115m██[38;2;0;0;0m██  ████    ██[38;2;65;65;65m██[38;2;255;255;255m████[38;2;0;0;0m██
    ████[38;2;49;74;140m██[38;2;41;58;115m██[38;2;66;99;173m██[38;2;41;58;115m██[38;2;82;181;214m████[38;2;74;140;156m██[38;2;41;58;115m██[38;2;66;99;173m██[38;2;0;0;0m██[38;2;255;255;255m████[38;2;0;0;0m████[38;2;255;255;255m████[38;2;65;65;65m██[38;2;0;0;0m██  
  ██[38;2;255;255;255m██[38;2;49;74;140m██[38;2;41;58;115m██[38;2;66;99;173m████[38;2;41;58;115m██[38;2;74;140;156m██[38;2;0;0;0m██[38;2;247;247;82m██[38;2;49;74;140m██[38;2;66;99;173m████[38;2;255;255;255m████████████[38;2;0;0;0m██    
  ██[38;2;49;74;140m████[38;2;255;255;255m██[38;2;66;99;173m████[38;2;49;74;140m██[38;2;247;247;82m██[38;2;0;0;0m██[38;2;247;247;82m██[38;2;49;74;140m██[38;2;66;99;173m██[38;2;65;65;65m██[38;2;189;189;173m██[38;2;255;255;255m████████[38;2;65;65;65m██[38;2;0;0;0m██    
    ██[38;2;82;181;214m████[38;2;66;99;173m██████[38;2;49;74;140m██[38;2;247;247;82m██[38;2;49;74;140m██[38;2;82;181;214m██[38;2;65;65;65m██[38;2;189;189;173m████[38;2;65;65;65m██[38;2;255;255;255m████[38;2;0;0;0m████      
      ████[38;2;82;181;214m██████████[38;2;65;65;65m████[38;2;132;132;115m██[38;2;189;189;173m██[38;2;132;132;115m██[38;2;0;0;0m██████          
          ██[38;2;65;65;65m████████[38;2;132;132;115m██[38;2;189;189;173m██████[38;2;0;0;0m██                
          ██[38;2;189;189;173m██[38;2;132;132;115m██[38;2;189;189;173m████[38;2;132;132;115m██[38;2;189;189;173m██[38;2;65;65;65m██[38;2;189;189;173m██[38;2;0;0;0m██                
        ██[38;2;74;140;156m██[38;2;65;65;65m████[38;2;132;132;115m██[38;2;189;189;173m████[38;2;65;65;65m██[38;2;82;181;214m██[38;2;65;65;65m██[38;2;0;0;0m████              
        ██[38;2;74;140;156m██[38;2;0;0;0m██[38;2;58;115;132m██[38;2;65;65;65m████████[38;2;82;181;214m██[38;2;65;65;65m██[38;2;82;181;214m████[38;2;0;0;0m██            
      ██[38;2;82;181;214m██[38;2;65;65;65m██[38;2;0;0;0m██[38;2;58;115;132m██[38;2;65;65;65m██[38;2;74;140;156m████[38;2;65;65;65m██[38;2;82;181;214m██[38;2;65;65;65m██[38;2;82;181;214m████[38;2;0;0;0m██            
  ████[38;2;66;99;173m██[38;2;82;181;214m██[38;2;0;0;0m██  ██[38;2;58;115;132m██[38;2;65;65;65m████[38;2;74;140;156m██[38;2;82;181;214m██[38;2;65;65;65m██[38;2;74;140;156m██[38;2;0;0;0m██              
██[38;2;189;189;173m██[38;2;66;99;173m████[38;2;0;0;0m██      ████[38;2;65;65;65m██[38;2;82;181;214m██[38;2;65;65;65m██[38;2;74;140;156m████[38;2;0;0;0m████            
██[38;2;132;132;115m██[38;2;255;255;255m██[38;2;0;0;0m██[38;2;255;255;255m██[38;2;0;0;0m██      ██[38;2;65;65;65m██[38;2;66;99;173m██[38;2;65;65;65m██[38;2;49;74;140m██[38;2;0;0;0m██[38;2;74;140;156m██[38;2;49;74;140m██[38;2;0;0;0m██          
  ████  ████    ██[38;2;255;255;255m██[38;2;66;99;173m████[38;2;65;65;65m██[38;2;0;0;0m██  ████            
                ██[38;2;132;132;115m██[38;2;255;255;255m██[38;2;0;0;0m██[38;2;255;255;255m██[38;2;0;0;0m██                  
                  ████  ██                    
[0m