        [38;2;0;0;0m████████                                  
        ██[38;2;123;197;197m██████[38;2;0;0;0m████                              
          ██[38;2;123;197;197m████████[38;2;0;0;0m██                            
            ██[38;2;123;197;197m████████[38;2;0;0;0m██                          
      ██    ██[38;2;123;197;197m██████████[38;2;0;0;0m██                        
    ██[38;2;189;189;172m██[38;2;0;0;0m████[38;2;65;123;82m██[38;2;123;197;197m██████████[38;2;90;156;156m██[38;2;0;0;0m██    ████              
    ██[38;2;189;189;172m██[38;2;65;65;65m██[38;2;65;123;82m██[38;2;123;197;197m██████[38;2;65;123;82m██████[38;2;90;156;156m██[38;2;0;0;0m██  ██[38;2;255;255;255m██[38;2;0;0;0m██              
      ██[38;2;65;123;82m████[38;2;123;197;197m████[38;2;65;123;82m██[38;2;90;172;98m██████[38;2;65;123;82m██[38;2;90;156;156m██[38;2;0;0;0m██[38;2;255;255;255m████[38;2;0;0;0m██              
      ██[38;2;65;123;82m██[38;2;123;197;197m████[38;2;65;123;82m████[38;2;90;172;98m████████[38;2;65;123;82m██[38;2;255;255;255m████[38;2;0;0;0m██            ██  
    ██[38;2;123;197;197m██[38;2;65;123;82m██[38;2;123;197;197m████[38;2;65;123;82m██[38;2;123;197;197m██[38;2;65;123;82m██[38;2;90;172;98m██████[38;2;65;65;65m██[38;2;255;255;255m████[38;2;0;0;0m██          ██[38;2;222;65;90m██[38;2;0;0;0m██
    ██[38;2;123;197;197m██[38;2;65;123;82m██[38;2;123;197;197m██[38;2;65;123;82m██[38;2;123;197;197m██[38;2;65;123;82m██[38;2;90;172;98m██████[38;2;65;65;65m██[38;2;255;255;255m████[38;2;0;0;0m██          ██[38;2;255;255;255m██[38;2;222;65;90m██[38;2;0;0;0m██
  ██[38;2;164;65;65m██[38;2;65;65;65m██[38;2;65;123;82m██[38;2;123;197;197m██[38;2;65;123;82m██[38;2;123;197;197m██[38;2;65;123;82m██[38;2;90;172;98m██[38;2;65;65;65m████[38;2;106;115;106m██[38;2;255;255;255m██[38;2;189;189;172m██[38;2;255;255;255m██[38;2;0;0;0m██        ██[38;2;255;255;255m██[38;2;222;65;90m██[38;2;0;0;0m██
  ██[38;2;164;65;65m██[38;2;65;65;65m██[38;2;65;123;82m██[38;2;123;197;197m██[38;2;65;123;82m██[38;2;123;197;197m██[38;2;65;123;82m██[38;2;65;65;65m██[38;2;0;0;0m██[38;2;255;255;255m██[38;2;106;115;106m██[38;2;255;255;255m████[38;2;0;0;0m██        ██[38;2;255;255;255m████[38;2;222;65;90m██[38;2;0;0;0m██
██[38;2;164;65;65m████[38;2;189;189;172m██[38;2;65;65;65m██[38;2;90;156;156m████[38;2;65;123;82m██[38;2;90;172;98m██[38;2;65;65;65m██[38;2;222;65;90m██[38;2;255;255;255m██[38;2;189;189;172m██[38;2;106;115;106m██[38;2;0;0;0m██        ██[38;2;255;255;255m████[38;2;222;65;90m██[38;2;0;0;0m██  
██[38;2;164;65;65m██[38;2;189;189;172m██████[38;2;65;65;65m██[38;2;123;197;197m██[38;2;65;123;82m██[38;2;65;65;65m██[38;2;189;189;172m██[38;2;106;115;106m██[38;2;65;65;65m██[38;2;189;189;172m██[38;2;65;65;65m██[38;2;0;0;0m████    ██[38;2;164;65;65m██[38;2;255;255;255m████[38;2;222;65;90m██[38;2;0;0;0m████
  ██[38;2;189;189;172m████[38;2;65;65;65m██[38;2;65;115;115m██[38;2;65;65;65m██████████[38;2;189;189;172m██[38;2;65;65;65m██[38;2;189;189;172m██████[38;2;0;0;0m████[38;2;222;65;90m██[38;2;164;65;65m██[38;2;255;255;255m██[38;2;164;65;65m████[38;2;222;65;90m██[38;2;0;0;0m██
██[38;2;189;189;172m██[38;2;156;148;139m██[38;2;189;189;172m██[38;2;65;65;65m██[38;2;65;115;115m██████[38;2;65;65;65m██[38;2;164;65;65m██[38;2;189;189;172m██[38;2;65;65;65m██[38;2;90;156;156m██[38;2;65;65;65m████[38;2;189;189;172m██[38;2;255;255;255m████[38;2;164;65;65m██[38;2;255;255;255m██[38;2;164;65;65m██[38;2;222;65;90m████[38;2;0;0;0m██  
██[38;2;65;65;65m██[38;2;189;189;172m██[38;2;65;65;65m██[38;2;65;115;115m██████[38;2;65;65;65m████[38;2;222;65;90m██[38;2;255;255;255m██[38;2;65;65;65m████[38;2;90;156;156m████[38;2;65;65;65m████[38;2;255;255;255m██████[38;2;222;65;90m██[38;2;0;0;0m████    
  ██[38;2;65;65;65m██[38;2;65;115;115m██████[38;2;65;65;65m██[38;2;106;115;106m██[38;2;189;189;172m██[38;2;255;255;255m██[38;2;189;189;172m██[38;2;255;255;255m██[38;2;106;115;106m██[38;2;65;65;65m██[38;2;90;156;156m██[38;2;65;65;65m██[38;2;255;255;255m██[38;2;189;189;172m██[38;2;255;255;255m██[38;2;222;65;90m██[38;2;0;0;0m██        
  ██[38;2;65;115;115m██████[38;2;65;65;65m████[38;2;255;255;255m████[38;2;189;189;172m██[38;2;255;255;255m██████[38;2;65;65;65m██[38;2;90;156;156m██[38;2;65;65;65m██[38;2;156;148;139m██[38;2;255;255;255m██[38;2;65;65;65m████[38;2;255;255;255m██[38;2;0;0;0m██      
    ████[38;2;65;65;65m████[38;2;189;189;172m██[38;2;106;115;106m██[38;2;255;255;255m████████[38;2;65;65;65m██[38;2;90;156;156m██████[38;2;65;65;65m████[38;2;90;156;156m████[38;2;65;115;115m██[38;2;255;255;255m██[38;2;0;0;0m██    
        ██[38;2;189;189;172m██████[38;2;0;0;0m██████[38;2;189;189;172m██[38;2;255;255;255m██[38;2;65;65;65m██[38;2;0;0;0m████[38;2;90;156;156m██████[38;2;65;115;115m██[38;2;90;156;156m██[38;2;65;115;115m██[38;2;0;0;0m██    
        ██[38;2;115;115;115m██[38;2;180;180;189m██[38;2;0;0;0m██      ██[38;2;255;255;255m████[38;2;0;0;0m██  ██[38;2;65;65;65m██[38;2;90;156;156m████[38;2;0;0;0m████      
          ██████        ██[38;2;255;255;255m████[38;2;0;0;0m██  ██████          
                        ██[38;2;255;255;255m████[38;2;0;0;0m██                  
                          ████                    
[0m