          [38;2;0;0;0m██████                              
        ██[38;2;99;99;99m██████[38;2;0;0;0m██  ██████            ████    
        ██[38;2;99;99;99m████[38;2;65;65;65m████[38;2;0;0;0m██[38;2;123;123;123m████[38;2;65;65;65m██[38;2;0;0;0m████      ██[38;2;49;123;74m████[38;2;0;0;0m██  
      ██[38;2;99;99;99m████[38;2;65;65;65m████[38;2;123;123;123m████[38;2;65;65;65m██[38;2;123;123;123m████[38;2;65;65;65m██[38;2;123;123;123m██[38;2;0;0;0m██  ██[38;2;49;123;74m████[38;2;41;90;49m██[38;2;0;0;0m██  
    ██[38;2;99;99;99m████[38;2;65;65;65m████[38;2;123;123;123m██████[38;2;65;65;65m██[38;2;0;0;0m██████[38;2;123;123;123m██[38;2;0;0;0m██  ██[38;2;41;90;49m██[38;2;49;123;74m██████[38;2;0;0;0m██
    ██[38;2;99;99;99m██[38;2;65;65;65m██[38;2;123;123;123m████[38;2;65;65;65m██[38;2;123;123;123m██[38;2;65;65;65m██[38;2;0;0;0m██      ██████[38;2;49;123;74m██████[38;2;41;90;49m██[38;2;0;0;0m██  
    ██[38;2;123;123;123m██[38;2;99;99;99m██[38;2;123;123;123m██[38;2;99;99;99m██[38;2;65;65;65m████[38;2;181;115;49m██[38;2;0;0;0m████  ██[38;2;66;156;90m██████[38;2;65;65;65m████[38;2;49;123;74m██[38;2;0;0;0m██    
    ██[38;2;99;99;99m██████[38;2;255;255;255m████[38;2;181;115;49m██[38;2;65;65;65m██[38;2;181;115;49m████[38;2;0;0;0m██[38;2;66;156;90m████████████[38;2;0;0;0m██      
  ██[38;2;181;115;49m████[38;2;255;255;255m████[38;2;123;123;123m██[38;2;65;65;65m████[38;2;140;90;58m██[38;2;181;115;49m████[38;2;65;65;65m██[38;2;49;123;74m██[38;2;66;156;90m████[38;2;41;90;49m██[38;2;66;156;90m██[38;2;41;90;49m██[38;2;66;156;90m██[38;2;0;0;0m██    
  ██[38;2;181;115;49m██[38;2;255;255;255m████[38;2;0;0;0m██[38;2;255;255;255m██[38;2;65;65;65m████[38;2;255;255;255m██[38;2;65;65;65m████[38;2;66;156;90m████[38;2;41;90;49m████[38;2;181;115;49m██[38;2;41;90;49m██[38;2;181;115;49m████[38;2;0;0;0m██    
██[38;2;99;99;99m████[38;2;255;255;255m██[38;2;123;123;123m██[38;2;197;58;16m██[38;2;255;255;255m██[38;2;65;65;65m██[38;2;206;206;206m██[38;2;140;90;58m██[38;2;41;90;49m██[38;2;66;156;90m████[38;2;41;90;49m██[38;2;181;115;49m██████[38;2;140;90;58m██████[38;2;181;115;49m██[38;2;0;0;0m██  
██[38;2;99;99;99m██[38;2;206;206;206m██[38;2;255;255;255m████[38;2;65;65;65m████[38;2;206;206;206m██[38;2;140;90;58m██[38;2;181;115;49m██[38;2;140;90;58m██[38;2;66;156;90m██████[38;2;41;90;49m██[38;2;181;115;49m██[38;2;140;90;58m████[38;2;206;181;148m████[38;2;140;90;58m██[38;2;0;0;0m██  
  ██[38;2;206;206;206m██████████████[38;2;41;90;49m██[38;2;66;156;90m██████[38;2;41;90;49m██[38;2;140;90;58m████[38;2;206;181;148m██████████[38;2;0;0;0m██  
    ████[38;2;206;206;206m██[38;2;41;90;49m██[38;2;206;206;206m██[38;2;41;90;49m████[38;2;66;156;90m██████[38;2;41;90;49m████[38;2;206;181;148m██████████[38;2;140;90;58m██[38;2;206;181;148m██[38;2;0;0;0m██  
      ██[38;2;49;123;74m██[38;2;41;90;49m████[38;2;66;156;90m████████[38;2;41;90;49m██[38;2;206;181;148m██████[38;2;148;123;107m████[38;2;206;181;148m██[38;2;140;90;58m██[38;2;181;115;49m██[38;2;148;123;107m██[38;2;0;0;0m██  
      ██[38;2;49;123;74m████████[38;2;66;156;90m██[38;2;41;90;49m██[38;2;66;156;90m██[38;2;41;90;49m██[38;2;206;181;148m████[38;2;148;123;107m████[38;2;0;0;0m████[38;2;206;206;206m████[38;2;0;0;0m██    
        ██[38;2;49;123;74m██[38;2;41;90;49m██[38;2;49;123;74m████[38;2;41;90;49m████[38;2;206;181;148m██████[38;2;0;0;0m████  ██[38;2;197;58;16m████[38;2;0;0;0m██    
        ██[38;2;65;65;65m██[38;2;41;90;49m██[38;2;49;123;74m██[38;2;65;65;65m██[38;2;206;181;148m██████[38;2;148;123;107m██[38;2;206;181;148m██[38;2;0;0;0m██      ████      
          ██[38;2;197;58;16m████[38;2;0;0;0m████[38;2;206;181;148m██[38;2;181;115;49m██[38;2;140;90;58m██[38;2;0;0;0m██                  
            ████    ██[38;2;206;206;206m████[38;2;0;0;0m██                  
                    ██[38;2;197;58;16m████[38;2;0;0;0m██                  
                      ████                    
[0m