        [38;2;0;0;0m██              
      ██[38;2;214;197;247m██[38;2;0;0;0m██            
      ██[38;2;214;197;247m██[38;2;0;0;0m██    ██      
      ██[38;2;165;140;222m██[38;2;0;0;0m██  ██[38;2;214;197;247m██[38;2;0;0;0m██    
    ██[38;2;214;197;247m██[38;2;65;65;65m██[38;2;0;0;0m██  ██[38;2;214;197;247m██[38;2;0;0;0m██    
    ██[38;2;165;140;222m██[38;2;214;197;247m████[38;2;0;0;0m██[38;2;214;197;247m██[38;2;140;99;197m██[38;2;0;0;0m██    
  ██[38;2;214;197;247m██████████[38;2;165;140;222m██[38;2;0;0;0m██      
██[38;2;132;222;140m██[38;2;65;65;65m██[38;2;214;197;247m██████████[38;2;140;99;197m██[38;2;0;0;0m██    
██[38;2;132;222;140m██[38;2;214;197;247m████[38;2;65;65;65m██[38;2;214;197;247m████[38;2;66;181;82m██[38;2;214;197;247m██[38;2;0;0;0m██    
██[38;2;66;181;82m██[38;2;214;197;247m████████[38;2;66;181;82m██[38;2;132;222;140m██[38;2;66;181;82m██[38;2;0;0;0m██    
██[38;2;165;107;189m██[38;2;214;197;247m████[38;2;165;107;189m████[38;2;66;181;82m██[38;2;132;222;140m██[38;2;66;181;82m██[38;2;165;107;189m██[38;2;0;0;0m██  
  ██[38;2;165;107;189m████[38;2;189;132;222m██████[38;2;66;181;82m██[38;2;189;132;222m██████[38;2;0;0;0m██
  ██[38;2;189;132;222m████[38;2;0;0;0m████[38;2;189;132;222m████[38;2;165;107;189m██[38;2;0;0;0m████  
    ████    ██████      
[0m