    [38;2;0;0;0m██████                                  
  ██[38;2;239;189;222m████[38;2;214;156;206m██[38;2;0;0;0m████                              
  ██[38;2;239;189;222m██████[38;2;214;156;206m████[38;2;0;0;0m██                            
██[38;2;214;156;206m██████[38;2;239;189;222m████[38;2;214;156;206m████[38;2;0;0;0m████████                    
██[38;2;214;156;206m██████████[38;2;65;65;65m██[38;2;132;99;165m██[38;2;239;189;222m████[38;2;214;156;206m████[38;2;0;0;0m████  ██████████    
  ██[38;2;214;156;206m██[38;2;0;0;0m██[38;2;132;99;165m██[38;2;65;65;65m██[38;2;255;255;255m██[38;2;214;156;206m██████[38;2;173;123;189m██[38;2;214;156;206m██████[38;2;0;0;0m██[38;2;173;123;189m██[38;2;214;156;206m██[38;2;239;189;222m████[38;2;214;156;206m██[38;2;0;0;0m██  
    ██[38;2;214;156;206m██[38;2;65;65;65m██[38;2;214;156;206m██[38;2;0;0;0m██[38;2;214;156;206m████[38;2;173;123;189m██[38;2;255;255;255m██[38;2;214;156;206m████████[38;2;239;189;222m██████[38;2;214;156;206m██[38;2;65;65;65m████[38;2;0;0;0m██
    ██[38;2;214;156;206m██[38;2;65;65;65m██[38;2;214;156;206m██[38;2;65;65;65m████[38;2;214;156;206m██[38;2;0;0;0m██[38;2;255;255;255m██[38;2;214;156;206m██[38;2;65;65;65m██[38;2;214;156;206m██████████[38;2;65;65;65m██████[38;2;0;0;0m██
    ██[38;2;214;156;206m██[38;2;173;123;189m██[38;2;255;255;255m██[38;2;132;99;165m██[38;2;65;65;65m██[38;2;214;156;206m██████[38;2;65;65;65m██[38;2;214;156;206m██[38;2;65;65;65m██[38;2;214;156;206m██[38;2;65;65;65m██[38;2;132;99;165m██[38;2;214;156;206m██[38;2;65;65;65m████[38;2;0;0;0m██  
    ██[38;2;214;156;206m████[38;2;173;123;189m██[38;2;214;156;206m██[38;2;173;123;189m██[38;2;65;65;65m██[38;2;255;255;255m██[38;2;65;65;65m████[38;2;214;156;206m██[38;2;65;65;65m██[38;2;214;156;206m██[38;2;173;123;189m██[38;2;65;65;65m██[38;2;0;0;0m██████    
      ██[38;2;214;156;206m████████[38;2;173;123;189m██[38;2;132;99;165m██[38;2;214;156;206m██████[38;2;65;65;65m██[38;2;173;123;189m██[38;2;132;99;165m██[38;2;0;0;0m██          
      ████[38;2;173;123;189m██[38;2;214;156;206m██████████[38;2;173;123;189m██████[38;2;65;65;65m██[38;2;0;0;0m██            
    ██[38;2;239;189;222m████[38;2;0;0;0m██[38;2;65;65;65m██[38;2;173;123;189m██████[38;2;132;99;165m██[38;2;65;65;65m████████[38;2;0;0;0m██            
    ██[38;2;214;156;206m██████[38;2;65;65;65m████████[38;2;189;189;189m██[38;2;65;65;65m████████[38;2;173;123;189m██[38;2;0;0;0m██          
      ██[38;2;173;123;189m██[38;2;132;99;165m██[38;2;65;65;65m██████████[38;2;239;189;222m████[38;2;65;65;65m██[38;2;173;123;189m████[38;2;0;0;0m██          
        ██[38;2;65;65;65m██[38;2;214;156;206m██[38;2;65;65;65m████[38;2;173;123;189m██[38;2;65;65;65m██[38;2;214;156;206m██████[38;2;65;65;65m██[38;2;173;123;189m████[38;2;0;0;0m██████    
        ██[38;2;173;123;189m██[38;2;214;156;206m██████[38;2;173;123;189m████[38;2;65;65;65m██[38;2;214;156;206m██[38;2;65;65;65m██████[38;2;173;123;189m██[38;2;65;65;65m██[38;2;173;123;189m██[38;2;0;0;0m██    
        ██[38;2;65;65;65m██[38;2;214;156;206m██████████[38;2;173;123;189m██[38;2;65;65;65m██████[38;2;214;156;206m██[38;2;173;123;189m██[38;2;132;99;165m██[38;2;0;0;0m██      
      ██[38;2;214;156;206m██[38;2;173;123;189m██[38;2;65;65;65m██[38;2;214;156;206m██████[38;2;173;123;189m██[38;2;65;65;65m██[38;2;214;156;206m████████[38;2;173;123;189m██[38;2;132;99;165m██[38;2;0;0;0m██      
        ██████████[38;2;173;123;189m████[38;2;65;65;65m██[38;2;214;156;206m██████[38;2;173;123;189m██[38;2;132;99;165m██[38;2;0;0;0m██        
                  ██████[38;2;65;65;65m██[38;2;132;99;165m██████[38;2;65;65;65m██[38;2;0;0;0m██        
                        ██[38;2;214;156;206m██[38;2;173;123;189m██[38;2;214;156;206m██[38;2;0;0;0m██          
                          ██████            
[0m