                  [38;2;0;0;0m██                                        
                ██[38;2;49;90;131m██[38;2;0;0;0m██    ████        ████                  
                ██[38;2;49;90;131m██[38;2;0;0;0m██  ██[38;2;230;74;65m██[38;2;0;0;0m██      ██[38;2;90;98;90m██[38;2;0;0;0m██                  
                ██[38;2;49;90;131m██[38;2;82;213;238m██[38;2;0;0;0m██[38;2;230;74;65m████[38;2;0;0;0m████  ██[38;2;90;98;90m████[38;2;0;0;0m██                  
  ██████      ██[38;2;49;90;131m████[38;2;82;213;238m██[38;2;172;74;90m██[38;2;230;74;65m████[38;2;82;213;238m████[38;2;65;65;65m██[38;2;90;98;90m████[38;2;0;0;0m██                    
██[38;2;172;74;90m██████[38;2;0;0;0m██    ██[38;2;49;90;131m██[38;2;82;213;238m██[38;2;172;74;90m██[38;2;230;74;65m████[38;2;57;131;213m██[38;2;82;213;238m██[38;2;65;65;65m██[38;2;90;98;90m██████[38;2;0;0;0m██      [38;2;57;131;213m██████        
[38;2;0;0;0m██[38;2;172;74;90m████████[38;2;0;0;0m██████[38;2;172;74;90m██[38;2;57;131;213m██[38;2;172;74;90m██[38;2;230;74;65m██[38;2;57;131;213m██████[38;2;65;65;65m██[38;2;90;98;90m████[38;2;0;0;0m██    [38;2;57;131;213m████[38;2;213;246;255m██[38;2;148;222;238m██[38;2;57;131;213m██        
  [38;2;0;0;0m████[38;2;172;74;90m████[38;2;65;65;65m████[38;2;255;255;255m██[38;2;230;74;65m██[38;2;172;74;90m██[38;2;230;74;65m██████[38;2;255;255;255m██[38;2;57;131;213m████[38;2;90;98;90m██[38;2;65;65;65m██[38;2;172;74;90m██[38;2;0;0;0m██[38;2;57;131;213m██[38;2;213;246;255m██[38;2;148;222;238m████[38;2;57;131;213m██          
      [38;2;0;0;0m████[38;2;90;98;90m████[38;2;255;255;255m██[38;2;172;74;90m████[38;2;230;74;65m██[38;2;172;74;90m██[38;2;255;255;255m████[38;2;49;90;131m██████[38;2;65;65;65m██[38;2;172;74;90m██[38;2;0;0;0m██[38;2;213;246;255m██████[38;2;57;131;213m██            
          [38;2;0;0;0m██[38;2;65;65;65m██[38;2;172;74;90m████[38;2;230;74;65m██[38;2;172;74;90m████[38;2;255;255;255m██[38;2;49;90;131m██[38;2;0;0;0m██[38;2;255;255;255m██[38;2;148;139;82m██[38;2;90;98;90m██[38;2;65;65;65m██[38;2;172;74;90m██[38;2;0;0;0m██[38;2;213;246;255m██[38;2;57;131;213m██              
        [38;2;0;0;0m██[38;2;90;98;90m██[38;2;65;65;65m██[38;2;246;139;156m██[38;2;172;74;90m████[38;2;57;131;213m████[38;2;49;90;131m██[38;2;255;255;255m██[38;2;246;139;156m██[38;2;255;255;255m██[38;2;148;139;82m██[38;2;230;74;65m██[38;2;90;98;90m██[38;2;65;65;65m██[38;2;0;0;0m██[38;2;57;131;213m██                
          [38;2;0;0;0m████[38;2;246;139;156m██[38;2;172;74;90m██[38;2;57;131;213m██████[38;2;49;90;131m██[38;2;148;139;82m██[38;2;255;255;255m██[38;2;148;139;82m██[38;2;90;98;90m████[38;2;65;65;65m████[38;2;57;131;213m██[38;2;0;0;0m████              
              ██[38;2;246;139;156m██[38;2;49;90;131m██[38;2;57;131;213m██[38;2;49;90;131m██[38;2;246;238;172m████[38;2;172;74;90m██[38;2;65;65;65m██[38;2;90;98;90m██[38;2;65;65;65m██[38;2;172;74;90m██[38;2;65;65;65m██[38;2;57;131;213m██[38;2;255;255;255m████[38;2;0;0;0m██    ████    
          [38;2;57;131;213m████[38;2;0;0;0m██[38;2;172;74;90m██[38;2;246;139;156m██[38;2;49;90;131m██[38;2;172;74;90m██████[38;2;246;139;156m████[38;2;65;65;65m██████[38;2;49;90;131m██[38;2;0;0;0m████[38;2;57;131;213m████[38;2;0;0;0m████[38;2;57;131;213m████[38;2;0;0;0m██  
        [38;2;57;131;213m██[38;2;148;222;238m██████[38;2;0;0;0m████[38;2;246;139;156m████████[38;2;172;74;90m████[38;2;246;139;156m██[38;2;65;65;65m██[38;2;57;131;213m██[38;2;0;0;0m██[38;2;148;222;238m████[38;2;0;0;0m██[38;2;57;131;213m████[38;2;49;90;131m██[38;2;246;238;172m████[38;2;49;90;131m██[38;2;0;0;0m██
          [38;2;57;131;213m██████[38;2;189;213;238m██[38;2;0;0;0m██[38;2;65;65;65m████[38;2;172;74;90m██████[38;2;65;65;65m████[38;2;57;131;213m██████[38;2;0;0;0m██[38;2;148;222;238m██[38;2;213;246;255m██[38;2;0;0;0m████[38;2;57;131;213m████[38;2;0;0;0m████  
                ████[38;2;57;131;213m██[38;2;131;148;139m██[38;2;65;65;65m██████[38;2;197;189;106m██[38;2;131;148;139m██[38;2;49;90;131m██[38;2;57;131;213m██[38;2;255;255;255m██[38;2;0;0;0m██[38;2;57;131;213m████[38;2;148;222;238m████[38;2;0;0;0m████      
              ██[38;2;255;255;255m████[38;2;65;65;65m████[38;2;131;148;139m██[38;2;197;189;106m████[38;2;0;0;0m██████[38;2;255;255;255m██████[38;2;0;0;0m██  [38;2;57;131;213m██████        
            [38;2;0;0;0m██[38;2;255;255;255m████[38;2;65;65;65m██[38;2;0;0;0m██[38;2;49;90;131m████[38;2;0;0;0m████      ██[38;2;255;255;255m██[38;2;49;90;131m██[38;2;65;65;65m██[38;2;0;0;0m██              
    ████████[38;2;57;131;213m████[38;2;0;0;0m████  ██████      ██[38;2;57;131;213m██[38;2;49;90;131m██[38;2;0;0;0m██[38;2;57;131;213m████[38;2;0;0;0m██            
  ██[38;2;57;131;213m████[38;2;197;189;106m██[38;2;49;90;131m██[38;2;57;131;213m██[38;2;49;90;131m██[38;2;0;0;0m██                  ████  ████              
    ████[38;2;57;131;213m████[38;2;0;0;0m██[38;2;246;238;172m██[38;2;57;131;213m██[38;2;0;0;0m██                                        
        ████  ████                                          
[0m