              [38;2;0;0;0m██  ██  ██                                                
            ██[38;2;222;57;90m██[38;2;0;0;0m██[38;2;222;57;90m██[38;2;0;0;0m██[38;2;222;57;90m██[38;2;0;0;0m██                                              
            ██[38;2;222;57;90m██[38;2;255;246;139m██[38;2;222;57;90m██[38;2;255;246;139m██[38;2;222;57;90m██[38;2;65;65;65m██[38;2;0;0;0m██████                                        
          ██[38;2;139;49;82m██[38;2;222;57;90m██[38;2;255;246;139m██[38;2;222;57;90m██[38;2;255;246;139m██[38;2;222;57;90m████[38;2;65;65;65m██[38;2;139;49;82m██[38;2;65;65;65m██[38;2;0;0;0m████                                    
          ██[38;2;222;57;90m██[38;2;255;246;139m██[38;2;222;57;90m██[38;2;255;246;139m██[38;2;222;57;90m██[38;2;139;49;82m██[38;2;255;246;139m████[38;2;139;49;82m██[38;2;65;65;65m██[38;2;255;246;139m████[38;2;0;0;0m████                  ██  ██  ██    
        ██[38;2;222;57;90m██[38;2;65;65;65m██[38;2;222;57;90m██[38;2;65;65;65m██[38;2;222;57;90m██[38;2;65;65;65m██[38;2;255;246;139m████[38;2;222;57;90m██[38;2;65;65;65m██[38;2;238;131;90m████[38;2;98;106;123m██[38;2;65;65;65m██[38;2;222;57;90m██[38;2;0;0;0m██              ██[38;2;222;57;90m██[38;2;0;0;0m██[38;2;222;57;90m██[38;2;0;0;0m██[38;2;222;57;90m██[38;2;0;0;0m██  
      ██[38;2;139;49;82m██[38;2;65;65;65m██[38;2;139;49;82m██[38;2;65;65;65m██[38;2;139;49;82m██[38;2;222;57;90m██[38;2;255;246;139m██[38;2;65;65;65m██[38;2;222;57;90m████[38;2;98;106;123m██[38;2;65;65;65m██[38;2;98;106;123m██[38;2;131;131;148m████[38;2;65;65;65m████[38;2;0;0;0m██            ██[38;2;222;57;90m██[38;2;0;0;0m██[38;2;222;57;90m██[38;2;0;0;0m██[38;2;222;57;90m██[38;2;0;0;0m██  
      ██[38;2;139;49;82m██[38;2;65;65;65m██[38;2;139;49;82m██[38;2;65;65;65m██[38;2;222;57;90m██[38;2;238;131;90m██[38;2;255;246;139m██[38;2;65;65;65m██[38;2;222;57;90m██[38;2;98;106;123m██[38;2;131;131;148m████[38;2;0;0;0m██[38;2;65;65;65m██[38;2;0;0;0m██[38;2;222;57;90m████[38;2;65;65;65m██[38;2;0;0;0m██        ██[38;2;222;57;90m██[38;2;0;0;0m██[38;2;222;57;90m██[38;2;0;0;0m██[38;2;222;57;90m██[38;2;115;41;57m██[38;2;0;0;0m██  
        ██[38;2;139;49;82m██[38;2;65;65;65m██[38;2;222;57;90m██[38;2;65;65;65m██[38;2;255;246;139m██[38;2;65;65;65m██[38;2;222;57;90m████[38;2;139;49;82m██[38;2;65;65;65m██[38;2;0;0;0m██[38;2;131;131;148m██[38;2;0;0;0m██[38;2;222;57;90m██████[38;2;139;49;82m██[38;2;0;0;0m██        ██[38;2;222;57;90m██[38;2;115;41;57m██[38;2;222;57;90m██[38;2;115;41;57m██[38;2;222;57;90m██[38;2;115;41;57m██[38;2;0;0;0m██  
        ██[38;2;139;49;82m██[38;2;222;57;90m██████[38;2;65;65;65m██[38;2;0;0;0m██[38;2;65;65;65m██[38;2;222;57;90m██[38;2;139;49;82m██[38;2;0;0;0m██[38;2;131;131;148m████[38;2;0;0;0m██[38;2;222;57;90m██[38;2;65;65;65m████[38;2;139;49;82m██[38;2;0;0;0m████    ██[38;2;139;49;82m██[38;2;115;41;57m██[38;2;139;49;82m██[38;2;115;41;57m██[38;2;139;49;82m██[38;2;115;41;57m██[38;2;139;49;82m██[38;2;0;0;0m██  
        ██[38;2;222;57;90m████[38;2;0;0;0m██████[38;2;255;246;139m██[38;2;98;106;123m██[38;2;222;57;90m██[38;2;0;0;0m██[38;2;131;131;148m████[38;2;65;65;65m████[38;2;0;0;0m██[38;2;98;106;123m██[38;2;65;65;65m██[38;2;0;0;0m██[38;2;98;106;123m██[38;2;115;41;57m██[38;2;0;0;0m████[38;2;238;131;90m██[38;2;255;246;139m████[38;2;139;49;82m████████[38;2;222;57;90m██[38;2;0;0;0m██  
        ██████[38;2;65;65;65m██[38;2;238;131;90m██[38;2;255;246;139m██[38;2;98;106;123m██[38;2;0;0;0m██[38;2;222;57;90m██[38;2;0;0;0m██[38;2;65;65;65m████[38;2;0;0;0m████[38;2;255;246;139m████[38;2;0;0;0m██[38;2;98;106;123m██[38;2;131;131;148m████[38;2;115;41;57m██[38;2;139;49;82m████████[38;2;255;246;139m██████[38;2;238;131;90m██[38;2;65;65;65m██[38;2;0;0;0m██  
    ████[38;2;139;49;82m████[38;2;98;106;123m██[38;2;0;0;0m██[38;2;65;65;65m██[38;2;98;106;123m██[38;2;0;0;0m████[38;2;65;65;65m██[38;2;131;131;148m████[38;2;0;0;0m██[38;2;255;246;139m████[38;2;222;57;90m██[38;2;139;49;82m██[38;2;238;131;90m██[38;2;0;0;0m██[38;2;65;65;65m██[38;2;255;246;139m██[38;2;65;65;65m██[38;2;255;246;139m██[38;2;139;49;82m████████[38;2;222;57;90m██[38;2;238;131;90m██[38;2;65;65;65m██[38;2;98;106;123m██[38;2;131;131;148m██[38;2;0;0;0m██
  ██[38;2;255;255;255m██[38;2;65;65;65m██[38;2;98;106;123m████████[38;2;0;0;0m████  ██[38;2;131;131;148m████[38;2;0;0;0m██[38;2;222;57;90m████████[38;2;139;49;82m██[38;2;238;131;90m██[38;2;0;0;0m██[38;2;238;131;90m████[38;2;98;106;123m██[38;2;65;65;65m██[38;2;255;246;139m██████[38;2;222;57;90m██[38;2;115;41;57m██[38;2;238;131;90m████[38;2;65;65;65m██[38;2;0;0;0m██  
██[38;2;255;255;255m██[38;2;65;65;65m████[38;2;98;106;123m████████[38;2;0;0;0m██    ██[38;2;65;65;65m██[38;2;131;131;148m██[38;2;0;0;0m██[38;2;255;246;139m██[38;2;222;57;90m██[38;2;255;246;139m██[38;2;139;49;82m██[38;2;238;131;90m██[38;2;0;0;0m██[38;2;131;131;148m██[38;2;65;65;65m██[38;2;98;106;123m██[38;2;131;131;148m████[38;2;139;49;82m██[38;2;222;57;90m██[38;2;255;246;139m██[38;2;238;131;90m██[38;2;65;65;65m██████[38;2;0;0;0m██    
██[38;2;255;255;255m██[38;2;65;65;65m██[38;2;189;189;189m██[38;2;65;65;65m██[38;2;98;106;123m████[38;2;0;0;0m██    ██[38;2;115;41;57m██[38;2;0;0;0m████[38;2;255;255;255m██[38;2;98;106;123m██[38;2;238;131;90m██[38;2;139;49;82m████[38;2;238;131;90m██[38;2;0;0;0m██[38;2;222;57;90m██[38;2;139;49;82m██[38;2;0;0;0m██[38;2;65;65;65m██[38;2;238;131;90m██[38;2;255;246;139m██[38;2;115;41;57m██[38;2;238;131;90m██[38;2;65;65;65m██[38;2;98;106;123m██[38;2;131;131;148m██[38;2;0;0;0m██      
  ██[38;2;255;255;255m██[38;2;65;65;65m██[38;2;189;189;189m██[38;2;65;65;65m██[38;2;0;0;0m██    ██[38;2;115;41;57m██[38;2;238;131;90m██[38;2;0;0;0m██[38;2;255;255;255m██[38;2;98;106;123m██[38;2;255;255;255m██[38;2;65;65;65m██[38;2;238;131;90m██[38;2;139;49;82m██[38;2;0;0;0m██[38;2;255;246;139m██[38;2;238;131;90m██[38;2;222;57;90m██[38;2;139;49;82m██[38;2;0;0;0m██[38;2;139;49;82m██[38;2;238;131;90m██[38;2;65;65;65m██[38;2;238;131;90m████[38;2;0;0;0m████        
  ██[38;2;255;255;255m██[38;2;0;0;0m██[38;2;189;189;189m██[38;2;0;0;0m██      ██[38;2;238;131;90m██[38;2;115;41;57m██[38;2;0;0;0m██[38;2;65;65;65m██[38;2;255;255;255m██[38;2;65;65;65m██[38;2;189;189;189m██[38;2;65;65;65m██[38;2;0;0;0m██[38;2;255;246;139m██[38;2;222;57;90m██[38;2;255;246;139m██[38;2;222;57;90m██[38;2;139;49;82m██[38;2;0;0;0m██[38;2;238;131;90m██[38;2;65;65;65m██[38;2;98;106;123m██[38;2;131;131;148m██[38;2;0;0;0m██            
    ██  ██        ██[38;2;115;41;57m██[38;2;238;131;90m██[38;2;0;0;0m██[38;2;255;255;255m██[38;2;65;65;65m██[38;2;189;189;189m██[38;2;65;65;65m██[38;2;0;0;0m██[38;2;222;57;90m██[38;2;238;131;90m██[38;2;255;246;139m██[38;2;238;131;90m██[38;2;222;57;90m██[38;2;139;49;82m██[38;2;0;0;0m██[38;2;65;65;65m██[38;2;238;131;90m██[38;2;0;0;0m████              
                    ██[38;2;115;41;57m██[38;2;238;131;90m██[38;2;115;41;57m██[38;2;0;0;0m████████[38;2;255;246;139m██[38;2;222;57;90m██[38;2;238;131;90m██[38;2;222;57;90m██[38;2;238;131;90m██[38;2;139;49;82m████[38;2;0;0;0m████                  
                      ████████      ██[38;2;222;57;90m██[38;2;255;246;139m██[38;2;222;57;90m██[38;2;255;246;139m██[38;2;139;49;82m████[38;2;0;0;0m██                    
                                  ██[38;2;189;189;189m██[38;2;222;57;90m██[38;2;255;246;139m██[38;2;222;57;90m██[38;2;255;246;139m██[38;2;139;49;82m██[38;2;0;0;0m██                      
                                    ██[38;2;65;65;65m██[38;2;189;189;189m██[38;2;65;65;65m██[38;2;189;189;189m██[38;2;65;65;65m██[38;2;0;0;0m██                      
                                      ██████████                        
[0m