            [38;2;7;7;7m████                          
          ██[38;2;197;179;175m██[38;2;7;7;7m████                        
        ██[38;2;154;122;116m██[38;2;197;179;175m████[38;2;154;122;116m██[38;2;7;7;7m██                      
      ██[38;2;197;179;175m██████████[38;2;154;122;116m██[38;2;7;7;7m██                    
    ██[38;2;82;82;82m██[38;2;197;179;175m██████████[38;2;82;82;82m████[38;2;7;7;7m██                  
    ██[38;2;197;179;175m██████████[38;2;82;82;82m██[38;2;245;91;71m████[38;2;7;7;7m██                  
  ██[38;2;154;122;116m██[38;2;197;179;175m████[38;2;154;122;116m██[38;2;197;179;175m██[38;2;82;82;82m██[38;2;245;91;71m██[38;2;132;132;115m████[38;2;214;54;36m██[38;2;7;7;7m██                
██[38;2;154;122;116m██[38;2;197;179;175m████[38;2;154;122;116m██[38;2;197;179;175m████████[38;2;132;132;115m████[38;2;214;54;36m██[38;2;7;7;7m██      ████      
██[38;2;197;179;175m██████[38;2;154;122;116m██[38;2;197;179;175m████████[38;2;132;132;115m██[38;2;214;54;36m██[38;2;154;122;116m██[38;2;7;7;7m██  ████[38;2;197;179;175m████[38;2;7;7;7m██    
██[38;2;154;122;116m██[38;2;197;179;175m████[38;2;154;122;116m████[38;2;197;179;175m██████████[38;2;7;7;7m██    ██[38;2;197;179;175m████████[38;2;7;7;7m██  
  ██[38;2;154;122;116m████[38;2;169;128;102m████[38;2;154;122;116m██[38;2;197;179;175m██[38;2;82;82;82m██[38;2;197;179;175m██[38;2;154;122;116m████[38;2;7;7;7m████[38;2;82;82;82m██[38;2;197;179;175m████[38;2;154;122;116m██[38;2;197;179;175m████[38;2;7;7;7m██
  ██[38;2;169;128;102m██[38;2;222;193;166m██████[38;2;169;128;102m██[38;2;82;82;82m██[38;2;197;179;175m████[38;2;154;122;116m██[38;2;82;82;82m██[38;2;154;122;116m████[38;2;197;179;175m██[38;2;82;82;82m██[38;2;197;179;175m██[38;2;154;122;116m██[38;2;197;179;175m████[38;2;7;7;7m██
    ██[38;2;82;82;82m██[38;2;222;193;166m██████[38;2;82;82;82m██[38;2;197;179;175m██[38;2;154;122;116m██[38;2;82;82;82m██[38;2;214;54;36m██[38;2;82;82;82m██[38;2;154;122;116m██[38;2;197;179;175m████[38;2;154;122;116m██[38;2;197;179;175m████[38;2;154;122;116m██[38;2;7;7;7m██
    ██[38;2;154;122;116m██[38;2;82;82;82m████[38;2;154;122;116m████[38;2;82;82;82m████[38;2;245;91;71m██████[38;2;82;82;82m██[38;2;154;122;116m██[38;2;197;179;175m████[38;2;154;122;116m████[38;2;7;7;7m██  
  ██[38;2;197;179;175m██[38;2;154;122;116m██████████[38;2;197;179;175m██[38;2;82;82;82m██[38;2;245;91;71m████[38;2;82;82;82m██████[38;2;154;122;116m████████[38;2;7;7;7m██  
  ██[38;2;197;179;175m████[38;2;154;122;116m██████[38;2;197;179;175m██████[38;2;82;82;82m██[38;2;245;91;71m████[38;2;214;54;36m██[38;2;82;82;82m██[38;2;154;122;116m████[38;2;7;7;7m████    
    ██[38;2;197;179;175m██[38;2;82;82;82m██[38;2;197;179;175m████[38;2;82;82;82m██[38;2;197;179;175m██[38;2;154;122;116m██[38;2;82;82;82m██[38;2;214;54;36m██[38;2;82;82;82m██████[38;2;7;7;7m████        
      ██[38;2;82;82;82m████[38;2;154;122;116m██[38;2;197;179;175m██[38;2;82;82;82m████[38;2;214;54;36m██[38;2;174;44;30m████[38;2;214;54;36m██[38;2;7;7;7m██            
    ██[38;2;214;54;36m██[38;2;174;44;30m████[38;2;82;82;82m████[38;2;245;91;71m██[38;2;7;7;7m████[38;2;214;54;36m████[38;2;7;7;7m██              
    ██[38;2;248;248;248m██[38;2;214;54;36m██[38;2;82;82;82m██[38;2;245;91;71m████[38;2;214;54;36m██[38;2;7;7;7m██  ████                
      ████[38;2;248;248;248m██[38;2;245;91;71m██[38;2;248;248;248m██[38;2;7;7;7m██                        
          ██████                          
[0m