                          [38;2;0;0;0m████                                      
                          ██[38;2;74;123;206m██[38;2;0;0;0m██                                    
                          ██[38;2;74;123;206m██[38;2;0;0;0m██                                    
                          ██[38;2;74;123;206m████[38;2;0;0;0m██                                  
                          ██[38;2;74;123;206m████[38;2;0;0;0m██                                  
                          ██[38;2;74;123;206m██████[38;2;0;0;0m██                                
                ██        ██[38;2;74;123;206m██████[38;2;0;0;0m██                                
              ██[38;2;74;123;206m██[38;2;0;0;0m██      ██[38;2;74;123;206m██████[38;2;0;0;0m██        ██                      
              ██[38;2;58;90;148m██[38;2;0;0;0m██    ██[38;2;58;90;148m████[38;2;74;123;206m██████[38;2;0;0;0m██    ██[38;2;107;165;247m██[38;2;0;0;0m██                    
              ██[38;2;58;90;148m██[38;2;0;0;0m██    ██[38;2;74;123;206m██████████[38;2;0;0;0m██    ██[38;2;74;123;206m██[38;2;0;0;0m██                    
                ██[38;2;58;90;148m██[38;2;0;0;0m████[38;2;58;90;148m████[38;2;74;123;206m████████[38;2;0;0;0m██  ██[38;2;74;123;206m██[38;2;65;65;65m██[38;2;0;0;0m██                    
                  ██[38;2;58;90;148m██[38;2;65;65;65m██[38;2;74;123;206m██████[38;2;58;90;148m██[38;2;74;123;206m██████[38;2;0;0;0m██[38;2;74;123;206m██[38;2;0;0;0m████                      
                  ██[38;2;58;90;148m████[38;2;65;65;65m██[38;2;58;90;148m████[38;2;74;123;206m██████[38;2;65;65;65m██[38;2;74;123;206m██[38;2;0;0;0m████                        
                    ██[38;2;58;90;148m████[38;2;65;65;65m██[38;2;74;123;206m██████[38;2;65;65;65m██[38;2;74;123;206m██[38;2;65;65;65m██[38;2;0;0;0m████                        
                ████  ██[38;2;65;65;65m██[38;2;58;90;148m██[38;2;239;107;74m████[38;2;65;65;65m██[38;2;74;123;206m██[38;2;65;65;65m██[38;2;74;123;206m████[38;2;0;0;0m██                        
                ██[38;2;74;123;206m██[38;2;0;0;0m████[38;2;74;123;206m██[38;2;239;107;74m████[38;2;74;123;206m████[38;2;65;65;65m██[38;2;74;123;206m██████[38;2;0;0;0m████                      
                ██[38;2;74;123;206m████[38;2;65;65;65m██[38;2;239;107;74m████████████[38;2;65;65;65m██[38;2;74;123;206m████[38;2;239;107;74m██[38;2;74;123;206m██[38;2;0;0;0m██                    
      ██████    ████[38;2;74;123;206m████[38;2;65;65;65m████[38;2;239;107;74m██[38;2;197;99;58m██[38;2;0;0;0m██[38;2;255;222;49m██[38;2;65;65;65m██[38;2;74;123;206m██[38;2;239;107;74m██[38;2;74;123;206m████[38;2;65;65;65m██[38;2;0;0;0m██                  
    ██[38;2;58;90;148m██████[38;2;0;0;0m████[38;2;65;65;65m██[38;2;0;0;0m██[38;2;65;65;65m██[38;2;74;123;206m████████[38;2;65;65;65m██[38;2;255;222;49m██[38;2;173;140;16m██[38;2;65;65;65m██[38;2;74;123;206m██[38;2;239;107;74m██[38;2;74;123;206m██████[38;2;0;0;0m████                
  ██[38;2;58;90;148m██████████[38;2;65;65;65m██[38;2;0;0;0m████[38;2;58;90;148m██[38;2;65;65;65m████[38;2;74;123;206m██████[38;2;65;65;65m████[38;2;74;123;206m████[38;2;197;99;58m██[38;2;74;123;206m████[38;2;65;65;65m██[38;2;74;123;206m██[38;2;0;0;0m████  ████        
  ██[38;2;239;107;74m██[38;2;58;90;148m██████████[38;2;65;65;65m██[38;2;58;90;148m██[38;2;0;0;0m████[38;2;239;107;74m██[38;2;65;65;65m████████[38;2;74;123;206m████[38;2;239;107;74m██[38;2;197;99;58m██[38;2;58;90;148m████[38;2;65;65;65m██[38;2;74;123;206m████[38;2;0;0;0m████[38;2;58;90;148m██[38;2;74;123;206m██[38;2;0;0;0m████    
██[38;2;255;255;255m██[38;2;58;90;148m██[38;2;197;99;58m██[38;2;58;90;148m████████[38;2;0;0;0m████  ██[38;2;74;123;206m██[38;2;239;107;74m████████████[38;2;74;123;206m████[38;2;197;99;58m██[38;2;58;90;148m████[38;2;65;65;65m██[38;2;74;123;206m██[38;2;65;65;65m██[38;2;74;123;206m████[38;2;58;90;148m████[38;2;74;123;206m██[38;2;0;0;0m██  
██[38;2;58;90;148m██████[38;2;197;99;58m██[38;2;58;90;148m██████[38;2;0;0;0m██  ██[38;2;197;99;58m██[38;2;65;65;65m██[38;2;74;123;206m████████[38;2;65;65;65m██[38;2;74;123;206m██████[38;2;65;65;65m████[38;2;58;90;148m██[38;2;173;140;16m██[38;2;65;65;65m██[38;2;74;123;206m████████[38;2;58;90;148m████[38;2;0;0;0m██  
  ██[38;2;197;197;197m██[38;2;58;90;148m██[38;2;197;99;58m██[38;2;58;90;148m██[38;2;0;0;0m████  ██[38;2;58;90;148m██[38;2;197;99;58m██[38;2;65;65;65m████████████[38;2;74;123;206m████[38;2;239;107;74m██[38;2;74;123;206m████[38;2;65;65;65m██[38;2;173;140;16m██[38;2;65;65;65m██[38;2;74;123;206m████████[38;2;58;90;148m██[38;2;74;123;206m██[38;2;58;90;148m██[38;2;0;0;0m██
    ████████      ██[38;2;58;90;148m████[38;2;197;99;58m██[38;2;65;65;65m██[38;2;74;123;206m██████[38;2;65;65;65m██[38;2;58;90;148m██[38;2;239;107;74m██[38;2;74;123;206m████████[38;2;65;65;65m██[38;2;0;0;0m██[38;2;74;123;206m██████████[38;2;239;107;74m████[38;2;0;0;0m██
                    ██[38;2;65;65;65m████[38;2;0;0;0m████[38;2;65;65;65m██████[38;2;0;0;0m██[38;2;197;99;58m██[38;2;58;90;148m██[38;2;74;123;206m██████[38;2;0;0;0m██  ██[38;2;74;123;206m██████[38;2;239;107;74m██[38;2;58;90;148m████[38;2;0;0;0m██
                  ██[38;2;197;197;197m██[38;2;58;90;148m████[38;2;0;0;0m██  ██████  ████[38;2;58;90;148m████[38;2;65;65;65m██[38;2;0;0;0m████  ████[38;2;239;107;74m██[38;2;58;90;148m██[38;2;74;123;206m██[38;2;255;255;255m██[38;2;0;0;0m██
                    ██████                ██[38;2;65;65;65m██[38;2;0;0;0m████        ██[38;2;255;255;255m██[38;2;0;0;0m████  
                                        ██[38;2;58;90;148m██[38;2;197;197;197m██[38;2;255;255;255m██[38;2;0;0;0m██          ████    
                                          ████████                  
[0m