        [38;2;0;0;0m██                                
      ██[38;2;197;123;74m██[38;2;0;0;0m██                              
      ██[38;2;197;123;74m██[38;2;0;0;0m██                              
    ██[38;2;197;123;74m██████[38;2;0;0;0m██                            
    ██[38;2;140;82;49m██[38;2;197;123;74m██[38;2;65;65;65m██[38;2;0;0;0m██          ██████            
████[38;2;140;82;49m████[38;2;65;65;65m██[38;2;239;214;140m██[38;2;0;0;0m██      ████[38;2;197;123;74m████[38;2;0;0;0m██      ██    
██[38;2;239;214;140m██[38;2;65;65;65m██[38;2;140;82;49m██[38;2;239;214;140m████[38;2;140;82;49m██[38;2;0;0;0m██  ██[38;2;197;123;74m██████[38;2;0;0;0m██      ██[38;2;115;140;173m██[38;2;0;0;0m██  
██[38;2;239;214;140m██[38;2;197;165;115m██[38;2;65;65;65m██[38;2;239;214;140m████[38;2;140;82;49m████[38;2;0;0;0m██[38;2;197;123;74m██[38;2;140;82;49m████[38;2;0;0;0m██        ██[38;2;115;140;173m██[38;2;0;0;0m██  
██[38;2;239;214;140m██[38;2;197;165;115m██[38;2;239;214;140m████[38;2;140;82;49m██[38;2;239;214;140m██████[38;2;65;65;65m██[38;2;140;82;49m████[38;2;197;123;74m██[38;2;0;0;0m██    ██[38;2;115;140;173m██[38;2;99;115;156m██[38;2;0;0;0m██  
  ██[38;2;239;214;140m██████████[38;2;197;165;115m██[38;2;65;65;65m██[38;2;140;82;49m████[38;2;197;123;74m██[38;2;0;0;0m██      ██[38;2;115;140;173m██[38;2;99;115;156m████[38;2;0;0;0m██
  ██[38;2;197;165;115m██[38;2;239;214;140m██████[38;2;123;123;123m██[38;2;65;65;65m██[38;2;197;123;74m██[38;2;140;82;49m████[38;2;0;0;0m██  ██████[38;2;65;65;65m██[38;2;99;115;156m████[38;2;0;0;0m██  
██[38;2;123;123;123m██[38;2;65;65;65m██[38;2;197;165;115m████[38;2;123;123;123m██[38;2;255;255;255m██[38;2;197;123;74m██████████[38;2;0;0;0m██[38;2;115;140;173m██████[38;2;99;115;156m██[38;2;65;65;65m██[38;2;0;0;0m██    
████[38;2;65;65;65m██[38;2;239;214;140m██[38;2;197;165;115m██[38;2;0;0;0m██[38;2;255;255;255m██[38;2;197;123;74m██████[38;2;140;82;49m██[38;2;65;65;65m██[38;2;115;140;173m████████[38;2;99;115;156m██████[38;2;0;0;0m██  
██[38;2;239;214;140m██████████[38;2;197;165;115m██[38;2;140;82;49m████[38;2;197;123;74m████[38;2;65;65;65m██[38;2;115;140;173m████[38;2;99;115;156m██████[38;2;65;65;65m██[38;2;99;115;156m████[38;2;0;0;0m██
██[38;2;239;214;140m██[38;2;0;0;0m████[38;2;239;214;140m████████[38;2;197;165;115m██[38;2;65;65;65m████[38;2;99;115;156m██████████████[38;2;65;65;65m██[38;2;0;0;0m████
  ██    ██[38;2;239;214;140m██[38;2;65;65;65m██[38;2;239;214;140m████[38;2;65;65;65m██[38;2;99;115;156m██████████[38;2;65;65;65m██[38;2;99;115;156m██████[38;2;0;0;0m██  
      ██[38;2;197;123;74m██[38;2;65;65;65m██[38;2;197;123;74m██[38;2;65;65;65m██[38;2;239;214;140m██[38;2;140;82;49m██[38;2;65;65;65m██[38;2;99;115;156m████[38;2;65;65;65m██[38;2;99;115;156m████[38;2;65;65;65m████[38;2;0;0;0m██    
      ██[38;2;197;123;74m████[38;2;0;0;0m████[38;2;140;82;49m██[38;2;197;123;74m████[38;2;65;65;65m██[38;2;99;115;156m████[38;2;0;0;0m████[38;2;197;123;74m████[38;2;0;0;0m██    
    ██[38;2;197;123;74m████[38;2;0;0;0m██    ██[38;2;197;123;74m████[38;2;140;82;49m██[38;2;0;0;0m██████  ██[38;2;197;123;74m██[38;2;0;0;0m██    
      ████        ██[38;2;197;123;74m██[38;2;0;0;0m██        ████      
                ██[38;2;197;123;74m████[38;2;0;0;0m██                  
                  ████                    
[0m