        [38;2;0;0;0m██                                    
      ██[38;2;189;189;189m██[38;2;0;0;0m██    ██                            
      ██[38;2;189;189;189m██[38;2;0;0;0m██  ██[38;2;255;255;255m██[38;2;0;0;0m██          ██████          
    ██[38;2;189;189;189m██[38;2;0;0;0m██    ██[38;2;255;255;255m██[38;2;0;0;0m██      ████████            
    ██[38;2;189;189;189m██[38;2;0;0;0m██      ██[38;2;255;255;255m██[38;2;0;0;0m██        ██████████      
    ██[38;2;189;189;189m████[38;2;0;0;0m██    ██[38;2;255;255;255m████[38;2;0;0;0m██  ████████    ██████  
      ██[38;2;189;189;189m████[38;2;0;0;0m████[38;2;255;255;255m██████[38;2;0;0;0m██      ██████      ██  
      ██[38;2;107;107;115m████[38;2;65;65;65m██[38;2;255;255;255m██████[38;2;0;0;0m██                    ████
    ██[38;2;107;107;115m██[38;2;239;140;82m██[38;2;107;107;115m██[38;2;65;65;65m████[38;2;255;255;255m██[38;2;0;0;0m██    ██                  ██
    ██[38;2;239;140;82m██[38;2;65;65;65m██[38;2;0;0;0m██[38;2;255;255;255m██[38;2;65;65;65m██[38;2;0;0;0m██    ██[38;2;255;255;255m██[38;2;0;0;0m██                ██
████[38;2;239;140;82m████[38;2;107;107;115m██[38;2;255;66;49m██[38;2;189;189;189m██[38;2;107;107;115m████[38;2;0;0;0m██  ██[38;2;255;255;255m██[38;2;0;0;0m██              ████
██[38;2;239;140;82m████████[38;2;107;107;115m████[38;2;239;140;82m██[38;2;107;107;115m██[38;2;65;65;65m██[38;2;0;0;0m██[38;2;255;255;255m████[38;2;65;65;65m██[38;2;0;0;0m██████      ████  
  ██[38;2;239;140;82m██████████[38;2;107;107;115m████[38;2;65;65;65m██[38;2;255;255;255m██████[38;2;65;65;65m████[38;2;255;255;255m██[38;2;189;189;189m██[38;2;0;0;0m████████    
    ██[38;2;65;65;65m██[38;2;189;99;58m██[38;2;239;140;82m██[38;2;189;99;58m██[38;2;107;107;115m██[38;2;65;65;65m████[38;2;255;255;255m████[38;2;65;65;65m██[38;2;189;189;189m████[38;2;65;65;65m██[38;2;189;189;189m████[38;2;65;65;65m██[38;2;189;189;189m██[38;2;0;0;0m██    
████  ██[38;2;189;189;189m██[38;2;65;65;65m████████[38;2;255;255;255m████[38;2;65;65;65m██████[38;2;255;255;255m██[38;2;189;189;189m██[38;2;65;65;65m██[38;2;189;189;189m██[38;2;0;0;0m████      
██[38;2;189;189;189m██[38;2;0;0;0m████[38;2;156;156;156m██[38;2;189;189;189m██[38;2;65;65;65m████[38;2;255;255;255m██████████[38;2;65;65;65m██[38;2;255;255;255m████[38;2;65;65;65m████[38;2;0;0;0m██        
██[38;2;189;189;189m██████[38;2;0;0;0m██[38;2;189;189;189m██[38;2;255;255;255m██████[38;2;65;65;65m████[38;2;189;189;189m██[38;2;65;65;65m██[38;2;189;189;189m██[38;2;255;255;255m██[38;2;65;65;65m██[38;2;107;107;115m██████[38;2;0;0;0m██      
  ██[38;2;189;189;189m██████[38;2;0;0;0m██[38;2;255;255;255m██████[38;2;65;65;65m██[38;2;255;255;255m██[38;2;65;65;65m████[38;2;189;189;189m██[38;2;0;0;0m████[38;2;107;107;115m██████[38;2;0;0;0m██      
    ██████[38;2;189;189;189m██[38;2;65;65;65m██[38;2;255;255;255m██[38;2;65;65;65m████[38;2;255;255;255m██████[38;2;189;189;189m██[38;2;0;0;0m██  ██[38;2;107;107;115m████[38;2;65;65;65m██[38;2;0;0;0m██    
        ██[38;2;65;65;65m████[38;2;0;0;0m████[38;2;65;65;65m████[38;2;255;255;255m██[38;2;189;189;189m██[38;2;0;0;0m██      ████[38;2;65;65;65m██[38;2;0;0;0m██    
        ██[38;2;189;189;189m████[38;2;0;0;0m██  ████[38;2;65;65;65m████[38;2;0;0;0m██        ██[38;2;65;65;65m██[38;2;0;0;0m██    
      ██[38;2;65;65;65m██[38;2;189;189;189m████[38;2;0;0;0m██    ██[38;2;107;107;115m████[38;2;0;0;0m██      ██[38;2;181;58;58m████[38;2;0;0;0m██    
    ██[38;2;181;58;58m████[38;2;65;65;65m██[38;2;0;0;0m██    ██[38;2;189;189;189m██[38;2;65;65;65m██[38;2;255;255;255m██[38;2;189;189;189m██[38;2;0;0;0m██    ██████      
      ██████      ██[38;2;189;189;189m██[38;2;65;65;65m██[38;2;255;255;255m██[38;2;189;189;189m██[38;2;0;0;0m██                
                    ██[38;2;107;107;115m██[38;2;65;65;65m██[38;2;0;0;0m██                  
                  ██[38;2;255;66;49m██[38;2;181;58;58m██[38;2;255;66;49m██[38;2;0;0;0m██                  
                    ██████                    
[0m