                                        [38;2;0;0;0m████                    ██                  
                        ████          ██[38;2;247;158;123m████[38;2;0;0;0m██                ██[38;2;247;158;123m██[38;2;0;0;0m██                
                  ██  ██[38;2;247;150;41m████[38;2;0;0;0m██          ██[38;2;247;158;123m████[38;2;0;0;0m██              ██[38;2;247;158;123m██[38;2;0;0;0m██                
                ██[38;2;90;182;107m██[38;2;0;8;24m██[38;2;247;150;49m██[38;2;123;93;57m████[38;2;43;74;77m██[38;2;16;0;0m██  [38;2;0;0;0m██████[38;2;247;156;123m██[38;2;255;97;66m██[38;2;255;101;74m██[38;2;0;16;16m██            [38;2;0;0;0m██[38;2;255;97;66m██[38;2;255;121;82m██[38;2;74;52;49m██[38;2;0;0;0m██              
                ██[38;2;90;182;107m██[38;2;82;55;32m██[38;2;247;150;49m██[38;2;123;93;57m██[38;2;99;223;231m██████[38;2;0;0;0m██[38;2;255;97;66m██████████[38;2;255;101;74m██[38;2;85;44;35m██[38;2;0;0;0m████      ██[38;2;255;97;66m████[38;2;164;86;65m██[38;2;255;121;82m██[38;2;0;0;0m██              
              ██[38;2;90;182;107m██[38;2;66;65;66m██[38;2;247;150;41m██[38;2;66;65;66m██[38;2;99;223;231m████[38;2;181;56;33m████[38;2;255;99;66m████████[38;2;255;97;66m████[38;2;181;56;33m██[38;2;255;97;66m██[38;2;255;99;66m████[38;2;0;0;0m██████[38;2;255;97;66m████████[38;2;0;0;0m██                
              ██[38;2;90;182;107m██[38;2;66;65;66m██[38;2;247;150;41m██[38;2;66;65;66m██[38;2;181;56;33m████[38;2;255;97;66m████[38;2;255;99;66m████████[38;2;255;97;66m██[38;2;214;65;41m██[38;2;255;97;66m████[38;2;255;99;66m████[38;2;255;97;66m██████████[38;2;0;0;0m████                  
              ██[38;2;90;178;107m██[38;2;49;89;57m██[38;2;230;130;74m██[38;2;181;60;24m██[38;2;247;156;123m████████████[38;2;255;97;66m████[38;2;255;99;66m████████████[38;2;255;97;66m████[38;2;0;0;0m██████                      
                [38;2;8;0;8m██[38;2;90;178;107m██[38;2;181;60;24m██[38;2;255;166;99m██[38;2;247;156;123m██████████████[38;2;255;97;66m██[38;2;255;99;66m████████████[38;2;255;97;66m██[38;2;0;0;0m██                            
                  ██[38;2;247;156;123m████[38;2;255;99;66m████████[38;2;255;97;66m██[38;2;247;156;123m██[38;2;255;97;66m████[38;2;247;156;123m██[38;2;255;97;66m██[38;2;255;99;66m████████[38;2;214;65;41m██[38;2;255;97;66m██[38;2;0;0;0m██                          
████████        ██[38;2;255;97;66m██████[38;2;255;99;66m████████[38;2;255;97;66m██████[38;2;247;156;123m██[38;2;255;97;66m████[38;2;255;99;66m████████[38;2;255;97;66m████[38;2;0;0;0m██      ██████              
██[38;2;66;150;189m██[38;2;66;148;189m████[38;2;8;0;0m████    [38;2;0;0;0m██[38;2;255;97;66m██[38;2;255;99;66m████████████[38;2;255;97;66m████[38;2;66;65;66m████████[38;2;255;97;66m████[38;2;255;99;66m████[38;2;255;97;66m██[38;2;172;64;44m██[38;2;0;0;0m██      ██[38;2;99;223;231m████[38;2;0;0;0m██            
  ██[38;2;66;148;189m████[38;2;41;73;90m██[38;2;74;146;181m██[38;2;0;0;0m████[38;2;255;97;66m████[38;2;255;99;66m████████████[38;2;66;65;66m████[38;2;99;223;231m████[38;2;66;150;189m████[38;2;66;65;66m██[38;2;255;97;66m██[38;2;255;99;66m████[38;2;255;97;66m██[38;2;8;0;0m██          [38;2;0;0;0m██[38;2;99;223;231m████[38;2;0;0;0m██          
    ██[38;2;66;67;66m██[38;2;65;148;189m████[38;2;66;150;189m██[38;2;66;65;66m██████[38;2;255;93;57m████[38;2;181;56;33m██[38;2;255;97;66m██[38;2;132;77;66m████[38;2;99;223;231m██[38;2;66;148;189m██[38;2;66;150;189m████[38;2;24;105;140m██[38;2;95;95;107m██[38;2;255;99;66m████[38;2;255;93;57m██[38;2;74;60;57m██[38;2;71;37;32m██[38;2;214;73;49m██[38;2;0;0;0m██        ██[38;2;132;235;239m████[38;2;0;0;0m██          
      ██[38;2;73;106;172m████[38;2;66;65;66m██[38;2;66;150;189m██[38;2;74;105;173m████[38;2;74;56;57m██[38;2;164;74;57m██[38;2;255;97;66m████[38;2;132;77;66m██[38;2;99;223;231m██[38;2;66;148;189m████[38;2;66;65;66m████[38;2;95;95;107m██[38;2;239;77;41m██[38;2;255;99;66m████[38;2;255;93;57m██[38;2;194;82;57m██[38;2;214;73;49m██[38;2;0;20;24m██      [38;2;0;0;0m████[38;2;99;223;231m██[38;2;132;235;239m██[38;2;0;0;0m██            
        ████[38;2;74;105;173m████[38;2;74;107;173m████[38;2;74;105;173m██[38;2;66;65;66m██[38;2;255;125;90m██[38;2;66;65;66m██[38;2;82;207;239m██[38;2;73;158;184m██[38;2;110;134;140m██[38;2;0;4;8m██[38;2;222;190;107m██[38;2;74;92;139m██[38;2;66;65;66m██[38;2;255;97;66m████[38;2;211;67;44m██[38;2;214;65;41m██[38;2;66;65;66m██[38;2;0;0;0m██    ████[38;2;132;235;239m██[38;2;198;255;255m██[38;2;99;222;230m██[38;2;99;222;231m████[38;2;0;0;0m██          
            ████[38;2;74;107;173m████[38;2;66;65;66m████[38;2;255;125;90m██[38;2;66;65;66m██[38;2;73;158;184m██[38;2;57;60;74m██[38;2;0;4;8m██[38;2;165;199;206m██[38;2;74;92;139m████[38;2;66;65;66m██[38;2;255;97;66m██[38;2;189;52;33m██[38;2;211;67;44m██[38;2;214;65;41m████[38;2;0;0;0m██  ██[38;2;99;223;231m██[38;2;132;235;239m████[38;2;198;255;255m████[38;2;99;222;231m████[38;2;99;223;231m██[38;2;0;0;0m██  ████  
                ████[38;2;82;85;90m████[38;2;255;97;66m████[38;2;132;77;66m██[38;2;99;223;231m██[38;2;0;0;16m██[38;2;247;251;255m██[38;2;239;146;90m██[38;2;66;65;66m██[38;2;255;97;66m████[38;2;231;85;57m██[38;2;77;39;35m██[38;2;0;0;0m██[38;2;214;65;41m██[38;2;85;59;63m██[38;2;74;12;0m██[38;2;66;148;189m██[38;2;99;223;231m██[38;2;99;222;231m████[38;2;198;255;255m██[38;2;99;222;230m██[38;2;99;223;231m████[38;2;66;148;189m████[38;2;0;0;0m██[38;2;66;150;189m██[38;2;0;0;0m██  
                    [38;2;0;0;41m██[38;2;247;255;189m██[38;2;66;65;66m██[38;2;255;97;66m██[38;2;132;77;66m████[38;2;123;125;135m██[38;2;247;251;255m██[38;2;66;65;66m██[38;2;239;146;90m██[38;2;255;97;66m██[38;2;214;65;41m██[38;2;231;85;57m██[38;2;0;16;24m██  [38;2;0;0;0m██[38;2;85;59;63m██[38;2;107;154;189m██[38;2;66;148;189m████[38;2;99;222;231m████[38;2;99;222;230m████[38;2;99;223;231m██[38;2;66;148;189m██[38;2;99;223;231m██[38;2;66;148;189m██[38;2;66;150;189m██[38;2;0;0;0m██    
                  ██[38;2;255;255;165m████[38;2;255;243;156m██[38;2;99;44;49m██[38;2;74;65;57m██[38;2;255;255;148m██[38;2;255;243;123m██[38;2;197;195;134m██[38;2;66;81;99m████[38;2;66;65;66m██[38;2;255;97;66m██[38;2;0;0;0m██      [38;2;16;8;0m██[38;2;74;150;189m██[38;2;66;150;189m██[38;2;0;0;0m████[38;2;66;67;66m██[38;2;66;109;173m██[38;2;99;223;231m██[38;2;66;148;189m██[38;2;99;223;231m██[38;2;66;148;189m████[38;2;66;150;189m██[38;2;0;0;0m██    
                  ██[38;2;255;255;165m████[38;2;177;143;102m██[38;2;255;243;156m██[38;2;194;191;117m████[38;2;197;195;134m██[38;2;82;101;156m██[38;2;66;81;99m██[38;2;255;97;66m██████[38;2;66;67;66m██[38;2;0;0;0m██  ██[38;2;35;55;63m██[38;2;74;150;189m██[38;2;0;0;0m██    ██[38;2;77;147;192m██[38;2;66;109;173m██[38;2;66;148;189m████████[38;2;0;0;0m██      
                    ██[38;2;222;190;107m████████[38;2;0;0;0m██[38;2;43;74;82m██[38;2;99;223;247m██[38;2;99;223;231m██[38;2;66;65;66m██[38;2;66;60;74m████[38;2;126;165;186m██[38;2;66;121;189m██[38;2;0;0;0m██[38;2;255;255;165m████[38;2;0;0;0m██      ██[38;2;66;150;189m████[38;2;73;106;172m██[38;2;65;148;189m██[38;2;66;150;189m██[38;2;0;0;0m██    ██  
                      ████████  [38;2;16;0;0m██[38;2;71;148;164m██[38;2;99;223;231m████[38;2;99;211;239m██[38;2;82;135;156m██[38;2;66;121;189m██[38;2;247;255;181m██[38;2;255;255;165m████████[38;2;0;0;0m██      ██[38;2;66;150;189m██[38;2;65;148;189m████[38;2;66;150;189m██[38;2;0;0;0m██  ██[38;2;66;150;189m██[38;2;0;0;0m██
                                [38;2;16;8;0m██[38;2;95;90;55m██[38;2;99;223;231m████[38;2;74;105;173m██[38;2;255;255;165m████████[38;2;175;171;110m██[38;2;255;255;165m████[38;2;0;0;0m██      ██[38;2;66;150;189m██[38;2;66;117;156m██[38;2;66;146;198m██[38;2;66;148;189m████[38;2;0;0;0m██[38;2;66;150;189m████[38;2;0;0;0m██
                              ██[38;2;175;172;110m██[38;2;255;255;165m██[38;2;74;105;173m██[38;2;99;223;231m██[38;2;74;105;173m██[38;2;255;255;165m████[38;2;0;0;0m██[38;2;16;4;0m██[38;2;255;255;165m██████[38;2;0;0;0m██        ██[38;2;66;60;74m██[38;2;66;146;198m██[38;2;66;148;189m████[38;2;66;150;189m████[38;2;0;0;0m██  
                              ██[38;2;74;120;178m██[38;2;222;190;107m██[38;2;66;109;173m██[38;2;99;223;231m████[38;2;74;105;173m██[38;2;0;0;0m██    ██[38;2;255;255;165m████[38;2;0;0;0m██          ████[38;2;66;150;189m████[38;2;0;0;0m████    
                            ██[38;2;66;150;189m██[38;2;74;120;178m████[38;2;77;147;192m██[38;2;99;223;231m██████[38;2;0;0;0m██    ██[38;2;255;255;165m████[38;2;222;190;107m██[38;2;0;0;0m██            ████        
                            ██[38;2;66;150;189m██[38;2;49;77;90m██[38;2;101;117;104m██[38;2;82;76;63m██[38;2;66;150;189m██[38;2;82;69;57m██[38;2;156;231;198m██[38;2;99;223;231m██[38;2;0;0;0m██    ██[38;2;222;190;107m██████[38;2;0;0;0m██                      
                              ██[38;2;206;199;132m██[38;2;49;77;90m██[38;2;82;76;63m████[38;2;131;177;151m██[38;2;82;69;57m██[38;2;0;0;0m██      ██[38;2;222;190;107m██[38;2;74;106;173m██[38;2;222;190;107m██[38;2;0;0;0m██                      
                              ██[38;2;222;190;107m████[38;2;118;102;73m██[38;2;222;186;107m██[38;2;222;190;107m██[38;2;0;0;0m██        [38;2;0;0;8m██[38;2;189;182;156m██[38;2;74;120;178m██[38;2;222;190;107m██[38;2;74;105;173m██[38;2;0;0;0m██                    
                            ██[38;2;74;105;173m██[38;2;222;190;107m██[38;2;74;106;173m██[38;2;66;60;57m██[38;2;222;186;107m██[38;2;222;190;107m████[38;2;0;0;0m██      [38;2;0;0;8m██[38;2;126;121;106m██[38;2;74;120;178m████[38;2;74;105;173m██[38;2;0;0;0m██                    
                            ██[38;2;74;105;173m██[38;2;84;112;164m██[38;2;46;58;82m██[38;2;222;190;107m██[38;2;74;120;178m██[38;2;173;178;173m██[38;2;115;118;126m██[38;2;0;0;0m██        ████████                      
                              ██[38;2;8;4;0m████[38;2;74;120;178m████[38;2;115;118;126m██[38;2;0;0;33m██                                        
                                    [38;2;0;0;0m██████                                          
[0m