                            [38;2;0;0;0m████            ██████████                  
                          ██[38;2;74;189;238m████[38;2;0;0;0m██      ████[38;2;82;90;148m██[38;2;189;189;180m████[38;2;82;90;148m████[38;2;0;0;0m██                
                        ██[38;2;74;189;238m██[38;2;82;90;148m████[38;2;24;148;197m██[38;2;0;0;0m██  ██[38;2;82;90;148m██[38;2;255;205;148m██[38;2;189;189;180m██[38;2;82;90;148m████[38;2;0;0;0m██████                
    ████████          ██[38;2;24;148;197m██[38;2;82;90;148m██████[38;2;24;148;197m██[38;2;0;0;0m████[38;2;82;90;148m████████[38;2;0;0;0m████                      
  ██[38;2;189;189;180m██[38;2;82;90;148m██[38;2;189;189;180m██[38;2;82;90;148m██[38;2;0;0;0m██      ██[38;2;65;65;65m██████[38;2;82;90;148m██████[38;2;24;148;197m██[38;2;65;65;65m████████[38;2;0;0;0m██            ████████      
██[38;2;189;189;180m██[38;2;82;90;148m██[38;2;255;98;90m████[38;2;82;90;148m████[38;2;0;0;0m██████[38;2;82;115;189m████[38;2;205;222;246m██████[38;2;189;189;180m██[38;2;65;65;65m████████[38;2;74;189;238m████[38;2;65;65;65m██[38;2;0;0;0m██████    ██[38;2;82;115;189m██[38;2;65;65;65m██[38;2;205;222;246m████[38;2;0;0;0m██████
██[38;2;82;90;148m████[38;2;24;148;197m██[38;2;82;90;148m██[38;2;24;148;197m██[38;2;82;90;148m██[38;2;65;65;65m██[38;2;106;148;230m████[38;2;255;246;156m████[38;2;106;148;230m██████[38;2;82;115;189m██[38;2;189;189;180m████[38;2;65;65;65m██[38;2;74;189;238m██[38;2;82;115;189m████[38;2;74;189;238m██[38;2;65;65;65m██[38;2;82;115;189m██[38;2;0;0;0m██  ██[38;2;82;115;189m██[38;2;65;65;65m██[38;2;189;189;180m██[38;2;65;65;65m████[38;2;82;115;189m████[38;2;0;0;0m██
  ████[38;2;82;90;148m██[38;2;24;148;197m██[38;2;82;90;148m██[38;2;65;65;65m██[38;2;106;148;230m████[38;2;255;246;156m██[38;2;106;148;230m████[38;2;82;115;189m██████████[38;2;65;65;65m██[38;2;74;189;238m██[38;2;82;115;189m████[38;2;74;189;238m██[38;2;65;65;65m██[38;2;82;115;189m██[38;2;65;65;65m██[38;2;0;0;0m████[38;2;82;115;189m██[38;2;65;65;65m██[38;2;255;246;156m██[38;2;65;65;65m██[38;2;82;115;189m██[38;2;0;0;0m██████  
      ██████[38;2;82;115;189m██[38;2;255;246;156m████[38;2;106;148;230m████[38;2;82;115;189m██[38;2;255;246;156m████[38;2;255;205;148m████[38;2;65;65;65m██[38;2;74;189;238m██[38;2;82;115;189m████████[38;2;205;222;246m██[38;2;65;65;65m██[38;2;82;115;189m████████[38;2;65;65;65m██[38;2;82;115;189m████[38;2;0;0;0m██        
          ██[38;2;255;246;156m██[38;2;106;148;230m██[38;2;205;222;246m██[38;2;106;148;230m██[38;2;255;255;255m██[38;2;255;205;148m████[38;2;255;246;156m████[38;2;82;115;189m██[38;2;65;65;65m██[38;2;74;189;238m██[38;2;82;115;189m████[38;2;205;222;246m██[38;2;82;90;148m██[38;2;189;189;180m██[38;2;0;0;0m████[38;2;82;115;189m████████[38;2;0;0;0m████          
        ██[38;2;106;148;230m██[38;2;255;246;156m██[38;2;106;148;230m██[38;2;205;222;246m██[38;2;106;148;230m██[38;2;82;115;189m██[38;2;255;246;156m████[38;2;205;222;246m██[38;2;82;115;189m██████[38;2;65;65;65m██[38;2;74;189;238m██[38;2;82;90;148m██[38;2;189;189;180m██[38;2;0;0;0m████    ████████              
      ██[38;2;106;148;230m████[38;2;255;246;156m██[38;2;205;222;246m██[38;2;106;148;230m██████[38;2;82;115;189m██████████[38;2;255;246;156m██[38;2;189;189;180m██[38;2;65;65;65m██[38;2;24;148;197m██[38;2;0;0;0m██                              
      ██[38;2;106;148;230m████████████[38;2;82;115;189m██[38;2;74;189;238m██████[38;2;82;115;189m████████[38;2;65;65;65m██[38;2;24;148;197m██[38;2;0;0;0m██                              
        ██[38;2;74;189;238m████[38;2;82;115;189m██████[38;2;74;189;238m██[38;2;0;0;0m██[38;2;246;238;74m██[38;2;0;0;0m██[38;2;74;189;238m████[38;2;82;115;189m██████████[38;2;0;0;0m████████                      
          ████[38;2;74;189;238m██████[38;2;24;148;197m████[38;2;0;0;0m██[38;2;24;148;197m██[38;2;205;222;246m████[38;2;74;189;238m██[38;2;65;65;65m██[38;2;82;115;189m████[38;2;74;189;238m████[38;2;82;115;189m██████[38;2;0;0;0m████                  
              ████[38;2;205;222;246m████████████[38;2;0;0;0m██████[38;2;82;115;189m██[38;2;74;189;238m██[38;2;255;246;156m██[38;2;255;205;148m██[38;2;74;189;238m██[38;2;255;98;90m████[38;2;65;65;65m██[38;2;189;189;180m██[38;2;0;0;0m██                
                  ██████[38;2;205;222;246m████[38;2;0;0;0m██      ██[38;2;82;115;189m██[38;2;74;189;238m████[38;2;255;98;90m██[38;2;205;222;246m████[38;2;65;65;65m████[38;2;0;0;0m██                
                        ████        ██[38;2;82;115;189m██████[38;2;255;98;90m██[38;2;205;222;246m██[38;2;65;65;65m████[38;2;189;189;180m██[38;2;0;0;0m██                
                                      ██[38;2;82;115;189m██[38;2;65;65;65m████████[38;2;255;255;255m██[38;2;0;0;0m██                  
                                        ████[38;2;255;255;255m████[38;2;0;0;0m████                    
                                            ████                        
[0m