                          [38;2;0;4;0m████                                                                          
                    ██  ██[38;2;206;235;255m██[38;2;0;4;0m██                                                                          
                  ██[38;2;206;235;255m██[38;2;8;12;8m██[38;2;214;243;255m██[38;2;0;4;0m██                                                                            
                  ██[38;2;206;235;255m██[38;2;214;243;255m██[38;2;145;166;172m██[38;2;0;4;0m██                  ██    ████████                                            
                  ██[38;2;206;235;255m██[38;2;222;251;255m██[38;2;0;8;0m██                  [38;2;0;4;0m██[38;2;255;255;255m██[38;2;8;12;8m██[38;2;0;4;0m██[38;2;255;255;255m████████[38;2;0;4;0m██                                          
                ██[38;2;206;235;255m████[38;2;148;170;170m██[38;2;0;8;0m██                  [38;2;0;4;0m██[38;2;172;174;172m██[38;2;255;255;255m██████[38;2;170;175;172m████[38;2;0;4;0m██                                            
              ██[38;2;206;235;255m████[38;2;170;187;192m██[38;2;139;139;127m██[38;2;255;239;66m██[38;2;0;4;0m██              ██[38;2;255;255;255m██████████████[38;2;0;4;0m██                                            
              ██[38;2;206;235;255m████[38;2;134;140;129m██[38;2;255;239;66m████[38;2;0;4;0m██          ████[38;2;255;255;255m████████[38;2;200;195;189m████[38;2;0;4;0m████                                              
            ██[38;2;206;235;255m████[38;2;139;139;127m██[38;2;255;239;66m██[38;2;239;207;66m██[38;2;0;0;16m██    [38;2;0;4;0m████████[38;2;255;255;255m██████[38;2;0;4;0m██████████                                                  
            ██[38;2;206;235;255m██[38;2;140;137;127m██[38;2;255;239;66m████[38;2;239;207;66m██[38;2;79;69;32m██[38;2;0;4;0m████[38;2;255;255;255m████████████[38;2;0;4;0m██                                                            
            ██[38;2;148;156;148m████[38;2;247;239;66m████[38;2;214;170;74m██[38;2;247;251;255m██[38;2;255;255;255m████████████[38;2;131;131;127m██[38;2;8;8;0m██                                                              
            [38;2;0;4;0m██[38;2;148;156;148m██[38;2;255;239;66m██[38;2;247;239;66m██[38;2;230;177;66m██[38;2;247;251;255m██[38;2;230;210;164m██[38;2;200;195;189m██[38;2;255;255;255m██████████████[38;2;0;4;0m██                                                            
              ██[38;2;247;207;66m██[38;2;214;170;74m██[38;2;247;251;255m██[38;2;200;195;189m██[38;2;255;255;255m████████[38;2;139;139;127m██[38;2;126;128;129m██[38;2;82;73;66m██[38;2;66;64;66m██[38;2;0;4;0m██                                                              
              ██[38;2;247;207;66m██[38;2;247;251;255m██[38;2;230;210;164m██[38;2;255;255;255m████[38;2;170;175;172m████[38;2;139;139;127m████[38;2;214;239;255m████[38;2;0;4;0m██                                                                
                ██[38;2;255;255;255m████[38;2;160;158;148m████[38;2;8;0;0m██[38;2;172;164;137m██[38;2;66;65;66m██[38;2;206;235;255m██[38;2;206;235;247m██[38;2;134;145;148m██[38;2;165;190;189m██[38;2;0;4;0m██                                                              
              ██[38;2;255;255;255m████[38;2;233;233;236m██[38;2;160;158;148m██[38;2;231;178;66m██[38;2;255;247;206m██[38;2;172;164;137m██[38;2;66;65;66m██[38;2;206;235;255m██[38;2;134;145;148m██[38;2;170;190;197m██[38;2;165;190;189m██[38;2;0;4;0m██                                                              
            ██[38;2;82;81;66m██[38;2;126;133;129m██[38;2;231;235;239m████[38;2;140;140;127m████[38;2;66;65;66m████[38;2;206;235;255m████[38;2;118;135;132m██[38;2;173;199;198m██[38;2;0;4;0m██        ██████    ████                                          
        ██  ██[38;2;214;239;255m██[38;2;82;81;66m████[38;2;231;235;239m██[38;2;140;140;127m██[38;2;66;65;66m██[38;2;206;235;255m██████[38;2;136;145;148m██[38;2;63;71;66m██[38;2;8;8;0m██        [38;2;0;4;0m██[38;2;206;235;255m██████[38;2;0;4;0m████[38;2;206;235;255m██[38;2;0;4;0m██                      ████                
  ██  ██[38;2;206;235;255m██[38;2;0;4;0m██  ██[38;2;165;190;189m████[38;2;60;71;63m██[38;2;82;81;66m██[38;2;206;239;255m████[38;2;82;81;66m██[38;2;66;65;66m██[38;2;181;195;189m██[38;2;140;138;132m██[38;2;222;223;222m██[38;2;0;4;0m██  ████[38;2;208;236;255m████[38;2;206;235;255m████[38;2;85;87;85m██[38;2;255;255;255m██[38;2;0;4;0m██              [38;2;0;0;0m████  [38;2;0;4;0m████[38;2;255;255;255m██[38;2;239;239;239m██[38;2;0;0;0m██  [38;2;0;4;0m██████      
██[38;2;206;235;255m██[38;2;0;4;0m██[38;2;206;235;255m████[38;2;0;4;0m██    ██[38;2;8;12;0m██[38;2;165;190;189m██[38;2;164;186;192m██[38;2;82;81;66m████[38;2;164;186;192m██[38;2;181;195;189m██[38;2;66;65;66m██[38;2;194;194;192m██[38;2;140;138;132m██[38;2;255;255;255m██[38;2;0;4;0m██[38;2;71;81;85m██[38;2;214;235;255m██[38;2;208;236;255m████[38;2;136;145;148m████[38;2;170;171;170m██[38;2;0;4;0m██              ██[38;2;247;251;247m██[38;2;82;83;82m██[38;2;0;4;0m██[38;2;255;255;255m██████[38;2;159;159;159m██[38;2;79;79;79m██[38;2;0;4;0m██[38;2;255;255;255m██████[38;2;0;4;0m██    
██[38;2;206;235;255m██[38;2;136;145;148m██[38;2;214;243;255m██[38;2;145;166;172m██[38;2;0;4;0m██        ██[38;2;82;81;66m██[38;2;206;239;255m██[38;2;164;190;189m████[38;2;181;195;189m██[38;2;66;65;66m██[38;2;198;195;189m██[38;2;140;140;127m██[38;2;231;247;255m██[38;2;82;81;66m██[38;2;206;235;255m████[38;2;214;243;255m██[38;2;167;187;194m██[38;2;165;190;189m██████[38;2;0;4;0m██    ████    [38;2;8;8;0m██[38;2;255;255;255m██[38;2;139;139;127m████[38;2;255;255;255m████[38;2;139;139;127m████[38;2;255;255;255m████████[38;2;0;4;0m████      
██[38;2;206;235;255m██[38;2;136;145;148m██[38;2;214;243;255m██[38;2;8;12;8m██        [38;2;0;4;0m██[38;2;206;235;255m██[38;2;206;239;255m██[38;2;164;186;192m██[38;2;164;190;189m████[38;2;66;65;66m██[38;2;181;195;189m██[38;2;198;195;189m██[38;2;140;140;127m██[38;2;82;81;66m██[38;2;231;247;255m██[38;2;206;235;255m██[38;2;136;145;148m██[38;2;120;132;134m██[38;2;74;77;74m██[38;2;82;79;68m██[38;2;165;190;189m██████[38;2;0;4;0m████[38;2;206;235;255m██[38;2;0;4;0m██  ██[38;2;255;255;255m██[38;2;131;131;127m██[38;2;255;255;255m██████[38;2;139;139;127m██[38;2;255;255;255m████████[38;2;0;4;0m████          
██[38;2;206;235;255m████[38;2;165;190;189m██[38;2;0;4;0m██        ██[38;2;74;77;71m██[38;2;165;190;189m████████[38;2;74;69;66m██[38;2;194;193;192m██[38;2;139;139;129m██[38;2;82;81;66m██[38;2;206;235;255m████[38;2;137;152;148m██[38;2;165;190;189m██[38;2;82;78;68m██[38;2;198;195;189m██[38;2;197;195;192m██[38;2;82;77;66m██[38;2;165;190;189m████[38;2;82;82;82m██[38;2;247;247;247m██[38;2;0;4;0m██    ██[38;2;255;255;255m██████[38;2;139;139;127m████[38;2;255;255;255m████████[38;2;0;4;0m██              
██[38;2;206;235;255m██[38;2;136;145;148m██[38;2;165;190;189m██[38;2;0;4;0m██  ██████[38;2;222;223;214m████[38;2;82;79;68m██[38;2;165;190;189m████[38;2;66;65;66m██[38;2;255;255;255m██[38;2;134;131;129m██[38;2;255;255;255m████[38;2;82;73;66m██[38;2;144;154;160m██[38;2;165;190;189m██[38;2;82;77;66m██[38;2;198;195;189m████[38;2;255;255;255m████[38;2;82;77;66m██[38;2;137;152;148m██[38;2;82;82;82m██[38;2;0;0;0m██    [38;2;0;4;0m██[38;2;255;255;255m████████████████[38;2;0;4;0m████                
  ██[38;2;137;155;164m██[38;2;165;190;189m████[38;2;0;4;0m██[38;2;206;235;255m██[38;2;134;144;150m██[38;2;222;223;222m██[38;2;222;231;231m██[38;2;66;69;66m██[38;2;82;79;68m██[38;2;165;190;189m██[38;2;74;73;66m██[38;2;239;255;255m██[38;2;255;255;255m████████[38;2;231;235;231m██[38;2;82;81;66m██[38;2;165;190;189m████[38;2;82;77;66m██[38;2;239;251;255m██[38;2;99;97;90m██[38;2;134;136;131m██[38;2;85;79;68m██[38;2;173;190;189m██[38;2;165;190;189m██[38;2;0;4;0m██    ██[38;2;255;255;255m████████████[38;2;74;73;66m██[38;2;0;4;0m██                    
  ██[38;2;206;231;247m██[38;2;132;148;148m██[38;2;66;65;66m██[38;2;206;235;255m████[38;2;134;144;150m████[38;2;66;69;66m██[38;2;170;177;176m██[38;2;82;79;68m██[38;2;165;190;189m██[38;2;184;194;192m██[38;2;74;73;66m██[38;2;255;255;255m██[38;2;82;81;66m██[38;2;255;255;255m██[38;2;82;81;66m██[38;2;231;235;231m████[38;2;82;79;68m██[38;2;165;190;189m██[38;2;186;193;192m██[38;2;82;77;66m██[38;2;170;175;172m████[38;2;129;134;128m██[38;2;85;79;68m██[38;2;0;4;0m██    ██[38;2;255;255;255m██████████[38;2;82;81;66m██[38;2;74;73;66m██[38;2;194;194;192m██[38;2;198;195;189m██[38;2;0;4;0m████                
    ██[38;2;206;235;255m██[38;2;68;78;85m██[38;2;206;235;247m██[38;2;134;145;148m██[38;2;165;190;189m████[38;2;0;4;0m████[38;2;165;190;189m████[38;2;0;4;0m██[38;2;82;79;70m██[38;2;82;78;68m██[38;2;140;136;128m██[38;2;90;85;74m██[38;2;200;198;194m██[38;2;82;81;74m██[38;2;222;227;222m██[38;2;82;81;66m██████[38;2;222;223;222m██[38;2;82;81;74m██[38;2;128;129;123m██[38;2;255;255;255m██[38;2;0;4;0m██  ████[38;2;255;255;255m██████[38;2;82;79;68m████[38;2;82;78;68m██[38;2;198;195;189m██[38;2;192;191;192m██[38;2;66;65;66m██[38;2;74;73;66m██[38;2;134;133;129m██[38;2;255;255;255m██[38;2;0;8;0m██              
      [38;2;0;0;0m██[38;2;206;235;255m██[38;2;134;145;148m██[38;2;170;190;197m██[38;2;0;4;0m████    ████  ██[38;2;198;195;189m██[38;2;140;136;128m██[38;2;255;255;255m████[38;2;128;129;123m██[38;2;82;81;74m██[38;2;222;223;222m████████[38;2;222;227;222m██[38;2;82;81;74m██[38;2;255;255;255m████[38;2;0;4;0m██[38;2;255;255;255m██████[38;2;82;81;66m████[38;2;140;139;128m██[38;2;82;79;68m██[38;2;198;195;189m████[38;2;66;65;66m██[38;2;255;255;255m██[38;2;134;133;129m██[38;2;255;255;255m██[38;2;127;131;127m██[38;2;0;8;0m██              
    [38;2;0;4;0m██[38;2;165;190;189m██[38;2;55;66;63m██[38;2;165;190;189m██[38;2;0;4;0m██              ██[38;2;88;83;79m████[38;2;255;251;247m██[38;2;145;143;137m██[38;2;198;195;189m██[38;2;140;140;127m██[38;2;134;132;123m██[38;2;222;227;222m██[38;2;231;231;231m██[38;2;82;81;74m██[38;2;90;90;85m██[38;2;255;255;255m████[38;2;139;139;127m██[38;2;255;255;255m████[38;2;134;133;129m██[38;2;74;73;66m██[38;2;140;138;132m██[38;2;94;97;99m██[38;2;90;85;82m████[38;2;74;69;66m██[38;2;255;255;255m████[38;2;139;139;127m██[38;2;255;255;255m████[38;2;140;140;127m██[38;2;198;195;189m██[38;2;0;4;0m██    ██████  
    ██████[38;2;165;190;189m██[38;2;0;4;0m██          ████[38;2;165;190;189m██[38;2;88;83;79m██[38;2;198;195;189m██[38;2;90;89;82m██[38;2;145;143;137m██[38;2;198;195;189m████[38;2;90;85;74m██[38;2;134;132;123m██[38;2;82;81;74m██[38;2;181;181;178m██[38;2;90;90;85m████[38;2;255;255;255m██████████[38;2;74;73;66m██[38;2;94;97;99m██[38;2;140;138;132m██[38;2;255;255;255m██[38;2;145;141;139m██[38;2;74;69;66m████[38;2;255;255;255m██████[38;2;200;195;189m██[38;2;198;195;189m██████[38;2;0;4;0m████[38;2;140;138;132m██[38;2;255;255;255m████[38;2;0;4;0m██
          ██          ██[38;2;165;190;189m██[38;2;170;189;184m██[38;2;99;97;90m██[38;2;82;78;68m██[38;2;198;195;189m████[38;2;93;97;95m██[38;2;198;195;189m██[38;2;88;86;79m██[38;2;140;139;128m██[38;2;74;71;68m██[38;2;255;255;255m██[38;2;139;139;129m██[38;2;198;195;189m██[38;2;88;83;79m██[38;2;255;255;255m████[38;2;66;65;66m████[38;2;85;85;85m██[38;2;255;255;255m██[38;2;139;139;127m██████[38;2;255;255;255m██[38;2;140;139;128m██[38;2;74;71;68m██[38;2;198;195;189m████[38;2;140;140;127m██████[38;2;198;195;189m████[38;2;140;140;127m██[38;2;172;174;172m██[38;2;255;255;255m██[38;2;0;4;0m████  
                      ██[38;2;165;190;189m██[38;2;99;97;90m██[38;2;134;143;137m██[38;2;82;78;68m██[38;2;140;136;128m██[38;2;198;195;189m████[38;2;88;86;79m██[38;2;143;140;134m██[38;2;140;139;128m██[38;2;74;71;68m██[38;2;82;81;66m██[38;2;255;255;255m██[38;2;88;83;79m████[38;2;74;73;66m████[38;2;140;140;127m████[38;2;85;85;85m████[38;2;255;255;255m██[38;2;139;139;127m████[38;2;255;255;255m██[38;2;140;139;128m██[38;2;74;71;68m██[38;2;140;140;127m████[38;2;198;195;189m██████[38;2;140;140;127m████[38;2;198;195;189m██[38;2;172;174;172m██[38;2;8;12;8m██      
                        [38;2;0;4;0m████[38;2;140;138;132m██[38;2;140;139;128m██[38;2;82;79;68m██[38;2;140;139;128m████████[38;2;66;65;66m██[38;2;206;235;255m██[38;2;206;239;255m██[38;2;90;89;82m██[38;2;93;97;95m██[38;2;198;195;189m██[38;2;66;60;66m██[38;2;110;103;107m██[38;2;94;97;99m████[38;2;140;138;132m██[38;2;94;97;99m██[38;2;255;251;247m██[38;2;145;145;142m██[38;2;134;137;134m██[38;2;95;96;95m██[38;2;99;101;101m██[38;2;66;65;66m██[38;2;198;195;189m██████[38;2;140;140;127m██[38;2;137;134;126m██[38;2;206;199;189m████[38;2;137;134;126m██[38;2;0;4;0m██        
                      ██    ██[38;2;140;139;128m████[38;2;74;71;68m████[38;2;140;139;128m████[38;2;66;65;66m██[38;2;206;235;255m██[38;2;167;189;197m██[38;2;90;89;82m██[38;2;198;195;189m██[38;2;93;97;95m██[38;2;198;190;189m██[38;2;66;60;66m██[38;2;140;138;132m████████[38;2;90;93;90m████[38;2;95;96;95m██[38;2;173;178;173m██[38;2;165;174;173m██[38;2;66;65;66m██[38;2;140;140;127m██████[38;2;198;195;189m██[38;2;0;4;0m████████          
                    ██[38;2;165;190;189m██[38;2;0;4;0m██[38;2;8;12;0m██[38;2;165;190;189m██[38;2;94;97;99m██[38;2;140;138;132m████[38;2;0;4;0m████████[38;2;165;190;189m██[38;2;74;71;63m██[38;2;206;199;189m████[38;2;99;101;99m██[38;2;140;138;132m██[38;2;0;4;0m██████[38;2;142;139;126m████[38;2;140;138;132m██[38;2;170;174;173m██[38;2;173;174;173m████[38;2;170;175;170m████[38;2;66;65;66m██[38;2;198;195;189m██[38;2;99;99;94m██[38;2;0;4;0m██                  
                    ██[38;2;165;190;189m██████[38;2;60;71;63m██[38;2;140;138;132m████[38;2;0;4;0m██        ██[38;2;8;8;0m██[38;2;140;135;126m██[38;2;134;133;129m████[38;2;0;4;0m██      ████[38;2;170;174;173m████[38;2;8;8;0m██[38;2;63;63;57m██[38;2;66;65;66m████[38;2;198;195;189m██████[38;2;0;4;0m██                  
                  ██[38;2;165;190;189m██████[38;2;82;81;82m████[38;2;93;96;88m██[38;2;140;142;132m██[38;2;140;138;132m██[38;2;0;4;0m██          ██[38;2;82;81;66m██[38;2;126;133;129m██[38;2;142;139;126m██[38;2;0;4;0m██        ████  ██[38;2;198;195;189m████████[38;2;99;99;94m██[38;2;198;195;189m██[38;2;0;4;0m██                
                  ████[38;2;8;4;0m██[38;2;60;66;63m██[38;2;231;235;239m████[38;2;0;4;0m██████          ██[38;2;94;97;94m██[38;2;214;239;255m██[38;2;82;81;66m██[38;2;142;139;126m████[38;2;0;4;0m██              ██[38;2;198;195;189m██[38;2;0;4;0m██[38;2;198;195;189m████[38;2;0;4;0m████                
                        ██████              ██[38;2;231;247;255m██[38;2;82;90;90m██[38;2;206;235;247m██[38;2;167;189;194m██[38;2;74;75;66m██[38;2;148;142;132m██[38;2;255;255;255m██[38;2;0;4;0m██              ██  ████                    
                                              [38;2;8;12;8m██[38;2;231;247;255m██[38;2;167;189;194m██[38;2;90;97;90m██[38;2;0;8;0m████[38;2;255;255;255m██[38;2;0;4;0m██                                          
                                                ██████    ██                                            
[0m