                                                [38;2;0;0;0m████              
                                                ██[38;2;148;101;148m██[38;2;0;0;0m██            
                                                  ██[38;2;148;101;148m██[38;2;0;0;0m██  ████    
                                                  ██[38;2;154;100;154m████[38;2;0;8;0m██[38;2;74;58;74m██[38;2;154;100;154m██[38;2;0;0;0m██  
                                                    ██[38;2;154;100;154m██[38;2;148;108;148m██[38;2;74;58;74m██[38;2;154;100;154m██[38;2;0;0;0m██  
                                                ████[38;2;66;65;66m██[38;2;152;99;152m██[38;2;151;100;151m████[38;2;154;100;154m██[38;2;0;0;0m██  
                                            ████[38;2;154;100;154m████[38;2;152;99;152m████[38;2;151;100;151m████[38;2;154;100;154m████[38;2;0;0;0m██
                                            [38;2;8;4;0m██[38;2;156;101;156m██[38;2;127;77;107m██[38;2;0;0;0m████[38;2;148;101;148m██[38;2;151;100;151m████████[38;2;0;0;0m██
      ██                                  ██[38;2;156;101;156m██[38;2;106;68;104m██[38;2;0;0;0m██    ██[38;2;151;100;151m████████[38;2;0;0;0m██
    ██[38;2;127;77;107m██[38;2;0;0;0m██                    ████        ██[38;2;154;100;154m██[38;2;0;0;0m██        ██[38;2;154;100;154m██[38;2;152;99;152m████[38;2;0;0;0m██
  ██[38;2;127;77;107m██████[38;2;0;0;0m██              ████[38;2;148;101;148m████[38;2;0;0;0m██      ██[38;2;154;100;154m██[38;2;0;0;0m██        ██[38;2;154;100;154m██[38;2;152;99;152m██[38;2;132;77;107m██[38;2;0;0;0m██
  ██[38;2;128;77;107m████████[38;2;0;0;0m████████  ████[38;2;154;100;154m██[38;2;152;99;152m████[38;2;0;0;0m██        ██[38;2;154;100;154m██[38;2;0;0;0m██          ██[38;2;128;77;107m████[38;2;0;0;0m██
██[38;2;127;77;107m██[38;2;128;77;107m████████[38;2;154;100;154m████████[38;2;0;0;0m██[38;2;148;101;148m██[38;2;154;100;154m████[38;2;247;138;165m██[38;2;152;99;152m██[38;2;0;0;0m██        ██[38;2;154;100;154m██[38;2;0;0;0m██          ██[38;2;128;77;107m████[38;2;0;0;0m██
██[38;2;247;138;165m██[38;2;129;77;110m████[38;2;151;100;151m████████████[38;2;152;99;152m████[38;2;247;139;162m████[38;2;154;100;154m██[38;2;0;0;0m██            ██[38;2;148;101;148m██[38;2;0;0;0m██        ██[38;2;127;77;107m██[38;2;0;0;0m██  
██[38;2;247;138;165m██[38;2;129;77;110m██[38;2;255;207;66m██[38;2;151;100;151m████████████[38;2;247;138;165m████[38;2;247;139;162m████[38;2;154;100;154m██[38;2;0;0;0m██              ██[38;2;148;101;148m██[38;2;0;0;0m██      ██[38;2;127;77;107m██[38;2;0;0;0m██  
██[38;2;247;138;165m██[38;2;211;136;140m██[38;2;255;207;74m██[38;2;151;101;154m██[38;2;255;207;66m██[38;2;152;99;152m██[38;2;247;138;165m██[38;2;247;139;162m████[38;2;247;138;165m██████[38;2;152;99;152m██[38;2;0;0;0m██                ██[38;2;154;100;154m██[38;2;0;0;0m██    ██[38;2;127;77;107m██[38;2;0;0;0m██    
  ██[38;2;211;136;140m██[38;2;189;101;173m██[38;2;151;101;154m██[38;2;255;207;66m██[38;2;247;138;165m████[38;2;247;139;162m████[38;2;93;97;93m██[38;2;247;138;165m████[38;2;152;99;152m██[38;2;0;0;0m██                  ██[38;2;154;100;154m██[38;2;0;0;0m██  ████      
  ██[38;2;247;138;165m██[38;2;152;99;152m████[38;2;247;138;165m██[38;2;247;142;165m████[38;2;66;81;57m████[38;2;189;71;136m██[38;2;247;138;165m██[38;2;156;99;154m██[38;2;115;82;110m██[38;2;0;0;0m██                  ██[38;2;127;77;107m██[38;2;0;0;0m██            
██[38;2;148;101;148m██[38;2;152;99;152m██████[38;2;247;138;165m██[38;2;82;52;60m██[38;2;0;8;8m██[38;2;126;139;120m██[38;2;247;255;247m██[38;2;189;71;136m██[38;2;247;138;165m██[38;2;156;99;154m██[38;2;74;65;66m██[38;2;0;0;0m██                  ██[38;2;127;77;107m██[38;2;0;0;0m██            
██[38;2;247;138;165m██[38;2;152;99;152m████[38;2;222;124;126m██[38;2;206;81;156m██[38;2;137;148;104m██[38;2;0;0;0m██[38;2;151;128;112m██[38;2;255;255;255m██[38;2;164;117;86m██[38;2;74;52;82m██[38;2;66;65;66m████[38;2;255;207;66m██[38;2;0;0;0m██              ██[38;2;127;77;107m██[38;2;0;0;0m██              
  ██[38;2;247;138;165m████[38;2;255;211;66m████[38;2;137;148;104m████[38;2;255;255;255m██[38;2;151;128;112m██[38;2;74;52;82m██[38;2;255;182;90m██[38;2;255;207;66m████[38;2;0;0;0m██      ██████████[38;2;127;77;107m████[38;2;0;0;0m██              
    ██[38;2;189;146;66m██████[38;2;99;97;99m██[38;2;192;145;65m██[38;2;192;145;66m████[38;2;255;207;66m██[38;2;66;65;66m██[38;2;85;69;32m██[38;2;0;0;16m██      [38;2;0;0;0m██[38;2;151;101;154m██████[38;2;255;207;66m██[38;2;60;44;57m██[38;2;112;76;106m██[38;2;0;0;0m██                
      ██████[38;2;192;145;65m████[38;2;66;65;66m██████[38;2;255;207;66m██████[38;2;0;0;0m██████[38;2;148;101;148m██[38;2;255;207;66m████[38;2;151;101;154m████[38;2;165;109;156m██[38;2;8;12;8m██                  
            [38;2;0;0;0m██[38;2;189;146;66m██[38;2;193;146;66m████[38;2;115;83;93m██[38;2;74;56;90m██[38;2;74;60;90m████[38;2;66;65;66m██[38;2;152;99;152m██[38;2;151;101;154m██[38;2;255;207;66m██[38;2;151;101;154m████[38;2;255;207;66m██[38;2;151;101;154m████[38;2;255;207;66m██[38;2;0;0;0m██                
            ██[38;2;189;146;66m██[38;2;255;207;66m████[38;2;198;138;99m██[38;2;156;110;96m██[38;2;134;107;87m██[38;2;255;203;82m██[38;2;152;99;152m████[38;2;151;101;154m████[38;2;255;207;66m████[38;2;151;101;154m████[38;2;255;207;66m██[38;2;151;101;154m██[38;2;0;0;0m██                
          ██[38;2;129;77;110m████[38;2;255;206;63m████[38;2;151;101;154m████[38;2;255;207;66m██[38;2;151;101;154m██[38;2;255;207;66m██[38;2;151;101;154m██[38;2;151;100;154m████████[38;2;151;101;154m████[38;2;164;121;99m██[38;2;247;182;132m██[38;2;0;0;0m██                
          ██[38;2;129;77;110m██[38;2;255;207;66m██[38;2;255;206;63m████[38;2;255;207;66m██[38;2;151;101;154m██[38;2;255;207;66m██[38;2;151;101;154m██[38;2;255;207;66m██[38;2;151;101;154m██[38;2;189;146;66m██████[38;2;151;100;154m██[38;2;151;101;154m██[38;2;255;207;66m██[38;2;164;121;99m██[38;2;0;0;33m██                  
          [38;2;0;0;0m██[38;2;123;81;107m██[38;2;82;55;71m██[38;2;255;203;66m████[38;2;66;65;66m██[38;2;152;99;152m██[38;2;151;101;154m██[38;2;255;207;66m██[38;2;154;100;154m████[38;2;66;65;66m██████[38;2;192;145;66m██[38;2;151;98;154m████[38;2;126;92;62m██[38;2;0;0;8m██                  
            [38;2;0;4;0m██[38;2;123;81;107m██[38;2;66;60;66m██[38;2;192;155;66m██[38;2;66;65;66m██[38;2;152;99;152m██[38;2;151;101;154m████[38;2;154;100;154m██[38;2;0;0;0m██[38;2;94;97;94m████[38;2;66;65;66m████[38;2;129;75;110m████[38;2;189;138;90m██[38;2;0;0;8m██                  
              [38;2;0;0;0m██[38;2;120;84;84m██[38;2;82;56;90m██[38;2;66;65;66m██[38;2;192;145;66m██[38;2;145;98;134m██[38;2;200;152;95m██[38;2;0;0;0m██  ██[38;2;94;97;94m██[38;2;99;97;99m██[38;2;66;64;66m██[38;2;0;0;0m██[38;2;189;146;66m██[38;2;192;146;63m████[38;2;0;0;0m██                
              ██[38;2;198;142;74m██[38;2;120;84;84m██[38;2;192;145;66m██[38;2;66;65;66m██[38;2;255;207;57m████[38;2;0;0;0m██    ██[38;2;99;97;99m██[38;2;0;0;0m██  ██[38;2;192;146;63m████[38;2;0;0;0m██                
                ██[38;2;189;146;66m██[38;2;192;154;66m██[38;2;66;65;66m██[38;2;255;207;66m████[38;2;0;0;0m██    ████      ██[38;2;189;146;66m██[38;2;0;0;0m██                
                ██[38;2;189;146;66m██[38;2;66;65;66m██[38;2;255;199;66m██[38;2;255;207;66m██[38;2;0;0;0m██                ████                  
                  ████[38;2;189;146;66m██[38;2;255;207;66m██[38;2;0;0;0m██                                      
                      ████                                        
[0m