                    [38;2;7;7;7m██                              
                  ██[38;2;247;187;249m██[38;2;7;7;7m██                            
                  ██[38;2;247;187;249m██[38;2;213;130;198m██[38;2;7;7;7m████    ██  ████            
                    ██[38;2;247;187;249m██[38;2;248;248;248m████[38;2;7;7;7m████[38;2;213;130;198m██[38;2;7;7;7m████[38;2;213;130;198m██[38;2;7;7;7m██          
                  ████[38;2;247;187;249m██████[38;2;248;248;248m██[38;2;66;66;66m██[38;2;246;230;41m██[38;2;186;168;71m██[38;2;246;230;41m██[38;2;66;66;66m██[38;2;7;7;7m██          
          ████  ██[38;2;247;187;249m██[38;2;66;66;66m████[38;2;247;187;249m██████[38;2;66;66;66m██[38;2;246;230;41m████[38;2;186;168;71m██[38;2;66;66;66m██[38;2;213;130;198m██[38;2;7;7;7m██        
        ██[38;2;74;156;57m████[38;2;7;7;7m████[38;2;247;187;249m██[38;2;213;130;198m██[38;2;247;187;249m██[38;2;66;66;66m████[38;2;247;187;249m██[38;2;66;66;66m████[38;2;246;230;41m██████[38;2;66;66;66m██[38;2;213;130;198m██[38;2;7;7;7m██      
          ██[38;2;74;156;57m████[38;2;66;66;66m████[38;2;247;187;249m████████[38;2;66;66;66m██[38;2;247;187;249m████[38;2;66;66;66m██[38;2;213;130;198m██[38;2;66;66;66m████[38;2;213;130;198m██[38;2;247;187;249m██[38;2;7;7;7m████  
            ██[38;2;66;66;66m██[38;2;197;246;139m██[38;2;66;66;66m██[38;2;247;187;249m██████[38;2;66;66;66m██[38;2;247;187;249m████[38;2;248;248;248m██[38;2;247;187;249m██[38;2;66;66;66m██[38;2;247;187;249m██[38;2;248;248;248m██[38;2;66;66;66m██[38;2;213;130;198m██[38;2;247;187;249m████[38;2;7;7;7m██
            ██[38;2;197;246;139m██████[38;2;66;66;66m██[38;2;247;187;249m████[38;2;66;66;66m██[38;2;247;187;249m██[38;2;213;130;198m████[38;2;247;187;249m██[38;2;66;66;66m██[38;2;247;187;249m████[38;2;248;248;248m██[38;2;66;66;66m██[38;2;7;7;7m████  
          ██[38;2;197;246;139m██████████[38;2;66;66;66m██████[38;2;247;187;249m████[38;2;213;130;198m██[38;2;247;187;249m██[38;2;66;66;66m██[38;2;247;187;249m████[38;2;213;130;198m██[38;2;247;187;249m██[38;2;7;7;7m██    
          ██[38;2;197;246;139m██████████████[38;2;66;66;66m████[38;2;247;187;249m████[38;2;66;66;66m██[38;2;74;156;57m██[38;2;66;66;66m██[38;2;247;187;249m████████[38;2;7;7;7m██  
        ██[38;2;197;246;139m████████████[38;2;66;66;66m██████[38;2;197;246;139m██[38;2;66;66;66m██████[38;2;74;156;57m████[38;2;66;66;66m████[38;2;7;7;7m████    
        ██[38;2;197;246;139m██████[38;2;66;66;66m██████[38;2;248;248;248m████[38;2;66;66;66m██[38;2;197;246;139m██████[38;2;66;66;66m██[38;2;74;156;57m██████[38;2;7;7;7m██        
          ██[38;2;66;66;66m████[38;2;247;187;249m██[38;2;248;248;248m██████████[38;2;66;66;66m██[38;2;197;246;139m████[38;2;150;198;91m██[38;2;66;66;66m██[38;2;74;156;57m████[38;2;7;7;7m██        
        ██[38;2;197;246;139m██[38;2;66;66;66m██[38;2;248;248;248m██[38;2;213;130;198m██[38;2;248;248;248m██████[38;2;213;130;198m██[38;2;247;187;249m██[38;2;66;66;66m██[38;2;150;198;91m██[38;2;197;246;139m████[38;2;66;66;66m████[38;2;74;156;57m████[38;2;7;7;7m██      
        ██[38;2;197;246;139m██[38;2;66;66;66m██[38;2;213;130;198m██[38;2;247;187;249m██[38;2;248;248;248m████████[38;2;213;130;198m██[38;2;248;248;248m██[38;2;66;66;66m██[38;2;197;246;139m████[38;2;66;66;66m██[38;2;106;145;32m██[38;2;66;66;66m██[38;2;7;7;7m████      
        ██[38;2;197;246;139m████[38;2;66;66;66m██[38;2;248;248;248m████████[38;2;213;130;198m██[38;2;247;187;249m██[38;2;248;248;248m████[38;2;66;66;66m██[38;2;197;246;139m████[38;2;66;66;66m██[38;2;7;7;7m██          
          ██[38;2;197;246;139m████[38;2;66;66;66m████[38;2;248;248;248m████████[38;2;66;66;66m██████████[38;2;106;145;32m██[38;2;7;7;7m██          
          ██[38;2;197;246;139m██[38;2;66;66;66m██[38;2;246;230;41m██[38;2;186;168;71m██[38;2;66;66;66m████████[38;2;186;168;71m████[38;2;66;66;66m██[38;2;106;145;32m████████[38;2;7;7;7m██        
            ██[38;2;74;156;57m██[38;2;66;66;66m██[38;2;186;168;71m██[38;2;246;230;41m██████[38;2;186;168;71m██[38;2;66;66;66m████████[38;2;7;7;7m██[38;2;106;145;32m████[38;2;7;7;7m██        
          ██[38;2;74;156;57m████[38;2;66;66;66m██████[38;2;246;230;41m██[38;2;66;66;66m████[38;2;74;156;57m██████[38;2;7;7;7m██  ██████        
      ████[38;2;74;156;57m██[38;2;137;191;71m██[38;2;74;156;57m██[38;2;66;66;66m██[38;2;205;214;222m████[38;2;66;66;66m██[38;2;205;214;222m██[38;2;66;66;66m██[38;2;74;156;57m██████[38;2;7;7;7m██                
██████[38;2;137;191;71m████████[38;2;66;66;66m██[38;2;197;246;139m██[38;2;66;66;66m██[38;2;205;214;222m████[38;2;66;66;66m██[38;2;197;246;139m██[38;2;66;66;66m██[38;2;74;156;57m████[38;2;137;191;71m██[38;2;7;7;7m██              
██[38;2;137;191;71m████████████[38;2;66;66;66m██[38;2;197;246;139m████[38;2;66;66;66m████[38;2;197;246;139m████[38;2;66;66;66m██[38;2;74;156;57m██[38;2;137;191;71m██████[38;2;7;7;7m████          
  ████[38;2;137;191;71m████[38;2;66;66;66m████[38;2;197;246;139m████[38;2;106;145;32m██[38;2;197;246;139m██[38;2;106;145;32m██[38;2;197;246;139m████[38;2;148;188;74m██[38;2;66;66;66m██[38;2;137;191;71m██████████[38;2;7;7;7m████████  
      ██[38;2;66;66;66m██[38;2;74;156;57m██[38;2;66;66;66m██[38;2;148;188;74m██[38;2;197;246;139m██[38;2;106;145;32m██[38;2;197;246;139m████[38;2;106;145;32m██[38;2;148;188;74m████[38;2;66;66;66m████[38;2;137;191;71m██████████████[38;2;7;7;7m██  
        ██[38;2;74;156;57m████[38;2;66;66;66m██[38;2;106;145;32m██[38;2;148;188;74m██[38;2;197;246;139m████[38;2;106;145;32m██[38;2;148;188;74m██[38;2;66;66;66m██[38;2;74;156;57m████[38;2;66;66;66m████[38;2;137;191;71m██████[38;2;7;7;7m████    
          ████[38;2;66;66;66m██████[38;2;148;188;74m████[38;2;66;66;66m████[38;2;205;214;222m██[38;2;66;66;66m██[38;2;74;156;57m████[38;2;66;66;66m████[38;2;7;7;7m████        
              ██[38;2;205;214;222m████[38;2;66;66;66m████[38;2;205;214;222m██[38;2;248;248;248m████[38;2;66;66;66m██[38;2;7;7;7m██[38;2;74;156;57m████[38;2;7;7;7m██            
                ██[38;2;205;214;222m██[38;2;66;66;66m██[38;2;205;214;222m██[38;2;248;248;248m████[38;2;247;187;249m██[38;2;7;7;7m██  ████              
                ██[38;2;205;214;222m████[38;2;66;66;66m██[38;2;247;187;249m██[38;2;213;130;198m██[38;2;7;7;7m██                      
                  ██[38;2;213;130;198m██[38;2;66;66;66m██[38;2;213;130;198m████[38;2;7;7;7m██                      
                  ██[38;2;213;130;198m██[38;2;7;7;7m██[38;2;186;168;71m██[38;2;7;7;7m██                        
                    ██[38;2;246;230;41m████[38;2;186;168;71m██[38;2;7;7;7m██                      
                      ██████                        
[0m