        [38;2;0;0;0m██████                            
      ██[38;2;206;206;255m██[38;2;181;173;247m██[38;2;148;148;230m██[38;2;0;0;0m██                          
    ██[38;2;181;173;247m██[38;2;206;99;132m████[38;2;181;173;247m██[38;2;148;148;230m██[38;2;0;0;0m██            ██████      
    ██[38;2;181;173;247m██[38;2;65;65;65m██[38;2;230;123;165m██[38;2;181;173;247m██[38;2;148;148;230m██[38;2;0;0;0m██          ██[38;2;206;206;255m██[38;2;181;173;247m██[38;2;148;148;230m██[38;2;0;0;0m██    
    ██[38;2;181;173;247m██[38;2;230;123;165m██[38;2;206;99;132m██[38;2;181;173;247m██[38;2;115;115;206m██[38;2;0;0;0m██        ██[38;2;181;173;247m██[38;2;206;99;132m████[38;2;181;173;247m██[38;2;148;148;230m██[38;2;0;0;0m██  
      ██[38;2;181;173;247m████[38;2;148;148;230m██[38;2;115;115;206m██[38;2;148;148;230m██[38;2;0;0;0m██████  ██[38;2;181;173;247m██[38;2;65;65;65m██[38;2;230;123;165m██[38;2;181;173;247m██[38;2;148;148;230m██[38;2;0;0;0m██  
        ██[38;2;65;65;65m██[38;2;148;148;230m██[38;2;181;173;247m██[38;2;206;206;255m████[38;2;181;173;247m██[38;2;148;148;230m██[38;2;0;0;0m████[38;2;181;173;247m██[38;2;230;123;165m██[38;2;206;99;132m██[38;2;181;173;247m██[38;2;148;148;230m██[38;2;0;0;0m██  
        ██[38;2;255;255;255m██[38;2;181;173;247m██[38;2;206;206;255m████[38;2;181;173;247m████████[38;2;148;148;230m██[38;2;115;115;206m██[38;2;181;173;247m████[38;2;115;115;206m██[38;2;0;0;0m██    
      ██[38;2;181;173;247m██[38;2;0;0;0m██[38;2;255;255;255m██[38;2;115;115;206m████[38;2;181;173;247m████[38;2;255;255;255m████[38;2;181;173;247m████[38;2;115;115;206m██[38;2;0;0;0m████      
  ██████[38;2;247;222;90m██[38;2;206;165;74m██[38;2;115;115;206m██[38;2;181;173;247m████[38;2;115;115;206m██[38;2;255;255;255m██[38;2;0;0;0m██[38;2;255;255;255m████[38;2;181;173;247m████[38;2;0;0;0m██        
██[38;2;148;148;230m████[38;2;65;65;65m██[38;2;247;222;90m██████[38;2;206;165;74m████[38;2;181;173;247m████[38;2;115;115;206m████[38;2;181;173;247m██████[38;2;115;115;206m██[38;2;0;0;0m██      
██[38;2;115;115;206m██[38;2;148;148;230m██[38;2;65;65;65m████[38;2;255;255;255m██[38;2;247;222;90m██████████████[38;2;65;65;65m██[38;2;181;173;247m██[38;2;148;148;230m████[38;2;0;0;0m██      
██[38;2;115;115;206m██[38;2;65;65;65m██[38;2;115;115;206m██[38;2;65;65;65m██[38;2;255;255;255m██[38;2;206;99;132m████████[38;2;206;165;74m██[38;2;247;222;90m██████[38;2;65;65;65m██[38;2;148;148;230m████[38;2;65;65;65m██[38;2;0;0;0m████  
  ██████[38;2;65;65;65m██[38;2;206;99;132m████████[38;2;65;65;65m████[38;2;255;255;255m██[38;2;206;165;74m██[38;2;247;222;90m██[38;2;65;65;65m██[38;2;148;148;230m██[38;2;65;65;65m██[38;2;181;173;247m██████[38;2;0;0;0m██
        ██[38;2;206;99;132m██████[38;2;65;65;65m██████[38;2;222;222;222m██[38;2;65;65;65m██[38;2;247;222;90m██[38;2;65;65;65m██[38;2;115;115;206m██[38;2;65;65;65m██[38;2;148;148;230m██[38;2;181;173;247m██[38;2;148;148;230m██[38;2;0;0;0m██
      ██[38;2;206;165;74m██[38;2;255;255;255m██[38;2;206;99;132m██[38;2;65;65;65m██[38;2;230;123;165m████[38;2;206;99;132m██[38;2;65;65;65m████[38;2;247;222;90m██[38;2;65;65;65m██[38;2;115;115;206m██[38;2;148;148;230m██████[38;2;115;115;206m██[38;2;0;0;0m██
      ██[38;2;247;222;90m██[38;2;206;165;74m██[38;2;206;99;132m██[38;2;230;123;165m████████[38;2;206;99;132m████[38;2;247;222;90m██[38;2;65;65;65m██[38;2;115;115;206m██[38;2;65;65;65m████[38;2;0;0;0m████  
        ██[38;2;247;222;90m██████[38;2;206;165;74m██[38;2;206;99;132m████[38;2;255;255;255m██[38;2;206;99;132m██[38;2;247;222;90m██[38;2;65;65;65m██[38;2;115;115;206m████[38;2;0;0;0m██      
      ██[38;2;115;115;206m██[38;2;65;65;65m██████[38;2;247;222;90m██████[38;2;206;165;74m████[38;2;247;222;90m██[38;2;65;65;65m██[38;2;148;148;230m████[38;2;0;0;0m██      
      ██[38;2;222;222;222m██[38;2;115;115;206m██[38;2;222;222;222m██[38;2;115;115;206m██[38;2;0;0;0m████[38;2;247;222;90m██████[38;2;65;65;65m██[38;2;115;115;206m██[38;2;148;148;230m████[38;2;0;0;0m██      
        ████████    ██████[38;2;115;115;206m██[38;2;181;173;247m██████[38;2;148;148;230m██[38;2;0;0;0m██    
                          ██[38;2;115;115;206m██[38;2;255;255;255m██[38;2;115;115;206m██[38;2;255;255;255m██[38;2;0;0;0m██    
                            ████████      
[0m