  [38;2;0;0;0m██████                                                                      ██████      
██[38;2;71;69;117m████[38;2;45;45;45m██[38;2;0;0;0m████                                                                ██[38;2;90;91;144m████[38;2;56;57;93m██[38;2;0;0;0m██    
██[38;2;71;69;117m████[38;2;70;69;116m██[38;2;45;45;45m██[38;2;70;69;116m██[38;2;0;0;0m██                                                            ██[38;2;90;91;144m██████[38;2;84;86;139m██[38;2;45;45;45m██[38;2;0;0;0m██  
██[38;2;71;69;117m████[38;2;70;69;116m██[38;2;45;45;45m██[38;2;70;69;116m██[38;2;45;45;45m██[38;2;0;0;0m██                                                          ██[38;2;90;91;144m████████[38;2;45;45;45m██[38;2;90;91;144m██[38;2;0;4;8m██
[38;2;0;0;0m██[38;2;71;69;117m████[38;2;70;69;116m██[38;2;45;45;45m██[38;2;70;69;116m██[38;2;45;45;45m██[38;2;70;69;116m██[38;2;0;0;0m██                                                      ██[38;2;90;91;144m████████[38;2;45;45;45m██[38;2;90;91;144m██[38;2;60;61;97m██[38;2;0;4;8m██
  [38;2;0;0;0m██[38;2;70;69;116m████[38;2;45;45;45m██[38;2;70;69;116m██[38;2;45;45;45m██[38;2;70;69;116m██[38;2;0;0;0m██                                                    ██[38;2;90;91;144m████████[38;2;45;45;45m██[38;2;70;69;116m████[38;2;0;0;0m██  
  ██[38;2;70;69;116m██████[38;2;45;45;45m██[38;2;70;69;116m██[38;2;45;45;45m██[38;2;0;0;0m██                                                    ██[38;2;90;91;144m████[38;2;45;45;45m████[38;2;67;68;108m██[38;2;70;69;116m██[38;2;45;45;45m██[38;2;70;69;116m██[38;2;0;0;0m██
    ██[38;2;71;69;117m████[38;2;45;45;45m██[38;2;70;69;116m██[38;2;45;45;45m██[38;2;90;91;144m██[38;2;0;0;0m██                                                ██[38;2;90;91;144m████[38;2;45;45;45m██[38;2;90;91;144m████[38;2;45;45;45m████[38;2;70;69;116m██[38;2;45;45;45m██[38;2;0;0;0m██
    ██[38;2;71;69;117m████[38;2;70;69;116m██[38;2;45;45;45m██[38;2;90;91;144m████[38;2;0;0;0m██                                                ██[38;2;90;91;144m██[38;2;45;45;45m██[38;2;90;91;144m████████[38;2;45;45;45m████[38;2;0;0;0m██  
██    ██[38;2;70;69;116m██[38;2;45;45;45m██[38;2;90;91;144m██████[38;2;0;0;0m██    ██                                        ██[38;2;90;91;144m████████████[38;2;45;45;45m████[38;2;70;69;116m██[38;2;0;0;0m██  
████  ██[38;2;45;45;45m██[38;2;90;91;144m██████[38;2;71;70;117m██[38;2;0;0;0m██  ██[38;2;144;170;187m██[38;2;0;0;0m██                                    ██[38;2;90;91;144m████████████[38;2;45;45;45m████[38;2;70;69;116m██[38;2;0;0;0m██    
████  ██[38;2;90;89;144m██[38;2;90;91;144m██████[38;2;71;70;117m██[38;2;70;69;116m██[38;2;0;0;0m██[38;2;94;126;146m██[38;2;145;171;189m██[38;2;0;0;0m██                                    ██[38;2;90;91;144m████████[38;2;45;45;45m████[38;2;70;69;116m████[38;2;0;0;0m██      
██[38;2;144;170;187m██[38;2;0;0;0m██[38;2;30;30;47m██[38;2;90;89;144m██[38;2;90;91;144m██████[38;2;71;70;117m██[38;2;70;69;116m██[38;2;45;45;45m██[38;2;145;171;189m████[38;2;0;0;0m██                                  ██[38;2;90;91;144m██████[38;2;45;45;45m████[38;2;70;69;116m██████[38;2;0;0;0m██        
██[38;2;144;170;187m██[38;2;45;45;45m██[38;2;90;91;144m████████████[38;2;45;45;45m██[38;2;144;170;187m██[38;2;145;171;189m████[38;2;0;0;0m██                                ██[38;2;90;91;144m██████[38;2;45;45;45m██[38;2;71;69;117m████[38;2;70;69;116m████[38;2;0;0;0m██          
██[38;2;144;170;187m██[38;2;45;45;45m██[38;2;90;91;144m██████████[38;2;45;45;45m██[38;2;144;170;187m████[38;2;145;171;189m████[38;2;0;0;0m██                              ██[38;2;90;91;144m████████[38;2;67;68;110m██[38;2;71;69;117m████[38;2;70;69;116m██[38;2;0;0;0m██            
██[38;2;145;171;189m██[38;2;45;45;45m██[38;2;90;91;144m████████[38;2;84;91;144m██[38;2;45;45;45m██[38;2;145;171;189m██[38;2;185;1;0m██[38;2;144;170;187m████[38;2;45;45;45m██[38;2;0;0;0m██                ████      ██[38;2;90;91;144m████████[38;2;71;69;117m████[38;2;70;69;116m██[38;2;0;0;0m████              
██[38;2;45;45;45m██[38;2;84;91;144m██[38;2;90;91;144m████████[38;2;45;45;45m██[38;2;145;171;189m██[38;2;185;1;0m██[38;2;244;43;37m██[38;2;144;170;187m██[38;2;45;45;45m██[38;2;70;69;116m████[38;2;0;0;0m████          ██[38;2;144;170;187m████[38;2;0;0;0m██  ██[38;2;90;91;144m████████[38;2;71;70;117m██[38;2;71;69;117m████[38;2;0;0;0m██                  
██[38;2;30;30;47m██[38;2;90;89;144m██[38;2;90;91;144m████[38;2;71;70;117m██[38;2;90;91;144m██[38;2;45;45;45m██[38;2;148;173;190m██[38;2;194;1;0m██[38;2;244;44;38m██[38;2;94;126;146m██[38;2;45;45;45m██[38;2;71;69;117m████[38;2;90;91;144m████[38;2;0;0;0m██        ██[38;2;144;170;187m████[38;2;45;45;45m██[38;2;0;0;0m██[38;2;90;91;144m██████[38;2;71;70;117m██[38;2;70;69;116m██████[38;2;0;0;0m██                    
  ██[38;2;90;89;144m██[38;2;90;91;144m████[38;2;71;70;117m██[38;2;90;91;144m██[38;2;148;173;190m██[38;2;125;22;19m██[38;2;244;44;38m██[38;2;194;1;0m██[38;2;45;45;45m██[38;2;71;69;117m██████[38;2;90;91;144m██████[38;2;0;0;0m████  ██[38;2;144;170;187m████[38;2;45;45;45m██[38;2;90;89;144m████[38;2;90;91;144m████[38;2;71;70;117m████[38;2;70;69;116m██[38;2;0;0;0m████                      
  ██[38;2;90;91;144m████████[38;2;71;70;117m██[38;2;153;178;194m██[38;2;130;22;19m██[38;2;194;1;0m██[38;2;45;45;45m████████[38;2;90;91;144m████████████[38;2;0;0;0m██[38;2;160;184;201m██[38;2;45;45;45m████[38;2;90;91;144m██████[38;2;70;69;116m██████[38;2;0;0;0m████                          
    ██[38;2;90;91;144m████████[38;2;94;126;146m████[38;2;45;45;45m██[38;2;67;68;108m██[38;2;0;0;0m██[38;2;70;69;116m██[38;2;67;68;108m██[38;2;45;45;45m██[38;2;90;91;144m████████████[38;2;45;45;45m██[38;2;84;91;144m██[38;2;90;91;144m██████[38;2;71;70;117m██[38;2;70;69;116m██[38;2;0;0;0m████          ██                  
    ██[38;2;90;91;144m████████[38;2;70;69;116m██████[38;2;0;0;0m██  ████[38;2;70;69;116m██[38;2;45;45;45m██[38;2;90;91;144m████████████████[38;2;67;68;108m██[38;2;45;45;45m████[38;2;0;0;0m██            ██[38;2;144;170;187m██[38;2;0;0;0m██    ████        
      ██[38;2;90;91;144m████[38;2;71;70;117m██[38;2;70;69;116m██[38;2;0;0;0m████        ██[38;2;67;68;110m██[38;2;90;91;144m██████████████[38;2;45;45;45m██████[38;2;144;170;187m████[38;2;0;0;0m██          ██[38;2;144;170;187m██[38;2;0;0;0m██  ██[38;2;144;170;187m████[38;2;0;0;0m██      
        ██[38;2;70;69;116m██[38;2;45;45;45m██[38;2;0;0;0m██              [38;2;0;0;8m██[38;2;90;91;144m██████[38;2;145;171;189m████[38;2;90;91;144m██████[38;2;71;70;117m██[38;2;45;45;45m████████[38;2;0;0;0m██          [38;2;8;0;0m██[38;2;150;175;192m██[38;2;0;0;0m██[38;2;145;171;189m██[38;2;150;175;192m██[38;2;8;0;0m██        
          [38;2;0;0;0m████                [38;2;0;0;8m██[38;2;42;45;74m██[38;2;90;91;144m██[38;2;144;170;187m██[38;2;218;238;252m██[38;2;145;171;189m██[38;2;144;170;187m██[38;2;90;91;144m██████[38;2;67;68;108m██[38;2;90;91;144m██[38;2;45;45;45m██[38;2;144;170;187m████[38;2;0;0;0m██        [38;2;8;0;0m██[38;2;88;121;143m██[38;2;71;70;117m██[38;2;95;127;148m██[38;2;88;121;143m██[38;2;8;0;0m██        
                            [38;2;0;0;0m██[38;2;218;238;252m██[38;2;145;171;189m████[38;2;218;238;252m██[38;2;215;236;250m████[38;2;218;238;252m██[38;2;145;171;189m██[38;2;90;89;139m██[38;2;71;70;117m██[38;2;90;91;144m██[38;2;71;70;117m██[38;2;90;91;144m██[38;2;45;45;45m██[38;2;0;0;0m██      ████[38;2;71;69;117m████[38;2;70;69;116m████████[38;2;0;0;0m██      
                            ██[38;2;218;238;252m████████[38;2;215;236;250m████[38;2;218;238;252m████[38;2;144;170;187m██[38;2;90;89;139m██[38;2;71;70;117m██[38;2;90;91;144m██[38;2;67;68;110m██[38;2;90;91;144m██[38;2;45;45;45m██[38;2;0;0;0m██████[38;2;70;69;116m████[38;2;71;69;117m████[38;2;0;0;0m████████        
                          ██[38;2;70;69;116m██[38;2;45;45;45m██[38;2;218;238;252m██[38;2;215;236;250m████████[38;2;218;238;252m████[38;2;183;206;221m██[38;2;45;45;45m██[38;2;90;91;144m██[38;2;71;70;117m██[38;2;90;91;144m██[38;2;71;70;117m██[38;2;45;45;45m██[38;2;70;69;116m██[38;2;71;69;117m████████[38;2;70;69;116m██[38;2;0;0;0m██                
                          ██[38;2;70;69;116m██[38;2;45;45;45m██[38;2;218;238;252m██[38;2;215;236;250m████████[38;2;218;238;252m██[38;2;165;189;205m██[38;2;45;45;45m██[38;2;71;70;117m██[38;2;90;91;144m████[38;2;71;70;117m██[38;2;90;91;144m██[38;2;70;69;116m██[38;2;45;45;45m██[38;2;71;69;117m████████[38;2;0;0;0m██                  
                        ██[38;2;71;69;117m████[38;2;70;69;116m██[38;2;45;45;45m██[38;2;214;234;248m████[38;2;218;238;252m████[38;2;166;189;206m████[38;2;45;45;45m██[38;2;90;91;144m████████[38;2;71;70;117m██[38;2;70;69;116m██[38;2;45;45;45m██[38;2;70;69;116m████[38;2;0;0;0m████                    
                        ██[38;2;71;69;117m████[38;2;70;69;116m████[38;2;45;45;45m██[38;2;177;199;215m██[38;2;165;189;205m████[38;2;166;189;206m████[38;2;45;45;45m██[38;2;90;91;144m████████[38;2;71;70;117m██[38;2;70;69;116m██[38;2;45;45;45m██[38;2;0;0;0m████                        
                          ██[38;2;70;69;116m████████[38;2;45;45;45m████[38;2;164;188;204m██████[38;2;170;193;209m██[38;2;45;45;45m██[38;2;90;91;144m████[38;2;71;69;117m████[38;2;70;69;116m██[38;2;0;0;0m██                            
                            ████[38;2;70;69;116m████████[38;2;0;4;8m██[38;2;0;0;0m████[38;2;8;4;0m████[38;2;71;70;117m████[38;2;71;69;117m████[38;2;70;69;116m██[38;2;0;0;0m████                          
                                ████[38;2;70;69;116m██[38;2;0;0;0m██          ██████[38;2;70;69;116m██████[38;2;43;42;66m██[38;2;0;0;0m██                        
                                  ██[38;2;70;69;116m████[38;2;0;0;0m██              ██[38;2;43;42;66m██[38;2;70;69;116m████[38;2;0;0;0m██                        
                                ██[38;2;70;69;116m██[38;2;43;42;66m██[38;2;70;69;116m██[38;2;0;0;0m██              ██[38;2;70;69;116m██████[38;2;0;0;0m██                        
                              ██[38;2;70;69;116m██[38;2;43;42;66m██[38;2;70;69;116m██[38;2;0;0;0m██              ██[38;2;43;42;66m██[38;2;70;69;116m██[38;2;43;42;66m██[38;2;70;69;116m██[38;2;0;0;0m██                        
                              ██[38;2;43;42;66m██[38;2;70;69;116m████[38;2;0;0;0m██              ██[38;2;43;42;66m██[38;2;90;91;144m██[38;2;43;42;66m██[38;2;90;91;144m██[38;2;0;0;0m██                        
                                ██████                  ██[38;2;90;91;144m██[38;2;43;42;66m██[38;2;90;91;144m██[38;2;0;0;0m██                        
                                                          ██████                          
[0m