            [38;2;0;0;0m████████    
          ██[38;2;148;82;82m██[38;2;255;181;165m████[38;2;148;82;82m██[38;2;0;0;0m██  
        ██[38;2;189;107;107m██[38;2;255;181;165m██[38;2;247;123;140m██████[38;2;0;0;0m██  
        ██[38;2;255;181;165m██[38;2;247;123;140m████████[38;2;189;107;107m██[38;2;0;0;0m██
      ██[38;2;189;107;107m██[38;2;255;181;165m██[38;2;247;123;140m██████████[38;2;0;0;0m██
      ██[38;2;255;181;165m██[38;2;247;123;140m████████████[38;2;0;0;0m██
    ██[38;2;255;181;165m████[38;2;247;123;140m██[38;2;0;0;0m██[38;2;189;107;107m██[38;2;247;123;140m████[38;2;189;107;107m██[38;2;0;0;0m██
    ██[38;2;255;181;165m██[38;2;247;123;140m██[38;2;189;107;107m██[38;2;255;255;255m██[38;2;0;0;0m██[38;2;247;123;140m████[38;2;148;82;82m██[38;2;0;0;0m██
  ██[38;2;247;214;197m████[38;2;247;123;140m████[38;2;58;82;107m██[38;2;189;107;107m██[38;2;247;123;140m████[38;2;0;0;0m██  
██[38;2;247;214;197m██[38;2;132;132;115m████[38;2;247;214;197m██[38;2;247;123;140m██████[38;2;247;214;197m██[38;2;247;123;140m██[38;2;0;0;0m██  
  ██[38;2;247;214;197m████[38;2;247;123;140m████████[38;2;247;214;197m██[38;2;247;123;140m██[38;2;189;107;107m██[38;2;0;0;0m██
    ██[38;2;247;123;140m████████████████[38;2;0;0;0m██
      ██[38;2;247;123;140m██████████████[38;2;0;0;0m██
      ██[38;2;189;107;107m██[38;2;247;123;140m██████████[38;2;189;107;107m██[38;2;0;0;0m██
        ██[38;2;189;107;107m██[38;2;247;123;140m████████[38;2;0;0;0m██  
          ██[38;2;148;82;82m██[38;2;247;123;140m████[38;2;148;82;82m██[38;2;0;0;0m██  
            ████████    
[0m