      [38;2;0;0;0m████████                                                                  
    ██[38;2;82;90;106m██[38;2;189;205;205m████[38;2;65;65;65m██[38;2;0;0;0m████                                            ████  ████        
  ██[38;2;82;90;106m██[38;2;189;205;205m██████[38;2;82;90;106m██[38;2;189;205;205m████[38;2;0;0;0m██                ████████                ██[38;2;189;205;205m████[38;2;0;0;0m██[38;2;189;205;205m████[38;2;0;0;0m██      
██[38;2;189;205;205m██[38;2;82;90;106m██[38;2;189;205;205m████[38;2;82;90;106m██[38;2;189;205;205m██████[38;2;0;0;0m██        ████  ██[38;2;205;164;131m████████[38;2;0;0;0m██            ██[38;2;189;205;205m████[38;2;82;90;106m██[38;2;189;205;205m██████[38;2;82;90;106m██[38;2;0;0;0m██    
██[38;2;189;205;205m████[38;2;82;90;106m██[38;2;65;65;65m████[38;2;189;205;205m████[38;2;65;65;65m████[38;2;0;0;0m██    ██[38;2;205;164;131m████[38;2;0;0;0m██[38;2;205;164;131m████████[38;2;65;65;65m████[38;2;0;0;0m██          ██[38;2;189;205;205m████[38;2;65;65;65m██[38;2;189;205;205m████[38;2;82;90;106m██[38;2;189;205;205m████[38;2;0;0;0m██  
  ██████[38;2;98;115;131m████[38;2;65;65;65m████[38;2;139;164;164m████[38;2;0;0;0m██  ██[38;2;205;164;131m████[38;2;65;65;65m██[38;2;205;164;131m██████[38;2;65;65;65m████[38;2;205;164;131m██████[38;2;0;0;0m██          ██[38;2;65;65;65m██[38;2;98;115;131m██[38;2;65;65;65m██[38;2;82;90;106m██[38;2;189;205;205m██████[38;2;0;0;0m██  
        ██[38;2;98;115;131m████[38;2;65;65;65m██████[38;2;98;115;131m██[38;2;0;0;0m██[38;2;205;164;131m████[38;2;65;65;65m██[38;2;205;164;131m██████[38;2;65;65;65m████[38;2;205;164;131m██████████[38;2;0;0;0m██      ██[38;2;139;164;164m████[38;2;82;90;106m██[38;2;98;115;131m██[38;2;65;65;65m██[38;2;189;205;205m████[38;2;65;65;65m██[38;2;0;0;0m██  
          ██[38;2;98;115;131m██████████[38;2;65;65;65m██[38;2;205;164;131m████[38;2;65;65;65m██[38;2;205;164;131m████[38;2;65;65;65m████[38;2;205;164;131m████████████[38;2;0;0;0m██      ██[38;2;65;65;65m██[38;2;139;164;164m████[38;2;65;65;65m██[38;2;98;115;131m██[38;2;65;65;65m████[38;2;0;0;0m██    
          ██[38;2;98;115;131m████████[38;2;65;65;65m██[38;2;205;164;131m████[38;2;65;65;65m████[38;2;205;164;131m████[38;2;65;65;65m██[38;2;205;164;131m██████[38;2;65;65;65m██████[38;2;205;164;131m██[38;2;65;65;65m██[38;2;0;0;0m██      ██[38;2;65;65;65m████[38;2;98;115;131m██████[38;2;139;164;164m██[38;2;0;0;0m██    
            ██[38;2;98;115;131m██████[38;2;65;65;65m██[38;2;205;164;131m████[38;2;65;65;65m██[38;2;205;164;131m████[38;2;65;65;65m████[38;2;205;164;131m████[38;2;65;65;65m██[38;2;189;205;205m████[38;2;139;164;164m██[38;2;65;65;65m██[38;2;139;164;164m████[38;2;0;0;0m██████[38;2;139;164;164m████[38;2;65;65;65m██[38;2;98;115;131m████████[38;2;139;164;164m██[38;2;0;0;0m██  
              ████[38;2;98;115;131m██[38;2;65;65;65m██[38;2;205;164;131m████[38;2;65;65;65m██[38;2;205;164;131m████[38;2;65;65;65m██[38;2;205;164;131m████[38;2;65;65;65m██[38;2;139;164;164m██[38;2;189;205;205m██████[38;2;139;164;164m██████[38;2;98;115;131m██[38;2;139;164;164m██████████[38;2;65;65;65m██[38;2;98;115;131m██████[38;2;139;164;164m████[38;2;0;0;0m██
                  ██[38;2;65;65;65m██[38;2;205;164;131m████[38;2;65;65;65m██[38;2;205;164;131m████[38;2;65;65;65m██[38;2;205;164;131m██[38;2;65;65;65m██[38;2;156;65;65m██[38;2;255;255;255m██[38;2;139;164;164m██[38;2;189;205;205m██[38;2;139;164;164m██[38;2;98;115;131m██[38;2;139;164;164m██████████[38;2;98;115;131m████[38;2;139;164;164m██[38;2;98;115;131m██████████[38;2;139;164;164m██[38;2;0;0;0m██
                  ██[38;2;139;164;164m██[38;2;65;65;65m██[38;2;205;164;131m██[38;2;65;65;65m██[38;2;205;164;131m██[38;2;65;65;65m██[38;2;205;164;131m████[38;2;0;0;0m██[38;2;255;98;65m██[38;2;255;255;255m████[38;2;139;164;164m██[38;2;98;115;131m██[38;2;255;246;180m██[38;2;65;65;65m██[38;2;139;164;164m████[38;2;98;115;131m██[38;2;189;205;205m██████[38;2;65;65;65m██[38;2;98;115;131m██████████[38;2;0;0;0m██  
                ██[38;2;139;164;164m████[38;2;65;65;65m██[38;2;205;164;131m██[38;2;65;65;65m██[38;2;205;164;131m██[38;2;65;65;65m██[38;2;205;164;131m██[38;2;65;65;65m██[38;2;255;98;65m██[38;2;255;180;148m██[38;2;255;255;255m████[38;2;98;115;131m██[38;2;255;246;180m████[38;2;65;65;65m██[38;2;189;205;205m██[38;2;98;115;131m██[38;2;189;205;205m██████████[38;2;65;65;65m██[38;2;98;115;131m██[38;2;0;0;0m██████    
                ██[38;2;139;164;164m██[38;2;65;65;65m██[38;2;205;197;123m██[38;2;65;65;65m████[38;2;205;164;131m██[38;2;65;65;65m██[38;2;205;164;131m██[38;2;65;65;65m██[38;2;255;255;255m██████[38;2;98;115;131m██[38;2;255;246;180m████[38;2;156;148;98m██[38;2;65;65;65m██[38;2;189;205;205m████████████████[38;2;0;0;0m██          
              ██[38;2;82;90;106m██[38;2;139;164;164m██[38;2;65;65;65m██[38;2;205;197;123m██[38;2;98;115;131m██[38;2;65;65;65m████[38;2;139;164;164m██[38;2;65;65;65m██[38;2;139;164;164m██[38;2;98;115;131m██████[38;2;255;246;180m██████[38;2;65;65;65m██[38;2;189;205;205m██████████████████[38;2;0;0;0m██          
      ████████[38;2;98;115;131m████[38;2;82;90;106m██[38;2;139;164;164m██[38;2;65;65;65m██[38;2;255;246;180m████[38;2;98;115;131m████████[38;2;255;246;180m██████████[38;2;156;148;98m██[38;2;65;65;65m██[38;2;189;205;205m██████████[38;2;139;164;164m██[38;2;189;205;205m██████[38;2;0;0;0m██          
    ██[38;2;65;65;65m██[38;2;189;205;205m██████[38;2;65;65;65m██[38;2;98;115;131m██[38;2;65;65;65m████[38;2;98;115;131m██[38;2;65;65;65m██[38;2;255;246;180m████████████████[38;2;82;90;106m████[38;2;205;197;123m██[38;2;65;65;65m██[38;2;189;205;205m████████[38;2;139;164;164m██████[38;2;98;115;131m██[38;2;189;205;205m████[38;2;0;0;0m██        
    ██[38;2;189;205;205m██████[38;2;82;90;106m██[38;2;98;115;131m██[38;2;65;65;65m██[38;2;189;205;205m████[38;2;65;65;65m██[38;2;98;115;131m██[38;2;65;65;65m██[38;2;255;246;180m██████[38;2;82;90;106m████████[38;2;205;197;123m████[38;2;65;65;65m██[38;2;189;205;205m██████████[38;2;82;90;106m██[38;2;139;164;164m██[38;2;98;115;131m██[38;2;189;205;205m████████[38;2;0;0;0m██      
  ██[38;2;189;205;205m██[38;2;82;90;106m██████[38;2;98;115;131m████[38;2;82;90;106m██[38;2;189;205;205m████[38;2;0;0;0m████[38;2;65;65;65m██████[38;2;82;90;106m██[38;2;205;197;123m████████[38;2;65;65;65m████[38;2;189;205;205m██████████[38;2;139;164;164m██[38;2;0;0;0m████[38;2;98;115;131m██[38;2;189;205;205m████████[38;2;0;0;0m██      
  ██[38;2;189;205;205m██████[38;2;82;90;106m██[38;2;98;115;131m██████[38;2;82;90;106m██[38;2;0;0;0m██    ██[38;2;139;164;164m████[38;2;65;65;65m██████████[38;2;189;205;205m████████████[38;2;139;164;164m██[38;2;0;0;0m██    ██[38;2;65;65;65m██[38;2;189;205;205m██[38;2;65;65;65m██████[38;2;0;0;0m██    
    ██[38;2;82;90;106m████[38;2;98;115;131m████████[38;2;0;0;0m██        ██[38;2;139;164;164m██████[38;2;98;115;131m██[38;2;139;164;164m████████[38;2;189;205;205m██████[38;2;98;115;131m██[38;2;139;164;164m██[38;2;0;0;0m██  ██[38;2;189;205;205m████[38;2;65;65;65m██[38;2;82;90;106m██[38;2;189;205;205m██████[38;2;0;0;0m██  
    ██[38;2;189;205;205m████[38;2;0;0;0m████████            ██[38;2;98;115;131m████[38;2;139;164;164m██[38;2;98;115;131m██[38;2;139;164;164m██████████[38;2;98;115;131m██[38;2;139;164;164m██[38;2;0;0;0m██    ██[38;2;189;205;205m████[38;2;65;65;65m██[38;2;189;205;205m████████[38;2;0;0;0m██  
      ██[38;2;65;65;65m██                      [38;2;0;0;0m██[38;2;139;164;164m████████[38;2;98;115;131m████████[38;2;139;164;164m████[38;2;0;0;0m██    ██[38;2;189;205;205m████[38;2;65;65;65m██[38;2;82;90;106m████████[38;2;0;0;0m██  
                                ██[38;2;82;90;106m██[38;2;139;164;164m██████████████[38;2;82;90;106m████[38;2;0;0;0m██      ████[38;2;65;65;65m██[38;2;189;205;205m████████[38;2;0;0;0m██  
                                ██[38;2;255;213;82m██[38;2;82;90;106m██[38;2;156;131;74m██[38;2;255;246;0m██[38;2;156;131;74m██[38;2;82;90;106m██████[38;2;255;213;82m██[38;2;82;90;106m██[38;2;0;0;0m██        ██[38;2;65;65;65m██[38;2;82;90;106m██████[38;2;0;0;0m██    
                              ██[38;2;65;65;65m██[38;2;82;90;106m████[38;2;255;246;0m██[38;2;213;106;90m██[38;2;255;213;82m██[38;2;82;90;106m██[38;2;255;246;0m██[38;2;82;90;106m████[38;2;65;65;65m████[38;2;0;0;0m██        ██[38;2;189;205;205m██████[38;2;0;0;0m██    
                            ██[38;2;98;115;131m████[38;2;65;65;65m██[38;2;82;90;106m██[38;2;156;131;74m██[38;2;255;213;82m██[38;2;156;131;74m██[38;2;82;90;106m████[38;2;65;65;65m████[38;2;189;205;205m██████[38;2;0;0;0m██        ██████      
                          ██[38;2;98;115;131m████████[38;2;65;65;65m████[38;2;82;90;106m██████[38;2;65;65;65m██[38;2;189;205;205m████████████[38;2;0;0;0m██                  
                          ██[38;2;98;115;131m████████████[38;2;0;0;0m██████[38;2;139;164;164m██[38;2;98;115;131m██[38;2;189;205;205m██████████[38;2;0;0;0m██                  
                            ██[38;2;82;90;106m████[38;2;98;115;131m██[38;2;0;0;0m████      ██[38;2;139;164;164m████[38;2;189;205;205m██████████[38;2;0;0;0m██                
                          ██[38;2;98;115;131m██[38;2;65;65;65m██[38;2;98;115;131m██[38;2;0;0;0m██            ██[38;2;65;65;65m██[38;2;139;164;164m██[38;2;189;205;205m████[38;2;139;164;164m██[38;2;189;205;205m██[38;2;0;0;0m██                
                            ██████                ██[38;2;65;65;65m██[38;2;139;164;164m██████[38;2;65;65;65m██[38;2;0;0;0m██                
                                                  ██[38;2;139;164;164m██[38;2;98;115;131m██[38;2;65;65;65m████[38;2;0;0;0m██                  
                                                    ██[38;2;65;65;65m██[38;2;139;164;164m██[38;2;98;115;131m██[38;2;139;164;164m██[38;2;0;0;0m██                
                                                      ████████                  
[0m