                  [38;2;57;93;74m██                                                  
                ██[38;2;172;234;213m██[38;2;57;93;74m██                                                
              ██[38;2;169;234;213m████[38;2;57;93;74m██                                                
            ██[38;2;172;234;213m██[38;2;169;234;213m██[38;2;115;210;213m██[38;2;57;93;74m██                                                
            ██[38;2;172;234;213m██[38;2;139;222;213m██[38;2;57;93;74m██                                                  
    ██      ██[38;2;172;234;213m██[38;2;139;222;213m██[38;2;57;93;74m██                                                  
  ██[38;2;172;234;213m██[38;2;57;93;74m██  ██[38;2;115;210;213m██[38;2;169;234;213m██[38;2;115;210;213m████[38;2;57;93;74m██                                                
██[38;2;172;234;213m████[38;2;57;93;74m████[38;2;115;210;213m██████[38;2;169;234;213m██[38;2;115;210;213m████[38;2;57;93;74m██                                              
██[38;2;172;234;213m██[38;2;115;210;213m██[38;2;94;155;168m██[38;2;115;210;213m██████████████[38;2;57;93;74m██                                              
  ██[38;2;115;210;213m██████[38;2;120;161;148m████[38;2;115;210;213m██[38;2;120;161;148m████[38;2;115;210;213m████[38;2;57;93;74m██    [38;2;0;0;0m██                                      
    [38;2;57;89;74m██[38;2;123;206;205m██[38;2;123;161;148m██[38;2;172;234;213m████[38;2;123;161;148m██[38;2;169;234;211m████[38;2;93;160;172m██[38;2;128;199;197m██[38;2;115;210;213m██[38;2;57;93;74m██[38;2;0;0;0m██[38;2;197;194;189m██[38;2;0;0;0m██                      ████          
    [38;2;57;89;74m██[38;2;101;167;161m██[38;2;172;234;213m████████[38;2;169;234;211m████[38;2;164;238;222m██[38;2;93;160;172m██[38;2;57;93;74m██  [38;2;0;0;0m██[38;2;197;194;189m████[38;2;0;0;0m██  ████████      ████[38;2;230;234;238m██[38;2;0;0;0m██          
  [38;2;57;93;74m██[38;2;115;210;213m██[38;2;120;161;148m██[38;2;172;234;213m████[38;2;169;234;211m████████[38;2;164;238;222m██[38;2;93;160;172m██[38;2;57;93;74m██  [38;2;0;0;0m██[38;2;197;194;189m██[38;2;197;196;189m██[38;2;131;129;106m██[38;2;0;0;0m██[38;2;230;234;238m██[38;2;233;234;235m████[38;2;230;234;238m██[38;2;0;0;0m██[38;2;0;4;0m████[38;2;233;234;235m████[38;2;230;234;238m██[38;2;0;0;0m██          
  [38;2;57;93;74m██[38;2;115;210;213m████[38;2;123;161;148m██[38;2;172;234;213m██[38;2;169;234;211m████████[38;2;93;160;172m██[38;2;128;199;197m██[38;2;57;93;74m██  [38;2;0;0;0m██[38;2;197;194;189m██[38;2;131;129;106m██[38;2;230;230;230m██[38;2;230;234;238m████[38;2;233;234;235m████[38;2;230;234;238m████[38;2;119;121;115m██[38;2;238;238;230m██[38;2;233;234;235m████[38;2;0;0;0m██            
    [38;2;57;93;74m██[38;2;115;210;213m██[38;2;115;206;213m██[38;2;95;167;167m██[38;2;172;234;213m██████[38;2;94;157;168m██[38;2;115;210;213m██[38;2;57;93;74m██    [38;2;0;0;0m██[38;2;197;186;180m██[38;2;230;234;238m████████[38;2;233;234;235m████████████[38;2;230;234;238m████[38;2;0;0;0m██            
      [38;2;57;93;74m██[38;2;57;89;74m██[38;2;115;206;213m██[38;2;94;157;168m██[38;2;172;234;213m████[38;2;94;157;168m██[38;2;57;93;74m██      [38;2;0;0;0m██[38;2;98;93;90m██[38;2;230;234;238m██[38;2;98;72;74m██[38;2;230;234;238m██[38;2;98;72;74m██[38;2;233;234;235m████████████[38;2;230;234;238m██[38;2;0;0;0m██              
          [38;2;57;93;74m██[38;2;104;156;156m██[38;2;156;234;230m██[38;2;164;234;222m██[38;2;0;0;0m██      ██[38;2;230;234;238m██[38;2;98;72;74m██[38;2;98;74;74m████[38;2;98;72;74m████[38;2;233;234;235m████[38;2;230;234;238m████[38;2;246;242;238m██[38;2;131;126;117m██[38;2;197;194;189m██[38;2;0;0;0m██              
            [38;2;0;0;8m██[38;2;104;156;156m██[38;2;109;156;148m██[38;2;0;0;0m██      ██[38;2;230;234;238m██[38;2;98;72;74m██[38;2;131;76;106m████[38;2;98;72;74m██[38;2;230;234;238m██[38;2;233;234;235m████[38;2;230;234;238m██[38;2;65;64;65m██[38;2;74;68;57m██[38;2;189;184;178m██[38;2;197;194;189m██[38;2;0;0;0m██              
            ██[38;2;230;234;238m████[38;2;0;0;0m██    ██[38;2;197;194;189m██[38;2;0;0;0m██[38;2;94;74;74m██[38;2;106;76;82m████[38;2;90;76;65m██[38;2;230;234;230m██[38;2;230;230;230m██[38;2;76;76;76m██[38;2;65;64;65m██[38;2;255;255;255m██[38;2;131;131;106m██[38;2;197;194;189m██[38;2;200;194;189m████[38;2;0;0;0m██            
            ██[38;2;230;234;238m████[38;2;0;0;0m██    ██[38;2;197;194;189m██[38;2;0;0;0m██[38;2;94;74;74m██[38;2;230;234;238m██[38;2;106;76;82m██[38;2;90;76;65m██[38;2;137;129;120m██[38;2;76;76;76m██[38;2;0;0;0m██[38;2;255;255;255m████[38;2;131;131;106m██[38;2;197;194;189m██[38;2;200;194;189m████[38;2;197;194;189m██[38;2;0;0;0m██          
            ██[38;2;230;234;238m██[38;2;233;234;235m████[38;2;0;0;0m██  ██[38;2;197;194;189m██[38;2;131;132;106m██[38;2;230;234;238m██[38;2;233;234;235m████[38;2;131;129;119m██[38;2;65;64;57m██[38;2;255;255;246m██[38;2;169;172;172m██[38;2;120;126;120m██[38;2;82;93;90m██[38;2;197;194;189m████████[38;2;131;129;106m██[38;2;0;0;0m██          
              ██[38;2;233;234;235m████[38;2;0;0;0m██    ██[38;2;131;132;106m██[38;2;230;234;238m██[38;2;233;234;235m████[38;2;131;129;119m██[38;2;197;194;180m██[38;2;84;90;98m████[38;2;197;194;180m████[38;2;197;194;189m██[38;2;131;131;106m██████[38;2;0;0;0m██            
            ██[38;2;127;76;106m██[38;2;65;64;65m██[38;2;230;234;238m██[38;2;0;0;0m██    ██[38;2;131;132;106m██[38;2;230;234;238m████[38;2;131;132;106m██[38;2;200;194;189m████████████[38;2;131;129;119m██[38;2;197;194;180m██[38;2;65;64;65m██[38;2;0;0;0m██              
            ██[38;2;127;76;106m██[38;2;65;64;65m██[38;2;230;234;238m██[38;2;65;64;65m██[38;2;0;0;0m████[38;2;65;64;65m██[38;2;230;234;238m██████[38;2;131;132;106m██[38;2;200;194;189m████████████[38;2;197;194;180m██[38;2;65;64;57m██[38;2;0;0;0m██                
    [38;2;57;93;74m██      [38;2;0;0;0m██[38;2;65;64;65m██[38;2;74;68;65m██[38;2;246;246;238m██[38;2;76;67;68m████[38;2;74;68;68m████[38;2;233;234;235m████[38;2;65;64;65m██[38;2;197;194;189m██████[38;2;65;64;65m████[38;2;131;129;120m██[38;2;197;194;180m██[38;2;65;64;65m██[38;2;94;74;74m████[38;2;0;0;0m████            
  [38;2;57;93;74m██[38;2;172;234;213m██[38;2;57;93;74m████    [38;2;0;0;0m██[38;2;189;187;180m████[38;2;197;194;189m██[38;2;76;67;68m██[38;2;8;4;8m██[38;2;205;198;189m██[38;2;233;234;235m████[38;2;65;64;65m██[38;2;197;194;189m██[38;2;65;64;65m████[38;2;205;178;148m████[38;2;65;64;60m████[38;2;94;74;74m████████[38;2;127;76;106m██[38;2;0;0;0m██          
  [38;2;57;93;74m██[38;2;164;238;222m████[38;2;172;234;213m██[38;2;57;93;74m██    [38;2;0;0;0m██[38;2;197;194;189m████[38;2;0;0;0m██  ██[38;2;197;194;189m██████[38;2;0;0;0m██[38;2;74;63;63m████[38;2;205;180;148m████[38;2;197;176;161m██[38;2;139;114;109m██[38;2;98;74;74m████[38;2;65;64;65m██[38;2;127;76;106m██████[38;2;0;0;0m████      
  [38;2;57;93;74m██[38;2;49;97;82m██[38;2;126;191;175m██[38;2;172;234;213m████[38;2;57;93;74m████[38;2;0;0;0m██[38;2;197;194;189m████[38;2;0;0;0m██    ██████  [38;2;8;4;16m██[38;2;205;182;156m██[38;2;139;113;115m████[38;2;139;114;109m██[38;2;255;238;213m██[38;2;98;74;74m██[38;2;131;76;106m██[38;2;127;76;106m██[38;2;65;64;65m██[38;2;0;0;0m██[38;2;127;76;106m██████[38;2;0;0;0m██    
    [38;2;57;93;74m████[38;2;126;191;175m██[38;2;164;238;222m██[38;2;115;210;213m████[38;2;49;93;82m██[38;2;180;214;205m██[38;2;180;218;205m██[38;2;0;4;8m██            [38;2;8;4;0m██[38;2;172;163;148m██[38;2;205;179;150m████[38;2;252;238;219m████[38;2;255;238;222m██[38;2;98;72;74m██[38;2;127;76;106m██[38;2;0;0;0m██  ██[38;2;131;80;106m████[38;2;127;76;106m██[38;2;0;0;0m██  
        [38;2;49;97;82m██[38;2;164;238;222m██[38;2;115;210;213m██[38;2;94;155;168m██[38;2;180;214;205m██[38;2;115;153;143m██[38;2;120;147;139m██[38;2;180;218;205m██[38;2;57;93;74m████      [38;2;0;0;0m██[38;2;255;242;222m████[38;2;255;238;222m████[38;2;252;238;219m████[38;2;255;238;222m██[38;2;98;72;74m██[38;2;127;76;106m██[38;2;0;0;0m██    [38;2;0;4;0m██[38;2;87;55;71m██[38;2;127;76;106m████[38;2;0;0;0m██
      [38;2;57;93;74m██[38;2;115;210;211m████[38;2;115;210;213m██[38;2;120;161;148m██[38;2;169;234;211m████████[38;2;93;160;172m██[38;2;128;199;197m██[38;2;57;91;74m██  [38;2;0;4;8m██[38;2;65;58;57m██[38;2;139;114;112m██[38;2;255;238;222m██████████[38;2;139;113;115m████[38;2;98;74;74m██[38;2;131;76;106m██[38;2;0;0;0m██  ██[38;2;197;194;189m██[38;2;131;89;106m██[38;2;87;60;71m██[38;2;0;0;0m██
    [38;2;57;93;74m██[38;2;115;210;213m██[38;2;115;210;211m████[38;2;115;210;213m██[38;2;120;161;148m██[38;2;169;234;211m████████[38;2;164;238;222m██[38;2;93;160;172m██[38;2;57;91;74m██[38;2;0;0;0m██[38;2;98;85;82m██[38;2;65;58;57m██[38;2;255;238;222m██[38;2;139;114;112m██████████[38;2;205;180;148m████[38;2;98;74;74m██[38;2;131;76;106m██[38;2;65;64;65m██[38;2;0;0;0m██  ██[38;2;0;4;0m████  
    [38;2;57;89;74m██[38;2;115;206;213m██[38;2;115;210;211m████[38;2;106;157;156m██[38;2;172;234;213m██[38;2;169;234;211m████[38;2;172;234;213m██████[38;2;94;157;168m██[38;2;0;0;0m██[38;2;65;53;54m██[38;2;95;74;74m████[38;2;65;64;65m██[38;2;255;238;213m██[38;2;255;238;222m████[38;2;255;238;213m██[38;2;197;176;161m██[38;2;139;113;101m██[38;2;106;80;74m██[38;2;98;74;74m██[38;2;131;76;106m██[38;2;127;76;106m██[38;2;65;64;65m██[38;2;0;0;0m████      
    [38;2;57;89;74m██[38;2;95;167;167m██[38;2;115;210;211m████[38;2;106;157;156m██[38;2;172;234;213m██[38;2;169;234;211m████[38;2;172;234;213m██[38;2;123;161;148m██[38;2;172;234;213m██[38;2;94;157;168m██[38;2;0;0;0m██[38;2;98;80;82m██[38;2;95;74;74m████[38;2;65;64;65m██[38;2;128;122;115m██[38;2;139;114;112m████[38;2;139;114;109m████[38;2;205;178;156m██[38;2;106;80;74m██[38;2;131;76;106m████[38;2;127;76;106m██[38;2;65;64;65m██[38;2;94;74;74m████[38;2;0;0;0m████  
      [38;2;57;93;74m████[38;2;115;210;213m██[38;2;115;206;213m██[38;2;95;167;167m██[38;2;172;234;213m████[38;2;164;238;222m██[38;2;93;160;172m██[38;2;94;157;164m██[38;2;57;93;74m██[38;2;0;0;0m██[38;2;94;74;74m██[38;2;95;74;74m████[38;2;94;74;74m██[38;2;0;0;0m████[38;2;205;178;148m██████[38;2;102;82;74m████[38;2;128;76;106m████████[38;2;65;58;57m██[38;2;98;85;82m██[38;2;94;74;74m████[38;2;0;0;0m██
          [38;2;57;93;74m██[38;2;57;89;74m██[38;2;115;206;213m██[38;2;94;157;168m████[38;2;93;160;172m██[38;2;128;199;197m██[38;2;57;93;74m██    [38;2;0;0;0m██[38;2;95;74;74m████[38;2;0;0;0m██    ██████████[38;2;128;76;106m████████[38;2;65;58;57m██[38;2;0;4;8m██[38;2;0;0;0m████  
              [38;2;57;93;74m██████████    [38;2;0;0;0m██[38;2;197;194;189m████[38;2;0;0;0m██                ██[38;2;127;76;106m██[38;2;98;72;74m████[38;2;0;0;0m██        
                              ████                    ██[38;2;255;255;255m████[38;2;0;0;0m██        
                                                        ████          
[0m