                [38;2;0;0;0m████              
              ██[38;2;189;189;189m██[38;2;214;214;214m██[38;2;0;0;0m██            
          ████[38;2;214;214;214m██[38;2;189;189;189m██[38;2;214;214;214m██[38;2;0;0;0m██            
        ██[38;2;214;214;214m████[38;2;189;189;189m██[38;2;214;214;214m████[38;2;189;189;189m██[38;2;0;0;0m████        
      ██[38;2;214;214;214m██████[38;2;189;189;189m██[38;2;214;214;214m██████[38;2;189;189;189m████[38;2;0;0;0m██      
    ██[38;2;65;65;65m██[38;2;214;214;214m████[38;2;189;189;189m██[38;2;214;214;214m██████████[38;2;189;189;189m████[38;2;0;0;0m██    
  ██[38;2;214;214;214m██[38;2;132;132;140m██[38;2;189;189;189m██[38;2;214;214;214m██[38;2;189;189;189m██[38;2;214;214;214m██████████[38;2;189;189;189m████[38;2;0;0;0m██    
██[38;2;214;214;214m██[38;2;132;132;140m██[38;2;189;189;189m██[38;2;65;65;65m██[38;2;189;189;189m██████[38;2;214;214;214m██████[38;2;189;189;189m████[38;2;65;65;65m██[38;2;0;0;0m██    
██[38;2;214;214;214m██[38;2;189;189;189m██[38;2;65;65;65m██[38;2;214;214;214m██[38;2;0;0;0m██[38;2;65;65;65m██[38;2;189;189;189m████[38;2;132;132;140m████[38;2;189;189;189m██[38;2;65;65;65m██[38;2;189;189;189m████[38;2;0;0;0m██  
  ██[38;2;189;189;189m██[38;2;65;65;65m██[38;2;255;255;255m██[38;2;0;0;0m██[38;2;189;189;189m██[38;2;132;132;140m██[38;2;0;0;0m████[38;2;214;214;214m██[38;2;132;132;140m██[38;2;189;189;189m████████[38;2;0;0;0m██
    ██[38;2;65;65;65m██[38;2;214;107;115m██[38;2;214;214;214m████[38;2;189;189;189m██[38;2;0;0;0m████[38;2;255;255;255m██[38;2;132;132;140m██[38;2;189;189;189m██[38;2;132;132;140m████[38;2;189;189;189m██[38;2;0;0;0m██
    ██[38;2;66;140;222m██[38;2;65;65;65m████[38;2;189;189;189m██[38;2;214;214;214m████[38;2;214;107;115m████[38;2;0;0;0m████[38;2;132;132;140m██[38;2;189;189;189m██[38;2;0;0;0m██  
  ██[38;2;107;181;247m██[38;2;66;107;148m██[38;2;132;132;140m██[38;2;66;140;222m██[38;2;66;107;148m██████[38;2;65;65;65m██[38;2;0;0;0m██    ████    
  ██[38;2;66;140;222m████[38;2;65;65;65m████[38;2;189;189;189m██[38;2;66;140;222m██████[38;2;66;107;148m██[38;2;0;0;0m████[38;2;66;140;222m██[38;2;107;181;247m██[38;2;0;0;0m██  
    ████[38;2;66;140;222m██[38;2;65;65;65m████[38;2;189;189;189m██████[38;2;132;132;140m██[38;2;66;140;222m██[38;2;189;189;189m██[38;2;66;140;222m██[38;2;65;65;65m██[38;2;107;181;247m██[38;2;0;0;0m██
      ██[38;2;66;140;222m██[38;2;66;107;148m██[38;2;214;214;214m██[38;2;65;65;65m████[38;2;132;132;140m██[38;2;65;65;65m██████[38;2;66;107;148m██[38;2;66;140;222m████[38;2;0;0;0m██
        ██[38;2;214;214;214m██[38;2;189;189;189m██[38;2;65;65;65m██[38;2;214;214;214m██[38;2;65;65;65m██[38;2;66;107;148m██[38;2;66;140;222m████[38;2;0;0;0m██████  
        ██[38;2;189;189;189m██[38;2;65;65;65m██[38;2;214;214;214m██[38;2;189;189;189m██[38;2;66;140;222m████[38;2;66;107;148m██[38;2;0;0;0m██        
          ████[38;2;189;189;189m████[38;2;66;107;148m██[38;2;0;0;0m████          
              ██████              
[0m