      [38;2;0;0;0m██  ██                
    ██[38;2;115;115;115m██[38;2;0;0;0m██[38;2;115;115;115m██[38;2;0;0;0m██              
    ██[38;2;115;115;115m██████[38;2;0;0;0m██████          
      ██[38;2;115;115;115m██[38;2;65;65;65m████[38;2;148;189;123m████[38;2;0;0;0m████      
    ██[38;2;65;65;65m████[38;2;148;189;123m██████[38;2;189;239;132m████[38;2;148;189;123m██[38;2;0;0;0m██    
    ██[38;2;65;65;65m██[38;2;148;189;123m██[38;2;255;255;255m██████[38;2;148;189;123m██[38;2;189;239;132m████[38;2;148;189;123m██[38;2;0;0;0m██  
      ██[38;2;189;189;189m██[38;2;99;214;239m██[38;2;189;189;189m████[38;2;255;255;255m██[38;2;148;189;123m██[38;2;99;214;239m██[38;2;189;239;132m██[38;2;0;0;0m██  
    ██[38;2;99;214;239m██[38;2;255;255;255m██[38;2;41;148;156m██[38;2;255;255;255m████[38;2;189;189;189m████[38;2;148;189;123m██[38;2;189;239;132m██[38;2;148;189;123m██[38;2;0;0;0m██
    ██[38;2;41;148;156m██[38;2;255;255;255m██████[38;2;99;214;239m████[38;2;214;214;214m██[38;2;148;189;123m██[38;2;99;214;239m██[38;2;189;239;132m██[38;2;0;0;0m██
    ██[38;2;255;255;255m██████████[38;2;41;148;156m██[38;2;255;255;255m██[38;2;148;189;123m██[38;2;189;239;132m████[38;2;0;0;0m██
████  ██[38;2;255;255;255m██[38;2;214;214;214m██[38;2;255;255;255m██[38;2;41;148;156m████[38;2;214;214;214m██[38;2;148;189;123m██[38;2;189;239;132m██[38;2;0;0;0m██  
██████  ██[38;2;239;148;132m██[38;2;255;255;255m████[38;2;214;214;214m██[38;2;148;189;123m██[38;2;189;239;132m██[38;2;148;189;123m██[38;2;0;0;0m██  
          ██[38;2;65;65;65m██[38;2;148;189;123m████[38;2;99;214;239m██[38;2;148;189;123m██[38;2;0;0;0m██    
    ██████[38;2;65;65;65m██[38;2;115;115;115m██[38;2;65;65;65m██[38;2;148;189;123m██[38;2;189;239;132m██[38;2;148;189;123m██[38;2;0;0;0m██    
    ████  ██[38;2;148;189;123m██[38;2;65;65;65m████[38;2;115;115;115m██[38;2;65;65;65m██[38;2;0;0;0m██    
        ██[38;2;115;115;115m████[38;2;65;65;65m██[38;2;148;189;123m██[38;2;65;65;65m████[38;2;189;239;132m██[38;2;0;0;0m██  
        ██[38;2;115;115;115m██████[38;2;65;65;65m██[38;2;148;189;123m██[38;2;99;214;239m██[38;2;148;189;123m██[38;2;0;0;0m██  
          ██[38;2;189;189;189m██[38;2;115;115;115m████[38;2;65;65;65m██[38;2;189;239;132m██[38;2;148;189;123m██[38;2;189;239;132m██[38;2;0;0;0m██
            ██[38;2;255;255;255m██[38;2;65;65;65m██[38;2;0;0;0m████[38;2;189;239;132m██[38;2;148;189;123m██[38;2;0;0;0m██
            ██[38;2;255;255;255m██[38;2;0;0;0m██    ██████
              ██            
[0m