          [38;2;0;0;0m██                              
        ██[38;2;99;99;99m██[38;2;0;0;0m██    ██                      
      ██[38;2;57;56;57m██[38;2;120;119;120m██[38;2;0;0;0m██  ██[38;2;110;102;98m██[38;2;0;0;0m██████                
      ██[38;2;247;247;247m██[38;2;57;56;57m██[38;2;173;158;148m██[38;2;0;0;0m██[38;2;165;154;148m██[38;2;110;102;98m██[38;2;66;66;66m████[38;2;66;67;66m██[38;2;0;0;0m██              
    [38;2;8;8;8m██[38;2;65;59;54m██[38;2;247;247;247m██[38;2;57;56;57m██[38;2;66;65;66m██[38;2;173;158;148m██████[38;2;66;65;66m██[38;2;255;255;255m██[38;2;66;66;66m██[38;2;0;0;0m██              
  ██[38;2;181;162;148m██[38;2;123;110;101m██[38;2;57;56;57m██[38;2;120;119;120m██[38;2;101;96;93m██[38;2;66;65;66m██[38;2;173;158;148m██[38;2;66;65;66m██[38;2;255;255;255m████[38;2;66;66;66m██[38;2;0;0;0m██              
  ██[38;2;159;121;71m██[38;2;239;182;99m██[38;2;66;66;66m████████[38;2;172;155;148m██████[38;2;255;255;255m██[38;2;57;58;54m██[38;2;0;8;8m██              
[38;2;0;0;0m██[38;2;66;67;66m██[38;2;159;121;71m██[38;2;0;0;16m██[38;2;66;66;66m██[38;2;99;100;99m████[38;2;66;66;66m██[38;2;255;190;66m██[38;2;172;155;148m██████[38;2;173;158;148m████[38;2;0;0;0m██████        
██[38;2;140;113;99m██[38;2;214;174;115m██[38;2;0;0;8m██[38;2;173;158;148m██[38;2;66;65;66m██[38;2;57;69;90m██[38;2;247;190;90m██[38;2;85;63;35m██[38;2;255;190;74m██[38;2;173;156;148m████[38;2;173;157;148m██[38;2;140;115;98m██[38;2;181;158;148m████[38;2;0;0;0m██        
  ██[38;2;142;116;79m██[38;2;214;174;115m██[38;2;173;158;148m████[38;2;183;149;90m██[38;2;247;190;90m██[38;2;0;0;16m██[38;2;255;190;74m██[38;2;173;156;148m████[38;2;173;157;148m████[38;2;123;106;98m██[38;2;8;4;0m██  [38;2;0;0;0m████    
██[38;2;140;113;99m██[38;2;129;113;104m██[38;2;74;69;66m██[38;2;173;158;148m████████[38;2;172;164;136m████[38;2;173;156;148m████[38;2;173;157;148m██[38;2;140;115;98m██[38;2;181;158;148m████[38;2;0;0;0m██[38;2;99;99;99m██[38;2;99;97;99m██[38;2;0;0;0m██  
  ██[38;2;129;113;104m██[38;2;184;158;142m██[38;2;255;255;255m██[38;2;200;190;183m██[38;2;255;255;255m██[38;2;200;190;183m██[38;2;255;255;231m██[38;2;90;73;41m██[38;2;173;156;148m████[38;2;173;157;148m████[38;2;123;106;98m██[38;2;8;4;0m██[38;2;99;99;99m████[38;2;66;64;66m██[38;2;99;97;99m██[38;2;0;0;0m██
    ██[38;2;181;162;148m██[38;2;172;155;148m██[38;2;255;255;255m██[38;2;200;190;183m██[38;2;255;255;255m██[38;2;173;156;148m████[38;2;173;157;148m████[38;2;71;66;65m██[38;2;181;158;148m██[38;2;66;67;66m██[38;2;0;0;0m██[38;2;99;97;99m████[38;2;66;64;66m██[38;2;99;97;99m██[38;2;0;0;0m██
  ██[38;2;120;108;98m██[38;2;0;0;0m██[38;2;172;155;148m████[38;2;173;158;148m████[38;2;173;156;148m████[38;2;173;157;148m██[38;2;140;115;98m██[38;2;126;112;106m██[38;2;71;66;65m██[38;2;0;0;0m██  ██[38;2;66;64;66m██[38;2;99;97;99m██[38;2;0;0;0m██  
  ██[38;2;140;113;99m██[38;2;0;0;0m██[38;2;128;109;98m██[38;2;189;162;148m██[38;2;173;157;148m████[38;2;140;115;98m██[38;2;173;157;148m██[38;2;140;115;99m████[38;2;66;65;66m██[38;2;173;158;148m██[38;2;123;110;101m██[38;2;8;8;8m██[38;2;140;121;107m██[38;2;93;82;74m██[38;2;0;0;0m██    
    ██  [38;2;8;4;0m██[38;2;128;109;98m██[38;2;173;157;148m██[38;2;140;115;98m██[38;2;173;157;148m██[38;2;140;115;98m██[38;2;140;115;99m████[38;2;66;65;66m████[38;2;181;162;148m██[38;2;65;59;54m██[38;2;140;121;107m██[38;2;0;4;8m██      
          [38;2;0;0;0m██[38;2;68;62;57m██[38;2;137;120;106m██[38;2;140;113;99m████[38;2;140;115;99m██[38;2;66;65;66m██[38;2;0;4;8m██[38;2;173;158;148m████[38;2;0;0;0m████        
        ██[38;2;66;67;66m██[38;2;68;62;57m██[38;2;0;4;8m██[38;2;0;0;0m████[38;2;66;65;66m██[38;2;140;115;99m██[38;2;57;55;54m██[38;2;0;4;8m██[38;2;0;0;0m██            
          ████      ██[38;2;99;99;99m████[38;2;0;0;0m██              
                  ██[38;2;99;99;99m████[38;2;0;0;0m██                
                    ████                  
[0m