                  [38;2;0;0;0m████████              
              ████[38;2;230;222;239m██████[38;2;123;107;132m██[38;2;0;0;0m██            
            ██[38;2;230;222;239m██[38;2;197;181;206m██[38;2;0;0;0m████[38;2;230;222;239m████[38;2;123;107;132m██[38;2;0;0;0m██          
          ██[38;2;230;222;239m██[38;2;156;140;165m██[38;2;0;0;0m██    ██[38;2;230;222;239m████[38;2;0;0;0m██          
        ██[38;2;123;107;132m██[38;2;197;181;206m██[38;2;65;65;65m████[38;2;0;0;0m████[38;2;65;65;65m██[38;2;230;222;239m████[38;2;0;0;0m██          
    ██  ██[38;2;197;181;206m██[38;2;65;65;65m██[38;2;230;222;239m██████[38;2;65;65;65m██[38;2;197;181;206m██[38;2;230;222;239m██[38;2;156;140;165m██[38;2;0;0;0m██          
  ██[38;2;197;181;206m██[38;2;0;0;0m██[38;2;65;65;65m████[38;2;230;222;239m████[38;2;65;65;65m██[38;2;230;222;239m██[38;2;123;107;132m██[38;2;230;222;239m████[38;2;65;65;65m██[38;2;230;222;239m██[38;2;0;0;0m██        
  ██[38;2;197;181;206m████[38;2;65;65;65m██[38;2;230;222;239m████[38;2;65;65;65m██[38;2;230;222;239m██[38;2;65;65;65m██[38;2;230;222;239m████[38;2;197;181;206m██[38;2;123;107;132m██[38;2;230;222;239m████[38;2;0;0;0m██      
    ██[38;2;197;181;206m██[38;2;65;65;65m██[38;2;230;222;239m████[38;2;65;65;65m██[38;2;230;222;239m████████[38;2;123;107;132m██[38;2;230;222;239m██████[38;2;206;156;197m██[38;2;0;0;0m██    
      ██[38;2;230;222;239m████████[38;2;156;140;165m██[38;2;230;222;239m████████████[38;2;206;156;197m██[38;2;181;115;165m██[38;2;140;90;140m██[38;2;0;0;0m██  
      ██[38;2;230;222;239m████[38;2;197;181;206m██[38;2;230;222;239m████[38;2;65;65;65m██[38;2;156;140;165m██[38;2;230;222;239m██[38;2;65;65;65m██[38;2;206;156;197m██[38;2;181;115;165m████[38;2;140;90;140m████[38;2;0;0;0m██  
      ██[38;2;65;65;65m██[38;2;230;222;239m██[38;2;197;181;206m██[38;2;230;222;239m██[38;2;0;0;0m██[38;2;230;222;239m██[38;2;156;140;165m██[38;2;197;181;206m██[38;2;0;0;0m████[38;2;140;90;140m██████████[38;2;0;0;0m██
        ██[38;2;230;222;239m████[38;2;65;65;65m██[38;2;222;66;49m██[38;2;197;181;206m████[38;2;0;0;0m██    ██[38;2;140;90;140m████████[38;2;0;0;0m██
        ██[38;2;197;181;206m██[38;2;230;222;239m██[38;2;197;181;206m██████[38;2;0;0;0m██      ██[38;2;140;90;140m████████[38;2;0;0;0m██
          ██[38;2;156;140;165m██[38;2;197;181;206m██[38;2;65;65;65m████[38;2;156;140;165m██[38;2;0;0;0m██  ██[38;2;107;66;107m████[38;2;140;90;140m████[38;2;107;66;107m██[38;2;0;0;0m██
          ██[38;2;65;65;65m████[38;2;156;140;165m████[38;2;197;181;206m██[38;2;230;222;239m██[38;2;0;0;0m████[38;2;107;66;107m████████[38;2;0;0;0m██  
          ██[38;2;123;107;132m██[38;2;65;65;65m██[38;2;156;140;165m██[38;2;197;181;206m██[38;2;65;65;65m██[38;2;230;222;239m████[38;2;197;181;206m██[38;2;0;0;0m██[38;2;107;66;107m██████[38;2;0;0;0m██  
        ██[38;2;123;107;132m██[38;2;65;65;65m██[38;2;197;181;206m████████[38;2;65;65;65m██[38;2;230;222;239m██████[38;2;0;0;0m██[38;2;107;66;107m██[38;2;0;0;0m██    
      ██[38;2;107;66;107m██[38;2;123;107;132m██[38;2;65;65;65m██[38;2;197;181;206m████[38;2;65;65;65m██[38;2;230;222;239m████[38;2;65;65;65m██[38;2;230;222;239m████[38;2;140;90;140m██[38;2;0;0;0m██      
      ██[38;2;107;66;107m██[38;2;65;65;65m██[38;2;197;181;206m████[38;2;65;65;65m██[38;2;230;222;239m██████[38;2;65;65;65m██[38;2;230;222;239m██[38;2;140;90;140m██[38;2;181;115;165m██[38;2;0;0;0m██      
        ██[38;2;156;140;165m██[38;2;65;65;65m██[38;2;197;181;206m██[38;2;65;65;65m██[38;2;230;222;239m████████[38;2;65;65;65m██[38;2;181;115;165m██[38;2;0;0;0m██        
        ██[38;2;156;140;165m████[38;2;65;65;65m██[38;2;0;0;0m██[38;2;65;65;65m██[38;2;230;222;239m████[38;2;156;140;165m██[38;2;0;0;0m██████        
      ██[38;2;107;66;107m██[38;2;65;65;65m██[38;2;156;140;165m██[38;2;0;0;0m██  ██[38;2;197;181;206m████[38;2;0;0;0m██              
    ██[38;2;107;66;107m████[38;2;65;65;65m██[38;2;156;140;165m████[38;2;0;0;0m██  ██[38;2;197;181;206m██[38;2;156;140;165m██[38;2;0;0;0m██            
  ██[38;2;107;66;107m████[38;2;0;0;0m████[38;2;140;90;140m██[38;2;156;140;165m██[38;2;0;0;0m██  ██[38;2;197;181;206m████[38;2;0;0;0m██            
  ██[38;2;107;66;107m██[38;2;0;0;0m██  ██[38;2;140;90;140m██[38;2;0;0;0m██  ██[38;2;140;90;140m██[38;2;197;181;206m██[38;2;140;90;140m██[38;2;181;115;165m██[38;2;0;0;0m██          
██[38;2;140;90;140m████[38;2;0;0;0m██    ██    ██[38;2;65;65;65m██[38;2;181;115;165m██[38;2;65;65;65m██[38;2;181;115;165m██[38;2;0;0;0m██          
██[38;2;140;90;140m██████[38;2;0;0;0m██          ██[38;2;181;115;165m██[38;2;0;0;0m████            
██[38;2;65;65;65m██[38;2;140;90;140m██[38;2;65;65;65m██[38;2;0;0;0m██            ██                
  ██████                                
[0m