                [38;2;0;0;0m████              
              ██[38;2;255;255;255m██[38;2;131;197;238m██[38;2;0;0;0m██            
            ██[38;2;131;197;238m██[38;2;255;255;255m████[38;2;65;98;156m██[38;2;0;0;0m██          
      ██████[38;2;65;98;156m██[38;2;90;156;222m██[38;2;131;197;238m████[38;2;90;156;222m██[38;2;0;0;0m██          
    ██[38;2;197;222;255m██[38;2;65;123;180m██[38;2;65;98;156m██[38;2;90;156;222m██████████[38;2;65;98;156m██[38;2;0;0;0m██        
    ██[38;2;65;123;180m██[38;2;65;65;65m██[38;2;90;156;222m████████[38;2;65;98;156m████[38;2;90;156;222m██[38;2;65;123;180m██[38;2;0;0;0m██      
  ██[38;2;65;123;180m██[38;2;65;65;65m██[38;2;90;156;222m████[38;2;65;98;156m██[38;2;65;123;180m██[38;2;90;156;222m██████████[38;2;65;98;156m██[38;2;0;0;0m████  
  ██[38;2;197;222;255m██[38;2;65;98;156m██[38;2;90;156;222m████[38;2;65;98;156m████[38;2;90;156;222m██[38;2;65;123;180m██[38;2;90;156;222m████████[38;2;255;255;255m██[38;2;65;98;156m██[38;2;0;0;0m██
██[38;2;131;197;238m██[38;2;197;222;255m████[38;2;65;123;180m██[38;2;90;156;222m██████[38;2;65;123;180m██[38;2;197;222;255m██[38;2;65;123;180m██[38;2;90;156;222m██████[38;2;197;222;255m██[38;2;255;255;255m██[38;2;0;0;0m██
██[38;2;131;197;238m██[38;2;255;255;255m██[38;2;197;222;255m██[38;2;65;123;180m██[38;2;90;156;222m████[38;2;65;123;180m██████[38;2;197;222;255m██[38;2;65;123;180m██[38;2;90;156;222m████[38;2;197;222;255m██[38;2;65;65;65m██[38;2;0;0;0m██
██[38;2;65;98;156m██[38;2;255;255;255m██[38;2;197;222;255m██[38;2;65;123;180m██[38;2;90;156;222m██[38;2;65;123;180m██[38;2;197;222;255m████[38;2;65;123;180m██[38;2;131;197;238m██[38;2;197;222;255m██[38;2;65;123;180m██[38;2;65;98;156m████[38;2;0;0;0m██  
  ██[38;2;197;222;255m██[38;2;65;123;180m██[38;2;197;222;255m██[38;2;65;123;180m██[38;2;197;222;255m██[38;2;255;255;255m████[38;2;197;222;255m██[38;2;131;197;238m██[38;2;197;222;255m██[38;2;65;123;180m████[38;2;0;0;0m██    
    ██[38;2;65;123;180m██[38;2;90;156;222m██[38;2;65;123;180m██[38;2;197;222;255m██[38;2;255;255;255m████[38;2;197;222;255m████[38;2;65;123;180m██████[38;2;0;0;0m██    
    ██[38;2;197;222;255m██[38;2;65;98;156m██[38;2;90;156;222m██[38;2;65;123;180m██[38;2;197;222;255m██████[38;2;65;123;180m██[38;2;90;156;222m████[38;2;65;98;156m██[38;2;0;0;0m██    
      ██[38;2;131;197;238m██[38;2;65;98;156m████[38;2;65;123;180m██████[38;2;90;156;222m██████[38;2;0;0;0m██      
        ██████[38;2;65;65;65m██[38;2;65;98;156m██[38;2;65;123;180m████[38;2;90;156;222m██[38;2;255;255;255m██[38;2;0;0;0m██      
              ██████[38;2;255;255;255m████[38;2;65;98;156m██[38;2;0;0;0m██      
                    ██████        
[0m