                [38;2;0;0;0m████              
              ██[38;2;255;255;255m██[38;2;180;238;131m██[38;2;0;0;0m██            
            ██[38;2;180;238;131m██[38;2;255;255;255m████[38;2;98;148;65m██[38;2;0;0;0m██          
      ██████[38;2;98;148;65m██[38;2;148;222;82m██[38;2;180;238;131m████[38;2;148;222;82m██[38;2;0;0;0m██          
    ██[38;2;213;238;180m██[38;2;115;180;65m██[38;2;98;148;65m██[38;2;148;222;82m██████████[38;2;98;148;65m██[38;2;0;0;0m██        
    ██[38;2;115;180;65m██[38;2;74;74;82m██[38;2;148;222;82m████████[38;2;98;148;65m████[38;2;148;222;82m██[38;2;115;180;65m██[38;2;0;0;0m██      
  ██[38;2;115;180;65m██[38;2;74;74;82m██[38;2;148;222;82m████[38;2;98;148;65m██[38;2;115;180;65m██[38;2;148;222;82m██████████[38;2;98;148;65m██[38;2;0;0;0m████  
  ██[38;2;213;238;180m██[38;2;98;148;65m██[38;2;148;222;82m████[38;2;98;148;65m████[38;2;148;222;82m██[38;2;115;180;65m██[38;2;148;222;82m████████[38;2;255;255;255m██[38;2;98;148;65m██[38;2;0;0;0m██
██[38;2;180;238;131m██[38;2;213;238;180m████[38;2;115;180;65m██[38;2;148;222;82m██████[38;2;115;180;65m██[38;2;213;238;180m██[38;2;115;180;65m██[38;2;148;222;82m██████[38;2;213;238;180m██[38;2;255;255;255m██[38;2;0;0;0m██
██[38;2;180;238;131m██[38;2;255;255;255m██[38;2;213;238;180m██[38;2;115;180;65m██[38;2;148;222;82m████[38;2;115;180;65m██████[38;2;213;238;180m██[38;2;115;180;65m██[38;2;148;222;82m████[38;2;213;238;180m██[38;2;74;74;82m██[38;2;0;0;0m██
██[38;2;98;148;65m██[38;2;255;255;255m██[38;2;213;238;180m██[38;2;115;180;65m██[38;2;148;222;82m██[38;2;115;180;65m██[38;2;213;238;180m████[38;2;115;180;65m██[38;2;180;238;131m██[38;2;213;238;180m██[38;2;115;180;65m██[38;2;98;148;65m████[38;2;0;0;0m██  
  ██[38;2;213;238;180m██[38;2;115;180;65m██[38;2;213;238;180m██[38;2;115;180;65m██[38;2;213;238;180m██[38;2;255;255;255m████[38;2;213;238;180m██[38;2;180;238;131m██[38;2;213;238;180m██[38;2;115;180;65m████[38;2;0;0;0m██    
    ██[38;2;115;180;65m██[38;2;148;222;82m██[38;2;115;180;65m██[38;2;213;238;180m██[38;2;255;255;255m████[38;2;213;238;180m████[38;2;115;180;65m██████[38;2;0;0;0m██    
    ██[38;2;213;238;180m██[38;2;98;148;65m██[38;2;148;222;82m██[38;2;115;180;65m██[38;2;213;238;180m██████[38;2;115;180;65m██[38;2;148;222;82m████[38;2;98;148;65m██[38;2;0;0;0m██    
      ██[38;2;180;238;131m██[38;2;98;148;65m████[38;2;115;180;65m██████[38;2;148;222;82m██████[38;2;0;0;0m██      
        ██████[38;2;74;74;82m██[38;2;98;148;65m██[38;2;115;180;65m████[38;2;148;222;82m██[38;2;255;255;255m██[38;2;0;0;0m██      
              ██████[38;2;255;255;255m████[38;2;98;148;65m██[38;2;0;0;0m██      
                    ██████        
[0m