                [38;2;0;0;0m████              
              ██[38;2;255;255;255m██[38;2;255;205;123m██[38;2;0;0;0m██            
            ██[38;2;255;205;123m██[38;2;255;255;255m████[38;2;189;131;74m██[38;2;0;0;0m██          
      ██████[38;2;189;131;74m██[38;2;255;172;90m██[38;2;255;205;123m████[38;2;255;172;90m██[38;2;0;0;0m██          
    ██[38;2;255;222;189m██[38;2;230;148;74m██[38;2;189;131;74m██[38;2;255;172;90m██████████[38;2;189;131;74m██[38;2;0;0;0m██        
    ██[38;2;230;148;74m██[38;2;65;65;65m██[38;2;255;172;90m████████[38;2;189;131;74m████[38;2;255;172;90m██[38;2;230;148;74m██[38;2;0;0;0m██      
  ██[38;2;230;148;74m██[38;2;65;65;65m██[38;2;255;172;90m████[38;2;189;131;74m██[38;2;230;148;74m██[38;2;255;172;90m██████████[38;2;189;131;74m██[38;2;0;0;0m████  
  ██[38;2;255;222;189m██[38;2;189;131;74m██[38;2;255;172;90m████[38;2;189;131;74m████[38;2;255;172;90m██[38;2;230;148;74m██[38;2;255;172;90m████████[38;2;255;255;255m██[38;2;189;131;74m██[38;2;0;0;0m██
██[38;2;255;205;123m██[38;2;255;222;189m████[38;2;230;148;74m██[38;2;255;172;90m██████[38;2;230;148;74m██[38;2;255;222;189m██[38;2;230;148;74m██[38;2;255;172;90m██████[38;2;255;222;189m██[38;2;255;255;255m██[38;2;0;0;0m██
██[38;2;255;205;123m██[38;2;255;255;255m██[38;2;255;222;189m██[38;2;230;148;74m██[38;2;255;172;90m████[38;2;230;148;74m██████[38;2;255;222;189m██[38;2;230;148;74m██[38;2;255;172;90m████[38;2;255;222;189m██[38;2;65;65;65m██[38;2;0;0;0m██
██[38;2;189;131;74m██[38;2;255;255;255m██[38;2;255;222;189m██[38;2;230;148;74m██[38;2;255;172;90m██[38;2;230;148;74m██[38;2;255;222;189m████[38;2;230;148;74m██[38;2;255;205;123m██[38;2;255;222;189m██[38;2;230;148;74m██[38;2;189;131;74m████[38;2;0;0;0m██  
  ██[38;2;255;222;189m██[38;2;230;148;74m██[38;2;255;222;189m██[38;2;230;148;74m██[38;2;255;222;189m██[38;2;255;255;255m████[38;2;255;222;189m██[38;2;255;205;123m██[38;2;255;222;189m██[38;2;230;148;74m████[38;2;0;0;0m██    
    ██[38;2;230;148;74m██[38;2;255;172;90m██[38;2;230;148;74m██[38;2;255;222;189m██[38;2;255;255;255m████[38;2;255;222;189m████[38;2;230;148;74m██████[38;2;0;0;0m██    
    ██[38;2;255;222;189m██[38;2;189;131;74m██[38;2;255;172;90m██[38;2;230;148;74m██[38;2;255;222;189m██████[38;2;230;148;74m██[38;2;255;172;90m████[38;2;189;131;74m██[38;2;0;0;0m██    
      ██[38;2;255;205;123m██[38;2;189;131;74m████[38;2;230;148;74m██████[38;2;255;172;90m██████[38;2;0;0;0m██      
        ██████[38;2;65;65;65m██[38;2;189;131;74m██[38;2;230;148;74m████[38;2;255;172;90m██[38;2;255;255;255m██[38;2;0;0;0m██      
              ██████[38;2;255;255;255m████[38;2;189;131;74m██[38;2;0;0;0m██      
                    ██████        
[0m