            [38;2;0;0;0m██████                                
        ████[38;2;247;148;41m████[38;2;0;0;0m██                                
      ██[38;2;255;255;255m██[38;2;247;148;41m████[38;2;0;0;0m██        ██████                    
    ██[38;2;189;189;189m██[38;2;255;255;255m████[38;2;65;65;65m██[38;2;0;0;0m██    ████[38;2;247;148;41m████[38;2;0;0;0m██                    
    ██[38;2;255;255;255m██████[38;2;0;0;0m██    ██[38;2;247;148;41m████████[38;2;0;0;0m██          ████      
    ██[38;2;255;255;255m████[38;2;65;65;65m████[38;2;0;0;0m████[38;2;255;255;255m████[38;2;247;148;41m████[38;2;0;0;0m██          ██[38;2;247;148;41m████[38;2;0;0;0m████  
    ██[38;2;255;255;255m██[38;2;65;65;65m██[38;2;132;132;115m████[38;2;65;65;65m██[38;2;255;255;255m████████[38;2;247;148;41m██[38;2;0;0;0m██    ██████[38;2;247;239;107m████[38;2;65;65;65m██[38;2;247;148;41m████[38;2;0;0;0m██
  ██[38;2;189;189;189m██[38;2;132;132;115m████████[38;2;255;255;255m██████[38;2;189;189;189m██[38;2;0;0;0m████  ████[38;2;247;239;107m██████████████[38;2;65;65;65m██[38;2;0;0;0m██
  ██[38;2;132;132;115m████████[38;2;255;255;255m████[38;2;65;65;65m████[38;2;0;0;0m██    ██[38;2;247;239;107m████████████████[38;2;65;65;65m██[38;2;247;148;41m██[38;2;0;0;0m██
██[38;2;189;189;189m██[38;2;132;132;115m██████[38;2;255;255;255m██[38;2;247;148;41m████[38;2;132;132;115m████[38;2;0;0;0m██  ██[38;2;247;239;107m████████████████████[38;2;247;148;41m██[38;2;0;0;0m██
██[38;2;132;132;115m████████[38;2;255;255;255m██[38;2;0;0;0m██[38;2;247;148;41m██[38;2;132;132;115m████[38;2;0;0;0m████[38;2;247;239;107m██[38;2;247;197;74m██[38;2;247;148;41m██████[38;2;247;239;107m████████[38;2;0;0;0m██████  
██[38;2;132;132;115m██[38;2;65;65;65m██[38;2;132;132;115m██[38;2;255;255;255m██[38;2;247;148;41m██[38;2;0;0;0m██[38;2;247;148;41m██[38;2;132;132;115m████[38;2;65;65;65m██[38;2;247;148;41m██████████[38;2;247;197;74m██[38;2;247;239;107m██████[38;2;0;0;0m██        
  ██[38;2;132;132;115m████[38;2;189;189;189m██[38;2;247;148;41m████[38;2;132;132;115m████[38;2;65;65;65m██[38;2;214;99;66m██[38;2;247;148;41m████████[38;2;247;197;74m██[38;2;247;239;107m████[38;2;189;165;66m██[38;2;0;0;0m██          
  ██[38;2;132;132;115m██[38;2;65;65;65m██[38;2;0;0;0m████[38;2;65;65;65m████[38;2;255;255;255m██[38;2;189;189;189m██[38;2;65;65;65m████[38;2;189;165;66m██[38;2;247;239;107m██████[38;2;65;65;65m██[38;2;0;0;0m████            
    ████  ██[38;2;214;99;66m██[38;2;65;65;65m██[38;2;189;189;189m██[38;2;255;255;255m██[38;2;65;65;65m██[38;2;214;99;66m██[38;2;65;65;65m████████[38;2;0;0;0m██                
          ██[38;2;214;99;66m████[38;2;65;65;65m██████[38;2;189;165;66m██[38;2;214;99;66m████[38;2;189;165;66m████[38;2;65;65;65m██[38;2;0;0;0m██              
        ██[38;2;189;189;189m██[38;2;65;65;65m██[38;2;214;99;66m██████[38;2;65;65;65m██[38;2;0;0;0m██[38;2;189;165;66m██████[38;2;65;65;65m██[38;2;214;99;66m██[38;2;0;0;0m██              
        ██████[38;2;65;65;65m██[38;2;255;255;255m██[38;2;65;65;65m██[38;2;0;0;0m██  ████[38;2;214;99;66m████[38;2;0;0;0m██                
              ██[38;2;65;65;65m██[38;2;0;0;0m██[38;2;65;65;65m██[38;2;0;0;0m██    ████                  
              ████  ████                          
[0m