                          [38;2;0;0;0m████████                  
                    ██████[38;2;246;139;172m████[38;2;197;115;139m████[38;2;0;0;0m████              
                  ██[38;2;255;255;255m████[38;2;197;115;139m██[38;2;246;139;172m██[38;2;197;115;139m██[38;2;255;255;255m██[38;2;74;115;197m██[38;2;246;139;172m████[38;2;0;0;0m██            
                  ██[38;2;74;115;197m████[38;2;246;139;172m██[38;2;197;115;139m██[38;2;255;255;255m████[38;2;74;115;197m██[38;2;246;139;172m████[38;2;74;115;197m██[38;2;0;0;0m██          
                    ██[38;2;246;139;172m████[38;2;197;115;139m██[38;2;255;255;255m██[38;2;74;115;197m████[38;2;246;139;172m██[38;2;197;115;139m██[38;2;74;115;197m██[38;2;0;0;0m██          
                    ██[38;2;197;115;139m██[38;2;246;139;172m██[38;2;0;0;0m████[38;2;197;115;139m████[38;2;74;115;197m████[38;2;139;180;139m██[38;2;0;0;0m██          
            ████████  ████  ██[38;2;74;115;197m████[38;2;139;180;139m██████[38;2;0;0;0m██          
        ████[38;2;139;180;139m████████[38;2;0;0;0m██      ██[38;2;115;156;106m██[38;2;139;180;139m████[38;2;115;156;106m██[38;2;74;115;197m████[38;2;0;0;0m██        
      ██[38;2;139;180;139m████[38;2;164;205;164m██[38;2;139;180;139m████████[38;2;0;0;0m████    ██[38;2;74;115;197m████████[38;2;255;238;65m██[38;2;0;0;0m██        
    ██[38;2;139;180;139m████████████████[38;2;115;156;106m██[38;2;74;115;197m██[38;2;0;0;0m██████[38;2;255;238;65m██████████[38;2;74;115;197m██[38;2;0;0;0m██      
  ██[38;2;115;156;106m██[38;2;139;180;139m██████[38;2;115;156;106m██[38;2;139;180;139m████[38;2;65;65;65m████[38;2;74;115;197m████[38;2;255;238;65m██████[38;2;65;65;65m██[38;2;255;238;65m██████[38;2;74;115;197m████[38;2;0;0;0m██      
  ██[38;2;74;115;197m██[38;2;115;156;106m██[38;2;139;180;139m██[38;2;74;115;197m██[38;2;139;180;139m██[38;2;115;156;106m██[38;2;74;115;197m██[38;2;197;197;213m██[38;2;65;65;65m██[38;2;74;115;197m██[38;2;255;238;65m██████[38;2;74;115;197m██[38;2;65;65;65m██[38;2;74;115;197m████████[38;2;246;139;172m██[38;2;0;0;0m██      
██[38;2;255;238;65m████[38;2;74;115;197m████████[38;2;0;0;0m██[38;2;255;255;255m██[38;2;65;65;65m██[38;2;74;115;197m██[38;2;255;238;65m████[38;2;74;115;197m██████[38;2;65;65;65m██[38;2;197;115;139m██[38;2;246;139;172m██████[38;2;0;0;0m██        
██[38;2;74;115;197m██[38;2;255;238;65m██████████████████[38;2;74;115;197m██[38;2;65;65;65m██[38;2;74;115;197m████[38;2;65;65;65m██[38;2;74;115;197m██[38;2;197;115;139m████████[38;2;65;65;65m██[38;2;0;0;0m██      
  ██[38;2;74;115;197m██[38;2;255;238;65m████████[38;2;197;197;213m██[38;2;65;65;65m██[38;2;74;115;197m██████[38;2;65;65;65m████[38;2;74;115;197m██[38;2;65;65;65m██[38;2;197;115;139m██[38;2;74;115;197m████[38;2;197;115;139m████[38;2;65;65;65m██[38;2;115;156;106m██[38;2;0;0;0m████  
    ██[38;2;65;65;65m████████[38;2;255;255;255m██[38;2;65;65;65m████[38;2;74;115;197m██[38;2;65;65;65m██████[38;2;90;106;115m██[38;2;197;115;139m██████[38;2;74;115;197m██████[38;2;115;156;106m████[38;2;255;238;65m████[38;2;0;0;0m██
  ██[38;2;246;139;172m██[38;2;115;156;106m██[38;2;65;65;65m████[38;2;90;106;115m██[38;2;65;65;65m██[38;2;115;156;222m██[38;2;65;65;65m██[38;2;246;139;172m██[38;2;65;65;65m████[38;2;255;255;255m██[38;2;90;106;115m██[38;2;197;115;139m██████████[38;2;90;106;115m██[38;2;115;156;106m██[38;2;255;238;65m████[38;2;74;123;65m██[38;2;0;0;0m██
██[38;2;246;139;172m████[38;2;65;65;65m████[38;2;90;106;115m██[38;2;115;156;222m████[38;2;90;106;115m██[38;2;65;65;65m██[38;2;246;139;172m██[38;2;197;115;139m██[38;2;65;65;65m██[38;2;90;106;115m██[38;2;197;115;139m████[38;2;90;106;115m██[38;2;74;123;65m██[38;2;90;106;115m██[38;2;90;139;82m██[38;2;255;255;255m██[38;2;90;106;115m██[38;2;255;238;65m██[38;2;0;0;0m████  
██[38;2;74;115;197m██[38;2;246;139;172m██[38;2;90;106;115m██[38;2;255;255;255m██[38;2;65;65;65m████[38;2;90;106;115m██[38;2;255;255;255m██[38;2;197;197;213m██[38;2;90;106;115m██[38;2;246;139;172m██████[38;2;74;115;197m██[38;2;90;106;115m██[38;2;255;255;255m██[38;2;90;106;115m██[38;2;255;255;255m██[38;2;90;106;115m██[38;2;197;197;213m██[38;2;90;106;115m██[38;2;0;0;0m██      
  ██[38;2;74;115;197m██[38;2;246;139;172m██[38;2;90;106;115m██[38;2;197;115;139m██[38;2;255;255;255m██[38;2;90;106;115m██[38;2;197;197;213m██[38;2;255;255;255m██[38;2;90;106;115m██[38;2;246;139;172m████[38;2;74;115;197m██[38;2;115;156;106m██[38;2;90;106;115m██[38;2;197;197;213m████[38;2;90;106;115m██[38;2;74;115;197m██[38;2;90;106;115m██[38;2;255;238;65m████[38;2;0;0;0m██    
  ██[38;2;139;180;139m██[38;2;74;115;197m██████[38;2;197;115;139m██[38;2;246;139;172m██[38;2;90;106;115m████[38;2;115;156;106m██[38;2;74;115;197m████[38;2;115;156;106m████[38;2;74;115;197m██[38;2;90;106;115m██[38;2;255;255;255m██[38;2;90;106;115m██[38;2;255;238;65m██████[38;2;74;123;65m██[38;2;0;0;0m██    
    ████[38;2;115;156;106m████[38;2;74;115;197m████[38;2;115;156;106m████████████[38;2;74;115;197m████[38;2;255;238;65m██[38;2;90;106;115m██[38;2;0;0;0m██████████      
        ██[38;2;74;115;197m██[38;2;115;156;106m████[38;2;74;115;197m██[38;2;0;0;0m████[38;2;115;156;106m██[38;2;74;115;197m██████[38;2;255;238;65m████[38;2;0;0;0m██                
          ████████    ██[38;2;255;238;65m██████[38;2;0;0;0m████                  
                        ██████                      
[0m