          [38;2;0;0;0m██████████          
      ████[38;2;255;189;206m████████[38;2;165;107;239m██[38;2;0;0;0m████      
    ██[38;2;255;189;206m██████████[38;2;165;107;239m██[38;2;230;107;123m████[38;2;165;107;239m██[38;2;0;0;0m██    
  ██[38;2;255;189;206m██[38;2;255;214;230m████[38;2;255;189;206m██████[38;2;165;107;239m████[38;2;230;107;123m██[38;2;165;107;239m██[38;2;255;189;206m██[38;2;0;0;0m██  
  ██[38;2;255;214;230m██████[38;2;255;189;206m████████[38;2;165;107;239m████[38;2;255;189;206m████[38;2;0;0;0m██  
██[38;2;255;189;206m██[38;2;255;214;230m██[38;2;255;189;206m██████████████████████[38;2;0;0;0m██
██[38;2;255;189;206m██████████████████████████[38;2;0;0;0m██
██[38;2;230;107;123m██[38;2;255;189;206m████████[38;2;255;255;255m██[38;2;255;189;206m████████████[38;2;239;140;165m██[38;2;0;0;0m██
██[38;2;230;107;123m████[38;2;255;189;206m██████[38;2;189;66;66m██[38;2;255;189;206m██████[38;2;165;107;239m████[38;2;239;140;165m████[38;2;0;0;0m██
██[38;2;239;140;165m██[38;2;230;107;123m██[38;2;255;189;206m██████[38;2;214;82;82m██[38;2;255;189;206m████[38;2;165;107;239m████[38;2;230;107;123m██[38;2;165;107;239m██[38;2;0;0;0m██  
  ██[38;2;255;189;206m██████[38;2;239;140;165m████████[38;2;123;66;206m██[38;2;165;107;239m████[38;2;123;66;206m██[38;2;0;0;0m██  
    ██[38;2;239;140;165m████[38;2;65;65;65m██[38;2;239;140;165m████[38;2;65;65;65m██[38;2;0;0;0m██[38;2;140;90;107m██[38;2;239;140;165m██[38;2;0;0;0m██    
      ██████[38;2;140;90;107m██[38;2;239;140;165m██[38;2;0;0;0m██  ████      
            ████              
[0m