                  [38;2;0;0;0m████                
        ████    ██[38;2;90;115;181m██[38;2;0;0;0m██                
        ██[38;2;90;115;181m██[38;2;0;0;0m████[38;2;90;115;181m████[38;2;0;0;0m██                
        ██[38;2;90;115;181m██[38;2;0;0;0m██[38;2;90;115;181m██████[38;2;0;0;0m██                
████████[38;2;65;65;65m██[38;2;90;115;181m████████[38;2;66;82;132m████[38;2;0;0;0m████            
██[38;2;90;115;181m████████[38;2;65;65;65m████[38;2;90;115;181m██[38;2;66;82;132m████[38;2;90;115;181m████[38;2;0;0;0m██            
  ████[38;2;90;115;181m████████[38;2;65;65;65m████[38;2;66;82;132m████[38;2;0;0;0m██              
      ██[38;2;66;82;132m██[38;2;90;115;181m████████[38;2;65;65;65m██[38;2;0;0;0m██                
      ██[38;2;247;222;165m██[38;2;66;82;132m████[38;2;90;115;181m██████[38;2;0;0;0m██      ██  ██    
    ██[38;2;255;255;255m██[38;2;247;222;165m████[38;2;65;65;65m██[38;2;189;49;33m██[38;2;255;255;255m██[38;2;90;115;181m████[38;2;0;0;0m██  ██[38;2;90;115;181m██[38;2;0;0;0m██[38;2;90;115;181m██[38;2;0;0;0m████
  ██[38;2;255;255;255m██[38;2;247;222;165m██[38;2;214;173;74m████[38;2;255;255;255m██[38;2;247;115;82m██[38;2;255;255;255m██[38;2;66;82;132m██[38;2;90;115;181m████[38;2;0;0;0m██[38;2;90;115;181m██████[38;2;66;82;132m████[38;2;0;0;0m██
  ██[38;2;255;255;255m██[38;2;214;173;74m████[38;2;181;132;90m████[38;2;66;82;132m██[38;2;0;0;0m██████████[38;2;66;82;132m██[38;2;90;115;181m██[38;2;66;82;132m████[38;2;0;0;0m██  
  ██[38;2;247;222;165m██[38;2;214;173;74m██[38;2;0;0;0m██████████[38;2;66;82;132m████[38;2;0;0;0m██[38;2;66;82;132m██[38;2;90;115;181m██[38;2;66;82;132m████████[38;2;0;0;0m██
    ████    ██[38;2;90;115;181m██[38;2;0;0;0m██[38;2;90;115;181m██[38;2;66;82;132m████[38;2;189;49;33m██[38;2;66;82;132m██████[38;2;0;0;0m████  
          ██[38;2;90;115;181m██████[38;2;66;82;132m██████[38;2;0;0;0m████████      
        ████[38;2;66;82;132m██[38;2;90;115;181m████[38;2;66;82;132m██████[38;2;0;0;0m██            
      ██[38;2;255;255;255m██[38;2;214;173;74m██[38;2;65;65;65m██[38;2;66;82;132m████████[38;2;0;0;0m██              
      ████[38;2;255;255;255m██[38;2;181;132;90m██[38;2;0;0;0m████[38;2;65;65;65m██[38;2;214;173;74m██[38;2;65;65;65m██[38;2;0;0;0m██            
          ████  ██[38;2;255;255;255m██[38;2;214;173;74m██[38;2;181;132;90m██[38;2;214;173;74m██[38;2;0;0;0m██          
                ████[38;2;255;255;255m██[38;2;0;0;0m██[38;2;255;255;255m██[38;2;0;0;0m██          
                  ████  ██            
[0m