                [38;2;0;4;0m██[38;2;0;8;8m████                                                                      
      [38;2;0;4;0m████    ██[38;2;181;243;255m██[38;2;181;251;255m██[38;2;120;170;172m██[38;2;0;4;0m██                                                                    
████  ██[38;2;66;64;66m██[38;2;8;4;0m████[38;2;181;243;255m██[38;2;109;181;227m██[38;2;107;178;222m██████[38;2;0;4;0m██                                                                  
██[38;2;82;79;70m██[38;2;0;4;0m██[38;2;66;64;66m████[38;2;43;63;74m██[38;2;115;182;222m██[38;2;109;181;227m████[38;2;66;65;66m████[38;2;107;178;222m██[38;2;0;4;0m██                                      ██████            ████      
  ██[38;2;82;78;68m████[38;2;66;65;66m████[38;2;107;178;222m████[38;2;66;65;66m██[38;2;68;75;74m██[38;2;189;211;222m██[38;2;0;4;0m██            ██                        [38;2;0;12;16m██[38;2;115;171;175m██[38;2;109;181;227m██[38;2;181;243;255m██[38;2;0;8;8m████      [38;2;0;4;0m██[38;2;82;78;68m██[38;2;0;4;0m██      
  ██[38;2;82;78;68m██████[38;2;66;65;66m██[38;2;107;178;222m██[38;2;66;65;66m████[38;2;189;211;222m██[38;2;8;8;0m██          [38;2;0;4;0m████[38;2;94;97;94m██[38;2;0;4;0m██                    ██[38;2;115;171;175m██[38;2;173;251;255m██[38;2;181;243;255m██[38;2;109;181;227m██[38;2;120;170;172m██[38;2;181;251;255m██[38;2;0;4;0m██  ██[38;2;82;79;70m██[38;2;82;78;68m██[38;2;0;4;0m██      
    ██[38;2;82;79;68m██[38;2;98;114;128m██[38;2;82;78;68m██[38;2;66;65;66m██████[38;2;189;211;222m██[38;2;0;4;0m██        [38;2;0;0;8m██[38;2;181;235;255m██[38;2;66;65;66m██[38;2;99;97;90m██[38;2;0;4;0m██  ████        ██    ██[38;2;189;239;247m██[38;2;63;79;82m██[38;2;66;65;66m██[38;2;206;243;255m██[38;2;181;243;255m██[38;2;109;181;227m██[38;2;189;239;247m██[38;2;8;0;0m██[38;2;82;79;68m████[38;2;0;4;0m██  ████  
    ██[38;2;98;114;128m██[38;2;82;79;68m██[38;2;82;78;68m████[38;2;66;65;66m██[38;2;189;211;222m██[38;2;0;4;0m██        ██[38;2;181;235;255m██[38;2;90;117;131m██[38;2;66;65;66m██[38;2;77;75;74m██[38;2;0;4;0m██  ██[38;2;181;243;255m██[38;2;0;4;0m████  ██[38;2;82;79;70m██[38;2;0;4;0m██    [38;2;0;0;0m████[38;2;206;243;255m██[38;2;66;65;66m██[38;2;181;243;255m████[38;2;68;79;82m████[38;2;82;79;68m████[38;2;66;64;66m██[38;2;0;4;0m██[38;2;66;65;66m██[38;2;0;4;0m██  
      ██[38;2;74;71;68m██[38;2;82;78;68m████[38;2;66;65;66m██[38;2;189;211;222m██[38;2;0;4;0m██      ██[38;2;181;243;255m██[38;2;82;78;68m██[38;2;66;65;66m██[38;2;93;95;95m██[38;2;79;77;68m██[38;2;77;74;68m██[38;2;0;4;0m██  ██[38;2;181;243;255m██[38;2;109;181;227m██[38;2;8;8;0m██[38;2;46;66;74m██[38;2;82;79;68m████[38;2;0;4;0m██      ██[38;2;231;243;255m██[38;2;66;65;66m██[38;2;173;239;255m██[38;2;73;72;68m██[38;2;98;113;128m██[38;2;77;81;79m██[38;2;66;65;57m██[38;2;66;64;66m████[38;2;0;4;0m██    
      ██[38;2;74;71;68m██[38;2;66;65;66m██[38;2;82;78;68m██[38;2;66;65;66m██[38;2;189;211;222m██[38;2;0;4;0m██      ██[38;2;181;243;255m██[38;2;82;78;68m██[38;2;66;65;66m██[38;2;93;95;95m██[38;2;79;77;68m██[38;2;77;74;68m████[38;2;0;4;0m██[38;2;66;64;66m██[38;2;181;243;255m██[38;2;109;181;227m██[38;2;123;182;222m██[38;2;8;8;0m██[38;2;82;79;68m████[38;2;0;4;0m██      ██[38;2;231;243;255m██[38;2;137;181;192m██[38;2;66;65;66m██[38;2;73;72;68m████[38;2;99;113;123m██[38;2;66;65;57m██[38;2;66;64;66m██[38;2;0;4;0m██      
      ██[38;2;107;178;222m████[38;2;66;65;66m████[38;2;189;211;222m██[38;2;0;4;0m██    ██[38;2;181;243;255m██[38;2;82;81;66m██[38;2;66;65;66m██[38;2;77;75;74m██[38;2;93;95;95m██[38;2;79;77;68m██[38;2;82;78;68m██[38;2;66;65;66m████████[38;2;181;243;255m██[38;2;110;180;225m████[38;2;0;4;0m██[38;2;82;78;68m████[38;2;0;4;0m██      ██[38;2;231;243;255m██[38;2;66;65;66m██[38;2;82;78;68m████[38;2;63;79;85m██[38;2;0;0;0m██[38;2;66;64;66m██[38;2;0;4;0m██      
      ██[38;2;107;178;222m████[38;2;66;65;66m████[38;2;189;211;222m██[38;2;0;4;0m██    ██[38;2;181;243;255m██[38;2;82;81;66m██[38;2;66;65;66m██[38;2;99;97;90m██[38;2;79;77;68m████[38;2;82;78;68m████[38;2;66;65;66m██████[38;2;181;243;255m██[38;2;110;180;225m████[38;2;0;4;0m██[38;2;82;78;68m██████[38;2;0;4;0m██    ██[38;2;231;243;255m██[38;2;66;65;66m██[38;2;82;78;68m██[38;2;66;65;66m██[38;2;189;239;255m████[38;2;0;4;0m██        
      ██[38;2;107;178;222m████[38;2;66;65;66m██[38;2;156;207;231m██[38;2;66;65;66m██[38;2;189;211;222m██[38;2;8;8;0m██[38;2;0;0;0m██[38;2;189;239;255m██[38;2;181;243;255m██[38;2;74;73;66m██[38;2;66;65;66m██[38;2;156;146;222m██[38;2;115;211;206m██[38;2;175;129;96m██[38;2;74;73;66m████[38;2;66;65;66m████[38;2;82;78;68m██[38;2;66;65;66m██[38;2;181;243;255m██[38;2;109;181;227m██[38;2;115;182;222m██[38;2;16;4;0m██[38;2;82;79;68m████[38;2;0;4;0m██    ██[38;2;222;247;255m██[38;2;148;167;175m██[38;2;66;65;66m████[38;2;186;243;255m████[38;2;0;4;0m██        
      ██[38;2;107;178;222m████[38;2;66;65;66m██[38;2;156;207;231m██[38;2;66;65;66m██[38;2;189;211;222m██[38;2;68;75;74m██[38;2;63;79;85m██[38;2;189;239;255m██[38;2;74;73;66m████[38;2;156;146;222m████[38;2;145;170;151m██[38;2;206;89;41m██[38;2;255;97;57m██[38;2;74;73;66m██[38;2;82;78;68m██[38;2;66;65;66m██[38;2;82;78;68m██[38;2;66;65;66m██[38;2;181;243;255m██[38;2;109;181;227m██[38;2;49;63;74m████[38;2;82;79;68m████[38;2;0;4;0m██      [38;2;0;8;16m██[38;2;222;247;255m██[38;2;107;178;222m██[38;2;66;65;66m██[38;2;186;243;255m████[38;2;0;4;0m██        
      ██[38;2;107;178;222m████[38;2;66;65;66m██[38;2;156;207;231m████[38;2;66;65;66m██[38;2;189;211;222m██[38;2;66;65;66m██[38;2;107;178;222m██[38;2;77;75;74m██[38;2;66;65;66m██[38;2;90;101;107m██[38;2;189;131;134m██[38;2;255;146;66m████[38;2;66;69;74m██[38;2;123;73;49m██[38;2;255;101;165m██[38;2;107;77;57m██[38;2;66;65;66m████[38;2;181;243;255m██[38;2;66;65;66m██[38;2;99;113;123m██[38;2;66;65;57m██[38;2;82;79;70m██[38;2;0;4;0m██        ██[38;2;231;243;255m██[38;2;107;178;222m██[38;2;66;65;66m██[38;2;181;243;255m██████[38;2;0;4;0m██      
      ██[38;2;107;178;222m████[38;2;66;65;66m██[38;2;156;207;231m██[38;2;66;65;66m████████[38;2;107;178;222m██[38;2;66;65;66m██[38;2;99;97;90m██[38;2;90;101;107m██[38;2;239;146;148m██[38;2;255;146;66m██[38;2;66;65;66m██[38;2;85;70;65m██[38;2;123;73;49m██[38;2;255;101;165m██[38;2;107;77;57m██[38;2;66;65;66m████[38;2;181;243;255m██[38;2;66;65;66m██[38;2;77;81;79m██[38;2;66;65;57m██[38;2;0;4;0m██    ████  ██[38;2;231;243;255m██[38;2;107;178;222m██[38;2;66;65;66m██[38;2;181;243;255m██[38;2;109;181;227m██[38;2;181;243;255m██[38;2;0;4;0m██      
        ██[38;2;107;178;222m████[38;2;66;65;66m██[38;2;156;207;231m██[38;2;74;69;66m██████[38;2;107;178;222m██[38;2;66;65;66m██[38;2;94;97;94m██[38;2;95;102;109m██[38;2;255;138;82m██[38;2;82;79;68m████[38;2;123;73;49m██[38;2;255;101;165m██████[38;2;82;69;57m████[38;2;66;65;57m██[38;2;99;113;123m██[38;2;82;78;68m██[38;2;66;65;66m██[38;2;0;4;0m██  ██[38;2;255;255;255m██[38;2;222;231;239m██[38;2;0;0;0m██[38;2;0;4;0m██[38;2;231;243;255m██[38;2;107;180;226m██[38;2;206;235;255m██[38;2;66;65;66m██[38;2;173;239;255m██[38;2;120;170;172m██[38;2;0;8;8m██      
        [38;2;0;4;0m██[38;2;66;65;66m██████[38;2;156;207;231m████[38;2;74;69;66m██████[38;2;94;97;94m████[38;2;95;102;109m████[38;2;82;79;68m██[38;2;123;73;49m██[38;2;255;101;165m██████[38;2;123;73;49m██[38;2;82;69;57m██[38;2;181;243;255m██[38;2;66;65;57m██[38;2;77;81;79m██[38;2;82;78;68m██[38;2;66;65;66m██[38;2;0;4;0m██    ██[38;2;74;77;79m██[38;2;222;231;239m██[38;2;0;4;0m██[38;2;231;243;255m██[38;2;107;180;226m██[38;2;206;235;255m██[38;2;66;65;66m██[38;2;137;181;192m██[38;2;181;251;255m██[38;2;0;8;8m██      
      [38;2;0;4;0m██[38;2;82;78;68m██[38;2;99;113;123m██[38;2;77;81;79m██[38;2;66;65;66m██[38;2;132;195;231m██[38;2;66;65;66m████[38;2;82;78;68m████[38;2;66;65;66m██[38;2;94;97;94m██[38;2;98;114;128m██[38;2;82;79;68m██████[38;2;123;77;49m██[38;2;85;71;60m██[38;2;57;60;74m████[38;2;90;130;165m██[38;2;66;65;66m██[38;2;82;79;68m████[38;2;71;68;66m██[38;2;0;4;0m██    ██[38;2;189;211;222m████[38;2;63;70;74m██[38;2;228;244;255m████[38;2;153;181;194m██[38;2;206;239;255m██[38;2;66;65;66m██[38;2;181;243;255m██[38;2;137;181;192m██[38;2;66;65;66m██[38;2;0;4;0m██    
    ██████[38;2;66;65;57m████[38;2;132;195;231m██[38;2;66;65;66m██[38;2;156;207;231m██[38;2;66;65;66m████[38;2;82;78;68m██[38;2;66;65;66m████[38;2;98;114;128m██[38;2;82;79;68m██████[38;2;66;69;66m████[38;2;173;207;231m██[38;2;115;133;152m██[38;2;66;65;66m██[38;2;82;108;132m██[38;2;82;79;68m████[38;2;71;68;66m████[38;2;0;4;0m██    ██[38;2;0;0;0m██[38;2;189;211;222m██[38;2;228;244;255m████[38;2;206;239;255m██[38;2;49;65;74m██[38;2;66;65;66m████[38;2;173;239;255m██[38;2;66;65;66m██[38;2;82;79;70m██[38;2;0;4;0m██  
          ██[38;2;107;178;222m████[38;2;66;65;66m██[38;2;156;208;228m████[38;2;156;207;231m██[38;2;66;65;66m██[38;2;82;78;68m██[38;2;66;65;66m██[38;2;82;78;68m████[38;2;66;65;66m████[38;2;98;115;127m████[38;2;173;207;231m██[38;2;115;133;152m██[38;2;73;72;68m████[38;2;82;79;68m████[38;2;82;78;68m████[38;2;0;4;0m██        ██[38;2;189;210;222m██[38;2;231;243;255m██[38;2;66;65;66m████[38;2;73;72;68m████[38;2;66;65;66m████[38;2;82;78;68m██[38;2;0;4;0m██  
            ██[38;2;107;178;222m██[38;2;66;65;66m██[38;2;156;208;228m████[38;2;156;207;231m██[38;2;66;65;66m██[38;2;82;78;68m████[38;2;66;65;66m████████[38;2;189;211;222m████[38;2;57;60;74m████[38;2;98;113;128m██[38;2;73;72;68m██[38;2;82;79;68m████[38;2;82;78;68m██[38;2;0;4;0m██          ██[38;2;189;210;222m████[38;2;66;65;66m██[38;2;206;235;255m██[38;2;73;72;68m██[38;2;98;113;128m██[38;2;82;78;68m██[38;2;66;65;66m██[38;2;0;4;0m██[38;2;82;78;68m██[38;2;0;4;0m██
            ██[38;2;107;178;222m████[38;2;66;65;66m██[38;2;156;207;231m██[38;2;156;208;228m████[38;2;66;65;66m██[38;2;82;78;68m██[38;2;82;79;68m██[38;2;98;114;128m██[38;2;66;65;66m████[38;2;82;78;68m████[38;2;73;72;68m██[38;2;98;113;128m██[38;2;82;79;68m████████[38;2;0;4;0m██          [38;2;0;0;0m██[38;2;206;227;239m██[38;2;189;211;222m██[38;2;66;65;66m██[38;2;198;223;239m██[38;2;66;65;66m██[38;2;74;69;66m████[38;2;77;74;68m██[38;2;0;4;0m██  ████
              ██[38;2;107;178;222m██[38;2;66;65;66m██[38;2;156;207;231m██[38;2;156;208;228m████[38;2;66;65;66m██[38;2;82;78;68m██[38;2;82;79;68m████[38;2;99;115;127m████[38;2;82;78;68m██[38;2;66;65;66m██[38;2;73;72;68m████[38;2;123;73;49m████[38;2;82;79;68m████[38;2;66;64;66m██[38;2;0;4;0m████  ████[38;2;206;227;239m██[38;2;68;75;79m██[38;2;189;211;222m██[38;2;66;65;66m████[38;2;198;223;239m██[38;2;74;69;66m██[38;2;107;178;222m██[38;2;77;74;68m████[38;2;0;4;0m██    
              ██[38;2;107;178;222m████[38;2;66;65;66m██[38;2;156;208;228m████[38;2;165;207;231m██[38;2;55;71;77m██[38;2;110;74;54m████[38;2;123;73;49m████[38;2;82;79;68m████[38;2;123;73;49m████[38;2;255;101;165m████[38;2;82;78;68m██[38;2;66;65;66m██[38;2;66;69;74m██[38;2;222;255;255m██[38;2;231;243;255m██[38;2;0;0;0m██[38;2;231;243;255m████[38;2;66;65;66m████[38;2;198;223;239m██[38;2;66;65;66m██[38;2;206;235;255m██[38;2;82;81;66m██[38;2;110;180;225m████[38;2;66;64;66m██[38;2;0;4;0m████    
                ██[38;2;107;178;222m██[38;2;66;65;66m██[38;2;156;208;228m████[38;2;0;4;0m██████[38;2;110;74;54m██[38;2;255;101;165m████[38;2;123;73;49m████[38;2;255;101;165m██████[38;2;123;73;49m██[38;2;82;78;68m██[38;2;66;65;66m██[38;2;170;193;194m██[38;2;66;69;74m██[38;2;77;81;85m██[38;2;231;243;255m████[38;2;66;65;66m██[38;2;206;235;255m████[38;2;66;65;66m██[38;2;198;223;239m██[38;2;206;235;255m██[38;2;82;81;66m██[38;2;110;180;225m████[38;2;0;4;0m██        
                ██[38;2;77;74;68m████[38;2;66;64;66m██[38;2;0;4;0m██      ██[38;2;123;77;57m████[38;2;112;73;55m████[38;2;123;73;49m████[38;2;129;72;71m██[38;2;66;60;33m██[38;2;66;65;66m████[38;2;156;207;231m████[38;2;170;193;194m██[38;2;222;255;255m██[38;2;66;65;66m██[38;2;206;235;255m██[38;2;208;236;255m████[38;2;206;235;255m██████[38;2;82;81;66m██[38;2;107;178;222m██[38;2;0;4;0m██          
                  ██[38;2;77;74;68m██[38;2;0;4;0m██  ██      [38;2;0;8;8m██[38;2;82;54;40m██[38;2;255;101;165m██[38;2;112;73;55m██[38;2;123;73;49m██[38;2;255;101;165m██[38;2;255;97;148m██[38;2;129;72;71m██[38;2;66;65;66m████[38;2;156;207;231m██[38;2;66;65;66m██[38;2;66;69;74m████[38;2;206;235;255m████[38;2;208;236;255m████[38;2;0;4;0m████[38;2;206;235;255m██[38;2;82;81;66m██[38;2;107;178;222m██[38;2;0;4;0m██          
                  ██[38;2;82;78;68m██[38;2;71;74;76m██[38;2;0;4;0m██[38;2;77;74;68m██[38;2;0;4;0m██████[38;2;66;65;66m████████[38;2;85;71;60m██[38;2;123;77;49m██[38;2;66;65;66m██████[38;2;82;78;68m██[38;2;66;65;66m████████████[38;2;206;235;255m██[38;2;0;4;0m██    ██[38;2;107;178;222m████[38;2;0;4;0m██          
                  ██[38;2;82;78;68m██[38;2;107;109;115m██[38;2;71;74;76m██[38;2;77;74;68m████[38;2;247;247;222m██████[38;2;66;65;66m██████[38;2;66;69;66m████[38;2;82;78;68m██[38;2;66;65;66m████[38;2;82;78;68m██[38;2;66;65;66m████████[38;2;82;78;68m██[38;2;66;65;66m██[38;2;0;4;0m██      ██[38;2;107;178;222m██[38;2;0;4;0m██            
                  ██[38;2;99;115;127m██[38;2;82;78;68m██[38;2;66;65;66m██[38;2;82;79;68m████[38;2;66;65;66m████[38;2;247;247;222m██[38;2;66;65;66m██████████[38;2;73;72;68m████[38;2;66;65;57m██[38;2;77;81;79m████[38;2;66;65;57m██[38;2;66;65;66m████[38;2;77;74;68m██[38;2;0;4;0m██        ██[38;2;107;178;222m██[38;2;0;4;0m██            
                    ██[38;2;82;78;68m██[38;2;66;65;66m██[38;2;98;114;128m████[38;2;82;78;68m████[38;2;66;65;66m████████████[38;2;73;72;68m██[38;2;98;113;128m██[38;2;66;65;57m██[38;2;99;113;123m████[38;2;66;65;57m██[38;2;66;65;66m██[38;2;99;115;127m██[38;2;77;74;68m████[38;2;0;4;0m██    ██[38;2;107;178;222m██[38;2;0;4;0m██              
                      ██[38;2;82;79;70m██[38;2;66;64;66m████[38;2;66;65;66m██[38;2;82;78;68m██[38;2;66;65;66m████[38;2;66;64;66m████[38;2;66;65;66m████[38;2;98;114;128m██[38;2;82;79;68m██[38;2;66;65;66m██[38;2;82;78;68m██████[38;2;66;65;66m████[38;2;107;117;132m██[38;2;57;62;66m██[38;2;66;64;66m██[38;2;0;4;0m██  ██[38;2;107;178;222m██[38;2;0;4;0m██              
                        ████[38;2;66;64;66m██[38;2;66;65;66m████████[38;2;0;4;0m████[38;2;107;178;222m██[38;2;66;65;66m██[38;2;82;79;68m████[38;2;82;78;68m██[38;2;66;65;66m██[38;2;82;78;68m██[38;2;66;65;66m██████[38;2;57;62;66m██[38;2;8;8;0m██[38;2;66;64;66m████[38;2;0;4;0m██  ██                
                            ████[38;2;66;64;66m████[38;2;0;4;0m██    ██[38;2;107;178;222m██[38;2;71;68;66m████[38;2;66;65;66m████████[38;2;66;64;66m████[38;2;0;4;0m██  ██[38;2;66;64;66m████[38;2;0;4;0m██                  
                                ██[38;2;66;64;66m██[38;2;0;4;0m██      ████[38;2;71;68;66m██[38;2;66;65;66m████████[38;2;66;64;66m██[38;2;0;4;0m██      ██[38;2;66;64;66m████[38;2;0;4;0m██                
                                ██[38;2;66;64;66m██[38;2;0;4;0m██          ██[38;2;77;74;68m████████[38;2;82;78;68m██[38;2;0;4;0m██        ██[38;2;66;64;66m████[38;2;0;4;0m██              
                                ██[38;2;66;64;66m██[38;2;0;4;0m██            ██[38;2;77;74;68m██[38;2;0;4;0m██[38;2;77;74;68m██[38;2;0;4;0m████          ██[38;2;66;64;66m██[38;2;0;4;0m██              
                                  ██                ██  ██  ██            ██[38;2;66;64;66m██[38;2;0;4;0m██            
                                                                            ██[38;2;66;64;66m██[38;2;0;4;0m██          
                                                                              [38;2;66;64;66m██[38;2;0;4;0m██          
                                                                              ██[38;2;66;64;66m██[38;2;0;4;0m██        
                                                                                ████        
[0m