      [38;2;0;0;0m██████                          
    ██[38;2;65;65;65m██[38;2;197;173;90m████[38;2;0;0;0m██████  ██████            
    ██[38;2;197;173;90m████[38;2;156;123;74m██[38;2;65;65;65m██[38;2;255;222;74m██[38;2;156;123;74m██[38;2;0;0;0m██[38;2;140;206;107m██████[38;2;0;0;0m████        
    ██[38;2;65;65;65m██████[38;2;255;222;74m██████[38;2;65;65;65m██[38;2;140;206;107m██████████[38;2;0;0;0m██      
    ██[38;2;197;173;90m██[38;2;255;222;74m██[38;2;156;123;74m██[38;2;255;222;74m████[38;2;197;173;90m██[38;2;65;65;65m██[38;2;140;206;107m██[38;2;65;65;65m████[38;2;140;206;107m██████[38;2;0;0;0m██    
  ██[38;2;197;173;90m██[38;2;255;222;74m██[38;2;197;173;90m██[38;2;255;222;74m██[38;2;156;123;74m██[38;2;197;173;90m██[38;2;65;65;65m██[38;2;140;206;107m██████████████[38;2;0;0;0m██    
  ██[38;2;65;65;65m██[38;2;255;222;74m██[38;2;197;173;90m██[38;2;255;222;74m██[38;2;65;65;65m██[38;2;255;222;74m██[38;2;65;65;65m██[38;2;140;206;107m████████████[38;2;255;222;74m████[38;2;0;0;0m██  
  ██[38;2;255;222;74m██[38;2;65;65;65m██████[38;2;255;222;74m████[38;2;197;173;90m██[38;2;65;65;65m██[38;2;140;206;107m██████████[38;2;255;222;74m████[38;2;0;0;0m██  
██[38;2;247;239;189m██████[38;2;255;222;74m██[38;2;132;115;90m██[38;2;0;0;0m██[38;2;214;214;214m██[38;2;197;173;90m██[38;2;65;65;65m██[38;2;255;222;74m██[38;2;140;206;107m████[38;2;255;222;74m████████[38;2;0;0;0m██  
██[38;2;247;239;189m████████[38;2;132;115;90m██[38;2;255;255;255m████[38;2;65;65;65m██[38;2;255;222;74m██████████[38;2;140;206;107m██[38;2;255;222;74m██[38;2;197;173;90m████[38;2;0;0;0m██
██[38;2;247;239;189m████████[38;2;206;197;132m██[38;2;132;115;90m████[38;2;197;173;90m██[38;2;156;123;74m██[38;2;255;222;74m██[38;2;140;206;107m████[38;2;255;222;74m████[38;2;197;173;90m██████[38;2;0;0;0m██
  ██[38;2;247;239;189m████[38;2;206;197;132m██[38;2;156;123;74m██[38;2;65;65;65m██[38;2;197;173;90m████████[38;2;255;222;74m████[38;2;197;173;90m██████[38;2;65;65;65m██[38;2;197;173;90m██[38;2;0;0;0m██
    ████[38;2;65;65;65m████[38;2;156;123;74m████[38;2;197;173;90m██████████████[38;2;206;197;132m██[38;2;65;65;65m██[38;2;197;173;90m██[38;2;0;0;0m██
        ██[38;2;156;123;74m████[38;2;206;197;132m██[38;2;156;123;74m████[38;2;197;173;90m██████[38;2;65;65;65m██[38;2;206;197;132m██[38;2;65;65;65m██[38;2;197;173;90m██[38;2;0;0;0m██  
        ██[38;2;65;65;65m██[38;2;156;123;74m██[38;2;65;65;65m██[38;2;206;197;132m████[38;2;65;65;65m██[38;2;197;173;90m██████[38;2;65;65;65m██[38;2;0;0;0m████    
          ██████████[38;2;197;173;90m████████[38;2;65;65;65m██        
                  [38;2;0;0;0m██[38;2;156;123;74m██[38;2;197;173;90m████[38;2;156;123;74m██[38;2;0;0;0m██        
                    ████████          
[0m