                    [38;2;0;0;0m██████      
                ████[38;2;90;189;106m██████[38;2;0;0;0m████  
              ██[38;2;90;189;106m████[38;2;82;148;98m██████[38;2;90;189;106m████[38;2;0;0;0m██
            ██[38;2;90;189;106m██[38;2;82;148;98m████[38;2;90;189;106m██████[38;2;0;0;0m████  
            ██[38;2;82;148;98m██[38;2;65;65;65m██████[38;2;0;0;0m████      
        ████[38;2;82;148;98m██[38;2;65;65;65m██[38;2;0;0;0m██████          
      ██[38;2;189;139;123m██[38;2;65;65;65m████[38;2;189;139;123m████[38;2;148;98;82m██[38;2;189;139;123m██[38;2;0;0;0m██        
    ██[38;2;189;139;123m██████████[38;2;148;98;82m██[38;2;189;139;123m████[38;2;172;115;98m██[38;2;0;0;0m██      
    ██[38;2;189;139;123m██████████[38;2;148;98;82m██[38;2;189;139;123m██████[38;2;0;0;0m██      
  ██[38;2;213;197;131m██[38;2;189;164;123m██[38;2;189;139;123m████[38;2;189;164;123m██[38;2;246;230;172m██████[38;2;189;139;123m████[38;2;172;115;98m██[38;2;0;0;0m██    
  ██[38;2;213;197;131m██[38;2;246;230;172m██████████[38;2;65;65;65m████[38;2;246;230;172m██[38;2;172;115;98m████[38;2;0;0;0m██    
  ██[38;2;65;65;65m██[38;2;189;164;123m██[38;2;246;230;172m████[38;2;189;164;123m██[38;2;65;65;65m██[38;2;255;255;255m██[38;2;189;164;123m██[38;2;213;197;131m██[38;2;172;115;98m████[38;2;0;0;0m██    
██[38;2;246;230;172m████[38;2;213;197;131m████[38;2;246;230;172m██[38;2;0;0;0m████[38;2;255;255;255m██[38;2;189;164;123m██[38;2;213;197;131m██[38;2;172;115;98m██[38;2;65;65;65m██[38;2;0;0;0m████  
  ████[38;2;65;65;65m██[38;2;172;115;98m██[38;2;213;197;131m██████████[38;2;172;115;98m██[38;2;65;65;65m██[38;2;148;98;82m██[38;2;189;139;123m██[38;2;148;98;82m██[38;2;0;0;0m██
        ██[38;2;172;115;98m████[38;2;213;197;131m████[38;2;172;115;98m██[38;2;65;65;65m████[38;2;189;139;123m██████[38;2;0;0;0m██
          ██[38;2;65;65;65m██████[38;2;189;139;123m████[38;2;148;98;82m██[38;2;65;65;65m██[38;2;189;139;123m██[38;2;148;98;82m██[38;2;0;0;0m██
        ██[38;2;189;164;123m██[38;2;148;98;82m██[38;2;189;139;123m████[38;2;148;98;82m████[38;2;189;139;123m████[38;2;0;0;0m████  
      ██[38;2;156;131;90m██[38;2;189;164;123m████[38;2;148;98;82m████[38;2;213;197;131m████[38;2;148;98;82m██[38;2;0;0;0m██      
      ██[38;2;189;164;123m██[38;2;156;131;90m████[38;2;65;65;65m██[38;2;189;164;123m██[38;2;246;230;172m██████[38;2;189;164;123m██[38;2;0;0;0m██    
        ██[38;2;189;164;123m████[38;2;65;65;65m██[38;2;213;197;131m██[38;2;189;164;123m██████[38;2;213;197;131m██[38;2;0;0;0m██    
      ██[38;2;172;115;98m██[38;2;148;98;82m██[38;2;0;0;0m████[38;2;65;65;65m██[38;2;213;197;131m████[38;2;148;98;82m██[38;2;0;0;0m██      
        ████    [38;2;65;65;65m██[38;2;0;0;0m████[38;2;172;115;98m████[38;2;0;0;0m██    
                      ████      
[0m