                                  [38;2;0;0;0m██        
                                ██[38;2;115;197;255m██[38;2;0;0;0m██      
                            ██  ██[38;2;115;197;255m██[38;2;0;0;0m██  ████
                          ██[38;2;115;197;255m██[38;2;0;0;0m██[38;2;115;197;255m████[38;2;65;65;65m██[38;2;0;0;0m██[38;2;115;197;255m██[38;2;0;0;0m██
          ██              ██[38;2;115;197;255m██[38;2;65;65;65m██[38;2;115;197;255m████[38;2;65;65;65m██[38;2;115;197;255m██[38;2;99;165;156m██[38;2;0;0;0m██
        ██[38;2;99;165;156m██[38;2;0;0;0m██          ██[38;2;65;65;65m██[38;2;115;197;255m████[38;2;99;165;156m██[38;2;115;197;255m██[38;2;99;165;156m██[38;2;115;197;255m██[38;2;0;0;0m██  
      ██[38;2;66;123;115m██[38;2;99;165;156m██[38;2;0;0;0m██      ████[38;2;255;255;255m██[38;2;156;222;255m██[38;2;115;197;255m████████████[38;2;0;0;0m██  
      ██[38;2;99;165;156m██[38;2;66;123;115m██[38;2;0;0;0m██    ██[38;2;115;197;255m██[38;2;65;65;65m██[38;2;255;255;255m██[38;2;115;197;255m██████[38;2;156;222;255m██[38;2;255;255;255m████[38;2;156;222;255m██[38;2;99;165;156m██[38;2;0;0;0m██
    ██[38;2;156;222;255m██[38;2;255;255;255m██[38;2;115;197;255m████[38;2;0;0;0m████[38;2;115;197;255m████[38;2;65;65;65m██[38;2;156;222;255m██[38;2;115;197;255m████[38;2;156;222;255m██[38;2;255;255;255m████████[38;2;156;222;255m██[38;2;0;0;0m██
  ██[38;2;189;189;189m██[38;2;255;255;255m██[38;2;156;222;255m██[38;2;115;197;255m████[38;2;255;255;255m████[38;2;115;197;255m████[38;2;65;65;65m██[38;2;115;197;255m██████[38;2;255;255;255m████████████[38;2;0;0;0m██
  [38;2;255;255;255m██[38;2;132;132;115m██[38;2;255;255;255m██[38;2;115;197;255m██[38;2;255;255;255m████████[38;2;115;197;255m██[38;2;255;255;255m██[38;2;65;65;65m██[38;2;115;197;255m████[38;2;156;222;255m██[38;2;255;255;255m████[38;2;132;132;115m████[38;2;255;255;255m██[38;2;189;189;189m██[38;2;0;0;0m██
██[38;2;65;65;65m██[38;2;255;255;255m████████[38;2;132;132;115m██[38;2;189;189;189m██[38;2;255;255;255m██████[38;2;189;189;189m██[38;2;65;65;65m██[38;2;115;197;255m██[38;2;255;255;255m████[38;2;132;132;115m██[38;2;189;189;189m██████[38;2;0;0;0m██  
██[38;2;255;255;255m████████[38;2;189;189;189m██[38;2;255;255;255m██[38;2;0;0;0m██[38;2;255;255;255m████████[38;2;65;65;65m██[38;2;115;197;255m██[38;2;255;255;255m████[38;2;65;65;65m██[38;2;189;189;189m████[38;2;0;0;0m██    
██[38;2;255;255;255m██[38;2;189;189;189m██[38;2;255;255;255m██████[38;2;0;0;0m██[38;2;132;132;115m██[38;2;255;255;255m██[38;2;247;214;49m████[38;2;189;189;189m██[38;2;65;65;65m██[38;2;115;197;255m██[38;2;255;255;255m████[38;2;65;65;65m██[38;2;0;0;0m████      
  ██[38;2;255;255;255m██[38;2;181;99;115m████[38;2;255;255;255m██████[38;2;247;214;49m██[38;2;214;173;0m████[38;2;65;65;65m██[38;2;115;197;255m██[38;2;156;222;255m██[38;2;255;255;255m████[38;2;0;0;0m██          
    ██[38;2;65;65;65m██[38;2;222;123;132m██[38;2;189;189;189m██████[38;2;214;173;0m████[38;2;65;65;65m██[38;2;99;165;156m██[38;2;115;197;255m██[38;2;255;255;255m████[38;2;189;189;189m██[38;2;0;0;0m██          
      ██[38;2;132;132;115m██[38;2;189;189;189m██[38;2;65;65;65m████[38;2;189;189;189m██[38;2;65;65;65m██[38;2;189;189;189m██[38;2;99;165;156m████[38;2;189;189;189m████[38;2;0;0;0m██            
    ██[38;2;255;255;255m██[38;2;65;65;65m████[38;2;255;255;255m████[38;2;132;132;115m██[38;2;65;65;65m██[38;2;99;165;156m████[38;2;189;189;189m██████[38;2;0;0;0m██            
    ██[38;2;132;132;115m██[38;2;189;189;189m██[38;2;65;65;65m████[38;2;255;255;255m████[38;2;132;132;115m██[38;2;65;65;65m██[38;2;189;189;189m██████[38;2;0;0;0m██              
      ██[38;2;132;132;115m██[38;2;255;255;255m██████████[38;2;65;65;65m██[38;2;189;189;189m██[38;2;0;0;0m████                
      ██[38;2;189;189;189m██[38;2;132;132;115m██[38;2;255;255;255m████████[38;2;0;0;0m████                    
        ██████[38;2;255;255;255m████[38;2;0;0;0m██                        
              ████                          
[0m