            [38;2;0;0;0m██████                          
          ██[38;2;99;148;247m██████[38;2;0;0;0m██                        
        ██[38;2;58;99;148m██[38;2;255;255;255m██[38;2;99;148;247m██████[38;2;0;0;0m██  ██████              
        ██[38;2;189;189;189m██[38;2;65;65;65m██[38;2;255;255;255m██[38;2;58;99;148m████[38;2;0;0;0m████[38;2;99;148;247m██████[38;2;0;0;0m████          
        ██[38;2;189;189;189m██[38;2;0;0;0m██[38;2;99;148;247m██████████[38;2;255;255;255m████[38;2;99;148;247m████[38;2;58;99;148m██[38;2;0;0;0m██        
          [38;2;65;65;65m██[38;2;99;148;247m██[38;2;58;99;148m██[38;2;99;148;247m██████[38;2;255;255;255m██[38;2;132;132;115m██[38;2;0;0;0m██[38;2;255;255;255m██[38;2;99;148;247m████[38;2;0;0;0m██        
        ██[38;2;99;148;247m██[38;2;255;255;255m██████[38;2;58;99;148m██[38;2;99;148;247m██[38;2;255;255;255m██[38;2;0;0;0m████[38;2;255;255;255m██[38;2;99;148;247m████[38;2;0;0;0m██        
    ████[38;2;99;148;247m██[38;2;255;255;255m██[38;2;132;132;115m██████[38;2;255;255;255m████[38;2;82;123;181m██[38;2;255;255;255m████[38;2;99;148;247m████[38;2;0;0;0m██          
  ██[38;2;189;189;189m██[38;2;65;65;65m██[38;2;255;255;255m██[38;2;132;132;115m██[38;2;189;189;189m██[38;2;255;255;255m████[38;2;132;132;115m████[38;2;255;255;255m██[38;2;82;123;181m██[38;2;99;148;247m██████[38;2;0;0;0m██          
██[38;2;189;189;189m████[38;2;65;65;65m██[38;2;132;132;115m██[38;2;189;189;189m██[38;2;255;255;255m██[38;2;132;132;115m████[38;2;255;255;255m██[38;2;189;189;189m██[38;2;132;132;115m██[38;2;255;255;255m██[38;2;82;123;181m██[38;2;99;148;247m██████[38;2;0;0;0m██        
██[38;2;65;65;65m██[38;2;189;189;189m██[38;2;0;0;0m██[38;2;132;132;115m██[38;2;255;255;255m██[38;2;132;132;115m██[38;2;189;189;189m██[38;2;255;255;255m██[38;2;132;132;115m██[38;2;255;255;255m██[38;2;132;132;115m██[38;2;255;255;255m██[38;2;82;123;181m██[38;2;65;65;65m██[38;2;99;148;247m████[38;2;0;0;0m██        
  ████  ██[38;2;255;255;255m██[38;2;132;132;115m██[38;2;255;255;255m██████[38;2;132;132;115m██[38;2;255;255;255m██[38;2;132;132;115m██[38;2;189;189;189m██[38;2;82;123;181m██[38;2;65;65;65m██[38;2;99;148;247m████[38;2;0;0;0m██      
      ██[38;2;65;65;65m██[38;2;189;189;189m████[38;2;65;65;65m██[38;2;189;189;189m████[38;2;65;65;65m██[38;2;189;189;189m██[38;2;65;65;65m██[38;2;189;189;189m██[38;2;82;123;181m██[38;2;65;65;65m██[38;2;99;148;247m██[38;2;255;255;255m████[38;2;0;0;0m██    
    ██[38;2;82;123;181m██[38;2;58;99;148m██[38;2;65;65;65m██[38;2;189;189;189m██████[38;2;65;65;65m██[38;2;189;189;189m██[38;2;65;65;65m██[38;2;189;189;189m██[38;2;82;123;181m████[38;2;65;65;65m██[38;2;255;255;255m████████[38;2;0;0;0m██  
    ██[38;2;58;99;148m██████[38;2;0;0;0m████[38;2;65;65;65m██[38;2;189;189;189m██[38;2;65;65;65m██[38;2;189;189;189m██[38;2;82;123;181m████[38;2;65;65;65m██[38;2;0;0;0m██[38;2;255;255;255m██████████[38;2;0;0;0m██
      ██████    ████[38;2;65;65;65m██[38;2;82;123;181m████[38;2;65;65;65m██[38;2;0;0;0m██  ██[38;2;255;255;255m██[38;2;65;65;65m██[38;2;255;255;255m██[38;2;189;189;189m██[38;2;0;0;0m██
                  ██[38;2;82;123;181m████████[38;2;0;0;0m██  ██[38;2;65;65;65m██[38;2;189;189;189m████[38;2;0;0;0m██  
                  ██[38;2;65;65;65m██[38;2;99;148;247m██[38;2;82;123;181m██[38;2;65;65;65m██[38;2;0;0;0m██    ██████    
                    ████████                
[0m