            [38;2;0;0;0m██                                    
          ██[38;2;90;90;90m██[38;2;0;0;0m██                                  
          ██[38;2;148;106;90m██[38;2;90;90;90m██[38;2;0;0;0m██  ██  ██            ████        
          ██[38;2;148;106;90m██[38;2;90;90;90m██[38;2;0;0;0m████[38;2;115;115;115m██[38;2;0;0;0m██[38;2;115;115;115m██[38;2;0;0;0m██          ██[38;2;238;222;189m██[38;2;0;0;0m██      
  ████      ██[38;2;90;90;90m██[38;2;115;115;115m██████████[38;2;0;0;0m████  ████    ██[38;2;238;222;189m██[38;2;0;0;0m██    
  ██[38;2;238;222;189m██[38;2;0;0;0m██  ██[38;2;115;115;115m██████████[38;2;90;90;90m██[38;2;115;115;115m████[38;2;74;74;74m██[38;2;0;0;0m██[38;2;115;115;115m████[38;2;0;0;0m██    ██[38;2;238;222;189m██[38;2;0;0;0m██  
██[38;2;74;74;74m██[38;2;148;106;90m██[38;2;238;222;189m██[38;2;0;0;0m██[38;2;238;222;189m████[38;2;115;115;115m████[38;2;0;0;0m██[38;2;74;74;74m██[38;2;255;255;255m██[38;2;115;115;115m██[38;2;74;74;74m██[38;2;115;115;115m██████[38;2;0;0;0m██      ██[38;2;189;164;131m██[38;2;0;0;0m██  
██[38;2;189;164;131m████[38;2;238;222;189m██████[38;2;189;164;131m██[38;2;115;115;115m██[38;2;0;0;0m██[38;2;255;255;255m██[38;2;189;74;74m██[38;2;255;255;255m██[38;2;74;74;74m██████[38;2;148;106;90m████[38;2;115;115;115m██[38;2;0;0;0m██    ██[38;2;238;222;189m████[38;2;0;0;0m██
  ██[38;2;238;222;189m██[38;2;74;74;74m████[38;2;115;115;115m██[38;2;238;222;189m██[38;2;74;74;74m██[38;2;238;222;189m██[38;2;90;90;90m██[38;2;74;74;74m████[38;2;238;222;189m██████[38;2;74;74;74m██[38;2;148;106;90m██[38;2;0;0;0m██        ██[38;2;189;164;131m██[38;2;0;0;0m██
██[38;2;238;222;189m████[38;2;115;115;115m██[38;2;255;255;255m██[38;2;74;74;74m██[38;2;238;222;189m██████[38;2;189;164;131m██[38;2;238;222;189m██████[38;2;74;74;74m████[38;2;148;106;90m██[38;2;115;115;115m████[38;2;0;0;0m██      ██[38;2;238;222;189m██[38;2;0;0;0m██
██[38;2;238;222;189m████[38;2;115;115;115m██[38;2;255;255;255m██[38;2;74;74;74m██[38;2;238;222;189m████████[38;2;74;74;74m████████[38;2;148;106;90m████[38;2;74;74;74m██[38;2;0;0;0m██        ██[38;2;189;164;131m██[38;2;0;0;0m██
██[38;2;238;222;189m████[38;2;115;115;115m████[38;2;74;74;74m██[38;2;238;222;189m████████[38;2;189;164;131m██[38;2;238;222;189m████[38;2;74;74;74m██████[38;2;90;90;90m████[38;2;0;0;0m██    ██[38;2;238;222;189m████[38;2;0;0;0m██
  ██[38;2;238;222;189m██[38;2;115;115;115m██[38;2;255;255;255m██[38;2;74;74;74m██[38;2;238;222;189m██████████[38;2;74;74;74m████[38;2;90;90;90m██████████[38;2;0;0;0m██    ██[38;2;148;106;90m████[38;2;0;0;0m██
    ██[38;2;189;164;131m██[38;2;115;115;115m██[38;2;238;222;189m██████████[38;2;189;164;131m██[38;2;90;90;90m██[38;2;74;74;74m██[38;2;90;90;90m████████████[38;2;0;0;0m████[38;2;189;164;131m████[38;2;0;0;0m██  
  ██[38;2;189;164;131m██[38;2;0;0;0m██[38;2;189;164;131m████[38;2;74;74;74m██[38;2;189;164;131m██████[38;2;90;90;90m██[38;2;74;74;74m██[38;2;238;222;189m██[38;2;74;74;74m██[38;2;90;90;90m████████[38;2;74;74;74m██[38;2;148;106;90m████████[38;2;0;0;0m██  
  ██████[38;2;189;164;131m██[38;2;0;0;0m██[38;2;189;164;131m██[38;2;0;0;0m██[38;2;90;90;90m████[38;2;74;74;74m██[38;2;238;222;189m██[38;2;189;164;131m████[38;2;74;74;74m██[38;2;90;90;90m████████[38;2;74;74;74m██[38;2;189;164;131m████[38;2;0;0;0m██    
        ██  ████[38;2;148;106;90m████[38;2;74;74;74m██████[38;2;238;222;189m██[38;2;74;74;74m██[38;2;90;90;90m██████[38;2;74;74;74m██[38;2;90;90;90m██[38;2;0;0;0m████      
            ██[38;2;148;106;90m██[38;2;74;74;74m██[38;2;148;106;90m████████[38;2;74;74;74m████[38;2;90;90;90m██████[38;2;0;0;0m████          
              ██████[38;2;148;106;90m████████[38;2;90;90;90m████[38;2;74;74;74m██[38;2;0;0;0m██              
                    ██████[38;2;74;74;74m██████[38;2;148;106;90m██[38;2;0;0;0m██              
                        ██[38;2;189;164;131m██[38;2;74;74;74m██[38;2;189;164;131m██[38;2;0;0;0m██                
                          ██████                  
[0m