                                [38;2;0;0;0m██████████                                
                            ████[38;2;255;231;57m██████████[38;2;0;0;0m████                            
    ████                ████[38;2;255;231;57m██████[38;2;66;65;66m██████[38;2;255;182;66m██[38;2;255;231;57m████[38;2;0;0;0m████                        
  ██[38;2;255;231;57m████[38;2;0;0;0m████          ██[38;2;255;231;57m██████[38;2;66;65;66m████[38;2;255;134;66m████[38;2;255;182;66m██[38;2;66;65;66m████[38;2;255;231;57m██████[38;2;0;0;0m██                      
██[38;2;255;230;60m████████[38;2;255;231;57m██[38;2;0;0;0m██      ██[38;2;255;231;57m████[38;2;66;65;66m████[38;2;255;135;63m████[38;2;255;134;66m██████████[38;2;66;65;66m████[38;2;255;182;66m██[38;2;255;231;57m██[38;2;0;0;0m██                    
██[38;2;255;230;60m████████[38;2;255;231;57m██[38;2;0;0;0m██    ██[38;2;255;231;57m████[38;2;66;65;66m██[38;2;255;134;66m████[38;2;255;135;63m████[38;2;66;65;66m██████[38;2;255;134;66m██████[38;2;255;182;66m██[38;2;66;65;66m██[38;2;255;231;57m██[38;2;0;0;0m██                    
██[38;2;255;231;57m████[38;2;247;158;24m██[38;2;255;231;57m██[38;2;255;230;60m████[38;2;0;0;0m██  ██[38;2;255;231;57m██[38;2;66;65;66m██[38;2;255;134;66m██████[38;2;66;65;66m████[38;2;115;107;82m██████[38;2;66;65;66m██[38;2;66;69;74m██[38;2;255;142;66m██[38;2;255;134;66m██[38;2;66;65;66m██[38;2;255;231;57m████[38;2;0;0;0m██                  
  ██[38;2;255;231;57m██[38;2;247;158;24m████[38;2;255;230;60m████[38;2;0;0;0m████[38;2;255;231;57m████[38;2;66;65;66m██[38;2;255;134;66m████[38;2;66;65;66m██[38;2;255;231;57m██[38;2;66;65;66m██[38;2;115;107;82m████████[38;2;129;93;71m██[38;2;66;69;74m██[38;2;255;134;66m████[38;2;66;65;66m██[38;2;255;231;57m██[38;2;0;0;0m██                  
  ██[38;2;255;231;57m████[38;2;247;158;24m██[38;2;255;195;41m██[38;2;0;0;0m██  ██[38;2;255;231;57m██[38;2;66;65;66m██[38;2;255;135;63m████[38;2;66;65;66m██[38;2;255;231;57m████[38;2;66;65;66m██[38;2;115;107;82m████████[38;2;129;115;71m██[38;2;66;60;74m██[38;2;255;134;66m████[38;2;66;65;66m██[38;2;255;182;66m██[38;2;255;231;57m██[38;2;0;0;0m██                
    ██[38;2;255;231;57m████[38;2;255;195;41m██[38;2;0;0;0m██  ██[38;2;255;231;57m██[38;2;66;65;66m██[38;2;255;135;63m████[38;2;66;65;66m██████[38;2;255;231;57m██[38;2;66;65;66m██[38;2;115;107;82m████[38;2;66;65;66m██[38;2;66;60;74m██[38;2;255;227;66m██[38;2;66;65;66m██[38;2;255;134;66m██[38;2;255;182;66m██[38;2;66;65;66m██[38;2;255;231;57m██[38;2;0;0;0m██                
      ██[38;2;255;231;57m██████[38;2;0;0;16m██[38;2;127;113;45m██[38;2;255;231;57m██[38;2;66;65;66m██[38;2;255;134;66m██[38;2;66;65;66m██[38;2;115;107;82m████[38;2;129;93;71m██[38;2;66;69;74m██[38;2;66;65;66m████[38;2;255;231;57m████████[38;2;66;65;66m██[38;2;255;134;66m████[38;2;66;65;66m██[38;2;255;231;57m██[38;2;0;0;0m██                
        ████[38;2;255;231;57m██[38;2;255;227;74m████[38;2;255;231;57m██[38;2;66;65;66m██[38;2;255;134;66m██[38;2;66;65;66m██[38;2;115;107;82m████[38;2;66;69;74m██[38;2;255;142;66m██[38;2;255;134;66m██[38;2;66;65;66m████████[38;2;255;231;57m██[38;2;66;65;66m██[38;2;255;134;66m████[38;2;66;65;66m██[38;2;255;231;57m██[38;2;0;0;0m██                
            ████[38;2;115;107;82m██[38;2;255;231;57m██[38;2;66;65;66m██[38;2;255;134;66m████[38;2;66;65;66m████[38;2;255;134;66m████[38;2;222;93;57m██[38;2;66;65;66m██[38;2;115;107;82m██████[38;2;66;65;66m████[38;2;255;134;66m██[38;2;255;182;66m██[38;2;66;65;66m██[38;2;255;230;60m████[38;2;0;0;0m████            
                ██[38;2;255;231;57m████[38;2;66;65;66m██[38;2;255;134;66m██[38;2;66;65;66m██[38;2;115;107;82m██[38;2;66;65;66m████████[38;2;115;107;82m████████[38;2;66;65;66m██[38;2;255;134;66m██[38;2;66;65;66m██[38;2;255;182;66m██[38;2;255;230;60m████[38;2;255;231;57m████[38;2;0;0;0m████        
                  ██[38;2;255;231;57m██[38;2;66;65;66m██[38;2;255;182;66m██[38;2;255;134;66m██[38;2;66;65;66m██[38;2;129;115;71m██[38;2;66;60;74m██[38;2;255;230;60m████[38;2;66;65;66m██[38;2;115;107;82m██[38;2;129;93;71m██[38;2;66;69;74m██[38;2;255;134;66m████[38;2;66;65;66m██[38;2;255;231;57m██[38;2;115;107;82m██[38;2;0;0;0m████[38;2;255;231;57m██[38;2;255;230;60m████[38;2;0;0;0m██      
                  ██[38;2;255;231;57m██[38;2;255;182;66m██[38;2;66;65;66m██[38;2;255;134;66m████[38;2;66;60;74m██[38;2;255;227;66m██[38;2;255;230;60m████[38;2;66;65;66m████[38;2;66;69;74m██[38;2;255;142;66m██[38;2;255;134;66m██[38;2;66;65;66m██[38;2;255;231;57m████[38;2;0;0;0m██    ██[38;2;255;230;60m████[38;2;255;231;57m██[38;2;0;0;0m██    
                    ██[38;2;255;231;57m████[38;2;66;65;66m██[38;2;255;182;66m██[38;2;255;134;66m████[38;2;66;65;66m████[38;2;219;92;57m██[38;2;255;134;66m██████[38;2;66;65;66m██[38;2;255;231;57m████[38;2;0;0;0m██      ██[38;2;247;158;24m████[38;2;255;231;57m████[38;2;0;0;0m██  
                      ██[38;2;255;231;57m██[38;2;255;182;66m██[38;2;66;65;66m████[38;2;255;134;66m██████████[38;2;66;65;66m████[38;2;255;231;57m████[38;2;0;0;0m██      ██[38;2;255;231;57m████[38;2;247;158;24m████[38;2;255;231;57m██[38;2;0;0;0m██  
                        ██[38;2;255;231;57m██████[38;2;66;65;66m██[38;2;255;134;66m██[38;2;219;92;57m██[38;2;66;65;66m████[38;2;255;230;60m████[38;2;255;231;57m██[38;2;0;0;0m██        ██[38;2;255;231;57m██[38;2;255;230;60m████[38;2;247;158;24m██[38;2;255;231;57m████[38;2;0;0;0m██
                      ██[38;2;255;231;57m████[38;2;66;65;66m██████[38;2;255;134;66m██[38;2;219;92;57m██[38;2;66;65;66m██[38;2;255;231;57m██[38;2;255;230;60m████[38;2;255;231;57m██[38;2;0;0;0m██          ██[38;2;255;230;60m████[38;2;255;231;57m██████[38;2;0;0;0m██
                    ██[38;2;255;231;57m████[38;2;132;56;24m██[38;2;173;121;93m██[38;2;255;134;66m██[38;2;219;92;57m██[38;2;255;134;66m██[38;2;219;92;57m██[38;2;194;106;60m██[38;2;74;60;66m██[38;2;66;65;66m████[38;2;255;231;57m████[38;2;0;0;0m██        ██[38;2;255;231;57m████[38;2;255;230;60m████[38;2;255;231;57m██[38;2;0;0;0m██
                    ██[38;2;255;231;57m██[38;2;66;65;66m██[38;2;255;251;231m██[38;2;173;121;93m██[38;2;255;134;66m████████[38;2;255;130;57m████[38;2;255;125;57m██[38;2;192;105;60m██[38;2;66;65;66m██[38;2;255;231;57m████[38;2;0;0;0m██        ████[38;2;255;230;60m████[38;2;0;0;0m██  
                  ██[38;2;255;231;57m████[38;2;66;65;66m██[38;2;225;198;189m██[38;2;214;93;57m██[38;2;255;135;63m████[38;2;231;105;57m████[38;2;255;251;255m██[38;2;251;200;139m██[38;2;255;134;66m████[38;2;222;93;57m██[38;2;66;65;66m██[38;2;255;231;57m██[38;2;0;0;0m██            ████    
                  ██[38;2;255;231;57m████[38;2;66;65;66m██[38;2;231;251;255m██[38;2;214;93;57m██[38;2;255;135;63m████[38;2;231;105;57m██[38;2;255;255;255m██[38;2;247;150;24m██[38;2;255;251;255m██[38;2;219;92;57m██[38;2;255;134;66m██[38;2;222;93;57m██[38;2;66;65;66m██[38;2;255;231;57m████[38;2;0;0;0m██                  
                    ██[38;2;255;231;57m██[38;2;66;65;66m██[38;2;255;243;231m██[38;2;167;110;87m██[38;2;255;134;66m██[38;2;219;92;57m██[38;2;233;210;178m██[38;2;239;154;24m██[38;2;231;121;41m██[38;2;231;205;183m██[38;2;220;93;57m████[38;2;222;93;57m██[38;2;66;65;66m██[38;2;255;230;60m████[38;2;0;0;0m██                  
                    ██[38;2;255;231;57m████[38;2;123;44;16m██[38;2;167;110;87m██[38;2;219;92;57m████[38;2;231;239;255m██[38;2;239;154;24m██[38;2;231;247;255m██[38;2;231;121;41m██[38;2;220;93;57m████[38;2;222;93;57m██[38;2;66;65;66m██[38;2;255;230;60m████[38;2;0;0;0m██                  
                      ██[38;2;255;231;57m████[38;2;66;65;66m██[38;2;222;93;57m████[38;2;238;176;148m██[38;2;255;255;247m██[38;2;222;93;57m████████[38;2;66;65;66m██[38;2;255;231;57m████[38;2;0;0;0m██                    
                        ██[38;2;255;231;57m████[38;2;66;65;66m████[38;2;222;97;49m████[38;2;222;93;57m██[38;2;66;65;66m██████[38;2;255;231;57m████[38;2;0;0;0m██                      
                          ██[38;2;115;107;82m██[38;2;255;231;57m██[38;2;66;65;66m██[38;2;222;93;57m████[38;2;66;65;66m██[38;2;255;231;57m██████[38;2;0;0;0m████                        
                            ██[38;2;255;231;57m████[38;2;66;65;66m████[38;2;255;231;57m████[38;2;0;0;0m████                            
                              ██[38;2;255;231;57m████████[38;2;0;0;0m██                                
                                ████████                                  
[0m