                        [38;2;0;0;0m██████████                          
                    ████[38;2;132;223;49m██████████[38;2;0;0;0m████                      
                  ██[38;2;132;223;49m██████[38;2;66;65;66m████[38;2;57;77;66m██[38;2;173;147;60m██[38;2;132;223;49m████[38;2;0;0;0m██                    
                ██[38;2;132;223;49m████[38;2;66;65;66m████[38;2;255;134;66m████[38;2;231;182;57m██[38;2;57;77;66m██[38;2;66;65;66m██[38;2;132;223;49m████[38;2;0;0;0m██                  
                ██[38;2;132;223;49m██[38;2;66;65;66m██[38;2;255;134;66m████[38;2;255;135;63m████[38;2;255;134;66m████[38;2;222;93;57m██[38;2;66;65;66m██[38;2;132;223;49m████[38;2;0;0;0m██                
                ██[38;2;132;223;49m██[38;2;66;65;66m██[38;2;219;92;57m████[38;2;255;135;63m████[38;2;255;134;66m██[38;2;219;92;57m██[38;2;222;93;57m████[38;2;66;65;66m██[38;2;132;223;49m██[38;2;0;0;0m██                
                ██[38;2;110;170;54m██[38;2;132;223;49m██[38;2;66;65;66m████[38;2;194;100;60m████[38;2;222;93;57m████████[38;2;66;65;66m██[38;2;132;223;49m██[38;2;88;156;32m██[38;2;0;8;0m██[38;2;0;0;0m██            
                ██[38;2;66;65;66m██[38;2;132;223;49m██████[38;2;74;60;66m██[38;2;255;121;57m██[38;2;66;65;66m████████[38;2;132;223;49m████[38;2;132;231;49m████[38;2;132;223;49m██[38;2;0;0;0m████        
              ██[38;2;132;223;49m██████[38;2;66;65;66m████[38;2;74;60;66m██[38;2;255;130;57m██[38;2;66;65;66m██[38;2;222;93;57m████[38;2;66;65;66m██████████[38;2;132;223;49m████[38;2;132;223;57m██[38;2;8;0;24m██[38;2;0;0;0m██    
            ██[38;2;132;223;49m████[38;2;66;65;66m████[38;2;222;93;57m██[38;2;66;65;66m██[38;2;194;106;60m██[38;2;255;130;57m██[38;2;66;65;66m██████[38;2;222;93;57m██[38;2;255;134;66m████████[38;2;66;65;66m████[38;2;49;74;35m██[38;2;132;223;57m██[38;2;132;223;49m██[38;2;0;0;0m██  
      ████[38;2;0;8;0m██[38;2;88;156;32m██[38;2;132;223;49m██[38;2;66;65;66m██[38;2;222;93;57m████[38;2;109;81;71m██[38;2;57;73;74m██[38;2;255;135;63m████[38;2;57;73;74m██[38;2;109;81;71m██[38;2;99;99;99m██[38;2;66;65;66m██████████[38;2;255;134;66m██████[38;2;66;65;66m██[38;2;132;223;49m████[38;2;0;0;0m██
    ██[38;2;132;223;49m████[38;2;132;231;49m████[38;2;132;223;49m██[38;2;66;65;66m██[38;2;222;93;57m██[38;2;99;97;99m██[38;2;57;73;74m██[38;2;214;97;66m██[38;2;255;135;63m████[38;2;214;97;66m██[38;2;57;73;74m██[38;2;99;99;99m████████████[38;2;66;65;66m████[38;2;255;134;66m████[38;2;66;65;66m██[38;2;132;223;49m██[38;2;0;0;0m██
  ██[38;2;132;223;49m████[38;2;66;65;66m██████[38;2;173;147;60m██[38;2;57;77;66m██[38;2;66;65;66m████[38;2;99;97;99m██[38;2;255;134;66m████[38;2;219;92;57m██[38;2;222;93;57m██[38;2;66;65;66m██[38;2;99;99;99m████████[38;2;120;92;74m██[38;2;57;69;74m██[38;2;74;60;66m██[38;2;255;130;57m██[38;2;255;134;66m██[38;2;219;92;57m██[38;2;66;65;66m██[38;2;132;223;49m██[38;2;0;0;0m██
  ██[38;2;132;223;49m██[38;2;66;65;66m████[38;2;99;99;99m██[38;2;66;65;66m██[38;2;57;77;66m██[38;2;231;182;57m██[38;2;255;125;57m██[38;2;192;105;60m██[38;2;255;134;66m██████[38;2;219;92;57m██[38;2;222;93;57m████[38;2;66;65;66m██[38;2;99;99;99m██████[38;2;57;69;74m██[38;2;247;138;74m██[38;2;255;130;57m██[38;2;194;106;60m██[38;2;219;92;57m████[38;2;66;65;66m██[38;2;132;223;49m██[38;2;0;0;0m██
██[38;2;132;223;49m████[38;2;66;65;66m██[38;2;99;99;99m██[38;2;82;121;57m██[38;2;255;255;255m██[38;2;231;105;57m████[38;2;255;135;63m████[38;2;255;134;66m████████[38;2;255;135;63m████[38;2;255;134;66m██[38;2;66;65;66m██[38;2;57;69;74m██[38;2;120;92;74m██[38;2;66;65;66m██[38;2;255;134;66m██[38;2;220;93;57m████████[38;2;66;65;66m██[38;2;132;223;49m██[38;2;0;0;0m██
██[38;2;132;223;49m██[38;2;66;65;66m██████[38;2;255;255;255m██[38;2;82;121;57m██[38;2;255;255;255m██[38;2;231;105;57m██[38;2;255;135;63m████[38;2;255;134;66m██[38;2;219;92;57m██████[38;2;255;135;63m████[38;2;255;134;66m████[38;2;247;138;74m██[38;2;57;69;74m██[38;2;66;65;66m██[38;2;255;134;66m██[38;2;220;93;57m████████[38;2;66;65;66m██[38;2;132;223;49m██[38;2;0;0;0m██
██[38;2;132;223;49m██[38;2;66;65;66m██████[38;2;247;239;255m██[38;2;90;170;41m██[38;2;225;198;189m██[38;2;214;93;57m██[38;2;255;135;63m████[38;2;222;97;49m██[38;2;238;176;148m██[38;2;255;243;247m██[38;2;205;217;175m██[38;2;219;92;57m██[38;2;255;134;66m██████[38;2;66;65;66m████████[38;2;220;93;57m████[38;2;222;93;57m██[38;2;66;65;66m██[38;2;132;223;49m████[38;2;0;0;0m██
██[38;2;132;223;49m██[38;2;66;65;66m██████[38;2;194;216;183m██[38;2;90;170;41m██[38;2;231;251;255m██[38;2;214;93;57m██[38;2;255;135;63m████[38;2;222;97;49m██[38;2;255;255;247m██[38;2;107;166;33m██[38;2;255;243;247m██[38;2;219;92;57m██[38;2;255;134;66m████[38;2;66;65;66m████[38;2;99;99;99m████[38;2;66;65;66m██[38;2;220;93;57m████[38;2;222;93;57m██[38;2;66;65;66m██[38;2;132;223;49m██[38;2;0;0;0m██  
██[38;2;132;223;49m████[38;2;66;65;66m████[38;2;255;255;255m██[38;2;156;134;49m██[38;2;255;255;255m██[38;2;231;105;57m██[38;2;255;134;66m██[38;2;219;92;57m██[38;2;194;216;183m██[38;2;90;170;41m████[38;2;247;239;255m██[38;2;219;92;57m██[38;2;255;134;66m██[38;2;247;138;74m██[38;2;57;69;74m██[38;2;99;99;99m██[38;2;66;65;66m████████[38;2;222;93;57m██[38;2;148;142;54m██[38;2;82;56;66m██[38;2;132;223;49m██[38;2;0;0;0m██  
  ██[38;2;132;223;49m██[38;2;66;65;66m████[38;2;156;134;49m██[38;2;255;255;255m██[38;2;231;105;57m████[38;2;255;134;66m██[38;2;219;92;57m██[38;2;247;239;255m██[38;2;90;170;41m████[38;2;194;216;183m██[38;2;219;92;57m████[38;2;57;69;74m██[38;2;120;92;74m██[38;2;99;99;99m██[38;2;66;65;66m██[38;2;255;134;66m██[38;2;66;65;66m████[38;2;222;93;57m██[38;2;82;56;66m██[38;2;181;186;49m██[38;2;132;223;49m██[38;2;0;0;0m██  
  ██[38;2;132;223;49m████[38;2;66;65;66m████[38;2;222;93;57m██[38;2;206;186;181m██[38;2;145;102;87m██[38;2;222;93;57m████[38;2;255;255;255m██[38;2;181;121;49m██[38;2;231;251;255m██[38;2;214;93;57m██[38;2;222;93;57m██[38;2;255;255;255m██[38;2;66;65;66m██████[38;2;255;134;66m██[38;2;220;93;57m████[38;2;66;65;66m████[38;2;132;223;49m████[38;2;0;0;0m██    
    ██[38;2;132;223;49m████[38;2;66;65;66m████[38;2;115;60;41m██[38;2;206;186;181m██[38;2;255;255;255m████[38;2;181;121;49m████[38;2;214;93;57m██[38;2;225;198;189m██[38;2;255;255;255m████[38;2;66;65;66m██████[38;2;255;134;66m██[38;2;220;93;57m████[38;2;66;65;66m██[38;2;132;223;49m████[38;2;0;0;0m██      
      ██[38;2;132;223;49m████████[38;2;66;65;66m██████[38;2;192;191;192m██[38;2;255;255;255m████[38;2;192;191;192m██[38;2;255;247;239m██[38;2;145;119;112m██[38;2;66;65;66m██████[38;2;255;134;66m██[38;2;222;93;57m████[38;2;66;65;66m██[38;2;132;223;49m██[38;2;0;0;0m██        
        ████[38;2;132;223;49m██████████[38;2;66;65;66m████████[38;2;90;56;49m████[38;2;66;65;66m████████[38;2;222;93;57m██[38;2;66;65;66m████[38;2;132;223;49m██[38;2;0;0;0m██        
            ██[38;2;66;65;66m██[38;2;110;170;54m██[38;2;132;223;49m██████████████████[38;2;66;65;66m██████████[38;2;132;223;49m████[38;2;0;0;0m██        
          ██[38;2;132;223;49m████████[38;2;0;0;0m████████████[38;2;132;223;49m██████[38;2;66;65;66m██████[38;2;132;223;49m████[38;2;0;0;0m██          
          [38;2;8;0;24m██[38;2;49;74;35m██[38;2;96;175;43m██[38;2;132;223;49m██[38;2;0;0;0m██            ████[38;2;132;223;49m██████████[38;2;0;0;0m██            
        ██[38;2;132;223;57m████[38;2;132;223;49m██████[38;2;0;0;0m████            ██████████              
      [38;2;0;8;0m██[38;2;132;231;49m██[38;2;132;223;49m██[38;2;110;170;54m██[38;2;132;223;49m████[38;2;132;222;49m████[38;2;132;223;49m██[38;2;0;0;0m██                                  
    ██[38;2;132;231;49m██[38;2;88;156;32m██[38;2;66;65;66m██[38;2;132;223;49m████[38;2;66;65;66m██[38;2;132;222;49m████[38;2;0;0;0m██                                    
    ██████[38;2;132;235;57m██[38;2;88;158;38m██[38;2;0;0;0m██[38;2;99;174;41m██[38;2;132;223;49m██[38;2;0;0;0m██                                      
          [38;2;0;4;0m████  [38;2;0;0;0m████                                        
[0m