                      [38;2;0;0;0m██                                
                    ██[38;2;123;82;164m██[38;2;0;0;0m██                              
                    ██[38;2;123;82;164m██[38;2;0;0;0m██                              
                    ██[38;2;123;82;164m██[38;2;0;0;0m██                              
                    ██[38;2;123;82;164m██[38;2;0;0;0m██        ████                  
              ████  ██[38;2;123;82;164m██[38;2;0;0;0m██    ████[38;2;148;115;205m██[38;2;0;0;0m██              ████
            ██[38;2;255;255;255m██[38;2;246;148;172m██[38;2;0;0;0m████[38;2;123;82;164m██[38;2;0;0;0m██████[38;2;148;115;205m██[38;2;123;82;164m██[38;2;148;115;205m██[38;2;0;0;0m██            ██[38;2;148;115;205m██[38;2;0;0;0m██
        ████[38;2;255;255;255m██[38;2;197;41;74m██████[38;2;65;65;65m██[38;2;123;82;164m██[38;2;65;65;65m██[38;2;148;115;205m██[38;2;65;65;65m██[38;2;123;82;164m██[38;2;148;115;205m██[38;2;123;82;164m██[38;2;0;0;0m████      ████[38;2;148;115;205m██[38;2;0;0;0m██  
      ██[38;2;246;148;172m██[38;2;255;255;255m██[38;2;197;41;74m████████[38;2;156;49;65m██[38;2;65;65;65m██[38;2;148;115;205m████[38;2;65;65;65m██[38;2;148;115;205m██[38;2;123;82;164m██[38;2;180;139;205m████[38;2;123;82;164m██[38;2;0;0;0m██  ██[38;2;148;115;205m████[38;2;0;0;0m██    
    ██[38;2;246;148;172m██[38;2;255;255;255m██[38;2;197;41;74m████████████[38;2;65;65;65m██[38;2;148;115;205m████[38;2;65;65;65m██[38;2;123;82;164m██[38;2;180;139;205m████████[38;2;0;0;0m████[38;2;148;115;205m████[38;2;0;0;0m██      
  ██[38;2;246;148;172m██[38;2;230;41;90m████[38;2;246;148;172m██[38;2;197;41;74m████████████[38;2;65;65;65m██[38;2;148;115;205m██████[38;2;180;139;205m████████[38;2;65;65;65m██[38;2;148;115;205m████[38;2;0;0;0m██        
  ██[38;2;230;41;90m██████[38;2;246;148;172m██[38;2;197;41;74m██████████[38;2;213;82;123m██[38;2;156;49;65m██[38;2;65;65;65m██[38;2;148;115;205m████████[38;2;180;139;205m██[38;2;65;65;65m██[38;2;148;115;205m████[38;2;123;82;164m██[38;2;0;0;0m██        
██[38;2;230;41;90m██████████[38;2;246;148;172m██[38;2;197;41;74m████[38;2;213;82;123m████[38;2;246;148;172m██[38;2;156;49;65m██[38;2;65;65;65m██[38;2;123;82;164m██[38;2;156;49;65m██[38;2;230;41;90m██[38;2;156;49;65m██[38;2;148;115;205m██████[38;2;123;82;164m██[38;2;148;115;205m████[38;2;0;0;0m██      
██[38;2;230;41;90m██████████[38;2;246;148;172m██[38;2;213;82;123m████[38;2;246;148;172m████[38;2;213;82;123m██[38;2;156;49;65m██[38;2;65;65;65m██[38;2;156;49;65m██[38;2;230;41;90m██████[38;2;156;49;65m██[38;2;148;115;205m██████[38;2;0;0;0m████        
██[38;2;230;41;90m████████████[38;2;246;148;172m████[38;2;213;82;123m██████[38;2;156;49;65m██[38;2;65;65;65m██[38;2;156;49;65m██[38;2;230;41;90m██████[38;2;156;49;65m██[38;2;148;115;205m██[38;2;65;65;65m██[38;2;0;0;0m██            
██[38;2;230;41;90m████████████[38;2;255;255;255m██[38;2;213;82;123m████████[38;2;156;49;65m██[38;2;65;65;65m██[38;2;123;82;164m██[38;2;156;49;65m██[38;2;230;41;90m██[38;2;156;49;65m██[38;2;123;82;164m████[38;2;148;115;205m████[38;2;0;0;0m██          
██[38;2;230;41;90m████████████[38;2;255;255;255m██[38;2;213;82;123m████████[38;2;156;49;65m██[38;2;65;65;65m██[38;2;238;197;32m██[38;2;189;148;32m██[38;2;238;197;32m██[38;2;123;82;164m██[38;2;0;0;0m████████            
██[38;2;230;41;90m████████████[38;2;255;255;255m██[38;2;213;82;123m████████[38;2;65;65;65m██████████[38;2;0;0;0m██[38;2;65;65;65m██                  
[38;2;0;0;0m██[38;2;230;41;90m████████████[38;2;255;255;255m██[38;2;213;82;123m██████[38;2;65;65;65m██[38;2;180;139;205m████[38;2;148;115;205m██[38;2;123;82;164m██[38;2;180;139;205m██████[38;2;0;0;0m██                
██[38;2;197;41;74m██[38;2;230;41;90m██████████[38;2;246;148;172m██[38;2;213;82;123m████████[38;2;65;65;65m██[38;2;123;82;164m██[38;2;180;139;205m██████[38;2;148;115;205m██[38;2;65;65;65m██[38;2;0;0;0m██                
  ██[38;2;230;41;90m██████████[38;2;213;82;123m██[38;2;197;41;74m██[38;2;213;82;123m████[38;2;65;65;65m██[38;2;148;115;205m██[38;2;180;139;205m██[38;2;123;82;164m██[38;2;65;65;65m██████[38;2;123;82;164m████[38;2;0;0;0m██              
  ██[38;2;197;41;74m██[38;2;230;41;90m██████[38;2;213;82;123m██[38;2;197;41;74m████████[38;2;213;82;123m██[38;2;65;65;65m██████[38;2;148;115;205m██[38;2;0;0;0m████[38;2;123;82;164m████[38;2;0;0;0m██              
    ██[38;2;230;41;90m████[38;2;213;82;123m██[38;2;156;49;65m████[38;2;197;41;74m████[38;2;213;82;123m██[38;2;0;0;0m██[38;2;65;65;65m██[38;2;123;82;164m██[38;2;148;115;205m████[38;2;0;0;0m██  ████                
    ██[38;2;197;41;74m██[38;2;213;82;123m██[38;2;156;49;65m████████[38;2;213;82;123m██[38;2;0;0;0m██  ██[38;2;123;82;164m████[38;2;0;0;0m██                        
      ██[38;2;156;49;65m████████[38;2;213;82;123m██[38;2;0;0;0m██    ██[38;2;148;115;205m██[38;2;123;82;164m██[38;2;148;115;205m██[38;2;0;0;0m██                      
        ████[38;2;156;49;65m██[38;2;213;82;123m██[38;2;0;0;0m██        ██████                        
            ████                                        
[0m