                          [38;2;0;0;0m██                                  
                        ██[38;2;255;239;214m██[38;2;0;0;0m██    ██                          
██████                  ██[38;2;255;239;214m██[38;2;0;0;0m██  ██[38;2;255;239;214m██[38;2;0;0;0m██                        
██[38;2;255;239;214m████[38;2;0;0;0m████  ████      ██[38;2;239;222;140m████[38;2;197;181;107m██[38;2;0;0;0m████[38;2;255;239;214m██[38;2;0;0;0m██                        
  ██[38;2;255;239;214m████[38;2;239;222;140m██[38;2;0;0;0m██[38;2;239;222;140m██[38;2;0;0;0m██  ████[38;2;148;132;74m████[38;2;197;181;107m██[38;2;239;222;140m████[38;2;148;132;74m██[38;2;239;222;140m██[38;2;197;181;107m██[38;2;0;0;0m██        ████          
    ██[38;2;197;181;107m██[38;2;255;239;214m████[38;2;148;132;74m██[38;2;0;0;0m████[38;2;239;222;140m████████[38;2;197;181;107m██[38;2;239;222;140m██████[38;2;148;132;74m██[38;2;239;222;140m████[38;2;0;0;0m██    ██[38;2;74;140;206m██[38;2;0;0;0m████████    
    ██[38;2;239;222;140m██[38;2;0;0;0m██[38;2;239;222;140m██[38;2;255;239;214m██[38;2;65;65;65m██[38;2;239;222;140m████[38;2;255;239;214m████[38;2;239;222;140m████[38;2;148;132;74m██[38;2;239;222;140m████[38;2;197;181;107m██[38;2;148;132;74m██[38;2;239;222;140m████[38;2;0;0;0m██  ██[38;2;74;140;206m██[38;2;140;189;206m██[38;2;239;222;140m████[38;2;0;0;0m██    
      ██  ██[38;2;239;222;140m████[38;2;148;132;74m██[38;2;239;222;140m██[38;2;255;239;214m████[38;2;239;222;140m██████[38;2;148;132;74m██[38;2;239;222;140m████[38;2;148;132;74m██[38;2;239;222;140m████[38;2;148;132;74m██[38;2;0;0;0m██[38;2;58;99;156m██[38;2;140;189;206m██[38;2;239;222;140m████[38;2;140;189;206m██[38;2;0;0;0m██████
██████      ██[38;2;239;222;140m████████████████[38;2;148;132;74m██[38;2;197;181;107m██[38;2;239;222;140m██[38;2;197;181;107m██[38;2;148;132;74m██[38;2;239;222;140m████[38;2;65;65;65m██[38;2;74;140;206m██[38;2;239;222;140m████[38;2;140;189;206m██[38;2;74;140;206m██████[38;2;0;0;0m██
██[38;2;255;255;255m████[38;2;0;0;0m██  ██[38;2;239;222;140m██[38;2;197;181;107m██[38;2;239;222;140m██████[38;2;65;65;65m████[38;2;197;181;107m██[38;2;239;222;140m██[38;2;197;181;107m██[38;2;65;65;65m██████[38;2;148;132;74m██[38;2;239;222;140m████[38;2;65;65;65m██[38;2;74;140;206m████████[38;2;58;99;156m██[38;2;0;0;0m████  
  ██[38;2;255;255;255m████[38;2;0;0;0m████[38;2;239;222;140m████████[38;2;0;0;0m██[38;2;255;255;255m██[38;2;74;140;206m██[38;2;65;65;65m██████[38;2;255;255;255m████[38;2;65;65;65m██[38;2;148;132;74m██[38;2;239;222;140m██[38;2;197;181;107m██[38;2;74;140;206m██[38;2;58;99;156m████[38;2;0;0;0m██████      
    ██[38;2;189;189;181m██[38;2;255;255;255m████[38;2;65;65;65m██[38;2;197;181;107m████[38;2;247;99;82m██[38;2;65;65;65m██[38;2;74;140;206m██[38;2;65;65;65m████[38;2;255;255;255m██████[38;2;65;65;65m██[38;2;197;181;107m██[38;2;148;132;74m██[38;2;197;181;107m██[38;2;65;65;65m██████[38;2;0;0;0m██            
  ██[38;2;255;255;255m██████[38;2;65;65;65m██[38;2;74;140;206m██████████[38;2;65;65;65m██[38;2;255;255;255m██████[38;2;123;123;123m██[38;2;65;65;65m██[38;2;197;181;107m██[38;2;148;132;74m██[38;2;65;65;65m██████[38;2;255;255;255m████[38;2;0;0;0m██            
    ████████[38;2;247;99;82m██[38;2;156;66;58m██[38;2;74;140;206m██[38;2;58;99;156m██[38;2;65;65;65m██[38;2;255;255;255m██████[38;2;189;189;181m██[38;2;255;255;255m████[38;2;65;65;65m████[38;2;255;255;255m████████[38;2;65;65;65m██[38;2;239;222;140m██[38;2;65;65;65m██          
            [38;2;0;0;0m██[38;2;65;65;65m██████[38;2;189;189;181m██[38;2;65;65;65m████[38;2;255;255;255m████[38;2;65;65;65m████[38;2;255;255;255m██████[38;2;189;189;181m██[38;2;65;65;65m████[38;2;197;181;107m██████[38;2;0;0;0m██        
          ██[38;2;197;181;107m██[38;2;74;140;206m██[38;2;123;123;123m██[38;2;255;255;255m██[38;2;189;189;181m██[38;2;123;123;123m██[38;2;140;189;206m██[38;2;65;65;65m████[38;2;255;255;255m██████[38;2;189;189;181m██[38;2;255;255;255m██████[38;2;65;65;65m██[38;2;148;132;74m██[38;2;239;222;140m████[38;2;0;0;0m██        
          ██[38;2;74;140;206m██[38;2;65;65;65m██[38;2;255;255;255m██[38;2;189;189;181m██[38;2;65;65;65m██[38;2;140;189;206m██████[38;2;65;65;65m████[38;2;255;255;255m██████[38;2;0;0;0m██████[38;2;58;99;156m██[38;2;74;140;206m██[38;2;148;132;74m██[38;2;197;181;107m████[38;2;0;0;0m██      
        ██[38;2;74;140;206m██████[38;2;58;99;156m██[38;2;0;0;0m██████[38;2;140;189;206m██[38;2;58;99;156m████[38;2;74;140;206m██[38;2;65;65;65m██████[38;2;0;0;0m██    ██[38;2;58;99;156m████[38;2;239;222;140m████[38;2;0;0;0m██      
      ██[38;2;123;123;123m██[38;2;65;65;65m██[38;2;123;123;123m██[38;2;0;0;0m████      ████[38;2;74;140;206m██████[38;2;148;132;74m██[38;2;197;181;107m████[38;2;0;0;0m██    ████[38;2;123;123;123m██[38;2;65;65;65m██[38;2;123;123;123m██[38;2;0;0;0m██    
      ████████              ██[38;2;58;99;156m██[38;2;74;140;206m██[38;2;148;132;74m██[38;2;239;222;140m██████[38;2;0;0;0m██      ████████    
                              ██[38;2;58;99;156m██[38;2;74;140;206m██[38;2;148;132;74m██[38;2;197;181;107m████[38;2;0;0;0m██                  
                                ████[38;2;123;123;123m████[38;2;65;65;65m██[38;2;123;123;123m██[38;2;0;0;0m██                
                                    ██████████                
[0m