                                  [38;2;7;7;7m██                                                  
████                            ██[38;2;214;99;61m██[38;2;7;7;7m██      ██                                        
██[38;2;100;84;118m██[38;2;7;7;7m██                          ██[38;2;214;99;61m██[38;2;7;7;7m██    ██[38;2;214;99;61m██[38;2;7;7;7m██                                      
  ██[38;2;100;84;118m██[38;2;7;7;7m██                      ██[38;2;190;54;54m██[38;2;214;99;61m██[38;2;66;66;66m██[38;2;7;7;7m████[38;2;190;54;54m██[38;2;214;99;61m██[38;2;7;7;7m██                                      
  ██[38;2;100;84;118m██[38;2;81;68;96m██[38;2;7;7;7m████        ████      ██[38;2;214;99;61m████[38;2;66;66;66m██[38;2;190;54;54m██[38;2;66;66;66m██[38;2;214;99;61m████[38;2;7;7;7m██                              ████    
    ██[38;2;100;84;118m██[38;2;81;68;96m██[38;2;58;52;67m██[38;2;7;7;7m████  ██[38;2;100;84;118m██[38;2;7;7;7m██    ██[38;2;58;52;67m████████[38;2;190;54;54m██[38;2;214;99;61m████[38;2;190;54;54m██[38;2;7;7;7m██                            ██[38;2;100;84;118m██[38;2;7;7;7m██    
      ██[38;2;100;84;118m██████[38;2;81;68;96m██[38;2;7;7;7m██[38;2;81;68;96m██[38;2;100;84;118m██[38;2;66;66;66m██[38;2;7;7;7m████[38;2;214;99;61m██████[38;2;100;84;118m██[38;2;81;68;96m██[38;2;58;52;67m████[38;2;100;84;118m██████[38;2;7;7;7m██                        ██[38;2;100;84;118m████[38;2;7;7;7m██    
        ██[38;2;100;84;118m██████████[38;2;66;66;66m██[38;2;81;68;96m██[38;2;214;99;61m██[38;2;58;52;67m████[38;2;190;54;54m██[38;2;100;84;118m████████[38;2;81;68;96m██[38;2;58;52;67m██[38;2;100;84;118m██████[38;2;7;7;7m██                      ██[38;2;100;84;118m██[38;2;7;7;7m██      
      ██[38;2;100;84;118m██[38;2;58;52;67m██[38;2;7;7;7m████[38;2;100;84;118m██████[38;2;66;66;66m██[38;2;214;99;61m████[38;2;100;84;118m██[38;2;58;52;67m████[38;2;100;84;118m██████████[38;2;58;52;67m██[38;2;100;84;118m████[38;2;81;68;96m██[38;2;7;7;7m██████              ██[38;2;100;84;118m████[38;2;7;7;7m██      
      ██████    ██[38;2;100;84;118m██████[38;2;66;66;66m██[38;2;214;99;61m██[38;2;100;84;118m██[38;2;214;99;61m██[38;2;81;68;96m██[38;2;58;52;67m██[38;2;100;84;118m████[38;2;214;99;61m████[38;2;58;52;67m████[38;2;100;84;118m██[38;2;58;52;67m██[38;2;100;84;118m████[38;2;7;7;7m██            ██[38;2;100;84;118m████[38;2;7;7;7m██        
                  ██[38;2;100;84;118m████[38;2;214;99;61m██[38;2;100;84;118m██[38;2;214;99;61m██[38;2;100;84;118m██████[38;2;58;52;67m██[38;2;214;99;61m████[38;2;58;52;67m██[38;2;100;84;118m██[38;2;81;68;96m██[38;2;58;52;67m██[38;2;100;84;118m████[38;2;7;7;7m██      ████    ██[38;2;100;84;118m████[38;2;7;7;7m██  ████  
                  ██[38;2;81;68;96m██[38;2;214;99;61m████[38;2;100;84;118m██[38;2;214;99;61m██████[38;2;100;84;118m██[38;2;58;52;67m██[38;2;214;99;61m██████[38;2;100;84;118m████████[38;2;58;52;67m██[38;2;7;7;7m██    ██[38;2;32;69;155m████[38;2;7;7;7m████[38;2;81;68;96m██[38;2;100;84;118m████[38;2;81;68;96m██[38;2;7;7;7m██[38;2;32;69;155m████[38;2;7;7;7m██
              ██  ██[38;2;190;54;54m████[38;2;81;68;96m██[38;2;100;84;118m████[38;2;214;99;61m██[38;2;81;68;96m██[38;2;58;52;67m██[38;2;66;66;66m██[38;2;214;99;61m████[38;2;58;52;67m██[38;2;100;84;118m████[38;2;81;68;96m██[38;2;58;52;67m██[38;2;81;68;96m████[38;2;7;7;7m██  ██[38;2;32;69;155m██[38;2;41;56;109m██[38;2;99;185;192m██[38;2;71;146;159m██[38;2;81;68;96m████[38;2;99;185;192m██[38;2;71;146;159m██[38;2;41;56;109m██[38;2;32;69;155m████[38;2;7;7;7m██
            ██[38;2;248;248;248m██[38;2;7;7;7m██[38;2;58;52;67m██[38;2;190;54;54m████[38;2;81;68;96m██████[38;2;58;52;67m██[38;2;197;194;206m██[38;2;66;66;66m██[38;2;248;248;248m██[38;2;66;66;66m██[38;2;190;54;54m██[38;2;81;68;96m██[38;2;58;52;67m██████[38;2;81;68;96m██████[38;2;7;7;7m██  ██[38;2;32;69;155m██[38;2;41;56;109m██[38;2;99;185;192m██[38;2;81;68;96m██[38;2;99;185;192m████[38;2;41;56;109m██[38;2;32;69;155m██████[38;2;7;7;7m██  
            ██[38;2;248;248;248m██[38;2;66;66;66m██[38;2;190;54;54m████[38;2;81;68;96m██[38;2;58;52;67m██[38;2;66;66;66m████[38;2;219;120;87m██[38;2;248;248;248m██[38;2;66;66;66m██[38;2;248;248;248m██[38;2;66;66;66m████[38;2;81;68;96m████[38;2;58;52;67m██[38;2;81;68;96m████████[38;2;66;66;66m██[38;2;7;7;7m██  ██[38;2;41;56;109m██[38;2;99;185;192m████[38;2;71;146;159m██[38;2;41;56;109m██[38;2;32;69;155m████[38;2;41;56;109m██[38;2;7;7;7m██    
          ██[38;2;248;248;248m██████[38;2;66;66;66m██████[38;2;41;56;109m██[38;2;32;69;155m██[38;2;219;120;87m████[38;2;66;66;66m██[38;2;248;248;248m██[38;2;197;194;206m██[38;2;248;248;248m██[38;2;66;66;66m██[38;2;81;68;96m████[38;2;58;52;67m██[38;2;81;68;96m██████[38;2;66;66;66m██[38;2;248;248;248m██[38;2;7;7;7m██  ██[38;2;41;56;109m██[38;2;71;146;159m██[38;2;41;56;109m████████[38;2;7;7;7m████      
          ██[38;2;197;194;206m██[38;2;248;248;248m██[38;2;66;66;66m██[38;2;219;120;87m████[38;2;32;69;155m██████[38;2;41;56;109m████[38;2;248;248;248m██████[38;2;66;66;66m██[38;2;81;68;96m████[38;2;58;52;67m██[38;2;81;68;96m████[38;2;66;66;66m████[38;2;248;248;248m██[38;2;7;7;7m██  ██[38;2;41;56;109m████████[38;2;7;7;7m██████          
            ██[38;2;248;248;248m██[38;2;66;66;66m██[38;2;219;120;87m██[38;2;32;69;155m██████[38;2;197;194;206m██[38;2;248;248;248m██████[38;2;197;194;206m██[38;2;66;66;66m██[38;2;81;68;96m████[38;2;58;52;67m██[38;2;66;66;66m██████[38;2;248;248;248m██████[38;2;7;7;7m████[38;2;32;69;155m████[38;2;41;56;109m████[38;2;7;7;7m██                
              ██[38;2;197;194;206m██[38;2;66;66;66m██[38;2;32;69;155m██[38;2;41;56;109m████[38;2;32;69;155m████[38;2;197;194;206m████████[38;2;66;66;66m██████[38;2;248;248;248m████████[38;2;197;194;206m██[38;2;66;66;66m██[38;2;41;56;109m██[38;2;32;69;155m██████████[38;2;41;56;109m██[38;2;7;7;7m████            
            ██[38;2;197;194;206m██████[38;2;66;66;66m██[38;2;32;69;155m████[38;2;41;56;109m██[38;2;197;194;206m████[38;2;248;248;248m██████████████████[38;2;66;66;66m████[38;2;32;69;155m████████████████[38;2;41;56;109m██[38;2;58;52;67m██[38;2;7;7;7m██          
              ██[38;2;66;66;66m██[38;2;197;194;206m████[38;2;66;66;66m████[38;2;248;248;248m██████████[38;2;197;194;206m██[38;2;66;66;66m██[38;2;248;248;248m██████[38;2;66;66;66m████[38;2;32;69;155m████████████[38;2;41;56;109m██[38;2;32;69;155m██████[38;2;58;52;67m██[38;2;81;68;96m████[38;2;7;7;7m██        
                ██[38;2;66;66;66m████[38;2;58;52;67m██[38;2;66;66;66m██[38;2;248;248;248m██[38;2;66;66;66m████[38;2;197;194;206m██[38;2;248;248;248m██[38;2;66;66;66m██[38;2;99;185;192m██[38;2;66;66;66m██[38;2;197;194;206m██[38;2;248;248;248m████[38;2;197;194;206m██[38;2;66;66;66m██[38;2;32;69;155m██[38;2;58;52;67m██[38;2;32;69;155m████[38;2;41;56;109m██[38;2;99;185;192m██[38;2;41;56;109m██[38;2;32;69;155m████[38;2;58;52;67m██[38;2;81;68;96m██[38;2;190;54;54m██[38;2;7;7;7m██        
                ██[38;2;81;68;96m██[38;2;58;52;67m██[38;2;66;66;66m██[38;2;248;248;248m██[38;2;197;194;206m██[38;2;66;66;66m██[38;2;99;185;192m██[38;2;66;66;66m██[38;2;248;248;248m████[38;2;66;66;66m██[38;2;99;185;192m██[38;2;66;66;66m████[38;2;248;248;248m██████[38;2;66;66;66m██[38;2;100;84;118m██[38;2;58;52;67m██[38;2;41;56;109m██[38;2;99;185;192m████[38;2;41;56;109m██[38;2;32;69;155m██████[38;2;58;52;67m██[38;2;81;68;96m██[38;2;214;99;61m██[38;2;7;7;7m██      
              ██[38;2;58;52;67m██[38;2;81;68;96m████[38;2;66;66;66m██[38;2;248;248;248m██[38;2;66;66;66m██[38;2;71;146;159m██[38;2;99;185;192m██[38;2;71;146;159m██[38;2;66;66;66m████[38;2;99;185;192m██████[38;2;66;66;66m████████[38;2;58;52;67m██[38;2;100;84;118m██[38;2;58;52;67m██[38;2;41;56;109m██[38;2;99;185;192m██[38;2;7;7;7m████[38;2;32;69;155m██████[38;2;58;52;67m██[38;2;81;68;96m██[38;2;190;54;54m██[38;2;7;7;7m██      
              ██[38;2;81;68;96m██[38;2;58;52;67m██[38;2;66;66;66m██[38;2;248;248;248m██[38;2;66;66;66m██[38;2;41;56;109m██[38;2;66;66;66m██[38;2;99;185;192m██████████████[38;2;66;66;66m██[38;2;32;69;155m████[38;2;58;52;67m████[38;2;214;99;61m██[38;2;58;52;67m██[38;2;7;7;7m████  ██[38;2;41;56;109m██[38;2;32;69;155m██████[38;2;58;52;67m██[38;2;81;68;96m████[38;2;7;7;7m██    
            ██[38;2;58;52;67m██[38;2;81;68;96m██[38;2;66;66;66m██████[38;2;41;56;109m████[38;2;7;7;7m██[38;2;41;56;109m██[38;2;71;146;159m██[38;2;41;56;109m████[38;2;71;146;159m██[38;2;99;185;192m██[38;2;66;66;66m██[38;2;32;69;155m████[38;2;58;52;67m██[38;2;81;68;96m██[38;2;214;99;61m████[38;2;100;84;118m██[38;2;7;7;7m██      ██[38;2;41;56;109m████[38;2;32;69;155m████[38;2;58;52;67m████[38;2;7;7;7m██    
            ██[38;2;58;52;67m████[38;2;66;66;66m██[38;2;41;56;109m██████[38;2;7;7;7m██  ██[38;2;71;146;159m██████[38;2;41;56;109m████[38;2;66;66;66m██[38;2;32;69;155m████[38;2;58;52;67m██[38;2;100;84;118m████[38;2;190;54;54m██[38;2;81;68;96m██[38;2;7;7;7m██      ██[38;2;41;56;109m████████████[38;2;7;7;7m██    
            ██[38;2;81;68;96m██[38;2;66;66;66m██[38;2;41;56;109m██████[38;2;66;66;66m██[38;2;7;7;7m██    ██[38;2;71;146;159m████████[38;2;66;66;66m██[38;2;32;69;155m██████[38;2;58;52;67m██[38;2;81;68;96m██[38;2;100;84;118m██[38;2;214;99;61m██[38;2;100;84;118m██[38;2;7;7;7m██      ██[38;2;41;56;109m██████[38;2;190;54;54m████[38;2;214;99;61m██[38;2;7;7;7m██  
          ██[38;2;66;66;66m████[38;2;41;56;109m████████[38;2;7;7;7m██        ████[38;2;71;146;159m██████[38;2;66;66;66m██[38;2;32;69;155m████[38;2;58;52;67m██[38;2;100;84;118m████[38;2;190;54;54m██[38;2;81;68;96m██[38;2;7;7;7m██        ██[38;2;41;56;109m██[38;2;190;54;54m██[38;2;214;99;61m████[38;2;190;54;54m██[38;2;214;99;61m██[38;2;7;7;7m██
        ██[38;2;190;54;54m████[38;2;41;56;109m████████[38;2;7;7;7m██              ████████[38;2;41;56;109m██[38;2;32;69;155m████[38;2;58;52;67m██[38;2;81;68;96m██[38;2;100;84;118m██[38;2;214;99;61m██[38;2;7;7;7m██          ████[38;2;190;54;54m██[38;2;214;99;61m████[38;2;7;7;7m████
          ██████[38;2;190;54;54m██[38;2;7;7;7m████                        ██[38;2;41;56;109m████[38;2;58;52;67m██[38;2;100;84;118m████[38;2;190;54;54m██[38;2;58;52;67m██[38;2;7;7;7m██            ██████    
                ████                          ██[38;2;41;56;109m██████[38;2;58;52;67m████[38;2;41;56;109m██[38;2;214;99;61m██[38;2;7;7;7m██                      
                                                ██[38;2;41;56;109m████████[38;2;214;99;61m██[38;2;190;54;54m██[38;2;214;99;61m██[38;2;7;7;7m██                    
                                                  ██[38;2;214;99;61m██[38;2;190;54;54m██[38;2;7;7;7m██[38;2;214;99;61m████[38;2;190;54;54m██[38;2;7;7;7m██                    
                                                    ████  ██████                      
[0m