                      [38;2;0;0;0m██████                      
                    ██[38;2;90;164;230m██[38;2;189;230;246m██[38;2;0;0;0m██                      
                ████[38;2;90;164;230m██[38;2;115;213;230m██[38;2;90;164;230m██[38;2;0;0;0m██      ████            
        ██    ██[38;2;90;164;230m████[38;2;65;131;172m████[38;2;90;164;230m██[38;2;0;0;0m██  ████[38;2;189;230;246m██[38;2;0;0;0m██            
      ██[38;2;131;189;222m██[38;2;0;0;0m████[38;2;90;164;230m████[38;2;65;131;172m██████[38;2;90;164;230m██[38;2;0;0;0m████[38;2;90;164;230m██[38;2;115;213;230m██[38;2;90;164;230m██[38;2;0;0;0m██            
      ██[38;2;131;189;222m██[38;2;0;0;0m██[38;2;65;65;65m████[38;2;65;131;172m████████[38;2;90;164;230m██[38;2;65;65;65m██[38;2;90;164;230m████[38;2;65;131;172m██[38;2;90;164;230m██[38;2;0;0;0m██            
      ██[38;2;131;189;222m██[38;2;65;65;65m██[38;2;189;230;246m██[38;2;65;65;65m██[38;2;65;131;172m████[38;2;65;65;65m████████[38;2;90;164;230m██[38;2;65;131;172m████[38;2;65;65;65m██[38;2;0;0;0m██████████    
    ██[38;2;131;189;222m██[38;2;65;65;65m██[38;2;189;230;246m████[38;2;65;65;65m██[38;2;65;131;172m██[38;2;65;65;65m████[38;2;189;230;246m████[38;2;65;65;65m██[38;2;65;131;172m██████[38;2;65;65;65m██[38;2;65;131;172m██████[38;2;115;213;230m██[38;2;0;0;0m██    
    ██[38;2;131;189;222m██[38;2;65;65;65m██[38;2;189;230;246m██[38;2;65;65;65m██[38;2;65;131;172m██[38;2;65;65;65m██[38;2;189;230;246m██████[38;2;65;65;65m██[38;2;65;131;172m██████[38;2;65;65;65m██████[38;2;65;131;172m████[38;2;0;0;0m██      
    ██[38;2;131;189;222m██[38;2;189;230;246m████[38;2;65;131;172m████[38;2;189;230;246m██████[38;2;65;65;65m████[38;2;65;131;172m██[38;2;65;65;65m████[38;2;90;164;230m██[38;2;189;230;246m██[38;2;65;65;65m██[38;2;65;131;172m██[38;2;0;0;0m██        
    ██[38;2;189;230;246m████████████[38;2;131;189;222m██[38;2;65;65;65m██[38;2;90;164;230m██[38;2;65;65;65m████[38;2;90;164;230m████[38;2;115;213;230m██[38;2;65;65;65m██[38;2;65;131;172m██[38;2;65;65;65m██[38;2;0;0;0m████      
  ██[38;2;189;230;246m████████[38;2;131;189;222m██[38;2;0;0;0m████[38;2;189;230;246m██[38;2;131;189;222m██[38;2;90;164;230m██[38;2;65;65;65m██[38;2;90;164;230m████[38;2;65;131;172m████[38;2;65;65;65m████[38;2;65;131;172m██[38;2;115;213;230m██[38;2;0;0;0m██      
██[38;2;189;230;246m████████[38;2;65;65;65m██[38;2;255;255;255m██[38;2;0;0;0m██[38;2;65;65;65m██[38;2;255;255;255m████[38;2;65;65;65m██[38;2;90;164;230m██[38;2;65;131;172m██[38;2;65;65;65m██[38;2;65;131;172m██[38;2;65;65;65m████[38;2;65;131;172m████[38;2;0;0;0m██        
██[38;2;189;230;246m██████[38;2;131;189;222m██[38;2;0;0;0m████[38;2;49;98;90m██[38;2;255;255;255m████[38;2;65;65;65m████[38;2;65;131;172m██[38;2;65;65;65m██[38;2;131;189;222m██[38;2;65;65;65m██[38;2;65;131;172m██████[38;2;0;0;0m██          
  ██[38;2;255;255;255m████████████[38;2;65;65;65m████[38;2;131;189;222m████[38;2;65;65;65m████████[38;2;65;131;172m████[38;2;65;65;65m██[38;2;0;0;0m████        
    [38;2;65;65;65m██████[38;2;0;0;0m██████[38;2;189;189;180m██████[38;2;131;189;222m██[38;2;65;65;65m██[38;2;189;230;246m████[38;2;131;189;222m██[38;2;65;65;65m████[38;2;131;189;222m██[38;2;65;65;65m██[38;2;131;189;222m██[38;2;0;0;0m██████  
  ██[38;2;189;189;180m██[38;2;123;123;123m██[38;2;189;189;180m██[38;2;0;0;0m██    ██[38;2;189;189;180m██████[38;2;65;65;65m██[38;2;131;189;222m██[38;2;189;230;246m████[38;2;65;65;65m██[38;2;131;189;222m████[38;2;65;65;65m██[38;2;131;189;222m████████[38;2;0;0;0m██
██[38;2;189;189;180m██[38;2;123;123;123m██[38;2;189;189;180m██[38;2;0;0;0m██      ██[38;2;123;123;123m██[38;2;189;189;180m██[38;2;65;65;65m██[38;2;255;255;255m██[38;2;189;189;180m██[38;2;131;189;222m██[38;2;65;65;65m██[38;2;131;189;222m████[38;2;65;65;65m██[38;2;131;189;222m██████[38;2;0;0;0m████  
██[38;2;189;189;180m██[38;2;0;0;0m██[38;2;189;189;180m██[38;2;0;0;0m██    ██[38;2;131;189;222m██[38;2;65;65;65m██[38;2;123;123;123m██[38;2;65;65;65m██[38;2;255;255;255m██[38;2;189;189;180m██[38;2;255;255;255m██[38;2;65;65;65m██[38;2;131;189;222m████[38;2;65;65;65m██[38;2;0;0;0m██████      
████  ████  ██[38;2;189;189;180m████[38;2;131;189;222m██[38;2;65;65;65m██[38;2;255;255;255m██[38;2;189;189;180m██[38;2;255;255;255m██[38;2;65;65;65m██[38;2;131;189;222m████[38;2;65;65;65m██[38;2;0;0;0m██            
              ██████[38;2;65;65;65m██[38;2;255;255;255m██[38;2;189;189;180m██[38;2;255;255;255m██[38;2;65;65;65m██████[38;2;131;189;222m██[38;2;0;0;0m██            
                  ██[38;2;255;255;255m██[38;2;189;189;180m██[38;2;255;255;255m██[38;2;0;0;0m██[38;2;131;189;222m██████[38;2;0;0;0m██              
                  ██████████[38;2;255;255;255m██[38;2;65;65;65m██[38;2;255;255;255m██[38;2;0;0;0m██              
                            ██████                
[0m