            [38;2;0;0;0m██████            
          ████[38;2;197;181;173m██[38;2;0;0;0m████          
      ████[38;2;156;148;132m██[38;2;65;65;65m██[38;2;156;148;132m██[38;2;65;65;65m██[38;2;132;123;107m██[38;2;0;0;0m████      
    ██[38;2;65;65;65m████[38;2;156;148;132m██[38;2;65;65;65m██[38;2;132;123;107m██[38;2;65;65;65m██[38;2;132;123;107m██[38;2;65;65;65m████[38;2;0;0;0m██    
  ██[38;2;65;65;65m██[38;2;156;148;132m██[38;2;65;65;65m████[38;2;156;148;132m██[38;2;132;123;107m████[38;2;65;65;65m████[38;2;132;123;107m██[38;2;65;65;65m██[38;2;0;0;0m██  
  ██[38;2;65;65;65m██[38;2;197;181;173m██[38;2;156;148;132m██[38;2;65;65;65m██████████[38;2;132;123;107m████[38;2;65;65;65m██[38;2;0;0;0m██  
██[38;2;156;148;132m██[38;2;65;65;65m████[38;2;156;148;132m████████[38;2;132;123;107m██████[38;2;65;65;65m████[38;2;132;123;107m██[38;2;0;0;0m██
██[38;2;197;181;173m██[38;2;156;148;132m██[38;2;65;65;65m██████[38;2;132;123;107m██████[38;2;65;65;65m██████[38;2;132;123;107m████[38;2;0;0;0m██
██[38;2;65;65;65m██[38;2;197;181;173m████[38;2;156;148;132m██[38;2;65;65;65m██████████[38;2;132;123;107m██████[38;2;65;65;65m██[38;2;0;0;0m██
  ██[38;2;65;65;65m████[38;2;197;181;173m████[38;2;156;148;132m██████[38;2;132;123;107m████[38;2;65;65;65m████[38;2;0;0;0m██  
  ██[38;2;255;239;132m██[38;2;0;0;0m██[38;2;65;65;65m██████████████[38;2;132;107;82m████[38;2;0;0;0m██  
    ██[38;2;65;65;65m██[38;2;255;239;132m██[38;2;0;0;0m██[38;2;255;239;132m████[38;2;65;65;65m██[38;2;255;239;132m██[38;2;132;107;82m██[38;2;189;140;99m██[38;2;0;0;0m██    
    ██[38;2;255;239;132m██[38;2;189;140;99m██[38;2;255;239;132m██[38;2;0;0;0m████[38;2;255;239;132m██[38;2;132;107;82m██[38;2;189;140;99m████[38;2;0;0;0m██    
  ██[38;2;189;140;74m██[38;2;65;65;65m██[38;2;132;107;82m██[38;2;189;140;99m██[38;2;255;239;132m████[38;2;189;140;99m██████[38;2;0;0;0m██      
  ██[38;2;239;197;107m██[38;2;189;140;74m██[38;2;65;65;65m██[38;2;0;0;0m██[38;2;189;140;99m██████[38;2;65;65;65m████[38;2;239;197;107m██[38;2;0;0;0m██    
    ██████  ██████[38;2;189;140;74m██[38;2;239;197;107m████[38;2;0;0;0m██    
                  ██████      
[0m