                                    [38;2;0;0;0m████                
                                  ██[38;2;247;230;41m████[38;2;0;0;0m██              
                                ██[38;2;247;230;41m██[38;2;140;222;140m██[38;2;65;65;65m██  [38;2;0;0;0m████          
      ██    ████              ██[38;2;247;230;41m██[38;2;140;222;140m██[38;2;0;0;0m██  ██[38;2;247;230;41m████[38;2;0;0;0m██        
  ████[38;2;82;173;66m██[38;2;0;0;0m████[38;2;82;173;66m██[38;2;0;0;0m██            ████[38;2;65;65;65m██[38;2;0;0;0m██  ██[38;2;247;230;41m██[38;2;140;222;140m██[38;2;0;0;0m██          
  ██[38;2;82;173;66m████[38;2;74;115;74m██[38;2;82;173;66m██████[38;2;0;0;0m██      ████[38;2;140;222;140m██████[38;2;107;165;140m██[38;2;0;0;0m██[38;2;247;230;41m██[38;2;140;222;140m██[38;2;0;0;0m██            
    ██[38;2;74;115;74m██[38;2;82;173;66m████[38;2;0;0;0m████      ██[38;2;107;165;140m██[38;2;140;222;140m████████████[38;2;107;165;140m██[38;2;140;222;140m██[38;2;0;0;0m██            
      ██[38;2;82;173;66m██[38;2;0;0;0m██      ████[38;2;140;222;140m████████████████[38;2;107;165;140m██[38;2;0;0;0m██              
    ████[38;2;82;173;66m██[38;2;0;0;0m██    ██[38;2;255;255;255m██[38;2;140;222;140m████[38;2;255;255;255m██[38;2;140;222;140m██[38;2;148;74;66m████[38;2;255;255;255m██[38;2;140;222;140m██████[38;2;0;0;0m██              
████[38;2;82;173;66m██[38;2;74;115;74m██[38;2;82;173;66m██[38;2;0;0;0m██      ██[38;2;255;255;255m████[38;2;140;222;140m██[38;2;197;82;82m██[38;2;0;0;0m██[38;2;197;82;82m██[38;2;239;206;189m██[38;2;255;255;255m██[38;2;107;165;140m██[38;2;74;115;74m██[38;2;0;0;0m████            
██[38;2;82;173;66m██████████[38;2;0;0;0m██      ████[38;2;255;255;255m████████[38;2;140;222;140m████[38;2;65;65;65m████[38;2;140;222;140m████[38;2;0;0;0m██          
  ██[38;2;82;173;66m██[38;2;0;0;0m██[38;2;74;115;74m██[38;2;82;173;66m████[38;2;0;0;0m██████[38;2;82;173;66m████[38;2;65;65;65m████[38;2;115;115;115m██[38;2;189;189;189m██[38;2;107;165;140m██[38;2;65;65;65m██[38;2;140;222;140m████[38;2;65;65;65m████[38;2;140;222;140m██[38;2;0;0;0m██████    
  ████  ██[38;2;140;222;140m██[38;2;82;173;66m████████████████[38;2;65;65;65m██[38;2;189;189;189m██[38;2;65;65;65m██[38;2;140;222;140m██[38;2;82;173;66m██[38;2;65;65;65m██[38;2;82;173;66m████[38;2;65;65;65m████[38;2;82;173;66m██[38;2;74;115;74m██[38;2;0;0;0m██  
          ██[38;2;140;222;140m████[38;2;82;173;66m██████[38;2;140;222;140m████[38;2;65;65;65m██[38;2;189;189;189m██[38;2;65;65;65m██[38;2;140;222;140m██[38;2;82;173;66m██[38;2;65;65;65m██[38;2;107;165;140m██████[38;2;82;173;66m████████[38;2;0;0;0m██  
            ████[38;2;140;222;140m██████[38;2;0;0;0m████[38;2;189;189;189m██[38;2;65;65;65m██[38;2;82;173;66m████[38;2;74;115;74m██[38;2;0;0;0m████████[38;2;107;165;140m██[38;2;82;173;66m██████[38;2;140;222;140m██[38;2;0;0;0m██
                ██████  ██[38;2;65;65;65m██[38;2;82;173;66m████[38;2;74;115;74m██[38;2;82;173;66m██[38;2;0;0;0m██      ██[38;2;82;173;66m██████[38;2;140;222;140m██[38;2;0;0;0m██
                      ██[38;2;65;65;65m██[38;2;82;173;66m██[38;2;140;222;140m██[38;2;82;173;66m██[38;2;74;115;74m██[38;2;82;173;66m████[38;2;0;0;0m██████[38;2;247;230;41m██[38;2;82;173;66m████[38;2;140;222;140m████[38;2;0;0;0m██
                      ██[38;2;74;115;74m██[38;2;82;173;66m██[38;2;140;222;140m██████[38;2;74;115;74m████[38;2;206;197;66m██[38;2;82;173;66m██████[38;2;247;230;41m██[38;2;140;222;140m████[38;2;107;165;140m██[38;2;0;0;0m██
                      ██[38;2;82;173;66m██[38;2;140;222;140m██[38;2;82;173;66m██[38;2;140;222;140m████[38;2;206;197;66m██[38;2;247;230;41m██[38;2;140;222;140m████████[38;2;247;230;41m████[38;2;140;222;140m██[38;2;0;0;0m██  
                        ██[38;2;82;173;66m██[38;2;140;222;140m████[38;2;247;230;41m████[38;2;140;222;140m██[38;2;247;230;41m██[38;2;140;222;140m████[38;2;247;230;41m██[38;2;140;222;140m████[38;2;0;0;0m██    
                          ████[38;2;107;165;140m██[38;2;140;222;140m████████████[38;2;107;165;140m██[38;2;0;0;0m████      
                              ████████████████          
[0m