            [38;2;0;0;0m████  ████              
          ██[38;2;156;206;66m██[38;2;123;156;74m██[38;2;65;65;65m██[38;2;156;206;66m████[38;2;0;0;0m██████        
      ████[38;2;156;206;66m████[38;2;65;65;65m██[38;2;156;206;66m████[38;2;65;65;65m██[38;2;123;156;74m██[38;2;156;206;66m████[38;2;0;0;0m██      
    ██[38;2;156;206;66m████[38;2;65;65;65m██[38;2;156;206;66m██████████████████[38;2;0;0;0m██    
    ██[38;2;65;65;65m██[38;2;156;206;66m██████████[38;2;247;230;41m██[38;2;214;214;107m██[38;2;156;206;66m████[38;2;66;115;58m██████[38;2;0;0;0m██  
  ██[38;2;156;206;66m████████[38;2;247;230;41m██[38;2;214;214;107m██[38;2;156;206;66m██████[38;2;66;115;58m████[38;2;66;165;58m████████[38;2;0;0;0m██
██[38;2;156;206;66m██████████████[38;2;65;65;65m██[38;2;156;206;66m██[38;2;66;115;58m██[38;2;66;165;58m██████████[38;2;0;0;0m██  
  ██[38;2;123;156;74m██[38;2;156;206;66m██[38;2;247;230;41m██[38;2;156;206;66m████[38;2;65;65;65m██[38;2;255;189;206m██[38;2;65;65;65m██████[38;2;66;165;58m██████[38;2;66;115;58m██[38;2;0;0;0m██  
██[38;2;156;206;66m██████████[38;2;65;65;65m████[38;2;255;156;173m████[38;2;255;189;206m██[38;2;65;65;65m██[38;2;66;115;58m██████[38;2;123;156;74m██[38;2;0;0;0m██  
  ██[38;2;65;65;65m██[38;2;156;206;66m████[38;2;65;65;65m██[38;2;255;189;206m██[38;2;255;156;173m██[38;2;239;115;140m████[38;2;65;65;65m██[38;2;66;165;58m████████[38;2;0;0;0m██    
██[38;2;65;65;65m██[38;2;189;189;189m██[38;2;123;156;74m██[38;2;0;0;0m██[38;2;123;156;74m██[38;2;65;65;65m██[38;2;239;115;140m████[38;2;255;156;173m██[38;2;239;115;140m██[38;2;65;65;65m██[38;2;66;165;58m██[38;2;66;115;58m██[38;2;65;65;65m██[38;2;0;0;0m██    
██[38;2;255;255;255m██████[38;2;0;0;0m██[38;2;255;255;255m██[38;2;65;65;65m████[38;2;255;156;173m██[38;2;65;65;65m██[38;2;255;189;206m██[38;2;65;65;65m██████[38;2;189;189;189m██[38;2;0;0;0m██    
  ██[38;2;255;255;255m██████[38;2;189;189;189m████[38;2;65;65;65m██[38;2;255;189;206m██[38;2;65;65;65m██[38;2;0;0;0m████[38;2;189;189;189m████[38;2;0;0;0m██      
    ████[38;2;156;156;156m██[38;2;189;189;189m██[38;2;156;156;156m██[38;2;65;65;65m████[38;2;189;189;189m██[38;2;0;0;0m██  ████        
        ██████[38;2;189;189;189m████[38;2;0;0;0m██                
              ████                  
[0m