        [38;2;0;0;0m██████  ████              
      ██[38;2;206;74;115m████[38;2;65;65;65m██[38;2;0;0;0m██[38;2;206;74;115m████[38;2;0;0;0m██            
    ██[38;2;206;74;115m████[38;2;65;65;65m██[38;2;206;74;115m████[38;2;65;65;65m████[38;2;0;0;0m██            
    ██[38;2;255;140;181m██[38;2;65;65;65m██[38;2;206;74;115m██████[38;2;65;65;65m██[38;2;206;74;115m████[38;2;0;0;0m██          
    ██[38;2;255;140;181m██[38;2;65;65;65m██[38;2;255;140;181m████[38;2;65;65;65m██[38;2;206;74;115m██████[38;2;0;0;0m██          
    ██[38;2;206;99;132m██[38;2;65;65;65m██[38;2;255;140;181m████[38;2;65;65;65m██[38;2;255;140;181m██[38;2;206;74;115m████[38;2;0;0;0m██          
  ██[38;2;255;140;181m██[38;2;206;99;132m████[38;2;255;140;181m██[38;2;65;65;65m██[38;2;173;74;107m██[38;2;255;140;181m████[38;2;0;0;0m██            
  ██[38;2;255;140;181m████[38;2;206;99;132m██████████[38;2;65;65;65m██[38;2;0;0;0m██            
██[38;2;247;247;41m██[38;2;255;140;181m████████[38;2;255;255;255m██[38;2;255;140;181m██████[38;2;173;74;107m██[38;2;0;0;0m██          
██[38;2;65;65;65m██[38;2;255;140;181m██████[38;2;247;247;41m██[38;2;0;0;0m██[38;2;247;247;41m██[38;2;255;140;181m██████[38;2;0;0;0m██████      
██[38;2;247;247;41m██[38;2;65;65;65m██[38;2;189;165;66m██████[38;2;0;0;0m██[38;2;247;247;41m██[38;2;255;140;181m████[38;2;206;99;132m██[38;2;65;65;65m██[38;2;206;99;132m██[38;2;0;0;0m██████  
  ██[38;2;247;247;41m████████[38;2;189;165;66m██[38;2;65;65;65m██[38;2;206;99;132m████[38;2;65;65;65m██[38;2;173;74;107m██[38;2;206;99;132m██[38;2;0;0;0m██[38;2;255;140;181m██[38;2;0;0;0m██  
    ████[38;2;189;165;66m████[38;2;247;247;41m██[38;2;189;165;66m██[38;2;206;99;132m████[38;2;65;65;65m██[38;2;255;140;181m██[38;2;65;65;65m██[38;2;206;99;132m██[38;2;255;140;181m██[38;2;0;0;0m██  
        ████[38;2;65;65;65m██[38;2;189;189;197m██[38;2;189;165;66m██[38;2;206;99;132m██[38;2;255;140;181m██████[38;2;65;65;65m████[38;2;206;99;132m██[38;2;0;0;0m██
          ██[38;2;189;189;197m████[38;2;247;247;41m██[38;2;206;99;132m██[38;2;255;140;181m████[38;2;206;99;132m████████[38;2;0;0;0m██
        ██[38;2;255;255;255m██████[38;2;189;189;197m██[38;2;247;247;41m██[38;2;206;99;132m████████[38;2;65;65;65m██[38;2;0;0;0m██  
      ██[38;2;65;65;65m██[38;2;255;255;255m████████[38;2;189;189;197m██[38;2;247;247;41m████[38;2;189;165;66m████[38;2;189;189;197m██[38;2;0;0;0m██  
      ██[38;2;189;189;197m██[38;2;65;65;65m██[38;2;255;255;255m██[38;2;189;189;197m██[38;2;255;255;255m████[38;2;189;189;197m████████[38;2;0;0;0m██    
        ████████[38;2;189;189;197m██[38;2;255;255;255m██[38;2;189;189;197m██[38;2;65;65;65m██[38;2;0;0;0m████      
                ████████          
[0m