          [38;2;0;0;0m██                  
        ██[38;2;123;132;181m██[38;2;0;0;0m██                
        ██[38;2;123;132;181m██[38;2;0;0;0m██                
      ██[38;2;65;65;65m██[38;2;123;132;181m████[38;2;0;0;0m████            
    ██[38;2;123;132;181m██[38;2;65;65;65m██[38;2;123;132;181m████[38;2;90;99;140m██[38;2;123;132;181m██[38;2;0;0;0m████        
  ██[38;2;123;132;181m██[38;2;90;99;140m██[38;2;123;132;181m████████████[38;2;90;99;140m██[38;2;0;0;0m██      
██[38;2;90;99;140m██[38;2;123;132;181m██████████████████[38;2;90;99;140m██[38;2;0;0;0m██    
████[38;2;123;132;181m██████████[38;2;0;0;0m██████[38;2;123;132;181m████[38;2;0;0;0m██    
██[38;2;189;165;66m██[38;2;123;132;181m████████[38;2;0;0;0m██[38;2;65;65;65m██[38;2;165;197;255m██[38;2;65;65;65m██[38;2;0;0;0m██[38;2;123;132;181m██[38;2;0;0;0m██    
  ██[38;2;90;99;140m██[38;2;123;132;181m████[38;2;0;0;0m██[38;2;189;165;66m██[38;2;123;132;181m██[38;2;165;197;255m████[38;2;0;0;0m██[38;2;123;132;181m██[38;2;65;65;65m██[38;2;0;0;0m██  
  ██[38;2;90;99;140m████[38;2;0;0;0m████[38;2;247;247;41m██[38;2;123;132;181m██[38;2;165;197;255m██[38;2;0;0;0m██[38;2;123;132;181m██[38;2;65;65;65m██[38;2;123;132;181m████[38;2;0;0;0m██
    ██[38;2;90;99;140m██████[38;2;0;0;0m██████[38;2;90;99;140m██[38;2;65;65;65m██[38;2;90;99;140m████[38;2;123;132;181m██[38;2;0;0;0m██
  ██[38;2;123;132;181m██[38;2;65;65;65m████[38;2;90;99;140m████████████████[38;2;0;0;0m██  
██[38;2;123;132;181m████████[38;2;65;65;65m██████[38;2;90;99;140m████████████[38;2;0;0;0m██
██[38;2;90;99;140m██[38;2;123;132;181m████████[38;2;90;99;140m████████████████[38;2;0;0;0m██
  ██[38;2;90;99;140m██[38;2;123;132;181m████████[38;2;90;99;140m██████[38;2;123;132;181m████[38;2;0;0;0m████  
    ██████[38;2;90;99;140m██[38;2;123;132;181m██████████[38;2;0;0;0m██      
          ██[38;2;90;99;140m██[38;2;123;132;181m██████[38;2;0;0;0m██        
            ████████          
[0m