                [38;2;0;0;0m██████████                      
  ██████  ██████[38;2;74;132;189m██[38;2;82;165;230m████████[38;2;0;0;0m████                  
██[38;2;132;197;255m██████[38;2;0;0;0m██[38;2;132;197;255m████[38;2;74;132;189m██[38;2;82;165;230m████[38;2;65;65;65m██████[38;2;82;165;230m████[38;2;0;0;0m██                
██[38;2;132;197;255m██[38;2;189;222;255m██[38;2;65;65;65m██[38;2;132;197;255m████████[38;2;82;165;230m██[38;2;74;132;189m██[38;2;132;197;255m██████[38;2;65;65;65m██[38;2;82;165;230m████[38;2;0;0;0m██              
██[38;2;82;165;230m██[38;2;189;222;255m██[38;2;65;65;65m██[38;2;132;197;255m████████[38;2;82;165;230m██[38;2;132;197;255m██████████[38;2;65;65;65m██[38;2;82;165;230m██[38;2;0;0;0m██              
  ██[38;2;82;165;230m██[38;2;65;65;65m██[38;2;132;197;255m██[38;2;65;65;65m████[38;2;132;197;255m██████████████[38;2;65;65;65m██[38;2;82;165;230m████[38;2;0;0;0m██            
    ██[38;2;132;197;255m██[38;2;74;132;189m██[38;2;82;165;230m██[38;2;132;197;255m██████[38;2;65;65;65m████[38;2;82;165;230m██[38;2;132;197;255m██████[38;2;65;65;65m██[38;2;82;165;230m██[38;2;0;0;0m██            
    ██[38;2;132;197;255m██[38;2;74;132;189m██[38;2;255;255;255m██[38;2;132;197;255m██████████[38;2;65;65;65m██[38;2;74;132;189m██[38;2;132;197;255m████[38;2;65;65;65m██[38;2;74;132;189m██[38;2;0;0;0m████          
    ██[38;2;132;197;255m██[38;2;197;165;90m██[38;2;65;65;65m██[38;2;132;197;255m██[38;2;255;222;140m██[38;2;132;197;255m██[38;2;255;255;255m████[38;2;132;197;255m██[38;2;65;65;65m██[38;2;132;197;255m████[38;2;65;65;65m████[38;2;132;197;255m████[38;2;0;0;0m██        
  ██[38;2;132;197;255m██[38;2;82;165;230m██[38;2;255;222;140m██[38;2;255;255;255m██[38;2;255;222;140m████[38;2;197;165;90m██[38;2;65;65;65m██[38;2;189;189;181m██[38;2;132;197;255m██[38;2;65;65;65m██[38;2;132;197;255m██[38;2;82;165;230m██[38;2;65;65;65m██[38;2;189;222;255m████[38;2;132;197;255m██[38;2;0;0;0m██        
  ██[38;2;132;197;255m██[38;2;82;165;230m██[38;2;140;115;49m██[38;2;255;222;140m██[38;2;197;165;90m██[38;2;255;222;140m██████[38;2;132;132;115m██[38;2;230;197;107m██[38;2;65;65;65m██[38;2;132;197;255m██[38;2;65;65;65m██[38;2;189;222;255m████[38;2;132;197;255m██[38;2;82;165;230m██[38;2;0;0;0m████      
    ██[38;2;65;65;65m██[38;2;74;132;189m██[38;2;65;65;65m██[38;2;230;197;107m██[38;2;255;222;140m████[38;2;230;197;107m████[38;2;65;65;65m██[38;2;132;197;255m██[38;2;82;165;230m██[38;2;65;65;65m██[38;2;82;165;230m████[38;2;65;65;65m████[38;2;132;197;255m████[38;2;0;0;0m████  
      ██[38;2;65;65;65m██[38;2;197;165;90m██[38;2;140;115;49m██[38;2;65;65;65m████████[38;2;140;115;49m██[38;2;132;197;255m██[38;2;74;132;189m██[38;2;132;197;255m██[38;2;0;0;0m██████[38;2;132;197;255m██[38;2;82;165;230m██[38;2;74;132;189m██[38;2;82;165;230m██[38;2;132;197;255m██[38;2;0;0;0m██
      ██[38;2;255;222;140m██[38;2;197;165;90m██[38;2;74;132;189m██[38;2;82;165;230m██[38;2;255;255;255m████[38;2;82;165;230m██[38;2;197;165;90m██[38;2;65;65;65m██[38;2;132;197;255m████[38;2;0;0;0m██  ██[38;2;132;197;255m████[38;2;82;165;230m██[38;2;74;132;189m████[38;2;0;0;0m██
        ██[38;2;132;197;255m██████[38;2;255;255;255m██[38;2;132;197;255m████[38;2;74;132;189m██[38;2;230;197;107m██[38;2;65;65;65m██[38;2;0;0;0m██      ██[38;2;132;197;255m██████[38;2;82;165;230m██[38;2;0;0;0m██
          ██[38;2;65;65;65m██[38;2;132;197;255m██████[38;2;65;65;65m██[38;2;132;197;255m██[38;2;140;115;49m██[38;2;230;197;107m██[38;2;140;115;49m██[38;2;0;0;0m██████[38;2;197;165;90m██[38;2;132;197;255m██[38;2;0;0;0m██[38;2;132;197;255m████[38;2;0;0;0m██
          ██[38;2;197;165;90m██[38;2;65;65;65m██[38;2;132;197;255m██[38;2;0;0;0m██[38;2;140;115;49m██[38;2;65;65;65m██[38;2;74;132;189m██[38;2;255;222;140m████[38;2;65;65;65m██[38;2;197;165;90m████[38;2;0;0;0m████  ████  
        ██[38;2;230;197;107m██[38;2;197;165;90m██[38;2;0;0;0m████  ██[38;2;197;165;90m██[38;2;65;65;65m██[38;2;0;0;0m██████████            
          ████        ██[38;2;197;165;90m██[38;2;0;0;0m██                    
                      ██[38;2;230;197;107m██[38;2;255;222;140m██[38;2;0;0;0m██                  
                        ████                    
[0m