                    [38;2;0;0;0m████                            
                ████[38;2;247;99;82m████[38;2;0;0;0m██                          
          ██  ██[38;2;247;99;82m██████[38;2;0;0;0m██                            
        ██[38;2;247;99;82m██[38;2;0;0;0m████[38;2;247;99;82m██████[38;2;0;0;0m██    ██                      
      ██[38;2;247;99;82m████[38;2;206;74;74m██[38;2;148;58;58m██[38;2;206;74;74m██[38;2;247;99;82m██████[38;2;0;0;0m████[38;2;247;99;82m██[38;2;0;0;0m██                    
  ██████[38;2;247;99;82m████[38;2;148;58;58m██[38;2;247;99;82m██[38;2;148;58;58m██[38;2;247;99;82m██████[38;2;148;58;58m██[38;2;247;99;82m████[38;2;0;0;0m██                    
██[38;2;247;99;82m████[38;2;148;58;58m██[38;2;206;74;74m██[38;2;247;99;82m██[38;2;148;58;58m██[38;2;247;99;82m██████[38;2;206;74;74m██[38;2;148;58;58m██[38;2;247;99;82m████████[38;2;0;0;0m██                  
██[38;2;247;99;82m██[38;2;255;189;49m████[38;2;148;58;58m██[38;2;65;65;65m██[38;2;206;74;74m██[38;2;148;58;58m██████[38;2;247;99;82m██[38;2;148;58;58m██[38;2;247;99;82m████████[38;2;0;0;0m██            ██    
██[38;2;247;99;82m██[38;2;255;140;41m██[38;2;255;189;49m██[38;2;65;65;65m██[38;2;206;74;74m██[38;2;247;99;82m████████████[38;2;206;74;74m██[38;2;247;99;82m████[38;2;148;58;58m██[38;2;65;65;65m██[38;2;0;0;0m████      ██[38;2;247;99;82m██[38;2;0;0;0m██  
  ██[38;2;247;99;82m██[38;2;65;65;65m██[38;2;189;189;181m██[38;2;0;0;0m██[38;2;247;99;82m██████[38;2;206;74;74m██[38;2;247;99;82m████████[38;2;65;65;65m████[38;2;247;99;82m██████[38;2;0;0;0m██    ██[38;2;247;99;82m██[38;2;0;0;0m██  
    ██[38;2;65;65;65m██[38;2;255;255;255m██[38;2;0;0;0m██[38;2;255;222;140m████[38;2;247;99;82m██[38;2;0;0;0m██[38;2;189;189;181m██[38;2;206;74;74m██[38;2;247;99;82m██[38;2;65;65;65m██[38;2;247;99;82m██[38;2;255;189;49m██████[38;2;206;74;74m██[38;2;0;0;0m██████[38;2;247;99;82m██████[38;2;0;0;0m██
      ██[38;2;255;222;140m████[38;2;197;165;90m██[38;2;255;222;140m████[38;2;0;0;0m██[38;2;255;255;255m██[38;2;255;222;140m██[38;2;247;99;82m████[38;2;255;189;49m██████[38;2;206;74;74m████[38;2;65;65;65m██[38;2;206;74;74m██[38;2;247;99;82m████████[38;2;0;0;0m██
      ██[38;2;65;65;65m██[38;2;197;165;90m██[38;2;255;222;140m████████[38;2;197;165;90m██[38;2;255;222;140m██[38;2;247;99;82m██[38;2;65;65;65m██[38;2;206;74;74m████████[38;2;0;0;0m██[38;2;206;74;74m████[38;2;247;99;82m██████[38;2;0;0;0m██  
  ████[38;2;206;74;74m██[38;2;247;99;82m██[38;2;65;65;65m████[38;2;197;165;90m██████[38;2;255;222;140m██[38;2;65;65;65m████[38;2;189;189;181m██[38;2;65;65;65m████[38;2;0;0;0m████  ██[38;2;206;74;74m████[38;2;247;99;82m██[38;2;0;0;0m██    
██[38;2;255;222;140m██[38;2;247;99;82m████[38;2;206;74;74m██[38;2;255;255;255m██[38;2;189;189;181m██[38;2;65;65;65m████████[38;2;255;255;255m██[38;2;189;189;181m██[38;2;255;255;255m██[38;2;189;189;181m██[38;2;0;0;0m██      ██[38;2;206;74;74m██[38;2;148;58;58m██[38;2;206;74;74m████[38;2;0;0;0m██  
  ██[38;2;197;165;90m██[38;2;255;222;140m██[38;2;0;0;0m██[38;2;206;74;74m██[38;2;255;255;255m██[38;2;189;189;181m██[38;2;230;197;107m██[38;2;189;189;181m██[38;2;255;255;255m██████[38;2;189;189;181m██[38;2;206;74;74m██[38;2;247;99;82m██[38;2;0;0;0m██  ██[38;2;206;74;74m██[38;2;148;58;58m██[38;2;206;74;74m██[38;2;148;58;58m██[38;2;206;74;74m██[38;2;0;0;0m██  
    ████  ██[38;2;148;58;58m██[38;2;197;165;90m██[38;2;230;197;107m██████[38;2;189;189;181m██[38;2;255;255;255m██[38;2;206;74;74m██[38;2;65;65;65m██[38;2;247;99;82m████[38;2;0;0;0m████[38;2;206;74;74m██[38;2;148;58;58m██[38;2;206;74;74m██████[38;2;0;0;0m██  
          ██[38;2;206;74;74m████[38;2;197;165;90m██[38;2;247;99;82m██[38;2;230;197;107m██[38;2;206;74;74m████[38;2;65;65;65m██[38;2;255;222;140m██[38;2;197;165;90m██[38;2;247;99;82m████[38;2;65;65;65m██[38;2;0;0;0m██[38;2;206;74;74m██[38;2;148;58;58m██[38;2;0;0;0m████    
        ██[38;2;230;197;107m██[38;2;197;165;90m██[38;2;0;0;0m████████[38;2;148;58;58m██[38;2;206;74;74m██[38;2;148;58;58m██[38;2;65;65;65m██[38;2;255;222;140m██[38;2;197;165;90m██[38;2;255;222;140m██[38;2;0;0;0m██  ████        
          ████        ██[38;2;148;58;58m██[38;2;206;74;74m████[38;2;0;0;0m██████                
                        ██[38;2;230;197;107m██[38;2;197;165;90m██[38;2;0;0;0m██                    
                          ████                      
[0m