                          [38;2;0;0;0m████  ██          
                        ██[38;2;115;107;90m████[38;2;0;0;0m██[38;2;90;83;74m██[38;2;0;0;0m██        
                          ██[38;2;115;107;90m████[38;2;66;65;66m██[38;2;115;107;90m██[38;2;0;0;0m████    
            ████            ██[38;2;115;107;90m██████████[38;2;0;0;0m██  
        ██[38;2;0;4;0m██[38;2;115;109;90m██[38;2;0;0;0m██    ████  ██[38;2;115;107;90m██████████████[38;2;0;0;0m██
        ██[38;2;76;74;60m██[38;2;115;109;90m██[38;2;0;0;0m██  ██[38;2;115;107;90m██[38;2;0;0;0m██  ██[38;2;115;107;90m████████████[38;2;90;81;74m██[38;2;0;0;0m██
        ██[38;2;90;82;73m██[38;2;148;132;98m██[38;2;0;0;0m██  [38;2;0;4;8m██[38;2;120;112;96m██[38;2;76;70;60m██[38;2;0;0;0m██[38;2;93;86;76m██[38;2;115;105;90m██[38;2;115;106;90m██[38;2;181;164;139m██[38;2;115;106;90m████[38;2;123;113;99m██[38;2;84;76;68m██[38;2;0;0;0m██
        ██[38;2;148;132;98m████[38;2;66;67;66m██[38;2;0;0;0m██[38;2;181;166;140m██[38;2;60;58;52m██[38;2;115;105;90m████[38;2;49;48;49m██[38;2;115;105;90m██[38;2;181;164;139m████[38;2;115;106;90m██[38;2;181;164;139m██[38;2;84;76;68m██[38;2;8;4;8m██  
        [38;2;0;0;0m██[38;2;148;131;98m██[38;2;181;165;139m████[38;2;148;131;98m██[38;2;181;165;140m████[38;2;120;108;93m██[38;2;60;54;46m██[38;2;0;0;0m██[38;2;181;166;140m██[38;2;181;165;140m████[38;2;181;166;140m██[38;2;148;132;98m██[38;2;54;54;49m██[38;2;82;81;74m██[38;2;0;0;0m██
      ██[38;2;181;166;140m██[38;2;181;165;139m████████[38;2;181;165;140m████[38;2;181;162;140m██[38;2;0;0;0m██  ██[38;2;181;165;140m████[38;2;148;132;98m████[38;2;0;0;0m████  
  [38;2;0;4;0m████[38;2;206;203;198m██[38;2;222;185;143m██[38;2;181;166;140m████[38;2;222;215;198m██[38;2;170;165;154m██[38;2;181;166;140m██[38;2;247;174;90m██[38;2;0;0;0m██    ██[38;2;148;132;99m████[38;2;148;132;98m██[38;2;0;0;0m██      
██[38;2;126;117;93m██[38;2;189;174;140m██[38;2;238;167;88m████[38;2;181;166;140m██[38;2;222;215;198m██[38;2;66;65;66m██[38;2;222;215;198m██[38;2;181;166;140m████[38;2;148;134;99m██[38;2;0;0;0m████[38;2;49;48;49m██[38;2;148;132;99m████[38;2;148;132;98m██[38;2;0;0;0m██      
██[38;2;178;169;154m██[38;2;231;219;198m██[38;2;134;131;129m██[38;2;194;193;192m██[38;2;222;215;198m██[38;2;170;165;154m██[38;2;247;174;90m██[38;2;181;166;140m██[38;2;247;174;90m██[38;2;181;166;140m██[38;2;148;132;98m██[38;2;181;166;140m██[38;2;181;165;140m████[38;2;49;48;49m██[38;2;148;132;98m██[38;2;0;0;0m██        
██[38;2;178;169;154m██[38;2;74;69;66m██[38;2;255;255;255m██[38;2;74;69;66m██[38;2;66;65;66m██[38;2;222;215;198m██[38;2;181;166;140m██████████[38;2;148;132;98m██[38;2;181;165;140m████[38;2;148;132;98m██[38;2;49;48;49m██[38;2;0;0;0m██        
  ██[38;2;189;182;173m██[38;2;74;69;74m██[38;2;231;219;206m██[38;2;222;214;198m████[38;2;222;215;198m██[38;2;181;166;140m██████[38;2;148;132;98m██[38;2;66;65;66m██[38;2;148;132;99m████[38;2;148;132;98m██[38;2;0;0;0m██          
    ██[38;2;178;169;162m██[38;2;231;219;206m██[38;2;222;214;198m████[38;2;222;215;198m██[38;2;181;166;140m██[38;2;148;132;98m██████[38;2;66;65;66m██[38;2;148;132;99m████[38;2;148;132;98m██[38;2;0;0;0m██          
      ██[38;2;189;182;173m██[38;2;189;182;181m████[38;2;148;132;98m██[38;2;66;65;66m██[38;2;148;132;98m████[38;2;74;66;54m██[38;2;148;132;101m████[38;2;74;66;54m██[38;2;148;134;99m██[38;2;0;0;0m██          
        ██[38;2;0;4;8m██[38;2;126;122;123m██[38;2;148;132;98m████[38;2;66;65;66m████[38;2;148;132;101m██[38;2;0;0;8m████[38;2;148;132;101m██[38;2;0;0;0m██            
            ██[38;2;74;66;54m██[38;2;148;132;101m████[38;2;74;66;54m██[38;2;0;0;0m██    ████            
              [38;2;0;0;8m██[38;2;148;132;101m████[38;2;0;0;8m██                      
                [38;2;0;0;0m████                        
[0m