        [38;2;7;7;7m████                  
      ██[38;2;156;140;231m██[38;2;214;198;247m██[38;2;7;7;7m██    ████        
      ██[38;2;214;198;247m████[38;2;7;7;7m██  ██[38;2;156;140;231m██[38;2;214;198;247m██[38;2;7;7;7m██      
      ██[38;2;214;198;247m██[38;2;7;7;7m██    ██[38;2;214;198;247m████[38;2;7;7;7m██      
      ██[38;2;156;140;231m██[38;2;7;7;7m██  ██[38;2;214;198;247m██[38;2;7;7;7m████        
    ██[38;2;66;66;66m██[38;2;7;7;7m██    ██[38;2;156;140;231m██[38;2;7;7;7m██          
    ██[38;2;214;198;247m██[38;2;140;132;140m██[38;2;7;7;7m████[38;2;156;140;231m██[38;2;7;7;7m██            
  ██[38;2;214;198;247m██[38;2;156;140;231m██[38;2;214;198;247m██[38;2;66;66;66m██[38;2;214;198;247m██[38;2;66;66;66m██[38;2;7;7;7m██            
██[38;2;66;66;66m██[38;2;214;198;247m████████[38;2;156;140;231m██[38;2;214;198;247m██[38;2;7;7;7m██            
██[38;2;111;116;121m██[38;2;214;198;247m████[38;2;66;66;66m██[38;2;214;198;247m████████[38;2;7;7;7m██          
██[38;2;214;198;247m██████[38;2;111;116;121m██[38;2;214;198;247m██[38;2;156;140;231m██[38;2;214;198;247m████[38;2;7;7;7m██          
██[38;2;156;140;231m██[38;2;214;198;247m██████[38;2;156;140;231m████[38;2;142;148;151m██[38;2;214;198;247m██[38;2;7;7;7m██          
  ██[38;2;156;140;231m██[38;2;148;82;181m████[38;2;214;198;247m████[38;2;142;148;151m██[38;2;7;7;7m██[38;2;66;66;66m██[38;2;7;7;7m██        
    ██[38;2;215;144;118m████[38;2;214;198;247m██████[38;2;7;7;7m██[38;2;172;176;179m████[38;2;7;7;7m████    
  ██[38;2;111;116;121m██[38;2;66;66;66m██[38;2;214;198;247m████[38;2;142;148;151m██[38;2;66;66;66m██[38;2;172;176;179m██[38;2;111;116;121m████[38;2;172;176;179m██[38;2;142;148;151m██[38;2;7;7;7m██  
██[38;2;111;116;121m██[38;2;66;66;66m██[38;2;214;198;247m████████[38;2;66;66;66m██[38;2;172;176;179m████[38;2;111;116;121m██[38;2;172;176;179m████[38;2;142;148;151m██[38;2;7;7;7m██
██[38;2;66;66;66m██[38;2;189;132;222m██[38;2;148;82;181m██[38;2;189;132;222m██[38;2;148;82;181m██[38;2;214;198;247m██[38;2;66;66;66m██[38;2;111;116;121m████[38;2;172;176;179m██████[38;2;142;148;151m██[38;2;7;7;7m██
██[38;2;66;66;66m████[38;2;189;132;222m██[38;2;148;82;181m██[38;2;189;132;222m██[38;2;115;66;140m██[38;2;172;176;179m██████████[38;2;142;148;151m████[38;2;7;7;7m██
██[38;2;111;116;121m██[38;2;66;66;66m████[38;2;148;82;181m██[38;2;115;66;140m██[38;2;66;66;66m██[38;2;172;176;179m████[38;2;142;148;151m████████[38;2;111;116;121m██[38;2;7;7;7m██
  ██[38;2;111;116;121m████[38;2;66;66;66m████[38;2;142;148;151m████████████[38;2;111;116;121m██[38;2;7;7;7m██  
    ████[38;2;111;116;121m████████████[38;2;7;7;7m██████    
        ████████████          
[0m