                    [38;2;0;0;0m██████████                      
      ████      ████[38;2;247;166;214m██████████[38;2;0;0;0m██[38;2;0;4;0m████[38;2;0;0;0m████            
    ██[38;2;222;178;0m████[38;2;0;0;0m██████[38;2;247;166;214m████[38;2;66;65;66m██████[38;2;247;166;214m██████[38;2;239;170;214m██[38;2;80;59;71m██[38;2;247;166;214m████[38;2;0;0;0m████        
    [38;2;0;0;25m██[38;2;206;170;25m██[38;2;222;178;0m████[38;2;247;231;0m██[38;2;66;65;66m██████[38;2;222;178;0m██[38;2;244;229;0m██[38;2;195;175;22m██[38;2;74;65;66m██[38;2;244;166;214m████[38;2;247;166;214m██[38;2;193;119;169m██[38;2;66;65;66m██[38;2;247;162;214m██[38;2;247;166;214m████[38;2;0;0;0m██████  
      [38;2;103;85;25m██[38;2;244;229;0m████[38;2;247;231;0m██████[38;2;66;65;66m██[38;2;244;229;0m██[38;2;222;178;0m██[38;2;255;231;0m██[38;2;74;65;66m██[38;2;244;166;214m████[38;2;193;119;169m████[38;2;66;65;66m██[38;2;186;130;165m██[38;2;193;119;169m██[38;2;247;166;214m██[38;2;247;198;107m████[38;2;247;231;0m██[38;2;0;0;0m██
    ██[38;2;247;194;230m██[38;2;247;166;214m██[38;2;247;231;0m██[38;2;222;190;0m████[38;2;230;202;0m████[38;2;195;155;123m██[38;2;74;77;41m██[38;2;192;119;170m██[38;2;66;65;66m██[38;2;247;166;214m██[38;2;193;119;169m██████[38;2;137;88;123m██[38;2;69;50;66m██[38;2;189;117;173m██████[38;2;0;0;0m████  
  ██[38;2;247;194;230m████[38;2;247;166;214m████[38;2;228;198;170m██[38;2;230;202;255m██[38;2;247;210;239m████[38;2;255;194;165m██[38;2;195;155;123m██[38;2;66;65;66m██[38;2;192;119;170m██[38;2;193;119;169m██████[38;2;165;85;140m██[38;2;206;125;181m██[38;2;0;12;8m██[38;2;0;0;0m██████      
  ██[38;2;148;132;82m████[38;2;148;121;99m██[38;2;181;157;118m██[38;2;255;255;247m██[38;2;8;0;0m██[38;2;255;255;255m████[38;2;193;119;169m████[38;2;66;65;66m██[38;2;192;119;170m██[38;2;193;119;169m████[38;2;197;113;173m██[38;2;154;96;137m██[38;2;189;117;173m██[38;2;0;0;0m██            
██[38;2;197;174;107m██[38;2;247;239;140m████[38;2;247;227;156m██[38;2;148;121;99m██[38;2;132;128;123m██[38;2;255;255;247m██[38;2;255;255;255m████[38;2;193;119;169m██[38;2;165;85;140m██[38;2;192;119;170m████[38;2;165;85;140m██[38;2;193;119;169m██[38;2;66;61;66m██[38;2;197;113;173m██[38;2;0;0;0m██              
██[38;2;247;239;140m██████████[38;2;247;235;140m██[38;2;148;127;80m██[38;2;255;231;255m██[38;2;222;189;203m██[38;2;192;119;170m████[38;2;192;120;170m████[38;2;206;121;173m██[38;2;140;81;118m██[38;2;0;0;0m████                
  ██[38;2;247;239;140m████[38;2;148;132;82m██[38;2;247;239;140m██[38;2;197;181;110m████[38;2;156;105;99m██[38;2;189;147;151m██[38;2;66;65;66m██[38;2;192;119;170m██[38;2;192;120;170m████[38;2;206;121;173m██[38;2;8;0;8m██                    
    [38;2;0;0;0m████[38;2;197;174;107m██████[38;2;0;0;0m████[38;2;66;65;66m██[38;2;162;85;140m████[38;2;192;120;170m████[38;2;189;117;173m██[38;2;0;0;0m██                    
        ██████    ██[38;2;255;255;255m██[38;2;162;85;140m██[38;2;192;120;170m████[38;2;0;0;0m██                      
                    ████████                        
[0m