                                [38;2;0;0;0m██████                    
                        [38;2;0;4;0m████  [38;2;0;0;0m██[38;2;172;159;189m████[38;2;172;157;189m██[38;2;0;0;0m██                  
                      ██[38;2;164;141;189m██[38;2;54;49;63m██[38;2;0;0;0m██[38;2;172;157;189m██[38;2;172;159;189m████[38;2;172;157;189m██[38;2;0;0;0m██                  
                      ██[38;2;159;134;186m████[38;2;169;151;191m████[38;2;172;157;189m████[38;2;65;64;65m██[38;2;159;134;186m██[38;2;0;0;0m██                
                    ██[38;2;65;64;65m████████[38;2;169;151;191m██[38;2;172;157;189m██[38;2;160;135;189m██[38;2;159;134;186m████[38;2;0;0;0m██                
                  ██[38;2;183;168;205m████████[38;2;180;170;205m██[38;2;65;64;65m██████[38;2;164;141;189m██[38;2;0;4;0m██                  
              [38;2;0;0;0m████[38;2;180;170;205m██[38;2;183;168;205m████████[38;2;180;170;205m████████[38;2;54;49;63m██[38;2;0;4;0m██                  
            [38;2;0;0;0m██[38;2;156;137;189m██[38;2;183;168;205m████████[38;2;128;101;167m████[38;2;183;168;205m████[38;2;180;170;205m████[38;2;159;136;189m████[38;2;0;0;0m██                
            ██[38;2;156;137;189m██[38;2;183;168;205m████████[38;2;128;101;167m████[38;2;183;168;205m████[38;2;180;170;205m██[38;2;65;64;65m██[38;2;159;136;189m████[38;2;0;0;0m██                
          ██[38;2;65;64;74m██[38;2;148;134;167m████[38;2;189;170;213m██[38;2;180;170;205m████████[38;2;131;101;164m██[38;2;185;167;205m██[38;2;65;64;65m██[38;2;180;170;205m██[38;2;65;64;65m██[38;2;159;134;186m██[38;2;156;137;189m██[38;2;0;0;0m██              
  ████  ██[38;2;180;170;205m██[38;2;189;170;213m██████[38;2;65;64;74m██[38;2;65;64;65m████████[38;2;185;167;205m████[38;2;180;170;205m████[38;2;65;64;65m██[38;2;159;134;186m██[38;2;156;137;189m██[38;2;0;0;0m██              
██[38;2;131;99;169m██[38;2;117;97;139m██[38;2;8;8;8m██[38;2;180;178;191m██[38;2;65;64;65m██[38;2;65;68;57m████[38;2;180;170;205m████[38;2;183;168;205m████████[38;2;65;64;65m██████[38;2;148;134;169m██[38;2;159;134;186m████[38;2;156;137;189m██[38;2;0;0;0m██              
██[38;2;131;99;169m██[38;2;63;52;74m██[38;2;172;141;205m██[38;2;65;64;65m██[38;2;238;234;255m██[38;2;90;129;76m██[38;2;115;190;95m██[38;2;65;64;65m██[38;2;180;170;205m██[38;2;183;168;205m████████[38;2;180;170;205m████[38;2;189;170;222m██[38;2;65;64;65m████[38;2;159;134;186m██[38;2;156;137;189m██[38;2;0;0;0m██  ████        
██[38;2;131;99;169m██[38;2;65;64;65m██[38;2;131;99;169m██[38;2;65;64;65m██[38;2;76;145;54m██[38;2;76;145;57m██[38;2;120;182;106m██[38;2;65;64;65m██[38;2;131;99;169m██[38;2;160;135;189m████[38;2;183;167;205m████[38;2;183;168;205m████████[38;2;180;170;205m██[38;2;65;64;65m██[38;2;159;134;186m████[38;2;8;8;0m██[38;2;164;137;189m██[38;2;148;117;180m██[38;2;0;0;0m██      
██[38;2;131;99;169m██[38;2;65;64;65m██[38;2;131;99;169m██[38;2;65;64;65m██[38;2;76;145;54m██[38;2;120;182;106m██[38;2;76;145;57m██[38;2;65;64;65m██[38;2;131;99;169m██[38;2;131;101;164m████[38;2;161;136;189m██[38;2;183;167;205m██[38;2;183;168;205m████████[38;2;180;170;205m████[38;2;65;64;65m████[38;2;164;137;189m██[38;2;60;51;63m██[38;2;148;117;180m██[38;2;0;0;0m██      
  ██[38;2;131;99;169m██████[38;2;65;64;65m██████[38;2;128;101;167m████[38;2;131;99;169m████[38;2;131;106;161m██[38;2;164;129;205m██[38;2;183;168;205m████[38;2;180;170;205m████[38;2;65;64;65m████[38;2;160;135;189m████[38;2;156;137;189m██[38;2;128;102;167m██[38;2;131;101;164m██[38;2;0;0;0m██      
  ██[38;2;65;64;65m████[38;2;131;99;169m████████[38;2;128;101;167m████[38;2;131;99;169m██[38;2;65;64;65m██[38;2;65;60;74m██[38;2;131;106;161m██[38;2;183;168;205m████[38;2;180;170;205m██[38;2;65;64;65m██[38;2;159;134;186m████[38;2;160;135;189m██[38;2;131;101;164m██[38;2;128;102;167m████[38;2;0;0;0m██        
  ██[38;2;65;56;74m██[38;2;205;198;222m██[38;2;0;0;0m██[38;2;137;129;148m██[38;2;131;99;169m████[38;2;76;78;82m████[38;2;65;64;65m██[38;2;238;238;246m██[38;2;65;60;74m██[38;2;131;106;161m██[38;2;183;168;205m████[38;2;180;170;205m██[38;2;65;64;65m██[38;2;156;137;189m██[38;2;128;102;167m██[38;2;128;101;167m████[38;2;131;99;169m████[38;2;0;0;0m██        
  ██[38;2;135;127;148m██[38;2;65;56;74m██[38;2;205;194;222m██[38;2;68;64;74m██[38;2;65;64;65m████[38;2;230;234;246m██[38;2;0;0;0m██[38;2;238;238;246m██[38;2;65;64;65m██[38;2;131;106;161m██[38;2;164;129;205m██[38;2;183;168;205m████[38;2;180;170;205m██[38;2;65;64;65m██[38;2;128;102;167m████[38;2;128;101;167m████[38;2;131;99;169m██[38;2;0;0;0m██          
  ██[38;2;172;141;205m██[38;2;117;97;139m██[38;2;131;101;164m████[38;2;128;101;167m████[38;2;65;64;65m████[38;2;65;60;65m██[38;2;137;117;153m██[38;2;161;136;189m██[38;2;183;167;205m██[38;2;183;168;205m████[38;2;183;167;205m██[38;2;161;136;189m██[38;2;65;64;65m██[38;2;131;107;153m██[38;2;131;99;169m████[38;2;65;64;65m██[38;2;159;134;186m██[38;2;0;0;0m██        
    [38;2;8;8;8m██[38;2;63;52;74m██[38;2;160;135;189m████[38;2;128;101;167m████[38;2;131;107;153m██[38;2;164;129;197m██[38;2;172;145;197m████[38;2;183;167;205m████[38;2;183;168;205m████[38;2;161;136;189m████[38;2;164;129;197m██[38;2;65;64;65m██████[38;2;159;134;186m████[38;2;0;0;0m██        
    ██[38;2;213;210;213m██[38;2;0;0;0m██[38;2;180;170;205m██████████[38;2;135;119;152m████[38;2;65;64;65m████[38;2;65;64;74m██[38;2;164;148;150m██[38;2;159;134;186m████[38;2;159;136;189m████[38;2;160;135;189m████[38;2;156;137;189m████[38;2;0;0;0m██        
      ██  ██[38;2;65;64;65m████████[38;2;205;194;222m██[38;2;65;44;82m██[38;2;213;109;90m████[38;2;213;190;189m██[38;2;65;64;74m██[38;2;65;64;65m██[38;2;159;134;186m██[38;2;159;136;189m████[38;2;160;135;189m██[38;2;131;101;164m██[38;2;156;137;189m██[38;2;0;0;0m██          
            [38;2;0;0;8m██[38;2;213;186;189m██[38;2;213;109;90m████[38;2;74;52;57m██[38;2;178;141;117m██[38;2;213;109;90m██[38;2;219;198;161m██[38;2;230;182;180m██[38;2;175;141;145m██[38;2;180;113;180m██[38;2;60;62;71m██[38;2;65;64;65m██[38;2;164;129;197m██[38;2;164;137;189m████[38;2;0;0;0m██            
          ██[38;2;142;124;128m██[38;2;71;62;68m██[38;2;219;198;161m████[38;2;230;186;148m████[38;2;219;198;161m████[38;2;65;60;74m████[38;2;60;62;71m██[38;2;120;87;126m██[38;2;131;107;153m██[38;2;65;64;65m██[38;2;60;51;63m██[38;2;8;8;0m██              
        [38;2;0;4;0m██[38;2;131;103;164m██[38;2;65;64;65m██[38;2;102;74;139m██[38;2;65;64;65m████████████[38;2;128;101;167m████[38;2;101;76;137m██████[38;2;128;101;167m██████[38;2;0;0;0m██            
      ██[38;2;131;103;164m██[38;2;65;53;82m██[38;2;102;74;139m████[38;2;65;64;65m██[38;2;156;125;205m██[38;2;65;64;65m██[38;2;102;74;139m██████[38;2;128;101;167m██████[38;2;101;76;137m██████[38;2;128;101;167m████[38;2;131;101;164m██[38;2;0;0;0m██          
      ██[38;2;68;70;68m████[38;2;117;94;123m██[38;2;57;60;74m██[38;2;156;125;213m████[38;2;65;64;65m██[38;2;102;74;139m██[38;2;104;76;139m████[38;2;101;76;137m██[38;2;128;101;167m████[38;2;101;76;137m██[38;2;104;76;139m████[38;2;101;76;137m██[38;2;128;101;167m██[38;2;131;99;169m████[38;2;0;0;0m██        
        ██[38;2;205;210;205m██[38;2;57;60;74m██[38;2;238;161;222m██[38;2;246;165;213m██[38;2;186;138;213m██[38;2;65;64;65m████[38;2;104;76;139m████[38;2;101;76;137m██[38;2;128;101;167m██████[38;2;104;76;139m████[38;2;101;76;137m████[38;2;131;99;169m██[38;2;0;0;0m██          
        [38;2;0;12;8m██[38;2;63;48;63m██[38;2;65;64;57m██[38;2;160;151;111m██[38;2;246;165;213m████[38;2;244;165;213m████[38;2;57;60;74m██[38;2;117;94;123m██[38;2;104;86;137m██[38;2;123;97;172m██[38;2;65;64;65m████[38;2;65;60;65m██[38;2;106;89;135m██[38;2;102;74;139m██[38;2;65;64;65m████[38;2;191;118;169m██[38;2;0;0;0m████████  
      ██[38;2;189;121;172m████[38;2;65;64;57m██[38;2;255;238;164m██[38;2;175;152;93m████[38;2;244;165;213m████[38;2;238;161;222m██[38;2;57;60;74m██[38;2;65;64;65m████[38;2;156;125;205m████[38;2;148;117;205m██[38;2;65;60;65m██[38;2;65;64;65m████[38;2;191;118;169m████[38;2;156;105;172m████[38;2;123;93;180m████[38;2;0;0;0m██
      ██[38;2;191;120;169m████[38;2;191;118;169m██[38;2;65;64;65m██[38;2;255;238;180m████[38;2;178;152;93m████████████[38;2;65;64;65m██[38;2;255;255;238m██[38;2;255;242;255m██[38;2;74;60;65m██[38;2;244;165;213m████[38;2;65;64;65m██[38;2;186;129;164m██[38;2;189;121;189m██[38;2;126;82;131m██[38;2;123;93;180m██[38;2;0;0;0m██  
      ██[38;2;191;120;169m████[38;2;191;118;169m██[38;2;65;64;65m██[38;2;178;152;93m██[38;2;255;238;180m██████████[38;2;222;198;164m████[38;2;191;191;180m██[38;2;65;64;65m██[38;2;74;60;65m██[38;2;194;182;191m██[38;2;244;165;213m████[38;2;246;161;213m██[38;2;65;64;65m██[38;2;189;121;189m██[38;2;0;4;16m██[38;2;0;0;0m██    
        ██[38;2;189;117;172m██[38;2;191;118;169m████[38;2;65;68;57m██[38;2;159;117;117m██[38;2;169;156;104m██[38;2;255;234;156m██[38;2;255;234;180m██[38;2;227;206;150m██[38;2;222;198;164m████[38;2;65;64;65m██[38;2;246;161;213m██[38;2;244;165;213m████[38;2;246;165;213m████[38;2;189;121;172m██[38;2;63;48;63m██[38;2;0;0;0m██        
          ██[38;2;65;64;65m██[38;2;191;118;169m██[38;2;205;141;148m██[38;2;65;68;57m██[38;2;0;0;0m██[38;2;169;156;104m██[38;2;172;149;90m████[38;2;178;152;93m████[38;2;65;64;65m██[38;2;186;129;164m██[38;2;244;165;213m████[38;2;246;165;213m██[38;2;193;119;168m██[38;2;189;121;172m██[38;2;0;12;8m██          
        [38;2;0;0;0m██[38;2;213;210;213m████[38;2;71;70;71m██[38;2;0;0;0m████  ████[38;2;222;198;164m██████[38;2;65;52;63m██[38;2;197;125;172m██[38;2;191;120;169m████████[38;2;0;0;0m██            
          ██████          ██████[38;2;0;16;8m██[38;2;65;52;63m██[38;2;191;120;169m████████[38;2;0;0;0m██            
                                  ██[38;2;169;153;169m██[38;2;84;76;84m██[38;2;84;83;84m██[38;2;0;0;0m██              
                                    ██[38;2;255;230;255m██[38;2;255;250;255m████[38;2;0;0;0m██            
                                      ██████              
[0m