        [38;2;7;7;7m██              ██████    
      ██[38;2;189;189;196m██[38;2;7;7;7m██        ████[38;2;171;137;235m████[38;2;7;7;7m██    
      ██[38;2;161;161;181m██[38;2;53;53;59m██[38;2;7;7;7m████  ██[38;2;153;114;228m██[38;2;171;137;235m████[38;2;7;7;7m██      
    ██[38;2;161;161;181m██[38;2;153;114;228m████[38;2;215;215;223m██[38;2;189;189;196m██[38;2;7;7;7m██[38;2;153;114;228m██[38;2;126;104;168m██[38;2;153;114;228m████[38;2;7;7;7m██      
    ██[38;2;153;114;228m██[38;2;247;214;41m██[38;2;153;114;228m██[38;2;215;215;223m████[38;2;189;189;196m██[38;2;126;104;168m██[38;2;153;114;228m████[38;2;7;7;7m██        
  [38;2;7;8;7m██[38;2;153;114;228m██[38;2;247;214;41m████[38;2;215;215;223m██[38;2;126;104;168m████[38;2;189;189;196m████[38;2;53;53;59m██[38;2;7;7;7m██          
  [38;2;7;8;7m██[38;2;126;104;168m██[38;2;247;214;41m██[38;2;126;104;168m██[38;2;248;248;248m██[38;2;8;8;8m██[38;2;248;248;248m██[38;2;53;53;59m██[38;2;189;189;196m████[38;2;8;8;8m██          
  [38;2;7;8;7m██[38;2;126;104;168m██[38;2;96;81;123m██[38;2;126;104;168m████[38;2;224;63;53m██[38;2;248;248;248m██[38;2;215;215;223m██[38;2;189;189;196m████[38;2;8;8;8m██          
    [38;2;7;7;7m██[38;2;126;104;168m██████[38;2;189;189;196m████████[38;2;7;7;7m██            
      ██[38;2;96;81;123m████[38;2;126;104;168m██[38;2;189;189;196m██[38;2;161;161;181m██[38;2;7;7;7m██    ██████    
    ████[38;2;53;53;59m██[38;2;126;104;168m██[38;2;96;81;123m██████[38;2;7;7;7m██  [38;2;7;8;7m██[38;2;126;104;168m████[38;2;7;7;7m██████
  [38;2;7;8;7m██[38;2;161;161;181m████[38;2;53;53;59m██[38;2;247;214;41m██[38;2;126;104;167m██[38;2;53;53;59m██[38;2;153;114;228m██[38;2;189;189;196m██[38;2;7;7;7m██[38;2;126;104;167m██[38;2;53;53;59m████[38;2;153;114;228m████[38;2;8;7;8m██
  [38;2;7;8;7m██[38;2;126;104;168m██[38;2;53;53;59m██[38;2;126;104;168m██[38;2;197;165;33m██[38;2;126;104;167m██[38;2;189;189;196m██[38;2;53;53;59m██[38;2;189;189;196m████[38;2;53;53;60m██[38;2;126;104;168m██[38;2;153;114;228m████[38;2;7;7;7m██  
██[38;2;126;104;167m██[38;2;53;53;59m██[38;2;7;7;7m██[38;2;189;189;196m████████[38;2;53;53;59m██[38;2;153;114;228m██[38;2;189;189;196m██[38;2;53;53;60m██[38;2;153;114;228m██[38;2;126;104;168m██[38;2;53;53;59m████[38;2;7;7;7m██
██[38;2;126;104;167m██[38;2;7;7;7m██  ██[38;2;161;161;181m██[38;2;189;189;196m████[38;2;53;53;59m██[38;2;189;189;196m██[38;2;153;114;228m██[38;2;126;104;168m██[38;2;53;53;59m████[38;2;153;114;228m████[38;2;8;7;8m██
[38;2;7;7;7m████  ██[38;2;53;53;59m██[38;2;161;161;181m██[38;2;53;53;59m██[38;2;161;161;181m██[38;2;189;189;196m██[38;2;53;53;59m██[38;2;153;114;228m██[38;2;53;53;60m██[38;2;126;104;168m██[38;2;53;53;59m██[38;2;7;7;7m████  
    ██[38;2;189;189;196m██[38;2;161;161;181m████[38;2;8;8;8m██[38;2;53;53;59m██[38;2;189;189;196m██[38;2;53;53;59m██[38;2;153;114;228m██[38;2;53;53;60m██[38;2;126;104;168m██[38;2;7;7;7m██      
      ██████  ██[38;2;189;189;196m██[38;2;53;53;59m██[38;2;153;114;228m██[38;2;53;53;60m██[38;2;7;7;7m██        
            [38;2;7;8;7m██[38;2;248;248;248m██[38;2;189;189;196m████[38;2;7;7;7m████          
            [38;2;7;8;7m██[38;2;7;7;7m████[38;2;248;248;248m██[38;2;7;7;7m██            
                ████              
[0m