                      [38;2;0;0;0m██                  
                ██  ██[38;2;255;255;255m██[38;2;0;0;0m██                
              ██[38;2;255;255;255m██[38;2;0;0;0m██[38;2;255;255;255m██████[38;2;0;0;0m██              
            ██[38;2;189;189;189m██[38;2;255;255;255m██[38;2;115;115;115m██[38;2;255;255;255m████[38;2;115;115;115m██[38;2;255;255;255m██[38;2;0;0;0m██            
            ██[38;2;255;255;255m██[38;2;115;115;115m██[38;2;255;255;255m██████[38;2;115;115;115m██[38;2;255;255;255m██[38;2;0;0;0m██            
          ██[38;2;255;255;255m████[38;2;115;115;115m██[38;2;255;255;255m████[38;2;115;115;115m██[38;2;255;255;255m██████[38;2;0;0;0m██          
        ██[38;2;255;255;255m██[38;2;189;189;189m██[38;2;255;255;255m████████[38;2;115;115;115m██[38;2;255;255;255m██████[38;2;0;0;0m██          
      ██[38;2;255;255;255m████[38;2;189;189;189m██[38;2;255;255;255m██████████████████[38;2;0;0;0m██        
        ██[38;2;189;189;189m██[38;2;255;255;255m████[38;2;189;189;189m██[38;2;255;255;255m██████████[38;2;189;189;189m██[38;2;255;255;255m██[38;2;0;0;0m██        
          ██[38;2;255;255;255m████[38;2;189;189;189m██[38;2;255;255;255m██████[38;2;189;189;189m██[38;2;255;255;255m██[38;2;189;189;189m██[38;2;255;255;255m████[38;2;0;0;0m██      
        ██[38;2;214;214;214m██[38;2;115;115;115m████[38;2;189;189;189m██[38;2;255;255;255m██████[38;2;189;189;189m██[38;2;255;255;255m██[38;2;115;115;115m██[38;2;0;0;0m████        
      ██[38;2;214;214;214m██[38;2;65;65;65m██[38;2;255;255;255m████[38;2;115;115;115m████[38;2;90;181;140m██[38;2;115;115;115m██████[38;2;255;255;255m██[38;2;0;0;0m██          
  ████[38;2;58;132;115m██[38;2;214;214;214m██[38;2;65;65;65m██[38;2;255;255;255m████████[38;2;0;0;0m██[38;2;255;255;255m██████████[38;2;0;0;0m██        
██[38;2;58;132;115m██████[38;2;65;65;65m██[38;2;181;156;115m██[38;2;255;255;255m██[38;2;181;156;115m██[38;2;255;255;255m██████████[38;2;65;65;65m██[38;2;255;255;255m██████[38;2;0;0;0m██      
  ██[38;2;58;132;115m██[38;2;0;0;0m████[38;2;181;156;115m████████[38;2;255;255;255m██[38;2;181;156;115m████[38;2;255;255;255m████[38;2;65;65;65m██[38;2;90;181;140m██[38;2;255;255;255m██[38;2;90;181;140m██[38;2;0;0;0m██    
  ████    ██[38;2;181;156;115m████████████████[38;2;65;65;65m██[38;2;90;181;140m████████[38;2;0;0;0m████
        ██[38;2;140;123;82m██[38;2;65;65;65m██[38;2;140;123;82m██[38;2;181;156;115m████[38;2;65;65;65m██████[38;2;181;156;115m██[38;2;0;0;0m██[38;2;65;65;65m██[38;2;90;181;140m████████[38;2;0;0;0m██
          ████████[38;2;65;65;65m██[38;2;140;123;82m████[38;2;181;156;115m██[38;2;0;0;0m██  ██[38;2;90;181;140m██[38;2;58;132;115m██[38;2;90;181;140m██[38;2;65;65;65m██  
                  [38;2;0;0;0m████[38;2;181;156;115m██[38;2;140;123;82m██[38;2;181;156;115m██[38;2;0;0;0m████[38;2;90;181;140m██[38;2;65;65;65m██[38;2;0;0;0m████  
                      ████████  ████      
[0m