            [38;2;0;0;0m████████            
        ████[38;2;181;165;132m████████[38;2;0;0;0m████        
      ██[38;2;65;65;65m██[38;2;181;165;132m██████████[38;2;189;189;189m██[38;2;148;148;148m██[38;2;0;0;0m██      
      ██[38;2;107;107;107m████[38;2;181;165;132m████[38;2;107;107;107m████[38;2;65;65;65m██[38;2;189;189;189m██[38;2;0;0;0m██      
    ██[38;2;181;165;132m██[38;2;107;107;107m████[38;2;65;65;65m██[38;2;107;107;107m████████[38;2;65;65;65m██[38;2;148;148;148m██[38;2;0;0;0m██    
    ██[38;2;181;165;132m██[38;2;107;107;107m██[38;2;65;65;65m██[38;2;107;107;107m████[38;2;255;255;255m██[38;2;107;107;107m████[38;2;65;65;65m██[38;2;148;148;148m██[38;2;0;0;0m██    
    ██[38;2;107;107;107m████[38;2;65;65;65m██[38;2;107;107;107m██[38;2;181;165;132m██[38;2;0;0;0m██[38;2;181;165;132m██[38;2;107;107;107m██[38;2;65;65;65m██[38;2;148;148;148m██[38;2;0;0;0m██    
████[38;2;65;65;65m██[38;2;107;107;107m██[38;2;65;65;65m████[38;2;107;107;107m██[38;2;181;165;132m██[38;2;0;0;0m██[38;2;181;165;132m██[38;2;107;107;107m██[38;2;65;65;65m██[38;2;148;148;148m██[38;2;0;0;0m██    
██[38;2;255;255;255m██[38;2;230;0;0m██[38;2;65;65;65m████[38;2;255;255;255m██[38;2;65;65;65m██[38;2;107;107;107m██[38;2;181;165;132m██[38;2;65;65;65m████[38;2;189;189;189m██[38;2;65;65;65m██[38;2;0;0;0m████  
  ██[38;2;230;0;0m██[38;2;255;255;255m██[38;2;107;107;107m██[38;2;255;255;255m██[38;2;189;189;189m██[38;2;65;65;65m████[38;2;255;255;255m██[38;2;107;107;107m██[38;2;189;189;189m██████[38;2;0;0;0m██  
  ██[38;2;255;255;255m██████████[38;2;107;107;107m██[38;2;255;255;255m██████[38;2;189;189;189m████[38;2;0;0;0m██    
  ██[38;2;255;255;255m██[38;2;0;0;0m████[38;2;255;255;255m██████████[38;2;230;0;0m████[38;2;189;189;189m██[38;2;0;0;0m██    
██[38;2;255;255;255m████[38;2;0;0;0m████[38;2;255;255;255m██[38;2;214;165;74m████[38;2;255;255;255m████[38;2;230;0;0m████[38;2;189;189;189m████[38;2;0;0;0m██  
████[38;2;65;65;65m██[38;2;255;255;255m██████[38;2;214;165;74m████[38;2;255;255;255m██████[38;2;189;189;189m████████[38;2;0;0;0m██
    ██[38;2;255;255;255m██[38;2;0;0;0m████[38;2;255;255;255m██████[38;2;189;189;189m██[38;2;0;0;0m██[38;2;255;255;255m██[38;2;107;107;107m██[38;2;0;0;0m████  
    ████    ██[38;2;255;255;255m██[38;2;0;0;0m████  ████      
              ██                
[0m