                    [38;2;0;0;0m██████          
        ████    ████[38;2;90;107;140m██████[38;2;0;0;0m████      
    ██████[38;2;255;255;255m██[38;2;0;0;0m████[38;2;90;107;140m████[38;2;148;247;74m██████[38;2;90;107;140m████[38;2;0;0;0m██    
  ██[38;2;206;140;25m██[38;2;0;0;0m████[38;2;255;255;255m██[38;2;189;189;189m██[38;2;65;65;65m██[38;2;148;247;74m██████████████[38;2;90;107;140m██[38;2;0;0;0m██  
██[38;2;90;107;140m██[38;2;0;0;0m██[38;2;255;255;255m██[38;2;65;65;65m██[38;2;189;189;189m██[38;2;255;255;255m██[38;2;82;156;41m████[38;2;148;247;74m██████[38;2;90;107;140m████[38;2;148;247;74m██[38;2;99;197;82m██[38;2;0;0;0m██  
██[38;2;206;140;25m██[38;2;0;0;0m██[38;2;65;65;65m██[38;2;82;156;41m██[38;2;65;65;65m████[38;2;148;247;74m████[38;2;65;65;65m██[38;2;148;247;74m████[38;2;90;107;140m████[38;2;148;247;74m██[38;2;65;65;65m██[38;2;0;0;0m██  
  ██[38;2;65;65;65m██[38;2;0;0;0m██[38;2;148;247;74m██████████[38;2;99;197;82m██[38;2;65;65;65m██[38;2;148;247;74m██[38;2;99;197;82m████[38;2;65;65;65m██[38;2;206;140;25m██[38;2;90;107;140m██[38;2;0;0;0m██
██[38;2;230;74;41m████[38;2;148;247;74m████████[38;2;0;0;0m████[38;2;148;247;74m██[38;2;65;65;65m████[38;2;99;197;82m██[38;2;65;65;65m████[38;2;90;107;140m████[38;2;0;0;0m██
██[38;2;230;74;41m██[38;2;0;0;0m██[38;2;148;247;74m██████[38;2;0;0;0m██[38;2;255;255;255m██[38;2;65;65;65m██[38;2;0;0;0m██[38;2;82;156;41m██[38;2;65;65;65m████[38;2;255;197;41m██[38;2;90;107;140m██[38;2;65;65;65m██[38;2;206;140;25m██[38;2;0;0;0m██
  ████[38;2;82;156;41m██[38;2;148;247;74m██[38;2;99;197;82m██[38;2;0;0;0m██[38;2;65;65;65m████[38;2;0;0;0m██[38;2;82;156;41m██[38;2;255;197;41m██[38;2;206;140;25m██[38;2;0;0;0m██[38;2;90;107;140m██[38;2;206;140;25m██[38;2;0;0;0m████
      ████[38;2;65;65;65m██[38;2;230;74;41m██[38;2;0;0;0m████[38;2;82;156;41m██[38;2;0;0;0m██[38;2;255;197;41m██[38;2;90;107;140m██[38;2;0;0;0m████[38;2;255;197;41m██[38;2;0;0;0m██  
        ██[38;2;230;74;41m████[38;2;181;41;16m██[38;2;0;0;0m████  ██[38;2;90;107;140m██[38;2;0;0;0m██  ████  
          ██████      ██[38;2;255;197;41m██[38;2;0;0;0m██        
                      ████          
[0m