            [38;2;0;0;0m██████          
          ██[38;2;255;181;165m██████[38;2;0;0;0m██        
        ██[38;2;255;181;165m██[38;2;255;255;255m████[38;2;255;181;165m████[38;2;0;0;0m██      
        ██[38;2;255;181;165m██[38;2;255;255;255m████[38;2;239;132;148m██[38;2;255;181;165m██[38;2;0;0;0m██      
        ██[38;2;255;181;165m████[38;2;239;132;148m████[38;2;255;181;165m██[38;2;0;0;0m██      
      ██[38;2;148;148;132m██[38;2;65;65;65m██[38;2;255;181;165m██████[38;2;65;65;65m██[38;2;189;189;189m██[38;2;0;0;0m██    
      ██[38;2;189;189;189m████[38;2;65;65;65m██████[38;2;189;189;189m████[38;2;0;0;0m██    
  ████[38;2;189;189;189m████████[38;2;255;255;255m██[38;2;148;148;132m██[38;2;189;189;189m██████[38;2;0;0;0m██  
██[38;2;148;148;132m██[38;2;65;65;65m██████[38;2;189;189;189m████[38;2;0;0;0m██[38;2;189;189;189m████████[38;2;0;0;0m██  
██[38;2;65;65;65m██[38;2;148;148;132m██[38;2;189;189;189m████[38;2;65;65;65m████[38;2;189;189;189m██[38;2;255;181;165m████[38;2;189;189;189m██[38;2;65;65;65m██[38;2;148;148;132m██[38;2;0;0;0m██
  ██[38;2;189;189;189m████[38;2;65;65;65m██[38;2;189;189;189m████[38;2;65;65;65m██[38;2;189;189;189m████████[38;2;65;65;65m██[38;2;0;0;0m██
  ██[38;2;65;65;65m██[38;2;189;189;189m██[38;2;148;148;132m██[38;2;189;189;189m██[38;2;148;148;132m██[38;2;65;65;65m██[38;2;189;189;189m██████████[38;2;0;0;0m██
  ██[38;2;148;148;132m██[38;2;65;65;65m████████[38;2;189;189;189m████[38;2;148;148;132m██[38;2;65;65;65m██[38;2;189;189;189m████[38;2;0;0;0m██
    ██[38;2;148;148;132m████████████████[38;2;65;65;65m██[38;2;0;0;0m██  
      ██[38;2;65;65;65m██[38;2;148;148;132m██████████[38;2;65;65;65m██[38;2;0;0;0m██    
      ██[38;2;148;148;132m██[38;2;65;65;65m██████████[38;2;148;148;132m██[38;2;0;0;0m██    
        ██[38;2;148;148;132m██[38;2;189;189;189m████[38;2;148;148;132m████[38;2;0;0;0m██      
          ██[38;2;65;65;65m██████[38;2;0;0;0m██        
            ██[38;2;148;148;132m██[38;2;0;0;0m██          
            ████            
[0m