                          [38;2;0;0;0m██████                                                              
                        ██[38;2;222;223;247m██[38;2;239;239;247m██[38;2;82;85;115m██[38;2;0;0;0m██      ████                                                  
                      ██[38;2;222;223;247m████[38;2;134;136;159m██[38;2;82;85;115m██[38;2;86;85;115m██[38;2;0;0;0m██  ██[38;2;239;239;247m████[38;2;0;0;0m██                                                
                ██████[38;2;214;215;247m████[38;2;123;134;165m██[38;2;82;85;115m████[38;2;214;215;247m████[38;2;0;0;0m██[38;2;214;215;247m████[38;2;123;134;165m██[38;2;164;159;164m██[38;2;0;0;0m██                                              
            ████[38;2;214;215;247m████████[38;2;123;134;165m██[38;2;214;215;247m████████[38;2;82;69;66m██[38;2;214;215;247m██████[38;2;123;134;165m██[38;2;164;159;164m██[38;2;0;0;0m██                                              
          ██[38;2;222;215;239m████[38;2;214;215;247m██[38;2;123;134;165m██████[38;2;214;215;247m██[38;2;123;134;165m████████[38;2;214;215;247m██████[38;2;123;134;165m██[38;2;161;158;165m██[38;2;164;159;164m██[38;2;0;0;0m██                                              
        ██[38;2;173;178;189m██[38;2;172;176;197m██[38;2;123;138;156m██[38;2;123;134;165m██[38;2;214;215;247m██████[38;2;123;134;165m██[38;2;214;215;247m████████████[38;2;175;179;192m██[38;2;161;158;165m████[38;2;164;159;164m██[38;2;0;0;0m██    ██████                                    
        [38;2;0;4;8m██[38;2;181;182;198m██[38;2;123;134;165m████[38;2;239;239;247m████[38;2;123;135;164m████[38;2;239;239;247m████[38;2;214;215;247m████[38;2;123;134;165m████[38;2;165;158;165m████[38;2;162;159;165m████████[38;2;0;0;0m████[38;2;123;137;161m██[38;2;222;219;239m██[38;2;214;215;247m██[38;2;0;0;0m████                                
      ██[38;2;181;182;198m██[38;2;120;122;134m██[38;2;123;134;165m██[38;2;239;239;247m████[38;2;123;133;164m██[38;2;231;227;247m████[38;2;239;239;247m██[38;2;218;214;243m██[38;2;66;65;66m████████[38;2;86;85;115m██[38;2;165;158;165m██[38;2;162;159;165m████████[38;2;60;60;63m██[38;2;181;182;189m██[38;2;172;178;200m██[38;2;123;137;161m██[38;2;214;215;247m██████[38;2;0;0;0m██                    ████      
      ██[38;2;198;199;222m██[38;2;132;132;150m██[38;2;239;239;247m████[38;2;123;137;161m██[38;2;222;219;239m██[38;2;214;215;247m████[38;2;239;235;247m██[38;2;66;65;66m██[38;2;255;255;255m██[38;2;66;69;82m██[38;2;66;65;66m████[38;2;165;158;165m██[38;2;86;85;115m████[38;2;165;158;165m██[38;2;162;159;165m████[38;2;164;159;164m██[38;2;66;65;66m████[38;2;170;170;176m██[38;2;123;134;165m████[38;2;137;140;154m██[38;2;66;65;66m██[38;2;0;0;0m████            ████[38;2;176;180;192m████[38;2;0;0;0m██    
        [38;2;0;0;8m██[38;2;198;199;222m██[38;2;239;239;247m██[38;2;218;214;243m██[38;2;123;137;161m██[38;2;172;178;200m██[38;2;214;215;247m██[38;2;66;65;66m████[38;2;239;235;247m██[38;2;255;255;255m██[38;2;129;131;139m██[38;2;66;65;66m██[38;2;123;134;165m██[38;2;165;158;165m██████[38;2;86;85;115m██[38;2;162;159;165m████[38;2;164;159;164m████[38;2;170;170;176m██[38;2;66;65;66m██[38;2;177;180;189m████[38;2;173;178;198m██[38;2;66;65;66m██[38;2;214;215;247m████[38;2;0;0;0m████  ██████[38;2;206;211;247m██[38;2;137;140;164m██[38;2;176;180;192m████[38;2;0;0;0m██    
      ██[38;2;217;215;244m████[38;2;214;215;247m██[38;2;123;134;165m██[38;2;177;180;189m████[38;2;71;71;79m██[38;2;0;0;0m██[38;2;139;111;120m██[38;2;255;239;247m██[38;2;239;235;247m██[38;2;66;65;66m██[38;2;57;60;74m██[38;2;156;162;181m██[38;2;162;159;165m████[38;2;170;169;192m██[38;2;126;127;153m██[38;2;214;215;247m██[38;2;123;134;165m██[38;2;126;127;153m██[38;2;170;169;192m██[38;2;85;85;115m██[38;2;66;65;66m██[38;2;181;178;181m██[38;2;123;134;165m████[38;2;181;178;181m██[38;2;66;65;66m██[38;2;214;215;247m██████[38;2;0;0;0m██[38;2;214;215;247m██████[38;2;120;122;134m██[38;2;181;182;198m██[38;2;123;134;165m██[38;2;0;0;0m██      
    ██[38;2;123;134;165m██[38;2;217;215;244m████[38;2;214;215;247m████[38;2;123;134;165m████[38;2;214;215;239m██[38;2;71;71;79m██[38;2;82;48;57m████[38;2;66;65;66m██[38;2;239;235;247m██[38;2;123;128;145m██[38;2;90;94;109m██[38;2;162;159;165m████[38;2;82;85;115m██[38;2;214;211;231m██[38;2;214;215;247m████[38;2;214;211;231m██[38;2;82;85;115m██[38;2;85;85;115m██[38;2;66;65;66m██[38;2;123;134;165m██[38;2;161;163;175m████[38;2;123;134;165m██[38;2;66;65;66m██[38;2;214;215;247m████[38;2;123;134;165m██[38;2;214;215;247m████[38;2;123;134;165m████[38;2;181;182;198m██[38;2;0;4;8m██[38;2;0;0;0m██        
  ██[38;2;177;180;189m██[38;2;123;134;165m████[38;2;211;214;225m██[38;2;214;215;247m██████████[38;2;123;134;165m████[38;2;214;215;247m████[38;2;123;134;165m██[38;2;217;215;244m████[38;2;82;85;115m████[38;2;217;215;244m████[38;2;214;215;247m████[38;2;214;219;247m██[38;2;82;89;123m██[38;2;96;92;107m██[38;2;66;60;74m██[38;2;161;158;165m████[38;2;164;159;164m██[38;2;66;65;66m██[38;2;217;215;244m████[38;2;214;215;247m██[38;2;126;131;159m██[38;2;123;134;165m████[38;2;173;178;189m████[38;2;0;0;0m██            
██[38;2;173;178;189m██[38;2;177;180;189m██[38;2;123;134;165m██[38;2;255;255;255m██[38;2;123;134;165m████████████[38;2;214;215;247m████[38;2;123;134;165m██████[38;2;217;215;244m████[38;2;214;219;247m██[38;2;126;129;159m██[38;2;217;215;244m████[38;2;123;134;165m████[38;2;126;132;164m████[38;2;66;60;74m██[38;2;156;158;173m██[38;2;123;134;165m██[38;2;161;158;165m██[38;2;164;159;164m██[38;2;66;65;66m██[38;2;217;215;244m████[38;2;214;215;247m██[38;2;82;89;115m██[38;2;177;180;189m████[38;2;173;178;189m██[38;2;0;0;0m██              
[38;2;0;4;0m██[38;2;154;155;170m██[38;2;217;215;244m████[38;2;123;134;165m██[38;2;247;247;255m██[38;2;167;177;195m██[38;2;255;255;255m██[38;2;167;177;195m██[38;2;255;255;255m██[38;2;123;134;165m██[38;2;214;215;247m██[38;2;217;215;244m████[38;2;123;134;165m██[38;2;214;215;247m██[38;2;217;215;244m████[38;2;214;215;247m████[38;2;222;215;239m██[38;2;123;134;156m██[38;2;164;159;164m████[38;2;165;158;165m██[38;2;0;0;0m██[38;2;164;159;164m██████[38;2;66;65;66m████[38;2;164;159;164m██[38;2;123;134;156m██[38;2;222;215;239m██[38;2;123;134;165m██[38;2;177;180;189m██[38;2;82;85;115m██[38;2;175;179;192m██[38;2;123;134;165m██[38;2;0;0;0m██              
[38;2;0;4;0m██[38;2;231;231;255m██[38;2;217;215;244m████[38;2;247;247;255m██[38;2;123;134;165m██[38;2;123;138;165m████████[38;2;214;215;247m████[38;2;217;215;244m████[38;2;214;215;247m████[38;2;217;215;244m████[38;2;214;215;247m██[38;2;123;134;165m██[38;2;123;134;156m██[38;2;156;161;183m██[38;2;0;0;0m██████  ████[38;2;66;65;66m██[38;2;164;159;164m██████[38;2;156;161;183m██[38;2;123;134;156m██[38;2;177;180;189m██[38;2;123;134;165m██[38;2;175;179;192m██[38;2;82;85;115m██[38;2;0;0;0m██                
  ██[38;2;231;227;231m████[38;2;238;240;247m████[38;2;239;239;247m██[38;2;218;214;243m██[38;2;217;215;244m████[38;2;214;215;247m████████[38;2;214;215;239m████[38;2;123;134;165m████[38;2;164;159;164m████[38;2;165;162;165m██[38;2;0;4;0m██            [38;2;0;0;0m██[38;2;148;151;164m██[38;2;162;159;165m████[38;2;161;158;165m██[38;2;123;134;165m████[38;2;177;180;189m██[38;2;123;134;165m██[38;2;177;180;189m██[38;2;71;71;79m██[38;2;0;0;0m██              
    [38;2;0;8;8m██[38;2;115;117;119m██[38;2;238;240;247m████[38;2;239;239;247m██[38;2;218;214;243m██[38;2;217;215;244m████[38;2;214;215;247m██[38;2;123;134;165m██████[38;2;123;134;156m██[38;2;153;161;183m██[38;2;161;158;165m████[38;2;164;159;164m██[38;2;66;65;66m██[38;2;55;56;55m██[38;2;0;4;0m██        [38;2;0;0;0m████[38;2;148;151;164m████[38;2;162;159;165m████[38;2;161;158;165m██[38;2;123;134;165m██[38;2;177;180;189m██[38;2;123;134;165m██[38;2;177;180;189m██[38;2;123;134;165m██[38;2;71;71;79m██[38;2;214;215;239m██[38;2;0;0;0m██            
      ██[38;2;123;134;165m██████████████[38;2;161;158;165m██[38;2;164;159;164m████████[38;2;165;162;165m██[38;2;55;56;55m██[38;2;0;0;0m██████        ██[38;2;123;134;165m██████[38;2;82;89;110m██[38;2;164;159;164m████[38;2;161;163;175m██[38;2;123;134;165m██[38;2;137;140;154m██[38;2;173;178;198m██[38;2;120;128;164m██[38;2;66;60;66m██[38;2;214;215;247m██████[38;2;0;0;0m██          
        ████████[38;2;161;158;165m████████[38;2;164;159;164m██[38;2;0;0;0m██████[38;2;0;4;0m████                [38;2;0;0;0m██████████[38;2;164;159;164m██[38;2;123;134;165m██[38;2;181;178;181m██[38;2;173;178;198m██[38;2;66;65;66m██[38;2;66;60;66m██[38;2;93;94;115m██[38;2;123;134;165m██[38;2;214;215;247m████[38;2;0;0;0m██          
                ██████████                                    ████[38;2;66;65;66m██[38;2;66;65;74m██[38;2;123;134;165m██[38;2;86;85;115m██[38;2;165;158;165m██[38;2;161;158;165m██[38;2;123;134;165m██[38;2;214;215;247m██[38;2;0;0;0m██          
                                                                  ██[38;2;123;134;165m██[38;2;85;88;104m██[38;2;86;85;115m██[38;2;165;158;165m██[38;2;161;158;165m████[38;2;0;0;0m██            
                                                                  ██[38;2;123;134;165m██████[38;2;85;84;115m██[38;2;164;162;181m██[38;2;66;65;66m██[38;2;0;0;0m██            
                                                            ██████[38;2;86;85;115m██[38;2;66;65;66m██[38;2;123;134;165m████[38;2;85;84;115m██[38;2;66;65;66m██[38;2;214;211;239m██[38;2;214;215;247m██[38;2;0;0;0m██          
                                                          ██[38;2;86;85;115m████[38;2;85;84;115m████[38;2;123;134;165m██[38;2;66;65;74m██[38;2;66;65;66m████[38;2;214;215;247m████████[38;2;0;0;0m██        
                                                            ████[38;2;85;84;115m██[38;2;123;134;165m████[38;2;85;88;104m██[38;2;164;159;164m████[38;2;164;158;164m██[38;2;214;215;247m██[38;2;123;134;165m████[38;2;0;0;0m██        
                                                                ██[38;2;123;134;165m██[38;2;123;135;165m████[38;2;86;85;115m██[38;2;165;158;165m██[38;2;156;158;173m██[38;2;131;133;153m██[38;2;217;215;244m████[38;2;142;143;164m██[38;2;0;0;0m██      
                                          ██████                ██[38;2;123;134;165m██[38;2;123;135;165m████[38;2;86;85;115m████[38;2;82;85;115m████[38;2;217;215;244m████[38;2;214;215;247m████[38;2;0;0;0m████  
                                          ██[38;2;123;135;165m████[38;2;0;0;0m████              ██[38;2;123;134;165m██[38;2;84;92;112m██[38;2;161;158;165m██[38;2;123;134;165m██[38;2;161;158;165m██[38;2;123;134;165m██[38;2;86;85;115m██[38;2;0;0;0m████[38;2;214;215;247m██████[38;2;0;0;0m██
                                          ██[38;2;123;135;165m████[38;2;123;134;165m██[38;2;82;89;110m██[38;2;0;0;0m██              [38;2;8;8;8m██[38;2;46;50;60m██[38;2;123;134;165m██[38;2;161;158;165m██[38;2;123;134;165m██[38;2;161;158;165m██[38;2;0;0;0m██    ██████  
                                            ██[38;2;123;134;165m██[38;2;85;85;115m████[38;2;66;65;66m██        [38;2;0;0;0m██  ██[38;2;162;159;165m████[38;2;66;60;66m████[38;2;63;67;79m██[38;2;0;0;0m██              
                                            ██[38;2;82;89;110m██[38;2;85;85;115m████[38;2;66;65;66m██[38;2;0;0;0m████  ██[38;2;86;85;115m██[38;2;0;0;0m██[38;2;66;65;66m██[38;2;162;159;165m████[38;2;93;94;115m██[38;2;120;128;164m██[38;2;126;135;159m██[38;2;0;0;0m██              
                                              ████[38;2;66;65;66m██[38;2;85;85;115m████[38;2;90;89;115m██[38;2;0;4;0m██[38;2;66;65;74m██[38;2;85;88;107m██[38;2;123;134;165m██[38;2;66;65;74m██[38;2;156;162;181m██[38;2;90;94;109m██[38;2;82;89;110m██[38;2;123;134;165m████[38;2;0;0;0m██              
                                                  ██[38;2;85;85;115m████[38;2;90;89;115m██[38;2;60;60;76m██[38;2;85;88;107m██[38;2;123;134;173m██[38;2;123;134;165m██[38;2;85;88;104m██[38;2;57;60;74m██[38;2;123;128;145m██[38;2;123;134;165m██[38;2;0;0;0m████                
                                                  ██[38;2;86;85;115m██████[38;2;0;0;0m██[38;2;82;89;110m██[38;2;123;134;165m██[38;2;85;84;115m████[38;2;86;85;115m██[38;2;0;0;0m████                    
                                                    ██████  ██[38;2;82;89;110m██[38;2;85;84;115m██[38;2;123;134;165m██[38;2;0;0;0m██                        
                                                              ████[38;2;123;134;165m██[38;2;0;0;0m██                        
                                                                  ██                          
[0m