                                [38;2;0;0;0m████                                                
                            ████[38;2;238;234;246m████[38;2;0;0;0m██                                              
                          ██[38;2;238;234;246m████████[38;2;0;0;0m██    ████                                      
                        ██[38;2;235;234;246m████████[38;2;238;234;246m██[38;2;65;64;65m██[38;2;0;0;0m████[38;2;235;234;246m████[38;2;0;0;0m██                                    
                      ██[38;2;238;234;246m██[38;2;235;234;246m████████[38;2;238;234;246m██[38;2;65;64;65m██[38;2;238;234;246m████[38;2;235;234;246m████[38;2;0;0;0m██                                    
          ████        ██[38;2;238;234;246m██[38;2;235;234;246m████████[38;2;65;64;65m██[38;2;238;234;246m██[38;2;235;234;246m████[38;2;238;234;246m████[38;2;0;0;0m██                                    
          ██[38;2;115;105;180m██[38;2;0;0;0m██    ██[38;2;238;234;246m████[38;2;235;234;246m████████[38;2;65;64;65m██[38;2;238;234;246m██[38;2;235;234;246m████[38;2;238;234;246m██[38;2;0;0;0m██  ████                                
          ██[38;2;115;105;180m██[38;2;123;105;197m██[38;2;0;4;8m██  [38;2;0;0;0m██[38;2;238;238;246m████[38;2;238;234;246m██████[38;2;180;174;172m██[38;2;238;234;246m████████[38;2;180;175;180m██[38;2;65;64;65m██[38;2;0;0;0m██[38;2;180;174;172m████[38;2;0;0;0m██                              
            ██[38;2;123;105;197m██[38;2;82;71;134m██[38;2;0;0;0m██  [38;2;8;4;0m██[38;2;161;160;164m██[38;2;180;174;172m██[38;2;238;234;246m████████[38;2;65;64;65m████[38;2;238;234;246m██[38;2;65;64;65m██[38;2;238;230;238m██[38;2;180;174;172m██████[38;2;0;0;0m██                              
            ██[38;2;93;80;159m████[38;2;95;83;153m██[38;2;8;8;0m██[38;2;112;198;246m████[38;2;106;198;246m██[38;2;65;64;65m██[38;2;49;68;74m██[38;2;222;238;255m██[38;2;57;68;74m██[38;2;106;198;255m██[38;2;65;64;65m██[38;2;180;175;180m██[38;2;238;234;246m██[38;2;180;174;172m██[38;2;238;234;246m██[38;2;180;174;172m████[38;2;0;4;8m██                              
              [38;2;0;0;0m██[38;2;93;80;159m██[38;2;95;83;153m██[38;2;52;45;76m██[38;2;112;198;246m████[38;2;106;198;246m████[38;2;106;125;134m██[38;2;49;68;74m██[38;2;106;198;255m██[38;2;82;133;164m██[38;2;65;64;65m██[38;2;238;230;238m██[38;2;180;174;172m██[38;2;238;234;246m██[38;2;180;174;172m████[38;2;60;60;63m████[38;2;0;0;0m████                          
            ██[38;2;65;64;65m██████[38;2;106;198;246m██[38;2;167;182;159m██[38;2;57;68;82m██[38;2;57;133;180m██[38;2;123;168;175m██[38;2;65;64;65m██[38;2;255;255;255m██[38;2;65;64;65m██[38;2;87;151;180m██[38;2;65;64;65m██[38;2;0;0;0m██[38;2;246;242;255m██[38;2;164;161;169m██[38;2;65;64;65m██[38;2;180;174;172m██[38;2;65;64;65m██[38;2;180;174;172m██████[38;2;0;0;0m██                        
          ██[38;2;180;174;172m██[38;2;65;64;65m██[38;2;106;198;246m██████[38;2;57;68;82m██[38;2;222;238;197m██[38;2;255;238;164m██[38;2;57;133;180m██[38;2;65;64;65m██[38;2;255;255;255m██[38;2;65;64;65m██[38;2;98;194;238m██[38;2;0;0;0m██  ████[38;2;180;174;172m████████[38;2;65;64;65m██[38;2;180;174;172m██[38;2;0;0;0m██                        
          [38;2;0;4;0m██[38;2;180;174;172m██[38;2;57;64;65m██[38;2;61;105;123m██[38;2;106;198;246m██[38;2;57;64;65m██[38;2;255;255;238m██[38;2;189;170;98m██[38;2;194;192;172m██[38;2;74;68;57m██[38;2;255;255;255m████[38;2;65;64;65m██[38;2;0;0;0m██        ██[38;2;164;161;169m██[38;2;0;0;0m████[38;2;180;174;172m██[38;2;0;0;0m██                          
        ██[38;2;180;174;172m██[38;2;60;60;57m██[38;2;61;105;123m██[38;2;65;145;180m██[38;2;74;109;126m██[38;2;57;64;65m██[38;2;189;170;98m██[38;2;222;212;168m██[38;2;74;68;57m██[38;2;255;255;230m██[38;2;255;255;255m██[38;2;234;234;246m██[38;2;65;64;65m████[38;2;0;0;0m██    ██[38;2;246;242;255m██[38;2;0;0;0m██    ██                            
        ██[38;2;186;182;186m██[38;2;65;60;65m██[38;2;255;255;255m██[38;2;65;64;65m██[38;2;98;194;238m██[38;2;87;151;180m██[38;2;194;192;172m██[38;2;74;68;57m██[38;2;255;255;255m████[38;2;238;242;246m██[38;2;65;64;65m██[38;2;238;234;246m████[38;2;230;230;246m██[38;2;0;0;0m████[38;2;238;234;246m██[38;2;0;0;0m██                    ████            
        ██[38;2;246;242;246m████[38;2;255;255;255m████[38;2;65;64;65m████[38;2;74;68;57m██[38;2;255;255;230m██[38;2;255;255;255m██[38;2;234;234;246m██[38;2;238;242;246m████[38;2;238;234;246m██[38;2;65;64;65m██[38;2;76;76;82m██[38;2;230;230;246m██[38;2;238;234;246m██[38;2;0;0;0m██      ██        ██████[38;2;74;82;78m██[38;2;0;0;0m██            
          ██[38;2;246;242;255m██[38;2;238;234;246m████[38;2;246;246;255m████[38;2;238;242;246m████[38;2;65;64;65m████[38;2;238;234;246m████[38;2;74;56;74m██[38;2;74;107;145m██[38;2;82;133;164m██[38;2;57;68;74m██[38;2;65;64;65m██[38;2;120;105;186m██[38;2;0;0;0m██  ██[38;2;74;80;82m██[38;2;0;0;0m██    ██[38;2;74;82;79m████[38;2;71;78;76m██[38;2;0;0;0m██              
          ██[38;2;246;242;255m██[38;2;65;64;65m██████[38;2;246;246;255m██[38;2;238;242;246m██[38;2;65;64;65m██[38;2;71;143;175m████[38;2;65;64;65m████[38;2;74;133;180m████[38;2;106;198;255m████[38;2;120;105;186m████[38;2;115;105;180m██[38;2;0;0;0m██[38;2;74;80;82m██[38;2;49;53;54m██[38;2;0;0;0m██  ██[38;2;74;82;78m██[38;2;74;82;79m████[38;2;106;117;115m██[38;2;71;78;76m██[38;2;0;0;0m██            
            ██[38;2;238;234;246m██[38;2;0;0;0m██[38;2;82;141;164m██[38;2;45;70;82m██[38;2;238;234;246m██[38;2;65;64;65m██[38;2;68;143;175m██[38;2;63;103;120m██[38;2;71;143;175m████[38;2;86;131;176m████[38;2;106;198;246m████████[38;2;117;103;186m██[38;2;71;143;175m██[38;2;49;48;49m██[38;2;74;82;79m████[38;2;0;0;0m██[38;2;93;80;159m████[38;2;49;48;49m██[38;2;74;82;79m██████[38;2;0;0;0m██            
              ██  [38;2;8;0;0m████[38;2;65;64;65m████[38;2;57;64;65m██[38;2;68;143;175m██[38;2;65;64;65m████[38;2;86;131;176m██[38;2;106;198;246m████[38;2;52;103;126m██[38;2;106;198;246m██[38;2;117;103;186m██[38;2;71;143;175m████[38;2;49;48;49m██[38;2;74;82;79m██████[38;2;49;48;49m██[38;2;93;80;159m██[38;2;49;48;49m██[38;2;74;82;79m██████[38;2;0;0;0m██            
                      ██[38;2;115;105;180m██[38;2;120;105;186m██[38;2;65;64;65m██[38;2;120;103;186m████[38;2;65;64;65m████[38;2;106;198;255m████[38;2;53;70;82m██[38;2;90;141;164m██[38;2;71;144;175m████[38;2;71;143;175m██[38;2;49;48;49m██[38;2;74;82;79m████[38;2;49;48;49m██[38;2;0;0;0m██[38;2;74;82;79m████[38;2;74;82;78m██[38;2;0;0;0m██[38;2;98;93;148m██[38;2;0;4;0m██[38;2;0;0;0m██        
                      ██[38;2;115;105;180m██[38;2;120;105;186m████[38;2;120;103;186m████[38;2;120;105;186m████[38;2;57;68;74m██[38;2;82;133;164m██[38;2;53;70;82m██[38;2;16;0;0m██[38;2;71;144;175m████[38;2;71;143;175m██[38;2;49;48;49m████[38;2;74;82;79m██[38;2;0;0;0m██  ██████  [38;2;0;4;0m██[38;2;65;63;98m██[38;2;74;82;78m██[38;2;0;0;0m██████  
    ██████      ██████[38;2;71;143;175m██[38;2;65;64;65m██[38;2;106;97;164m████[38;2;98;84;148m██[38;2;115;97;189m████[38;2;98;84;148m██[38;2;65;64;65m██[38;2;71;143;175m██[38;2;0;0;0m██  [38;2;8;12;0m██[38;2;46;44;60m██[38;2;49;48;49m██[38;2;238;234;246m██[38;2;230;230;246m██[38;2;76;76;82m██[38;2;0;0;0m██        ██[38;2;74;82;79m████[38;2;104;114;112m██[38;2;74;80;82m██[38;2;49;53;49m██[38;2;74;80;74m██[38;2;0;0;0m██
  ██[38;2;238;234;246m██[38;2;65;64;65m████[38;2;0;0;0m██  ██[38;2;180;174;172m████[38;2;60;58;57m██[38;2;71;143;175m████[38;2;8;8;0m██[38;2;57;52;82m██[38;2;65;60;65m██[38;2;98;84;148m████[38;2;65;60;65m██[38;2;71;143;175m████[38;2;74;145;172m██[38;2;0;0;0m██[38;2;46;44;60m██[38;2;123;109;180m██[38;2;49;48;49m██[38;2;238;234;246m██[38;2;230;230;246m██[38;2;0;0;0m██          ██[38;2;74;82;79m████[38;2;74;80;82m████[38;2;0;0;0m████  
██[38;2;238;234;246m██[38;2;65;64;65m██[38;2;120;105;186m████[38;2;60;60;57m██[38;2;0;4;0m██[38;2;180;172;172m████[38;2;57;64;74m██[38;2;117;140;150m██[38;2;74;145;172m██[38;2;0;0;0m██  ██[38;2;74;143;169m██[38;2;41;71;84m██[38;2;65;64;65m██[38;2;71;143;175m██████[38;2;115;137;148m██[38;2;49;56;65m██[38;2;238;234;246m██[38;2;65;64;65m██[38;2;120;105;186m██[38;2;65;64;65m██[38;2;238;234;246m██[38;2;180;174;172m██[38;2;0;0;0m██          ██[38;2;74;82;78m████[38;2;0;0;0m██      
██[38;2;238;234;246m████[38;2;65;64;65m████[38;2;180;174;172m████[38;2;180;172;172m████[38;2;148;178;189m██[38;2;57;64;74m██[38;2;0;0;0m██      [38;2;8;0;0m██[38;2;74;143;169m██[38;2;71;143;175m██████[38;2;49;48;49m██[38;2;49;56;65m██[38;2;148;178;189m██[38;2;180;178;186m██[38;2;238;234;246m██[38;2;65;64;65m████[38;2;238;234;246m██[38;2;180;174;172m██[38;2;0;0;0m██  ██        ████        
  ██[38;2;76;76;82m██[38;2;120;105;186m████[38;2;65;64;65m██[38;2;180;174;172m██████[38;2;180;172;172m████[38;2;180;174;172m██[38;2;0;0;0m██      ██[38;2;71;136;169m██[38;2;49;105;131m██[38;2;65;141;172m██[38;2;49;48;49m██[38;2;120;105;186m██[38;2;65;64;65m██[38;2;238;234;246m██[38;2;180;178;186m██[38;2;238;234;246m████[38;2;238;230;238m██[38;2;180;175;178m██[38;2;60;60;57m██[38;2;0;4;0m██[38;2;180;174;172m██[38;2;0;0;0m██      ██[38;2;93;80;159m██[38;2;0;0;0m██      
██[38;2;230;230;246m██[38;2;76;76;82m██[38;2;65;64;65m████[38;2;180;174;172m██[38;2;65;64;65m████[38;2;180;174;172m██[38;2;180;172;172m████[38;2;180;174;172m██[38;2;0;0;0m██      ██[38;2;49;105;131m██[38;2;115;198;246m██[38;2;60;110;131m██[38;2;49;48;49m██[38;2;65;64;65m██[38;2;120;105;186m██[38;2;65;64;65m██[38;2;238;234;246m██[38;2;180;174;172m██[38;2;238;234;246m██[38;2;180;175;178m██[38;2;65;64;57m██[38;2;180;174;172m██████[38;2;0;0;0m██  ████[38;2;49;48;49m██[38;2;93;80;159m██[38;2;0;0;0m██      
██[38;2;238;238;246m████[38;2;180;174;172m████[38;2;65;64;65m██[38;2;120;105;186m██[38;2;65;64;65m██[38;2;180;174;172m████[38;2;0;0;0m██[38;2;180;174;172m████[38;2;0;0;0m██    ██[38;2;82;129;189m██[38;2;49;44;49m██[38;2;57;52;65m██[38;2;172;157;197m██[38;2;238;234;246m██[38;2;65;64;65m████[38;2;238;234;246m████[38;2;180;174;172m██[38;2;180;172;172m████[38;2;180;174;172m██[38;2;0;0;0m████  ██[38;2;74;82;79m██[38;2;74;80;82m████[38;2;0;0;0m██        
  [38;2;8;4;0m██[38;2;161;160;164m██[38;2;180;174;172m██[38;2;65;64;65m██[38;2;120;105;186m██[38;2;65;64;65m██[38;2;180;174;172m████[38;2;0;0;0m██  ████    ██[38;2;65;64;65m██[38;2;71;101;142m██[38;2;49;44;49m██[38;2;134;122;153m██[38;2;57;52;65m██[38;2;180;178;186m██[38;2;238;234;246m██████[38;2;180;174;172m████[38;2;180;172;172m████[38;2;0;0;0m██      ██[38;2;74;82;79m██[38;2;74;80;82m██[38;2;104;114;112m██[38;2;49;48;49m████      
    [38;2;0;0;0m████[38;2;180;174;172m██[38;2;60;58;57m██[38;2;180;174;172m██[38;2;0;0;0m████            ██[38;2;93;80;159m██[38;2;65;64;65m██[38;2;94;78;156m██[38;2;46;41;65m██[38;2;123;109;197m██[38;2;65;64;57m██[38;2;238;230;238m██[38;2;180;172;172m████[38;2;180;174;172m████[38;2;65;64;65m██[38;2;0;0;0m██    ████[38;2;38;39;49m██[38;2;68;66;98m██[38;2;74;82;79m████[38;2;41;44;41m██[38;2;82;85;82m██[38;2;0;0;0m██    
        ██████                ██[38;2;93;80;159m██[38;2;94;78;156m██[38;2;65;64;65m██[38;2;84;75;131m██[38;2;8;8;0m██[38;2;180;175;178m████[38;2;180;172;172m████[38;2;65;64;65m████[38;2;0;0;0m██    ██[38;2;74;80;74m██[38;2;49;53;49m██[38;2;98;93;148m██[38;2;8;12;0m██[38;2;0;0;0m████  [38;2;0;4;0m██      
                                [38;2;0;0;0m██[38;2;65;64;65m████[38;2;0;0;0m██  ██[38;2;65;64;65m██████[38;2;95;83;153m██[38;2;52;45;76m██[38;2;93;80;159m██[38;2;0;0;0m██  ██[38;2;74;82;79m████[38;2;0;0;0m██                
                                  ██[38;2;65;64;65m██[38;2;0;0;0m██    ██[38;2;94;78;156m████[38;2;8;8;0m██[38;2;95;83;153m██[38;2;93;80;159m██[38;2;0;0;0m██    ████                  
                                  ██[38;2;65;64;65m████[38;2;0;0;0m██    ████  ██[38;2;93;80;159m██[38;2;0;0;0m██      ██                  
                                    ████            ██[38;2;93;80;159m████[38;2;0;0;0m██                        
                                                      ████                          
[0m