                [38;2;0;0;0m████████                        
        ████████[38;2;222;206;181m████████[38;2;0;0;0m████                    
      ██[38;2;222;206;181m████████████████████[38;2;0;0;0m██                  
      ██[38;2;222;206;181m████████████████████[38;2;0;0;0m██                  
        ██[38;2;222;206;181m██████[38;2;140;115;90m██[38;2;222;206;181m████[38;2;140;115;90m██[38;2;222;206;181m██[38;2;197;90;115m██[38;2;255;123;148m██[38;2;0;0;0m██          ████  
          ██[38;2;65;65;65m████[38;2;222;206;181m████[38;2;140;115;90m██[38;2;189;165;132m██[38;2;197;90;115m██████[38;2;0;0;0m██  ████████[38;2;140;99;82m██[38;2;65;65;65m██[38;2;0;0;0m██
            ██[38;2;189;165;132m██[38;2;222;206;181m██[38;2;140;115;90m██[38;2;65;65;65m██[38;2;255;255;255m██[38;2;140;115;90m██[38;2;222;206;181m██[38;2;189;165;132m██[38;2;0;0;0m████[38;2;189;165;132m████[38;2;65;65;65m██[38;2;140;99;82m██████[38;2;0;0;0m██
            ██[38;2;140;115;90m██[38;2;222;206;181m████[38;2;0;0;0m██[38;2;255;255;255m██[38;2;189;165;132m██████[38;2;65;65;65m██[38;2;189;165;132m████[38;2;65;65;65m██[38;2;140;99;82m████████[38;2;0;0;0m██
              ██[38;2;65;65;65m██[38;2;222;206;181m████[38;2;189;165;132m██[38;2;65;65;65m██[38;2;189;165;132m██[38;2;65;65;65m██[38;2;255;123;148m██[38;2;197;90;115m██[38;2;65;65;65m████[38;2;140;99;82m████[38;2;0;0;0m████  
        ██████[38;2;189;189;189m██[38;2;123;123;123m████[38;2;65;65;65m████[38;2;189;165;132m██[38;2;197;90;115m██[38;2;255;123;148m██[38;2;197;90;115m██[38;2;222;206;181m██████[38;2;65;65;65m██[38;2;0;0;0m██      
  ██████[38;2;181;132;82m██████[38;2;65;65;65m██████[38;2;140;99;82m██[38;2;189;165;132m████[38;2;197;90;115m██[38;2;255;123;148m██[38;2;197;90;115m██[38;2;222;206;181m████████[38;2;0;0;0m██      
██[38;2;222;181;107m██[38;2;181;132;82m██████[38;2;140;99;82m████████████[38;2;65;65;65m██[38;2;189;165;132m██[38;2;65;65;65m██[38;2;197;90;115m██[38;2;255;123;148m██[38;2;197;90;115m██[38;2;0;0;0m██[38;2;222;206;181m██[38;2;65;65;65m██[38;2;0;0;0m██      
██[38;2;222;181;107m████[38;2;140;99;82m██████████████[38;2;65;65;65m████[38;2;222;206;181m████[38;2;65;65;65m████[38;2;0;0;0m██  ████        
██[38;2;222;181;107m████[38;2;140;99;82m████████[38;2;0;0;0m██████[38;2;65;65;65m██[38;2;189;165;132m██[38;2;222;206;181m██████[38;2;197;90;115m██[38;2;0;0;0m██              
  ██[38;2;222;181;107m██[38;2;140;99;82m██[38;2;0;0;0m██████    ██[38;2;189;165;132m████[38;2;222;206;181m████[38;2;197;90;115m██[38;2;255;123;148m██[38;2;197;90;115m██[38;2;0;0;0m██            
    ████          ██[38;2;65;65;65m██[38;2;189;165;132m████[38;2;222;206;181m██[38;2;197;90;115m████[38;2;222;206;181m██[38;2;0;0;0m██            
                    ██████[38;2;189;165;132m██[38;2;222;206;181m██████[38;2;0;0;0m██            
                          ██[38;2;222;206;181m████[38;2;0;0;0m██              
                            ████                
[0m