            [38;2;0;0;0m████                
          ██[38;2;239;239;148m████[38;2;0;0;0m██  ████        
      ████[38;2;115;99;49m██[38;2;165;148;66m██[38;2;115;99;49m████[38;2;0;0;0m██[38;2;239;239;148m████[38;2;0;0;0m██      
    ██[38;2;239;239;148m██[38;2;115;99;49m██[38;2;222;189;90m██[38;2;115;99;49m██[38;2;239;239;148m██[38;2;115;99;49m██[38;2;165;148;66m████[38;2;222;189;90m██[38;2;0;0;0m████    
    ██[38;2;239;239;148m████[38;2;115;99;49m██[38;2;239;239;148m████[38;2;222;189;90m██[38;2;115;99;49m██[38;2;222;189;90m██[38;2;115;99;49m██[38;2;165;148;66m██[38;2;239;239;148m██[38;2;0;0;0m██  
    ██[38;2;222;189;90m██[38;2;239;239;148m██[38;2;222;189;90m██[38;2;239;239;148m██████[38;2;115;99;49m████[38;2;239;239;148m████[38;2;222;189;90m██[38;2;0;0;0m██  
    ██[38;2;165;148;66m██[38;2;239;239;148m██[38;2;255;255;255m██[38;2;239;239;148m████[38;2;222;189;90m██[38;2;239;239;148m████████[38;2;222;189;90m██[38;2;0;0;0m██  
      ██[38;2;239;239;148m██[38;2;0;0;0m██[38;2;239;239;148m████[38;2;255;255;255m██[38;2;222;189;90m██[38;2;239;239;148m████[38;2;222;189;90m██[38;2;115;99;49m██[38;2;0;0;0m██  
  ████[38;2;65;65;65m██[38;2;222;189;90m██[38;2;239;239;148m██[38;2;255;123;165m██[38;2;239;239;148m██[38;2;0;0;0m██[38;2;222;189;90m██[38;2;239;239;148m██[38;2;222;189;90m████[38;2;0;0;0m██    
██[38;2;222;189;90m██[38;2;65;65;65m██[38;2;255;255;255m██[38;2;65;65;65m██[38;2;132;132;156m██[38;2;181;99;132m██[38;2;239;239;148m██████[38;2;65;65;65m██[38;2;222;189;90m██[38;2;65;65;65m██[38;2;255;255;255m██[38;2;0;0;0m██  
  ██[38;2;65;65;65m██[38;2;255;255;255m██[38;2;189;189;189m██[38;2;255;255;255m████[38;2;65;65;65m██[38;2;132;132;156m██[38;2;65;65;65m██[38;2;255;255;255m██[38;2;65;65;65m██[38;2;255;255;255m████[38;2;0;0;0m██  
    ██[38;2;189;189;189m██[38;2;255;255;255m████████[38;2;132;132;156m██[38;2;255;255;255m████████[38;2;65;65;65m██[38;2;0;0;0m██  
    ██[38;2;230;74;41m██[38;2;189;189;189m██[38;2;255;255;255m██[38;2;123;181;255m████[38;2;255;255;255m████████[38;2;132;132;156m██[38;2;222;189;90m██[38;2;239;239;148m██[38;2;0;0;0m██
      ██[38;2;230;74;41m██[38;2;189;189;189m██[38;2;58;132;247m██[38;2;255;255;255m██[38;2;123;181;255m██[38;2;255;255;255m████[38;2;189;189;189m████[38;2;0;0;0m████  
      ██[38;2;65;65;65m██[38;2;189;189;189m██[38;2;58;132;247m████[38;2;189;189;189m████[38;2;230;74;41m██[38;2;189;189;189m██[38;2;65;65;65m██[38;2;0;0;0m██    
      ██[38;2;222;189;90m██[38;2;115;99;49m██[38;2;0;0;0m██[38;2;189;189;189m██████[38;2;132;132;156m██[38;2;65;65;65m██[38;2;0;0;0m██      
        ████  ████[38;2;115;99;49m██[38;2;222;189;90m██[38;2;0;0;0m██        
                  ████          
[0m