                        [38;2;0;0;0m██            ██████████████                          
                      ██[38;2;106;137;222m██[38;2;0;0;0m██      ████[38;2;106;137;222m██[38;2;41;45;52m██[38;2;82;91;104m██[38;2;78;89;106m████████[38;2;0;0;0m██████                    
                      ██[38;2;106;137;222m██[38;2;8;0;0m██  [38;2;0;0;0m████[38;2;78;89;106m██[38;2;49;48;49m██[38;2;106;137;222m██[38;2;49;48;49m██[38;2;79;89;104m██████[38;2;61;74;123m██[38;2;49;52;49m██[38;2;79;89;104m████[38;2;78;89;106m██[38;2;0;0;0m████                
                      ██[38;2;106;137;222m██[38;2;41;45;74m██[38;2;0;0;0m██[38;2;78;89;106m██████[38;2;49;48;49m██[38;2;106;137;222m██[38;2;49;48;49m██[38;2;79;89;104m████[38;2;49;48;49m██[38;2;49;52;49m██[38;2;74;97;197m██[38;2;49;48;49m████[38;2;0;0;0m██                    
                      ██[38;2;106;137;222m██[38;2;49;48;49m██[38;2;79;89;104m██████[38;2;49;48;49m██[38;2;106;136;227m████[38;2;106;137;222m██[38;2;49;48;49m████[38;2;65;93;197m██████[38;2;49;48;49m██[38;2;61;64;135m██[38;2;60;64;137m██[38;2;0;0;0m██                  
                      ██[38;2;106;137;222m██[38;2;49;48;49m██[38;2;79;89;104m██[38;2;49;48;49m██[38;2;79;89;104m██[38;2;49;48;49m██[38;2;106;136;227m██[38;2;255;255;255m██[38;2;106;137;222m██[38;2;49;48;49m██[38;2;65;93;197m██████[38;2;49;48;49m████[38;2;61;64;135m██[38;2;60;64;137m████[38;2;0;0;0m██                
                    [38;2;0;4;0m██[38;2;32;36;65m██[38;2;65;93;197m██[38;2;49;48;49m██[38;2;79;89;104m██[38;2;49;48;49m████[38;2;98;129;238m██[38;2;123;144;222m██[38;2;255;255;255m██[38;2;104;137;227m██[38;2;68;93;200m██[38;2;65;93;197m██[38;2;60;63;131m██[38;2;49;48;49m██[38;2;65;93;197m██[38;2;0;0;0m████[38;2;60;64;137m████[38;2;52;62;137m██[38;2;8;0;0m██              
                  [38;2;0;0;0m██[38;2;65;68;131m██[38;2;0;4;0m██[38;2;65;93;197m██[38;2;49;48;49m████[38;2;79;89;104m██[38;2;49;48;49m██[38;2;82;102;175m██[38;2;57;89;205m██[38;2;255;255;255m██[38;2;68;93;200m████[38;2;65;93;197m████████[38;2;0;0;0m██  ██[38;2;60;64;137m██[38;2;52;62;137m██[38;2;74;93;205m██[38;2;0;0;0m██            
                [38;2;8;0;0m██[38;2;52;62;137m██[38;2;60;64;137m████[38;2;8;0;0m██[38;2;84;91;104m██[38;2;95;98;76m██[38;2;41;48;57m██[38;2;87;103;161m████[38;2;65;93;197m██[38;2;255;255;255m██████[38;2;65;93;200m████[38;2;65;93;197m██[38;2;0;0;0m██      ██[38;2;60;63;131m██[38;2;65;93;197m██[38;2;0;0;0m██            
              ██[38;2;74;93;205m██[38;2;52;62;137m██[38;2;60;64;137m██[38;2;0;0;0m██[38;2;46;45;52m████[38;2;41;48;57m██[38;2;205;198;115m██[38;2;32;52;123m██[38;2;197;206;238m██[38;2;255;255;255m██████[38;2;65;93;197m██[38;2;65;93;200m████[38;2;65;93;197m██[38;2;0;0;0m██      ██[38;2;60;63;131m██[38;2;65;93;197m████[38;2;0;0;0m██          
              ██[38;2;74;93;197m██[38;2;49;62;131m██[38;2;0;0;0m████[38;2;213;202;98m██[38;2;65;64;65m██[38;2;213;199;109m████[38;2;222;202;98m██[38;2;65;64;57m██[38;2;74;68;57m██[38;2;222;222;189m██[38;2;65;93;197m██[38;2;65;64;65m██[38;2;65;93;200m████████[38;2;0;0;0m████  ██[38;2;65;93;200m████[38;2;65;93;197m██[38;2;0;0;0m██          
            ██[38;2;65;93;197m██[38;2;74;93;197m██[38;2;0;0;0m██  ██[38;2;164;156;87m██[38;2;65;64;65m██[38;2;172;160;71m████[38;2;169;156;84m████[38;2;148;145;123m██[38;2;74;68;57m██[38;2;65;93;197m██[38;2;65;64;65m██[38;2;65;93;200m████████[38;2;65;93;197m████[38;2;0;0;0m██[38;2;65;93;197m██[38;2;65;93;200m████[38;2;65;93;197m██[38;2;0;0;0m██          
            ██[38;2;65;93;197m██[38;2;74;97;197m██[38;2;16;16;0m██  [38;2;0;0;0m██[38;2;65;64;65m██[38;2;169;159;71m██[38;2;65;64;65m██[38;2;169;159;71m██[38;2;65;64;65m████[38;2;169;159;71m██[38;2;65;64;65m██[38;2;109;116;150m██[38;2;246;250;255m██[38;2;65;64;65m██[38;2;65;93;197m██[38;2;112;120;139m██[38;2;49;56;82m██[38;2;65;93;197m████[38;2;57;56;74m██[38;2;79;102;189m██[38;2;65;93;200m████[38;2;0;0;0m██            
            ██[38;2;65;93;197m██[38;2;74;97;197m██[38;2;35;43;65m██[38;2;0;0;0m██[38;2;255;255;255m██[38;2;65;64;65m██[38;2;169;159;71m████[38;2;65;64;65m██[38;2;169;159;71m████[38;2;65;64;65m██[38;2;169;159;71m██[38;2;41;48;98m██[38;2;246;250;255m██[38;2;65;64;65m██[38;2;65;93;197m██[38;2;49;56;82m██[38;2;238;246;255m██[38;2;65;64;65m████[38;2;90;125;246m██[38;2;79;102;189m██[38;2;65;93;200m████[38;2;0;0;0m██            
              ██[38;2;68;93;200m████[38;2;65;64;65m██[38;2;255;255;255m████[38;2;65;64;65m██[38;2;169;159;71m████████[38;2;153;149;123m██[38;2;65;68;57m██[38;2;65;64;65m██████[38;2;65;93;197m██[38;2;65;64;65m██[38;2;255;255;255m██[38;2;65;64;65m██[38;2;255;255;255m██[38;2;246;250;255m██[38;2;148;153;172m██[38;2;63;60;65m██[38;2;0;0;0m██              
              ██[38;2;68;93;200m██[38;2;104;137;227m██[38;2;255;255;255m██[38;2;65;64;65m██[38;2;255;255;255m████[38;2;65;64;65m████████[38;2;65;68;57m██[38;2;197;190;156m██[38;2;186;183;191m████[38;2;65;64;65m██[38;2;65;93;197m██[38;2;65;64;65m████[38;2;255;255;255m████[38;2;246;250;255m██[38;2;49;56;90m██[38;2;189;182;197m██[38;2;0;0;0m██              
                ██[38;2;246;250;246m██[38;2;255;255;255m██[38;2;65;64;65m██[38;2;65;93;197m████[38;2;255;255;255m██[38;2;57;64;131m██[38;2;41;56;164m██[38;2;172;178;205m██[38;2;186;183;191m████[38;2;172;178;205m██[38;2;41;56;164m██[38;2;60;63;112m████[38;2;191;188;191m██[38;2;65;64;65m██[38;2;255;255;255m████[38;2;65;64;90m██[38;2;186;183;194m██[38;2;183;183;191m████[38;2;0;0;0m██            
                ██[38;2;82;83;82m██[38;2;255;255;255m████[38;2;65;64;65m██[38;2;65;93;197m██[38;2;255;255;255m████[38;2;84;97;178m████[38;2;186;183;191m████[38;2;84;97;178m████[38;2;60;63;112m██[38;2;180;182;189m██[38;2;65;64;65m██[38;2;255;250;255m██[38;2;255;255;255m████[38;2;65;64;90m████[38;2;183;183;191m██[38;2;57;64;131m██[38;2;0;0;0m██            
        [38;2;8;4;0m████████[38;2;95;107;161m████[38;2;65;64;65m██[38;2;255;255;255m████[38;2;65;64;65m██[38;2;65;93;197m██[38;2;255;255;255m████[38;2;65;93;197m██[38;2;65;93;200m████[38;2;65;93;197m██[38;2;255;255;255m██[38;2;246;250;255m████[38;2;65;64;65m██[38;2;255;255;255m████[38;2;65;64;65m██[38;2;57;64;131m████[38;2;60;63;134m████[38;2;0;0;0m██            
    ████[38;2;45;50;94m██[38;2;82;97;189m██[38;2;45;50;94m██[38;2;82;97;189m██[38;2;24;40;115m██[38;2;238;242;255m██[38;2;255;255;255m██[38;2;65;64;65m██[38;2;255;255;255m██[38;2;65;64;65m██[38;2;255;255;255m████[38;2;65;93;197m██[38;2;255;255;255m██[38;2;65;93;200m████[38;2;255;255;255m████[38;2;109;116;150m██[38;2;41;48;98m██[38;2;255;255;255m██████[38;2;65;64;65m██[38;2;183;183;191m████[38;2;180;182;189m██[38;2;60;63;134m██[38;2;0;0;0m██            
  ██[38;2;213;198;106m██[38;2;65;64;65m██[38;2;213;198;106m██[38;2;65;64;65m██[38;2;94;95;98m██[38;2;41;60;164m██[38;2;65;64;65m████[38;2;109;114;150m██[38;2;54;59;79m██[38;2;255;255;255m████[38;2;65;64;65m██[38;2;255;255;255m████[38;2;65;93;197m████████[38;2;255;255;255m████[38;2;65;64;65m██[38;2;106;136;227m██[38;2;255;255;255m██[38;2;65;64;65m██[38;2;186;183;191m██[38;2;49;56;82m████[38;2;41;48;98m██[38;2;178;180;202m██[38;2;86;87;106m██[38;2;0;0;8m██          
[38;2;0;0;0m██[38;2;172;161;74m██[38;2;65;64;65m██[38;2;213;198;106m██[38;2;65;64;65m██[38;2;213;198;106m██[38;2;148;129;32m██[38;2;94;95;98m██[38;2;65;93;197m████[38;2;54;59;79m██[38;2;164;170;222m██[38;2;65;64;65m██[38;2;255;255;255m██[38;2;65;64;65m██[38;2;255;255;255m██████[38;2;65;93;197m██[38;2;255;255;255m████████[38;2;65;64;65m██[38;2;106;136;227m████[38;2;65;64;65m████[38;2;112;120;139m██[38;2;238;246;255m██[38;2;109;114;150m██[38;2;246;246;255m██[38;2;172;174;205m██[38;2;0;0;8m██          
[38;2;0;0;0m██[38;2;172;161;74m██[38;2;65;64;65m██[38;2;169;159;71m██[38;2;82;76;45m██[38;2;164;153;82m██[38;2;65;64;65m████████[38;2;189;182;189m████[38;2;65;60;65m██[38;2;90;129;238m██[38;2;60;63;112m██[38;2;180;182;189m██[38;2;255;255;238m██[38;2;82;97;180m██[38;2;65;93;197m██████[38;2;255;255;255m██[38;2;65;85;205m██[38;2;65;72;135m██[38;2;65;64;65m████[38;2;65;93;197m████[38;2;65;64;65m██[38;2;65;93;197m██[38;2;255;255;255m████████[38;2;0;0;0m██        
  ██[38;2;169;159;71m████[38;2;0;0;8m████[38;2;169;159;71m████[38;2;65;64;65m██[38;2;186;183;191m██[38;2;0;0;0m██[38;2;63;60;63m██[38;2;82;106;180m██[38;2;65;60;65m██[38;2;60;63;112m████[38;2;168;176;209m████[38;2;65;93;197m██[38;2;255;255;255m██████[38;2;65;60;65m████[38;2;65;93;197m████[38;2;65;64;65m██[38;2;65;93;197m████[38;2;65;64;65m██[38;2;255;255;255m██[38;2;65;93;197m██[38;2;255;255;255m████[38;2;0;0;0m██        
    ████    ████████  ██[38;2;65;93;197m██[38;2;57;60;57m██[38;2;61;64;135m████[38;2;60;63;134m██[38;2;180;182;189m██[38;2;183;183;191m██[38;2;57;64;131m██[38;2;186;183;191m██[38;2;65;64;65m██[38;2;213;198;106m████[38;2;65;64;65m████[38;2;65;93;197m██[38;2;65;64;65m██████[38;2;74;97;189m██[38;2;255;255;246m██[38;2;255;255;255m██[38;2;185;182;193m██[38;2;0;0;0m██        
                    ██[38;2;65;64;65m██[38;2;57;60;57m████[38;2;49;48;49m██[38;2;61;64;135m██[38;2;60;63;134m████[38;2;183;183;191m██[38;2;57;64;131m██[38;2;186;183;191m██[38;2;65;64;65m██[38;2;213;198;106m██[38;2;65;64;65m██[38;2;213;198;106m████[38;2;65;64;65m████[38;2;65;93;197m██[38;2;65;64;65m██[38;2;255;255;246m██[38;2;164;176;217m██[38;2;185;182;193m████[38;2;0;0;0m██        
            ██  [38;2;0;0;16m████[38;2;65;72;156m██[38;2;255;255;255m██████[38;2;180;178;197m██[38;2;32;36;65m██[38;2;41;40;57m██[38;2;84;84;106m██[38;2;60;63;134m████[38;2;60;63;112m████[38;2;169;159;71m██[38;2;65;64;65m██[38;2;169;159;71m██[38;2;65;64;65m██[38;2;213;202;106m████[38;2;63;60;63m██[38;2;189;182;189m██[38;2;186;183;191m████[38;2;164;174;222m██[38;2;41;44;65m██[38;2;0;0;0m██        
          ██[38;2;65;93;197m██[38;2;0;0;0m██[38;2;246;250;255m██[38;2;82;83;95m██[38;2;65;72;156m████[38;2;255;255;255m████[38;2;82;83;109m██[38;2;180;178;197m██[38;2;172;174;205m██[38;2;41;40;57m██[38;2;180;182;189m██[38;2;60;63;134m██[38;2;60;63;112m██[38;2;180;182;189m██[38;2;65;64;65m██[38;2;169;159;71m██[38;2;65;64;65m████[38;2;164;156;90m██[38;2;65;64;57m██[38;2;0;0;0m██[38;2;189;182;189m██[38;2;186;183;191m████[38;2;41;44;65m██[38;2;102;109;143m██[38;2;65;93;197m██[38;2;0;0;0m████    
          ██[38;2;65;93;197m██[38;2;60;63;131m██[38;2;255;255;255m██[38;2;65;72;156m██[38;2;65;93;197m██[38;2;60;63;131m██[38;2;255;255;255m██[38;2;65;72;156m██[38;2;65;93;197m██[38;2;60;63;131m██[38;2;180;182;189m██[38;2;49;48;49m██[38;2;180;182;189m██[38;2;60;63;134m██[38;2;183;183;191m████[38;2;61;64;135m██[38;2;65;64;65m██[38;2;49;48;49m██[38;2;180;182;189m██[38;2;63;60;65m██[38;2;0;0;0m██  ██████[38;2;65;93;197m████[38;2;65;93;200m████[38;2;74;97;197m██[38;2;8;4;0m██  
          [38;2;0;0;0m██[38;2;65;93;197m████[38;2;65;72;156m████[38;2;65;93;197m████[38;2;65;72;156m████[38;2;65;93;197m██[38;2;60;63;131m██[38;2;180;182;189m██[38;2;49;48;49m██[38;2;60;63;134m████[38;2;183;183;191m██[38;2;57;64;131m██[38;2;61;64;135m████[38;2;49;48;49m██[38;2;180;182;189m██[38;2;189;182;197m██[38;2;0;0;0m██        ████[38;2;65;93;200m████[38;2;30;35;65m██[38;2;8;4;0m██  
            [38;2;0;0;0m██[38;2;65;93;197m██[38;2;65;72;156m████[38;2;57;64;131m████[38;2;65;72;156m████[38;2;65;93;197m████[38;2;60;63;131m██[38;2;65;93;197m██[38;2;49;48;49m██[38;2;61;64;135m██[38;2;60;64;134m████[38;2;61;64;135m████[38;2;49;48;49m██[38;2;180;182;189m██[38;2;186;183;191m████[38;2;0;0;0m██          ██[38;2;65;93;197m████[38;2;0;0;0m██  
              ██[38;2;65;72;156m██[38;2;255;255;255m████████[38;2;65;72;156m██[38;2;60;63;131m██[38;2;65;93;197m██████[38;2;49;48;49m██[38;2;61;64;135m██[38;2;60;64;134m████[38;2;49;48;49m██[38;2;61;64;135m██[38;2;49;48;49m██[38;2;180;182;189m██[38;2;186;183;191m████[38;2;0;0;0m██          ██[38;2;65;93;197m██████[38;2;0;0;0m██
              ██[38;2;246;246;255m██[38;2;123;123;139m██[38;2;255;255;255m██[38;2;65;93;197m██[38;2;255;255;246m████[38;2;183;183;191m██[38;2;57;64;131m██[38;2;74;93;197m██[38;2;30;36;65m██[38;2;61;64;135m██[38;2;49;48;49m██[38;2;60;64;134m████[38;2;49;48;49m██[38;2;61;64;135m██[38;2;49;48;49m██[38;2;180;182;189m██[38;2;186;183;191m████[38;2;0;0;0m██            ██[38;2;65;93;197m██[38;2;0;0;0m██  
                [38;2;0;0;24m██[38;2;246;246;255m██[38;2;65;93;197m██[38;2;255;255;255m██[38;2;74;97;189m██[38;2;164;176;217m██[38;2;183;183;191m██[38;2;57;64;131m██[38;2;8;8;0m██[38;2;52;64;131m██[38;2;61;64;135m██[38;2;49;48;49m██[38;2;60;64;134m████[38;2;49;48;49m████[38;2;180;182;189m████[38;2;186;183;191m████[38;2;49;48;49m██[38;2;0;0;0m██          ██[38;2;65;93;197m██[38;2;0;0;0m██  
                ██[38;2;180;182;189m██[38;2;57;64;131m██[38;2;183;183;191m██[38;2;57;64;131m██[38;2;183;183;191m██[38;2;180;182;189m██[38;2;0;0;0m██  ██[38;2;49;48;49m██[38;2;61;64;135m██[38;2;60;64;134m████[38;2;49;48;49m██[38;2;61;64;135m██[38;2;49;48;49m████[38;2;41;40;57m██[38;2;172;174;205m██[38;2;35;37;65m██[38;2;63;67;131m██[38;2;0;0;0m██          ██    
                  ██[38;2;183;183;191m██[38;2;57;64;131m██[38;2;183;183;191m██[38;2;57;64;131m██[38;2;180;182;189m██[38;2;0;0;0m██  ██[38;2;61;64;135m████[38;2;60;64;134m████[38;2;49;48;49m████[38;2;61;64;135m████[38;2;84;84;106m██[38;2;41;40;57m██[38;2;63;67;131m██[38;2;8;8;0m██                  
                  [38;2;0;0;0m██[38;2;65;64;65m██[38;2;61;64;135m██[38;2;65;64;65m██[38;2;61;64;135m██[38;2;49;49;82m██[38;2;0;4;0m██  [38;2;0;0;0m██[38;2;60;64;137m████[38;2;35;37;65m██[38;2;63;67;131m██[38;2;49;48;49m██[38;2;180;182;189m██[38;2;49;48;49m██████[38;2;0;0;0m████                    
                  ██[38;2;61;64;135m██[38;2;65;64;65m██[38;2;61;64;135m██[38;2;65;64;65m██[38;2;74;72;123m██[38;2;0;4;0m██  [38;2;0;0;0m████[38;2;60;64;137m██[38;2;8;8;0m██[38;2;63;67;131m██[38;2;49;48;49m██[38;2;180;182;189m██████[38;2;0;0;0m██                        
                  ██[38;2;148;137;82m██[38;2;74;68;49m██[38;2;148;139;61m██[38;2;65;64;65m██[38;2;148;137;65m██[38;2;0;0;0m██  ██  ██[38;2;180;182;189m██[38;2;49;48;49m██[38;2;183;183;191m██[38;2;57;64;131m██[38;2;180;182;189m██[38;2;0;0;0m██                          
                    [38;2;0;0;16m██[38;2;74;68;49m██[38;2;148;139;61m██[38;2;65;64;65m██[38;2;0;0;0m██        ██[38;2;180;182;189m████[38;2;183;183;191m██[38;2;57;64;131m██[38;2;180;182;189m██[38;2;0;0;0m██                          
                      ██████            ██[38;2;180;182;189m██[38;2;186;183;191m████[38;2;65;64;65m████[38;2;0;0;0m██                        
                                        ██[38;2;180;182;189m██[38;2;65;64;65m████[38;2;148;139;61m██[38;2;65;64;65m██[38;2;213;198;106m██[38;2;0;0;0m██                      
                                          ████████████                        
[0m