          [38;2;0;0;0m████                                      
          ██████        ████                        
██████    ██[38;2;197;181;156m██[38;2;0;0;0m██      ██[38;2;65;65;65m██[38;2;0;0;0m████                      
████[38;2;197;181;156m██[38;2;0;0;0m██    ████      ██[38;2;189;140;189m██[38;2;65;65;65m██[38;2;0;0;0m██                      
  ██████      ██      ██[38;2;189;140;189m██[38;2;65;65;65m██[38;2;0;0;0m██                      
        ██      ██  ██[38;2;107;82;132m██[38;2;189;140;189m██[38;2;148;99;165m██[38;2;0;0;0m██              ██████  
          ██    ██  ██[38;2;107;82;132m██[38;2;148;99;165m██[38;2;189;140;189m██[38;2;0;0;0m██          ████[38;2;255;189;230m██[38;2;65;65;65m████[38;2;0;0;0m██
          ██    ██  ██[38;2;107;82;132m██[38;2;99;74;132m██[38;2;189;140;189m██[38;2;0;0;0m██      ████[38;2;255;189;230m██████[38;2;65;65;65m████[38;2;0;0;0m██
            ██  ██  ██[38;2;99;74;132m██[38;2;107;82;132m██[38;2;0;0;0m██      ██[38;2;148;99;165m██[38;2;247;156;82m██[38;2;255;189;230m██[38;2;148;99;165m██[38;2;65;65;65m████[38;2;0;0;0m██  
            ██████████[38;2;99;74;132m██[38;2;107;82;132m██[38;2;0;0;0m██    ██[38;2;123;99;156m██[38;2;247;156;82m██[38;2;189;140;189m████[38;2;65;65;65m████[38;2;0;0;0m██    
          ██[38;2;65;65;65m██[38;2;123;123;123m██[38;2;65;65;65m██[38;2;123;123;123m██[38;2;65;65;65m████[38;2;107;82;132m██[38;2;0;0;0m██  ██[38;2;123;99;156m████[38;2;239;66;66m████[38;2;148;99;165m██████[38;2;0;0;0m██    
        ██[38;2;181;181;189m██[38;2;123;123;123m████████████[38;2;0;0;0m██  ██[38;2;123;99;156m████[38;2;239;66;66m██[38;2;247;156;82m██[38;2;148;99;165m██[38;2;189;140;189m████[38;2;65;65;65m████[38;2;0;0;0m██  
      ██[38;2;181;181;189m██[38;2;0;0;0m██[38;2;123;123;123m████[38;2;65;65;65m██████[38;2;123;123;123m██[38;2;65;65;65m██[38;2;0;0;0m██[38;2;123;99;156m██[38;2;99;74;132m████[38;2;123;99;156m██[38;2;189;140;189m██[38;2;247;156;82m██[38;2;189;140;189m████[38;2;65;65;65m████[38;2;0;0;0m██  
      ██[38;2;65;65;65m████[38;2;123;123;123m██[38;2;65;65;65m████[38;2;255;255;255m██[38;2;65;65;65m████[38;2;123;123;123m██[38;2;65;65;65m██[38;2;99;74;132m██[38;2;123;99;156m██████[38;2;99;74;132m██[38;2;148;99;165m████████[38;2;65;65;65m██[38;2;0;0;0m██  
      ██[38;2;65;65;65m██[38;2;123;123;123m████[38;2;65;65;65m██[38;2;255;255;255m██[38;2;0;0;0m██[38;2;255;255;255m██[38;2;65;65;65m██[38;2;181;181;189m██[38;2;65;65;65m██[38;2;123;99;156m██[38;2;99;74;132m██████[38;2;123;99;156m██[38;2;255;189;230m████[38;2;65;65;65m████[38;2;0;0;0m██    
        ██[38;2;65;65;65m██[38;2;181;181;189m████[38;2;65;65;65m██████[38;2;181;181;189m██[38;2;65;65;65m██[38;2;123;99;156m██[38;2;99;74;132m██[38;2;123;99;156m████████[38;2;255;189;230m████[38;2;65;65;65m████[38;2;0;0;0m██    
          ████[38;2;65;65;65m██[38;2;181;181;189m██████[38;2;65;65;65m██[38;2;107;82;132m██[38;2;65;65;65m██████[38;2;123;99;156m████[38;2;255;189;230m████[38;2;65;65;65m██[38;2;0;0;0m████      
              ████[38;2;65;65;65m████[38;2;99;74;132m██[38;2;65;65;65m██[38;2;107;82;132m██[38;2;123;99;156m████[38;2;65;65;65m████████[38;2;0;0;0m██          
                  ██[38;2;181;181;189m██[38;2;65;65;65m████[38;2;99;74;132m████[38;2;123;99;156m██████[38;2;189;140;189m██[38;2;255;189;230m██[38;2;65;65;65m██[38;2;0;0;0m██        
                  ██[38;2;65;65;65m██[38;2;181;181;189m████[38;2;65;65;65m██[38;2;123;99;156m██[38;2;99;74;132m████[38;2;189;140;189m██[38;2;255;189;230m████[38;2;65;65;65m██[38;2;0;0;0m██        
                ██[38;2;197;181;156m██[38;2;0;0;0m██[38;2;65;65;65m████[38;2;123;123;123m██[38;2;0;0;0m██[38;2;189;140;189m████[38;2;148;99;165m██████[38;2;65;65;65m██[38;2;0;0;0m██        
              ██[38;2;65;65;65m██[38;2;0;0;0m██  ██[38;2;197;181;156m██[38;2;0;0;0m██  ██[38;2;255;189;230m████[38;2;65;65;65m████[38;2;0;0;0m██          
              ████    ██[38;2;65;65;65m██[38;2;0;0;0m██    ████████            
                      ██[38;2;65;65;65m██[38;2;0;0;0m██                        
                        ██                          
[0m