          [38;2;0;0;0m████                                      
          ██████        ████                        
██████    ██[38;2;197;181;156m██[38;2;0;0;0m██      ██[38;2;65;65;65m██[38;2;0;0;0m████                      
████[38;2;197;181;156m██[38;2;0;0;0m██    ████      ██[38;2;156;156;173m██[38;2;65;65;65m██[38;2;0;0;0m██                      
  ██████      ██      ██[38;2;156;156;173m██[38;2;65;65;65m██[38;2;0;0;0m██                      
        ██      ██  ██[38;2;156;156;173m████[38;2;123;123;123m██[38;2;0;0;0m██              ██████  
          ██    ██  ██[38;2;156;156;173m██[38;2;123;123;123m██[38;2;156;156;173m██[38;2;0;0;0m██          ████[38;2;255;255;255m██[38;2;65;65;65m████[38;2;0;0;0m██
          ██    ██  ██[38;2;156;156;173m██[38;2;123;123;123m██[38;2;156;156;173m██[38;2;0;0;0m██      ████[38;2;255;255;255m██████[38;2;65;65;65m████[38;2;0;0;0m██
            ██  ██  ██[38;2;123;123;123m██[38;2;156;156;173m██[38;2;0;0;0m██      ██[38;2;255;255;255m██[38;2;189;189;197m██[38;2;255;255;255m██[38;2;123;123;123m██[38;2;65;65;65m████[38;2;0;0;0m██  
            ██████████[38;2;123;123;123m██[38;2;156;156;173m██[38;2;0;0;0m██    ██[38;2;255;255;255m████████[38;2;65;65;65m████[38;2;0;0;0m██    
          ██[38;2;65;65;65m██[38;2;123;123;123m██[38;2;65;65;65m██[38;2;123;123;123m██[38;2;65;65;65m████[38;2;156;156;173m██[38;2;0;0;0m██  ██[38;2;255;255;255m██[38;2;189;189;197m██[38;2;255;255;255m██[38;2;156;156;173m████[38;2;53;53;53m████[38;2;0;0;0m██    
        ██[38;2;189;189;197m██[38;2;123;123;123m████████████[38;2;0;0;0m██  ██[38;2;255;255;255m████[38;2;156;156;173m████[38;2;255;255;255m██████[38;2;65;65;65m████[38;2;0;0;0m██  
      ██[38;2;189;189;197m██[38;2;0;0;0m██[38;2;123;123;123m████[38;2;65;65;65m██████[38;2;123;123;123m██[38;2;65;65;65m██[38;2;0;0;0m██[38;2;255;255;255m██[38;2;156;156;173m████[38;2;255;255;255m██████[38;2;189;189;197m██[38;2;255;255;255m██[38;2;65;65;65m████[38;2;0;0;0m██  
      ██[38;2;65;65;65m████[38;2;123;123;123m██[38;2;65;65;65m████[38;2;255;255;255m██[38;2;65;65;65m████[38;2;123;123;123m██[38;2;65;65;65m██[38;2;156;156;173m██[38;2;255;255;255m██████[38;2;156;156;173m████████[38;2;65;65;65m████[38;2;0;0;0m██  
      ██[38;2;65;65;65m██[38;2;123;123;123m████[38;2;65;65;65m██[38;2;255;255;255m██[38;2;0;0;0m██[38;2;255;255;255m██[38;2;65;65;65m██[38;2;189;189;197m██[38;2;65;65;65m██[38;2;156;156;173m████████[38;2;255;255;255m████████[38;2;65;65;65m████[38;2;0;0;0m██  
        ██[38;2;65;65;65m██[38;2;189;189;197m████[38;2;65;65;65m██████[38;2;189;189;197m██[38;2;65;65;65m██[38;2;255;255;255m████████████████[38;2;65;65;65m████[38;2;0;0;0m██    
          ████[38;2;65;65;65m██[38;2;189;189;197m██████[38;2;65;65;65m██[38;2;156;156;173m██[38;2;65;65;65m████[38;2;189;189;197m██[38;2;255;255;255m████[38;2;189;189;197m██[38;2;255;255;255m██[38;2;65;65;65m██[38;2;0;0;0m████      
              ████[38;2;65;65;65m████[38;2;123;123;123m██[38;2;65;65;65m██[38;2;156;156;173m████[38;2;65;65;65m██████████[38;2;0;0;0m██          
                  ██[38;2;189;189;197m██[38;2;65;65;65m████[38;2;123;123;123m████[38;2;156;156;173m██[38;2;197;197;197m██[38;2;255;255;255m██████[38;2;65;65;65m██[38;2;0;0;0m██        
                  ██[38;2;65;65;65m██[38;2;189;189;197m████[38;2;65;65;65m██[38;2;156;156;173m██[38;2;123;123;123m████[38;2;255;255;255m████[38;2;123;123;123m██[38;2;65;65;65m██[38;2;0;0;0m██        
                ██[38;2;197;181;156m██[38;2;0;0;0m██[38;2;65;65;65m████[38;2;123;123;123m██[38;2;0;0;0m██[38;2;197;197;197m██[38;2;255;255;255m██[38;2;156;156;173m████[38;2;65;65;65m████[38;2;0;0;0m██        
              ██[38;2;65;65;65m██[38;2;0;0;0m██  ██[38;2;197;181;156m██[38;2;0;0;0m██  ██[38;2;255;255;255m████[38;2;65;65;65m████[38;2;0;0;0m██          
              ████    ██[38;2;65;65;65m██[38;2;0;0;0m██    ████████            
                      ██[38;2;65;65;65m██[38;2;0;0;0m██                        
                        ██                          
[0m