          [38;2;0;0;0m████                                      
          ██████        ████                        
██████    ██[38;2;197;181;156m██[38;2;0;0;0m██      ██[38;2;65;65;65m██[38;2;0;0;0m████                      
████[38;2;197;181;156m██[38;2;0;0;0m██    ████      ██[38;2;148;74;66m██[38;2;65;65;65m██[38;2;0;0;0m██                      
  ██████      ██      ██[38;2;148;74;66m██[38;2;65;65;65m██[38;2;0;0;0m██                      
        ██      ██  ██[38;2;148;74;66m████[38;2;123;66;58m██[38;2;0;0;0m██              ██████  
          ██    ██  ██[38;2;148;74;66m██[38;2;123;66;58m██[38;2;148;74;66m██[38;2;0;0;0m██          ████[38;2;123;66;58m██[38;2;65;65;65m████[38;2;0;0;0m██
          ██    ██  ██[38;2;148;74;66m██[38;2;123;66;58m██[38;2;148;74;66m██[38;2;0;0;0m██      ████[38;2;123;66;58m██████[38;2;65;65;65m████[38;2;0;0;0m██
            ██  ██  ██[38;2;123;66;58m██[38;2;148;74;66m██[38;2;0;0;0m██      ██[38;2;197;74;58m██████[38;2;123;66;58m██[38;2;65;65;65m████[38;2;0;0;0m██  
            ██████████[38;2;123;66;58m██[38;2;140;140;140m██[38;2;0;0;0m██    ██[38;2;197;74;58m████████[38;2;65;65;65m████[38;2;0;0;0m██    
          ██[38;2;65;65;65m██[38;2;123;123;123m██[38;2;65;65;65m██[38;2;123;123;123m██[38;2;65;65;65m████[38;2;197;197;197m██[38;2;0;0;0m██  ██[38;2;197;74;58m██████[38;2;148;74;66m████[38;2;53;53;53m████[38;2;0;0;0m██    
        ██[38;2;181;181;189m██[38;2;123;123;123m████████████[38;2;0;0;0m██  ██[38;2;222;123;115m██[38;2;197;74;58m██[38;2;148;74;66m████[38;2;197;74;58m████[38;2;222;123;115m██[38;2;65;65;65m████[38;2;0;0;0m██  
      ██[38;2;181;181;189m██[38;2;0;0;0m██[38;2;123;123;123m████[38;2;65;65;65m██████[38;2;123;123;123m██[38;2;65;65;65m██[38;2;0;0;0m██[38;2;65;65;65m████[38;2;148;74;66m██[38;2;197;74;58m██████[38;2;123;66;58m████[38;2;65;65;65m████[38;2;0;0;0m██  
      ██[38;2;65;65;65m████[38;2;123;123;123m██[38;2;65;65;65m████[38;2;255;255;255m██[38;2;65;65;65m████[38;2;123;123;123m██[38;2;65;65;65m██[38;2;255;255;255m██[38;2;65;65;65m████[38;2;197;74;58m████[38;2;148;74;66m████[38;2;53;53;53m████[38;2;65;65;65m██[38;2;0;0;0m██  
      ██[38;2;65;65;65m██[38;2;123;123;123m████[38;2;65;65;65m██[38;2;255;255;255m██[38;2;0;0;0m██[38;2;255;255;255m██[38;2;65;65;65m██[38;2;181;181;189m██[38;2;65;65;65m██[38;2;140;140;140m██[38;2;255;255;255m████[38;2;148;74;66m████[38;2;197;74;58m██[38;2;222;123;115m██[38;2;65;65;65m████[38;2;0;0;0m██    
        ██[38;2;65;65;65m██[38;2;181;181;189m████[38;2;65;65;65m██████[38;2;181;181;189m██[38;2;65;65;65m██[38;2;140;140;140m██[38;2;65;65;65m██[38;2;197;197;197m██[38;2;65;65;65m████[38;2;197;74;58m████[38;2;123;66;58m██[38;2;65;65;65m████[38;2;0;0;0m██    
          ████[38;2;65;65;65m██[38;2;181;181;189m██████[38;2;65;65;65m██[38;2;123;123;123m██[38;2;65;65;65m██[38;2;140;140;140m████[38;2;65;65;65m██████████[38;2;0;0;0m████      
              ████[38;2;65;65;65m████[38;2;123;123;123m██[38;2;65;65;65m██[38;2;140;140;140m██[38;2;197;197;197m██[38;2;65;65;65m██[38;2;53;53;53m████████[38;2;0;0;0m██          
                  ██[38;2;181;181;189m██[38;2;65;65;65m████[38;2;140;140;140m██[38;2;65;65;65m██[38;2;255;255;255m██[38;2;65;65;65m██[38;2;255;255;255m████[38;2;197;197;197m██[38;2;65;65;65m██[38;2;0;0;0m██        
                  ██[38;2;65;65;65m██[38;2;181;181;189m████[38;2;65;65;65m██[38;2;140;140;140m██[38;2;65;65;65m██[38;2;140;140;140m██[38;2;255;255;255m██[38;2;197;197;197m████[38;2;65;65;65m██[38;2;0;0;0m██        
                ██[38;2;197;181;156m██[38;2;0;0;0m██[38;2;65;65;65m████[38;2;123;123;123m██[38;2;0;0;0m██[38;2;255;255;255m████[38;2;140;140;140m████[38;2;65;65;65m████[38;2;0;0;0m██        
              ██[38;2;65;65;65m██[38;2;0;0;0m██  ██[38;2;197;181;156m██[38;2;0;0;0m██  ██[38;2;197;197;197m████[38;2;65;65;65m████[38;2;0;0;0m██          
              ████    ██[38;2;65;65;65m██[38;2;0;0;0m██    ████████            
                      ██[38;2;65;65;65m██[38;2;0;0;0m██                        
                        ██                          
[0m