          [38;2;0;0;0m████                                      
          ██████        ████                        
██████    ██[38;2;197;181;156m██[38;2;0;0;0m██      ██[38;2;65;65;65m██[38;2;0;0;0m████                      
████[38;2;197;181;156m██[38;2;0;0;0m██    ████      ██[38;2;156;115;74m██[38;2;65;65;65m██[38;2;0;0;0m██                      
  ██████      ██      ██[38;2;156;115;74m██[38;2;65;65;65m██[38;2;0;0;0m██                      
        ██      ██  ██[38;2;156;115;74m████[38;2;132;99;74m██[38;2;0;0;0m██              ██████  
          ██    ██  ██[38;2;156;115;74m██[38;2;132;99;74m██[38;2;156;115;74m██[38;2;0;0;0m██          ████[38;2;239;74;90m██[38;2;65;65;65m████[38;2;0;0;0m██
          ██    ██  ██[38;2;156;115;74m██[38;2;132;99;74m██[38;2;156;115;74m██[38;2;0;0;0m██      ████[38;2;239;74;90m████[38;2;239;156;66m██[38;2;65;65;65m████[38;2;0;0;0m██
            ██  ██  ██[38;2;132;99;74m██[38;2;156;115;74m██[38;2;0;0;0m██      ██[38;2;239;156;66m████████[38;2;65;65;65m████[38;2;0;0;0m██  
            ██████████[38;2;132;99;74m██[38;2;156;115;74m██[38;2;0;0;0m██    ██[38;2;239;156;66m████[38;2;239;222;74m████[38;2;65;65;65m████[38;2;0;0;0m██    
          ██[38;2;65;65;65m██[38;2;123;123;123m██[38;2;65;65;65m██[38;2;123;123;123m██[38;2;65;65;65m████[38;2;156;115;74m██[38;2;0;0;0m██  ██[38;2;239;222;74m██████[38;2;156;115;74m████[38;2;53;53;53m████[38;2;0;0;0m██    
        ██[38;2;181;181;189m██[38;2;123;123;123m████████████[38;2;0;0;0m██  ██[38;2;239;74;90m████[38;2;156;115;74m████[38;2;239;222;74m████[38;2;239;74;90m██[38;2;65;65;65m████[38;2;0;0;0m██  
      ██[38;2;181;181;189m██[38;2;0;0;0m██[38;2;123;123;123m████[38;2;65;65;65m██████[38;2;123;123;123m██[38;2;65;65;65m██[38;2;0;0;0m██[38;2;239;74;90m██[38;2;156;115;74m████[38;2;239;222;74m████[38;2;239;156;66m██████[38;2;65;65;65m████[38;2;0;0;0m██  
      ██[38;2;65;65;65m████[38;2;123;123;123m██[38;2;65;65;65m████[38;2;255;255;255m██[38;2;65;65;65m████[38;2;123;123;123m██[38;2;65;65;65m██[38;2;156;115;74m██[38;2;239;74;90m████[38;2;239;222;74m██[38;2;156;115;74m██████[38;2;53;53;53m████[38;2;65;65;65m██[38;2;0;0;0m██  
      ██[38;2;65;65;65m██[38;2;123;123;123m████[38;2;65;65;65m██[38;2;255;255;255m██[38;2;0;0;0m██[38;2;255;255;255m██[38;2;65;65;65m██[38;2;181;181;189m██[38;2;65;65;65m██[38;2;156;115;74m████████[38;2;239;222;74m██████[38;2;65;65;65m████[38;2;0;0;0m██    
        ██[38;2;65;65;65m██[38;2;181;181;189m████[38;2;65;65;65m██████[38;2;181;181;189m██[38;2;65;65;65m██[38;2;239;222;74m██[38;2;99;206;239m██████[38;2;239;156;66m████[38;2;99;206;239m██[38;2;239;74;90m██[38;2;65;65;65m████[38;2;0;0;0m██    
          ████[38;2;65;65;65m██[38;2;181;181;189m██████[38;2;65;65;65m██[38;2;66;132;230m██[38;2;65;65;65m██████[38;2;99;206;239m████████[38;2;65;65;65m██[38;2;0;0;0m████      
              ████[38;2;65;65;65m████[38;2;123;123;123m██[38;2;65;65;65m██[38;2;66;132;230m██[38;2;99;206;239m████[38;2;65;65;65m████████[38;2;0;0;0m██          
                  ██[38;2;181;181;189m██[38;2;65;65;65m████[38;2;99;206;239m██[38;2;66;132;230m██[38;2;239;156;66m██[38;2;99;206;239m██[38;2;239;222;74m██[38;2;66;132;230m██[38;2;239;156;66m██[38;2;65;65;65m██[38;2;0;0;0m██        
                  ██[38;2;65;65;65m██[38;2;181;181;189m████[38;2;65;65;65m██[38;2;99;206;239m██[38;2;66;132;230m██[38;2;53;53;53m██[38;2;66;132;230m██████[38;2;65;65;65m██[38;2;0;0;0m██        
                ██[38;2;197;181;156m██[38;2;0;0;0m██[38;2;65;65;65m████[38;2;123;123;123m██[38;2;0;0;0m██[38;2;239;222;74m██[38;2;99;206;239m██[38;2;53;53;53m████[38;2;65;65;65m████[38;2;0;0;0m██        
              ██[38;2;65;65;65m██[38;2;0;0;0m██  ██[38;2;197;181;156m██[38;2;0;0;0m██  ██[38;2;239;156;66m██[38;2;66;132;230m██[38;2;65;65;65m██[38;2;53;53;53m██[38;2;0;0;0m██          
              ████    ██[38;2;65;65;65m██[38;2;0;0;0m██    ████████            
                      ██[38;2;65;65;65m██[38;2;0;0;0m██                        
                        ██                          
[0m