          [38;2;0;0;0m████                                      
          ██████        ████                        
██████    ██[38;2;197;181;156m██[38;2;0;0;0m██      ██[38;2;65;65;65m██[38;2;0;0;0m████                      
████[38;2;197;181;156m██[38;2;0;0;0m██    ████      ██[38;2;74;115;230m██[38;2;65;65;65m██[38;2;0;0;0m██                      
  ██████      ██      ██[38;2;74;115;230m██[38;2;65;65;65m██[38;2;0;0;0m██                      
        ██      ██  ██[38;2;74;140;214m██[38;2;74;115;230m██[38;2;74;90;140m██[38;2;0;0;0m██              ██████  
          ██    ██  ██[38;2;74;140;214m██[38;2;74;90;140m██[38;2;74;115;230m██[38;2;0;0;0m██          ████[38;2;74;115;230m██[38;2;65;65;65m████[38;2;0;0;0m██
          ██    ██  ██[38;2;74;140;214m██[38;2;74;90;140m██[38;2;74;115;230m██[38;2;0;0;0m██      ████[38;2;74;115;230m██████[38;2;65;65;65m████[38;2;0;0;0m██
            ██  ██  ██[38;2;74;90;140m██[38;2;74;140;214m██[38;2;0;0;0m██      ██[38;2;74;90;140m██[38;2;74;115;230m████[38;2;65;65;65m██████[38;2;0;0;0m██  
            ██████████[38;2;74;90;140m██[38;2;74;140;214m██[38;2;0;0;0m██    ██[38;2;82;181;255m████[38;2;74;115;230m████[38;2;65;65;65m████[38;2;0;0;0m██    
          ██[38;2;65;65;65m██[38;2;123;123;123m██[38;2;65;65;65m██[38;2;123;123;123m██[38;2;65;65;65m████[38;2;74;140;214m██[38;2;0;0;0m██  ██[38;2;82;181;255m██████[38;2;74;90;140m████████[38;2;0;0;0m██    
        ██[38;2;181;181;189m██[38;2;123;123;123m████████████[38;2;0;0;0m██  ██[38;2;255;255;255m██[38;2;82;181;255m██[38;2;74;132;206m████[38;2;74;115;230m██████[38;2;65;65;65m████[38;2;0;0;0m██  
      ██[38;2;181;181;189m██[38;2;0;0;0m██[38;2;123;123;123m████[38;2;65;65;65m██████[38;2;123;123;123m██[38;2;65;65;65m██[38;2;0;0;0m██[38;2;255;255;255m██[38;2;189;197;206m████[38;2;82;181;255m██████[38;2;74;115;230m████[38;2;65;65;65m████[38;2;0;0;0m██  
      ██[38;2;65;65;65m████[38;2;123;123;123m██[38;2;65;65;65m████[38;2;255;255;255m██[38;2;65;65;65m████[38;2;123;123;123m██[38;2;65;65;65m██[38;2;189;197;206m██[38;2;255;255;255m████[38;2;82;181;255m██[38;2;74;132;206m████[38;2;74;90;140m██████[38;2;65;65;65m██[38;2;0;0;0m██  
      ██[38;2;65;65;65m██[38;2;123;123;123m████[38;2;65;65;65m██[38;2;255;255;255m██[38;2;0;0;0m██[38;2;255;255;255m██[38;2;65;65;65m██[38;2;181;181;189m██[38;2;65;65;65m██[38;2;82;181;255m██[38;2;189;197;206m████[38;2;74;132;206m██[38;2;82;181;255m██[38;2;74;115;230m████[38;2;65;65;65m████[38;2;0;0;0m██    
        ██[38;2;65;65;65m██[38;2;181;181;189m████[38;2;65;65;65m██████[38;2;181;181;189m██[38;2;65;65;65m██[38;2;82;181;255m██[38;2;74;132;206m██[38;2;255;255;255m████[38;2;82;181;255m████[38;2;74;115;230m████[38;2;65;65;65m████[38;2;0;0;0m██    
          ████[38;2;65;65;65m██[38;2;181;181;189m██████[38;2;65;65;65m██[38;2;74;140;214m██[38;2;65;65;65m██████[38;2;82;181;255m████[38;2;74;115;230m████[38;2;65;65;65m██[38;2;0;0;0m████      
              ████[38;2;65;65;65m████[38;2;74;132;206m██[38;2;65;65;65m██[38;2;74;140;214m██[38;2;82;181;255m████[38;2;65;65;65m████████[38;2;0;0;0m██          
                  ██[38;2;181;181;189m██[38;2;65;65;65m████[38;2;74;132;206m████[38;2;82;181;255m██████[38;2;82;107;197m██[38;2;74;90;140m██[38;2;65;65;65m██[38;2;0;0;0m██        
                  ██[38;2;65;65;65m██[38;2;181;181;189m████[38;2;65;65;65m██[38;2;82;181;255m██[38;2;74;132;206m████[38;2;82;107;197m██[38;2;74;90;140m████[38;2;65;65;65m██[38;2;0;0;0m██        
                ██[38;2;197;181;156m██[38;2;0;0;0m██[38;2;65;65;65m████[38;2;123;123;123m██[38;2;0;0;0m██[38;2;82;107;197m████[38;2;74;90;140m████[38;2;65;65;65m████[38;2;0;0;0m██        
              ██[38;2;65;65;65m██[38;2;0;0;0m██  ██[38;2;197;181;156m██[38;2;0;0;0m██  ██[38;2;74;90;140m████[38;2;65;65;65m████[38;2;0;0;0m██          
              ████    ██[38;2;65;65;65m██[38;2;0;0;0m██    ████████            
                      ██[38;2;65;65;65m██[38;2;0;0;0m██                        
                        ██                          
[0m