          [38;2;7;7;7m████████          
      ████[38;2;237;130;0m██[38;2;211;95;19m████[38;2;237;130;0m██[38;2;7;7;7m████      
    ██[38;2;237;130;0m████[38;2;211;95;19m██[38;2;65;65;65m██[38;2;237;130;0m████████[38;2;7;7;7m██    
  ██[38;2;177;77;35m██[38;2;237;130;0m██████████████████[38;2;7;7;7m██  
██[38;2;237;130;0m██[38;2;211;95;19m██[38;2;177;77;35m██[38;2;237;130;0m████[38;2;177;77;35m████████[38;2;237;130;0m████[38;2;7;7;7m██  
██[38;2;189;189;189m██[38;2;237;130;0m██[38;2;211;95;19m████[38;2;177;77;35m██[38;2;211;95;19m██████[38;2;237;130;0m██[38;2;177;77;35m██[38;2;211;95;19m████[38;2;7;7;7m██
██[38;2;248;248;248m██[38;2;7;7;7m██[38;2;177;77;35m██[38;2;211;95;19m████[38;2;189;189;189m██[38;2;248;248;248m██[38;2;189;189;189m██[38;2;177;77;35m██[38;2;211;95;19m██████[38;2;7;7;7m██
██[38;2;237;130;0m██[38;2;7;7;7m██[38;2;237;130;0m██[38;2;177;77;35m██[38;2;189;189;189m██[38;2;7;7;7m██[38;2;248;248;248m████[38;2;189;189;189m██[38;2;211;95;19m████[38;2;65;65;65m██[38;2;7;7;7m██
██[38;2;65;65;65m██[38;2;237;130;0m██████[38;2;177;77;35m██[38;2;7;7;7m██[38;2;237;130;0m██[38;2;248;248;248m██[38;2;211;95;19m████[38;2;65;65;65m██[38;2;133;97;73m██[38;2;7;7;7m██
  ██[38;2;65;65;65m████[38;2;237;130;0m██████[38;2;211;95;19m████[38;2;65;65;65m████[38;2;168;137;104m██[38;2;7;7;7m██  
  ██[38;2;230;201;145m██[38;2;168;137;104m██[38;2;65;65;65m██████████[38;2;168;137;104m██[38;2;133;97;73m██[38;2;168;137;104m██[38;2;7;7;7m██  
    ██[38;2;230;201;145m████[38;2;133;97;73m██[38;2;168;137;104m████[38;2;133;97;73m████[38;2;168;137;104m██[38;2;7;7;7m██    
      ████[38;2;168;137;104m██[38;2;133;97;73m████[38;2;168;137;104m██[38;2;7;7;7m████      
          ████████          
[0m