        [38;2;0;0;0m██████                              
      ██[38;2;255;255;255m██████[38;2;0;0;0m██        ████████            
    ██[38;2;65;65;65m██[38;2;255;255;255m████████[38;2;0;0;0m██  ████[38;2;255;255;255m██████[38;2;197;197;197m██[38;2;0;0;0m████        
  ██[38;2;255;255;255m████████████[38;2;65;65;65m██[38;2;0;0;0m██[38;2;255;255;255m██████████[38;2;90;123;189m██[38;2;255;255;255m████[38;2;0;0;0m██      
  ██[38;2;255;255;255m██[38;2;189;213;238m████[38;2;255;255;255m██████████[38;2;65;65;65m██[38;2;255;255;255m████████████████[38;2;0;0;0m██    
  ██[38;2;90;123;189m██[38;2;189;213;238m██████[38;2;255;255;255m████████[38;2;65;65;65m██████[38;2;255;255;255m██████████████[38;2;0;0;0m██  
██[38;2;255;255;255m██[38;2;65;65;65m██[38;2;255;255;255m██[38;2;189;213;238m██████[38;2;65;65;65m██████[38;2;255;255;255m██████[38;2;65;65;65m██[38;2;90;123;189m██[38;2;189;213;238m██[38;2;255;255;255m████[38;2;90;123;189m████[38;2;0;0;0m██  
██[38;2;255;255;255m██████[38;2;90;123;189m██[38;2;255;255;255m██[38;2;65;65;65m██[38;2;255;255;255m██████[38;2;74;123;180m████[38;2;65;65;65m██[38;2;90;123;189m██[38;2;189;213;238m██████[38;2;255;255;255m██████[38;2;90;123;189m██[38;2;0;0;0m██
██[38;2;90;123;189m██[38;2;255;255;255m██[38;2;90;123;189m██[38;2;65;65;65m████[38;2;255;255;255m██████[38;2;74;123;180m████[38;2;65;65;65m████[38;2;189;213;238m████[38;2;90;123;189m████[38;2;189;213;238m██[38;2;255;255;255m██████[38;2;0;0;0m██
  ██[38;2;65;65;65m████[38;2;255;255;255m████[38;2;0;0;0m██[38;2;90;123;189m██[38;2;255;255;255m████[38;2;65;65;65m██[38;2;255;255;255m████[38;2;65;65;65m██[38;2;90;123;189m██[38;2;189;213;238m██████[38;2;255;255;255m██████[38;2;0;0;0m██
  ██[38;2;255;255;255m██████[38;2;0;0;0m██[38;2;255;255;255m██[38;2;0;0;0m██[38;2;197;197;197m██[38;2;65;65;65m██[38;2;255;255;255m████████[38;2;65;65;65m██[38;2;0;0;0m████[38;2;255;255;255m██[38;2;90;123;189m████[38;2;255;255;255m██[38;2;0;0;0m██
██[38;2;255;255;255m████████[38;2;90;123;189m████[38;2;197;197;197m████[38;2;65;65;65m██[38;2;255;255;255m██████████[38;2;0;0;0m██  ██[38;2;255;255;255m████[38;2;0;0;0m██  
██[38;2;74;123;180m██[38;2;255;255;255m██████████[38;2;197;197;197m██[38;2;65;65;65m██[38;2;197;197;197m██[38;2;255;255;255m████████[38;2;197;197;197m██[38;2;0;0;0m██    ████    
  ██[38;2;189;213;238m██[38;2;255;255;255m██████[38;2;197;197;197m████████[38;2;255;255;255m████[38;2;65;65;65m██[38;2;197;197;197m████[38;2;0;0;0m██            
    ██████[38;2;65;65;65m████[38;2;197;197;197m████[38;2;255;255;255m██████[38;2;0;0;0m██[38;2;197;197;197m██████[38;2;0;0;0m██          
          ██[38;2;255;255;255m██████████[38;2;0;0;0m██  ██[38;2;148;205;197m████[38;2;0;0;0m██          
          ██[38;2;197;197;197m██[38;2;65;65;65m██[38;2;255;255;255m██████[38;2;0;0;0m██  ██[38;2;148;205;197m██[38;2;65;65;65m██[38;2;0;0;0m██          
            ██[38;2;148;205;197m██[38;2;65;65;65m██[38;2;255;255;255m██[38;2;197;197;197m██[38;2;0;0;0m██    ████            
            ██[38;2;148;205;197m██[38;2;65;65;65m██[38;2;148;205;197m████[38;2;0;0;0m██                    
              ████[38;2;148;205;197m████[38;2;0;0;0m██                    
                  ████                      
[0m