      [38;2;0;0;0m██                                        
    ██[38;2;214;230;247m██[38;2;0;0;0m██                                      
    ██[38;2;214;230;247m██[38;2;0;0;0m██                ████                  
  ██[38;2;165;197;206m██[38;2;99;123;206m██[38;2;214;230;247m██[38;2;0;0;0m██          ████[38;2;214;230;247m██[38;2;0;0;0m██                  
  ██[38;2;165;197;206m██[38;2;99;123;206m██[38;2;214;230;247m██[38;2;0;0;0m██        ██[38;2;214;230;247m████[38;2;165;197;206m██[38;2;0;0;0m██        ██████    
  ██[38;2;165;197;206m████[38;2;65;65;65m██[38;2;0;0;0m██████  ██[38;2;214;230;247m████[38;2;148;165;247m██[38;2;0;0;0m██        ██[38;2;214;230;247m██████[38;2;0;0;0m██  
    ██[38;2;65;65;65m██[38;2;148;165;247m██████[38;2;99;123;206m██[38;2;0;0;0m██[38;2;65;65;65m██[38;2;214;230;247m██[38;2;99;123;206m██[38;2;165;197;206m██[38;2;0;0;0m██      ██[38;2;214;230;247m██████████[38;2;0;0;0m██
  ██[38;2;99;123;206m██[38;2;148;165;247m██████████[38;2;65;65;65m██[38;2;214;230;247m██[38;2;99;123;206m██[38;2;165;197;206m██[38;2;65;65;65m██[38;2;0;0;0m██      ██[38;2;214;230;247m████[38;2;65;65;65m██[38;2;214;230;247m██[38;2;165;197;206m██[38;2;0;0;0m██
  ██[38;2;148;165;247m████████████[38;2;65;65;65m██[38;2;214;230;247m██[38;2;99;123;206m██[38;2;165;197;206m████[38;2;0;0;0m██    ██[38;2;214;230;247m██████[38;2;165;197;206m██[38;2;65;65;65m████[38;2;0;0;0m██
██[38;2;148;165;247m████████████[38;2;0;0;0m██[38;2;66;90;156m██[38;2;65;65;65m██[38;2;165;197;206m████[38;2;65;65;65m██[38;2;181;132;74m██[38;2;0;0;0m██  ██[38;2;214;230;247m████[38;2;65;65;65m████[38;2;165;197;206m██[38;2;0;0;0m██  
██[38;2;148;165;247m██████[38;2;99;123;206m██[38;2;148;165;247m██[38;2;0;0;0m██[38;2;181;181;181m██[38;2;66;90;156m██[38;2;99;123;206m██[38;2;65;65;65m████[38;2;107;74;41m██[38;2;181;132;74m██[38;2;140;99;58m██[38;2;0;0;0m██[38;2;165;197;206m████[38;2;65;65;65m██[38;2;214;230;247m████[38;2;0;0;0m██    
  ██[38;2;148;165;247m████[38;2;99;123;206m██[38;2;66;90;156m██[38;2;0;0;0m██[38;2;255;255;255m████[38;2;99;123;206m██[38;2;65;65;65m██[38;2;255;255;255m████[38;2;107;74;41m██[38;2;181;132;74m██[38;2;65;65;65m██[38;2;165;197;206m████[38;2;65;65;65m██[38;2;214;230;247m████[38;2;0;0;0m██    
  ██[38;2;99;123;206m██[38;2;148;165;247m██████[38;2;140;99;58m██[38;2;255;255;255m██[38;2;66;90;156m████[38;2;65;65;65m████[38;2;255;255;255m██[38;2;107;74;41m██[38;2;181;132;74m██[38;2;140;99;58m██[38;2;65;65;65m██[38;2;165;197;206m██████[38;2;0;0;0m██      
██[38;2;99;123;206m██[38;2;0;0;0m██[38;2;99;123;206m██[38;2;66;90;156m██[38;2;99;123;206m██████[38;2;65;65;65m████[38;2;148;165;247m████[38;2;65;65;65m██[38;2;255;255;255m██[38;2;107;74;41m████[38;2;65;65;65m██[38;2;165;197;206m██████[38;2;0;0;0m██      
██[38;2;181;181;181m██[38;2;99;123;206m██[38;2;0;0;0m██[38;2;65;65;65m████████[38;2;206;181;82m██[38;2;65;65;65m██[38;2;148;165;247m████[38;2;99;123;206m██[38;2;255;255;255m██[38;2;107;74;41m██[38;2;140;99;58m██[38;2;65;65;65m██[38;2;165;197;206m████[38;2;0;0;0m██        
  ████  ██[38;2;247;230;148m██████[38;2;65;65;65m██[38;2;255;255;255m██[38;2;148;165;247m████[38;2;65;65;65m██[38;2;255;255;255m██[38;2;107;74;41m██[38;2;140;99;58m██[38;2;65;65;65m██[38;2;0;0;0m████          
          ██[38;2;206;181;82m████[38;2;65;65;65m██[38;2;99;123;206m██[38;2;181;181;181m██[38;2;65;65;65m████[38;2;181;181;181m██[38;2;107;74;41m████[38;2;0;0;0m██              
        ██[38;2;66;90;156m██[38;2;65;65;65m████[38;2;247;230;148m██[38;2;65;65;65m████[38;2;247;230;148m██[38;2;65;65;65m████[38;2;181;181;181m██[38;2;0;0;0m██                
        ██[38;2;66;90;156m████[38;2;65;65;65m██[38;2;0;0;0m██[38;2;206;181;82m████[38;2;65;65;65m██[38;2;148;165;247m██[38;2;65;65;65m██[38;2;181;181;181m██[38;2;0;0;0m██                
          ██████  ██[38;2;65;65;65m██[38;2;148;165;247m████[38;2;99;123;206m██[38;2;0;0;0m██                  
                    ██[38;2;99;123;206m██[38;2;66;90;156m██[38;2;99;123;206m██[38;2;0;0;0m██                  
                      ██████                    
[0m