                                        [38;2;0;0;0m██████                    ████              
                                      ██[38;2;255;255;255m██████[38;2;0;0;0m██  ██████    ██████[38;2;214;219;222m████[38;2;0;0;0m██            
                                  ████[38;2;255;255;255m████████[38;2;222;231;231m██[38;2;0;0;0m██[38;2;211;218;225m████[38;2;239;243;247m██[38;2;0;0;0m████[38;2;239;243;247m██[38;2;214;219;222m██████[38;2;0;0;0m██              
                              ██[38;2;66;65;66m██[38;2;255;255;255m██████[38;2;211;218;225m██████[38;2;222;231;231m████[38;2;255;255;255m████[38;2;239;243;247m████████[38;2;214;219;222m██[38;2;0;0;0m████                
                            ██[38;2;255;255;255m██████[38;2;211;218;225m██[38;2;214;219;222m████████[38;2;211;218;225m████[38;2;231;235;239m████[38;2;255;255;255m████[38;2;0;0;0m██████                    
                            ██[38;2;255;255;255m██[38;2;211;218;225m██████[38;2;214;219;222m██[38;2;0;0;0m████[38;2;214;219;222m██[38;2;211;218;225m████[38;2;0;0;0m████████                          
                        ████[38;2;222;227;231m██[38;2;214;219;222m██████[38;2;66;65;66m██[38;2;0;0;0m██    ██████                                  
                      ██[38;2;140;138;140m██[38;2;148;151;154m██[38;2;74;75;77m██[38;2;66;65;66m██████[38;2;164;167;170m██[38;2;140;138;140m██[38;2;0;0;0m██                                          
                      ██[38;2;140;138;140m██[38;2;140;139;142m██[38;2;173;170;173m██[38;2;169;170;173m████[38;2;173;170;173m██[38;2;140;139;142m██[38;2;140;138;140m██[38;2;0;0;0m██                                          
                        ██[38;2;140;139;142m████[38;2;140;138;140m████[38;2;140;139;142m████[38;2;0;0;0m██                                            
                        ██[38;2;137;140;142m████[38;2;137;139;143m████[38;2;137;140;142m████[38;2;0;0;0m██                                            
                          ██[38;2;137;140;142m██[38;2;137;139;143m████[38;2;137;140;142m██[38;2;0;0;0m██      ████                                    
                          ██[38;2;137;140;142m██[38;2;137;139;143m████[38;2;137;140;142m██[38;2;0;0;0m██    ██[38;2;198;227;140m██[38;2;145;171;98m██[38;2;8;12;0m██                                  
                          [38;2;0;0;0m██[38;2;137;140;142m██[38;2;137;139;143m████[38;2;137;140;142m██[38;2;0;0;0m██  ██[38;2;198;227;140m████[38;2;214;251;148m██[38;2;145;171;98m██[38;2;0;0;0m██                          ████  
                          ██[38;2;137;140;142m██[38;2;137;139;145m████[38;2;137;140;142m██[38;2;0;0;0m██  ██[38;2;206;235;140m████[38;2;156;190;107m████[38;2;0;0;0m██            ██[38;2;0;4;0m██    ██████[38;2;214;219;222m████[38;2;0;0;0m██
                          ██[38;2;137;140;142m██[38;2;137;139;145m██[38;2;115;117;123m██[38;2;137;140;142m██[38;2;0;0;0m██    [38;2;8;8;0m██[38;2;140;159;93m██[38;2;156;190;107m██[38;2;0;0;0m██            ██[38;2;255;255;255m████[38;2;0;4;0m████[38;2;214;219;222m██[38;2;255;255;255m████[38;2;214;219;222m██[38;2;0;0;0m██  
                          ██[38;2;137;140;142m██[38;2;115;115;119m██[38;2;140;138;140m██[38;2;126;126;132m██[38;2;0;0;0m██      ████          ████[38;2;255;255;255m████[38;2;231;235;239m████[38;2;211;218;225m██[38;2;255;255;255m████[38;2;0;0;0m████    
                          ██[38;2;137;140;142m██[38;2;140;138;140m██[38;2;115;115;119m██[38;2;126;126;132m██[38;2;0;0;0m██                  ██[38;2;255;255;255m████[38;2;211;218;225m████[38;2;0;0;0m████[38;2;255;255;255m████[38;2;0;0;0m██        
                          ██[38;2;126;126;132m██[38;2;115;115;119m██[38;2;140;138;140m██[38;2;115;116;120m██[38;2;0;0;0m██        ██      ██[38;2;222;227;231m██[38;2;214;219;222m████[38;2;68;69;71m██[38;2;0;0;0m██    ████          
                          ██[38;2;126;126;132m██[38;2;140;138;140m██[38;2;115;115;119m██[38;2;115;116;120m██[38;2;0;0;0m██      ██[38;2;198;227;140m██[38;2;0;0;0m██  ██[38;2;148;151;154m██[38;2;74;75;77m██[38;2;66;65;66m████[38;2;137;138;142m██[38;2;0;0;0m██                  
    ██████                ██[38;2;115;116;120m████████[38;2;0;0;0m██        ██    ██[38;2;148;148;154m████[38;2;173;170;173m██[38;2;140;139;142m██[38;2;140;138;140m██[38;2;0;0;0m██                  
  ██[38;2;198;227;140m██████[38;2;0;0;0m██        ████  ██[38;2;115;116;120m████████[38;2;0;0;0m██                ██[38;2;148;148;154m██[38;2;140;139;142m████[38;2;0;0;0m██                    
██[38;2;156;190;104m████[38;2;198;227;140m████[38;2;156;190;107m██[38;2;0;0;0m██    ██[38;2;170;170;170m██[38;2;173;170;173m██[38;2;0;0;0m██[38;2;66;65;66m██[38;2;115;116;121m██[38;2;115;116;120m████[38;2;115;117;120m██[38;2;0;4;0m██  [38;2;0;0;0m████          ██[38;2;137;140;142m██[38;2;137;139;143m████[38;2;0;0;0m██                    
██[38;2;156;190;104m████[38;2;156;190;103m████[38;2;156;190;107m██[38;2;0;0;0m██  ██[38;2;170;170;170m████[38;2;115;113;115m████[38;2;66;65;66m██[38;2;115;116;121m██[38;2;115;116;120m████[38;2;115;117;120m██[38;2;57;60;60m██[38;2;0;0;0m██[38;2;173;170;173m██[38;2;94;95;99m██[38;2;0;0;0m██        ██[38;2;137;140;142m██[38;2;137;139;143m████[38;2;0;0;0m██                    
  ████[38;2;156;190;107m██████[38;2;0;0;0m██  ██[38;2;170;170;176m██[38;2;66;65;66m██[38;2;118;117;121m████[38;2;170;170;176m██[38;2;66;65;66m████[38;2;118;117;121m██[38;2;170;170;176m████[38;2;66;65;66m██[38;2;165;170;173m██[38;2;94;95;99m██[38;2;0;0;0m██        ██[38;2;137;140;142m██[38;2;140;138;140m██[38;2;115;115;119m██[38;2;0;0;0m██                    
      ██████    ██[38;2;118;117;121m████[38;2;66;65;66m██[38;2;170;170;176m████████████[38;2;66;65;66m██[38;2;165;170;173m██[38;2;99;100;101m██[38;2;94;95;99m██[38;2;0;0;0m██        ██[38;2;137;140;142m██[38;2;115;115;119m██[38;2;140;138;140m██[38;2;0;0;0m██                    
                  ██[38;2;68;69;71m██[38;2;115;116;121m██████[38;2;66;65;66m████████[38;2;98;97;98m██[38;2;96;96;99m██[38;2;66;65;66m██[38;2;66;64;66m██[38;2;0;0;0m██    ████[38;2;0;4;0m██[38;2;115;117;120m██[38;2;140;138;140m██[38;2;115;115;119m██[38;2;0;0;0m██                    
                ██[38;2;137;138;142m████[38;2;66;65;66m██████[38;2;115;116;121m██████[38;2;115;113;115m██[38;2;66;65;66m████[38;2;96;96;99m██[38;2;99;97;99m████[38;2;0;0;0m████[38;2;137;140;142m████[38;2;57;60;60m██[38;2;115;117;120m██[38;2;115;115;119m████[38;2;0;0;0m██████                
              [38;2;0;4;0m██[38;2;173;174;173m██[38;2;173;170;173m██[38;2;137;135;137m██[38;2;170;170;173m████[38;2;173;170;173m██[38;2;66;65;66m████████[38;2;118;117;121m██[38;2;115;115;119m████[38;2;94;97;98m████[38;2;99;97;99m██[38;2;0;0;0m██[38;2;134;135;137m██[38;2;170;173;175m██[38;2;118;117;121m██[38;2;66;65;66m██[38;2;115;117;123m████[38;2;66;65;66m██[38;2;137;137;142m██[38;2;94;95;99m██[38;2;0;0;0m██              
              [38;2;0;4;0m██[38;2;57;60;57m██[38;2;66;65;66m████[38;2;170;170;173m████[38;2;137;135;137m██[38;2;173;170;173m██[38;2;170;170;176m████████[38;2;140;138;140m██[38;2;115;115;119m██[38;2;115;117;123m██[38;2;94;97;98m██[38;2;99;97;99m██[38;2;66;64;66m██[38;2;99;97;99m████[38;2;170;170;176m████[38;2;168;170;172m████[38;2;137;137;142m██[38;2;101;101;104m██[38;2;94;95;99m██[38;2;0;0;0m██              
            ██[38;2;205;217;197m██[38;2;255;251;255m██[38;2;0;4;8m██[38;2;255;255;255m██[38;2;170;170;172m████[38;2;82;81;82m████[38;2;66;66;68m████[38;2;170;170;176m██████[38;2;66;65;66m██[38;2;115;115;121m██[38;2;99;97;99m██[38;2;96;96;99m████[38;2;66;65;66m██[38;2;98;97;98m██[38;2;96;96;99m████████████[38;2;0;0;0m██                
          ██[38;2;198;227;140m██[38;2;107;150;82m██[38;2;255;251;255m██[38;2;255;255;255m██[38;2;127;129;131m██[38;2;115;154;74m████[38;2;139;139;139m██[38;2;255;255;255m██[38;2;0;0;0m██[38;2;198;199;206m██[38;2;66;65;66m██████[38;2;118;117;121m██[38;2;115;115;121m████[38;2;96;96;99m██[38;2;66;65;66m██[38;2;115;113;115m██[38;2;66;65;66m██████████████[38;2;115;115;119m██[38;2;0;0;0m██              
          ██[38;2;156;190;107m██[38;2;192;193;173m██[38;2;66;69;57m██[38;2;111;154;78m████[38;2;198;227;140m████[38;2;123;166;66m██[38;2;214;227;189m██[38;2;255;255;255m████[38;2;255;255;247m████[38;2;115;115;123m████[38;2;107;121;107m██[38;2;123;144;104m██[38;2;112;153;77m██[38;2;117;117;121m██[38;2;165;162;173m██[38;2;123;162;74m██[38;2;189;227;132m████[38;2;156;174;126m██[38;2;107;138;66m██[38;2;140;155;137m██[38;2;107;130;90m██[38;2;115;154;74m██[38;2;0;0;0m██              
            ██[38;2;66;69;57m██[38;2;255;255;231m██[38;2;66;65;66m██[38;2;111;154;78m██[38;2;115;154;78m████[38;2;183;206;148m████[38;2;193;225;135m████[38;2;66;77;41m██[38;2;160;166;144m██[38;2;198;227;140m████[38;2;156;190;99m████[38;2;112;153;77m██[38;2;117;117;121m██[38;2;151;162;140m██[38;2;137;162;107m██[38;2;126;151;88m██[38;2;0;0;0m██[38;2;255;247;247m██[38;2;156;174;126m██[38;2;140;155;137m██[38;2;206;207;231m██[38;2;0;0;0m██                
              ██[38;2;255;255;255m██[38;2;170;170;176m██[38;2;66;65;66m██[38;2;181;124;159m██[38;2;239;154;206m██[38;2;110;118;84m████[38;2;129;129;117m██[38;2;66;73;49m██[38;2;255;255;255m██[38;2;66;65;66m██[38;2;198;227;132m██[38;2;156;190;103m██[38;2;148;195;90m██[38;2;117;147;87m██[38;2;98;97;98m██[38;2;115;113;115m██[38;2;145;151;140m████[38;2;255;255;255m████[38;2;159;189;104m████[38;2;148;155;104m██[38;2;123;174;74m██[38;2;214;235;214m██[38;2;0;8;0m██              
            [38;2;0;0;0m██[38;2;170;170;170m██[38;2;85;85;85m██[38;2;66;65;66m██[38;2;170;170;176m██[38;2;66;65;66m████[38;2;66;109;49m██[38;2;198;138;156m██[38;2;192;186;186m██[38;2;255;243;255m██[38;2;192;191;192m██[38;2;66;65;66m██[38;2;115;154;74m██[38;2;156;190;103m██[38;2;117;147;87m██[38;2;87;99;84m██[38;2;98;97;98m██[38;2;66;65;66m██[38;2;165;154;173m██[38;2;107;146;74m██[38;2;156;190;101m████[38;2;198;113;165m████[38;2;198;117;165m████[38;2;107;121;107m██[38;2;0;8;0m██              
    [38;2;0;0;0m████    ██[38;2;118;114;115m██[38;2;173;170;173m████[38;2;118;116;120m██[38;2;168;170;172m████[38;2;170;170;176m██[38;2;66;65;66m████████[38;2;170;170;176m██[38;2;117;117;121m██[38;2;112;153;77m██[38;2;96;96;99m██████[38;2;66;65;66m██[38;2;110;128;96m██[38;2;198;231;140m██[38;2;189;174;173m██[38;2;255;227;239m██[38;2;159;190;101m████[38;2;148;170;131m██[38;2;214;227;214m██[38;2;156;190;107m██[38;2;0;0;0m██              
  ██[38;2;198;227;140m████[38;2;0;0;0m██    [38;2;8;4;0m██[38;2;63;59;57m██[38;2;118;116;120m████[38;2;115;117;123m████[38;2;118;117;121m██[38;2;170;170;176m████████[38;2;118;117;121m██[38;2;117;117;121m████[38;2;66;65;66m██[38;2;96;96;99m████[38;2;66;65;66m██[38;2;66;77;74m██[38;2;110;128;96m██[38;2;57;69;41m██[38;2;123;121;107m██[38;2;159;190;101m██[38;2;115;117;123m██[38;2;115;142;90m████[38;2;0;0;0m██                
  ██[38;2;156;190;107m██[38;2;198;227;140m████[38;2;0;0;0m██    ██[38;2;66;65;74m██[38;2;156;150;115m██[38;2;123;122;112m██[38;2;189;182;140m██[38;2;117;114;120m████[38;2;115;117;123m████[38;2;115;113;115m██[38;2;66;65;66m██[38;2;115;113;115m██[38;2;98;97;98m██[38;2;66;64;66m██[38;2;99;97;99m██[38;2;66;65;66m████[38;2;96;96;99m██[38;2;66;65;66m██[38;2;99;97;99m████[38;2;94;95;99m████[38;2;0;0;0m████    ██████        
    ██[38;2;156;190;103m████[38;2;0;0;0m██    ██[38;2;96;93;87m██[38;2;66;65;74m██[38;2;156;152;126m██[38;2;90;93;99m██[38;2;189;182;148m██[38;2;117;114;120m██[38;2;159;152;112m████[38;2;98;97;98m████[38;2;66;65;66m████[38;2;99;97;99m██[38;2;0;0;0m██[38;2;66;65;66m██[38;2;96;96;99m██████[38;2;66;64;66m██[38;2;0;0;0m██████      ██[38;2;198;227;140m██████[38;2;0;0;0m██      
      ████        ██████[38;2;66;65;66m██[38;2;66;65;74m██[38;2;156;150;115m██[38;2;94;95;99m████[38;2;99;97;99m████[38;2;66;65;66m████[38;2;0;0;0m██  ██[38;2;94;95;99m██████[38;2;0;0;0m██            ██[38;2;198;227;140m████[38;2;156;190;104m████[38;2;0;0;0m██    
                        ██[38;2;96;93;87m████[38;2;0;0;0m██████[38;2;66;64;66m██[38;2;66;65;66m██[38;2;0;0;0m██      ██████            ██[38;2;156;190;107m██[38;2;156;190;103m████[38;2;156;190;104m████[38;2;0;0;0m██    
                          ████      ████    ████                    ██[38;2;156;190;107m██████[38;2;0;0;0m██      
                                          ██[38;2;198;227;140m████[38;2;0;0;0m██                    ██████        
                                          ██[38;2;198;227;140m██[38;2;156;190;107m██[38;2;0;0;0m██                                  
                                            ████                                    
[0m