                            [38;2;0;0;0m██████                                                  
                          ██[38;2;115;146;239m██[38;2;57;73;119m██[38;2;115;146;231m██[38;2;0;0;0m██                                                
                          ██[38;2;115;146;231m██[38;2;115;210;209m██[38;2;66;73;132m██[38;2;123;203;231m██[38;2;0;0;0m██                                              
                          ██[38;2;115;146;231m████[38;2;66;73;132m██[38;2;104;159;198m██[38;2;0;0;0m██                                              
                        ██[38;2;115;146;231m██[38;2;112;146;231m████████[38;2;0;0;0m██                                              
                        ██[38;2;115;146;231m██[38;2;112;146;231m████████[38;2;66;75;127m██[38;2;0;0;0m██                              ████          
                        [38;2;8;0;0m██[38;2;57;80;115m██[38;2;115;146;231m████[38;2;66;73;123m████[38;2;74;121;165m██[38;2;0;0;0m██            ██              ██[38;2;60;94;126m██[38;2;0;0;0m██      ████
                    ████[38;2;82;121;173m████[38;2;65;72;126m████[38;2;74;123;164m██[38;2;66;73;123m██[38;2;74;121;165m██[38;2;0;0;0m██          ██[38;2;74;121;165m██[38;2;0;0;0m██            ██[38;2;60;94;126m██[38;2;66;65;66m██[38;2;0;0;0m██  ██[38;2;60;94;126m██[38;2;0;0;0m██
                  ██[38;2;115;146;231m██[38;2;66;65;66m██[38;2;74;123;167m████[38;2;74;123;164m██[38;2;66;73;123m██[38;2;74;123;167m████[38;2;74;121;165m██[38;2;0;0;0m██          ██[38;2;74;121;165m██[38;2;0;0;0m██          ██[38;2;60;94;126m██[38;2;66;65;66m██[38;2;60;94;126m████[38;2;0;0;0m██[38;2;60;94;126m██[38;2;0;0;0m██  
            ████  ██[38;2;115;146;231m██[38;2;66;65;66m██[38;2;74;123;167m████[38;2;74;123;164m████[38;2;74;123;167m████[38;2;74;121;165m████[38;2;0;0;0m██████  ██[38;2;74;121;165m████[38;2;0;0;0m██        ██[38;2;57;95;127m██[38;2;60;94;126m██████[38;2;66;65;66m██[38;2;60;94;126m████[38;2;0;0;0m██  
          ██[38;2;115;146;231m██[38;2;57;56;66m██[38;2;0;0;0m██[38;2;115;146;231m██[38;2;107;150;231m██[38;2;57;79;121m██[38;2;65;72;126m████[38;2;74;123;164m████[38;2;74;123;168m████[38;2;74;123;164m██[38;2;66;73;123m██[38;2;74;123;167m████[38;2;82;121;173m██[38;2;8;0;0m██[38;2;66;65;66m██[38;2;74;121;165m██[38;2;66;65;66m██[38;2;60;94;126m██[38;2;0;0;0m██    ██[38;2;115;211;214m██[38;2;60;94;126m██[38;2;60;95;126m████████[38;2;74;97;115m██[38;2;0;0;0m██    
          ██[38;2;115;146;231m██[38;2;76;86;121m██[38;2;57;73;115m██[38;2;115;146;231m██[38;2;107;150;231m██[38;2;82;114;176m██[38;2;115;146;231m████[38;2;66;73;123m████[38;2;74;123;168m██[38;2;115;211;214m██[38;2;74;123;164m████[38;2;74;123;167m████[38;2;82;121;173m██[38;2;57;80;115m██[38;2;74;121;165m████[38;2;66;65;66m██[38;2;60;94;126m██[38;2;57;95;127m██[38;2;0;0;0m████[38;2;66;65;66m██[38;2;60;94;126m████[38;2;60;95;126m████████[38;2;49;64;76m██[38;2;0;0;0m██    
        [38;2;16;8;0m██[38;2;115;150;231m██[38;2;107;150;231m██[38;2;57;79;121m██[38;2;115;146;231m██[38;2;65;72;126m██[38;2;74;123;169m██[38;2;115;146;231m██[38;2;112;146;231m████[38;2;115;146;231m████[38;2;49;73;123m████[38;2;76;121;159m████[38;2;74;123;167m████████[38;2;76;121;159m██[38;2;57;77;132m██[38;2;57;95;123m████[38;2;60;94;126m██[38;2;66;65;66m██[38;2;60;94;126m████[38;2;66;65;66m██[38;2;60;94;126m██[38;2;115;211;214m██[38;2;60;94;126m██[38;2;60;95;126m████[38;2;66;97;123m████[38;2;0;0;0m██  
    ████[38;2;49;55;77m██[38;2;115;150;231m██[38;2;107;150;231m██[38;2;82;114;176m██[38;2;115;146;231m████████[38;2;112;146;231m████[38;2;115;146;231m██[38;2;74;123;169m██[38;2;112;132;167m██[38;2;239;251;255m██[38;2;57;77;132m██[38;2;115;211;214m██[38;2;74;123;167m████████[38;2;76;121;159m██[38;2;115;211;214m██[38;2;66;73;123m██[38;2;57;95;123m██[38;2;60;94;126m████[38;2;66;65;66m██[38;2;60;94;126m████[38;2;66;65;66m██[38;2;60;94;126m████[38;2;60;95;126m████[38;2;46;64;82m██[38;2;8;0;0m██    
  [38;2;0;0;0m██[38;2;239;251;255m██[38;2;57;60;82m██[38;2;115;146;231m██[38;2;65;72;126m██[38;2;82;114;176m██[38;2;107;150;231m██[38;2;115;146;231m██[38;2;65;72;126m██[38;2;115;146;231m████[38;2;126;161;200m██[38;2;66;117;173m██[38;2;74;121;165m██[38;2;255;255;255m████[38;2;74;121;165m██[38;2;66;73;123m██[38;2;74;123;164m██[38;2;74;123;168m████[38;2;74;123;167m████████[38;2;65;81;126m████[38;2;60;95;126m████[38;2;66;65;66m██[38;2;60;94;126m██[38;2;57;95;127m██[38;2;0;0;0m██████████        
██[38;2;255;255;255m██[38;2;57;60;82m██[38;2;148;155;168m██[38;2;115;146;231m████[38;2;107;150;231m██[38;2;57;79;121m██[38;2;65;72;126m██████[38;2;115;146;231m██[38;2;66;117;173m██[38;2;247;251;255m██[38;2;255;255;255m████[38;2;74;121;165m████[38;2;66;73;123m██[38;2;74;123;164m██[38;2;115;211;214m██[38;2;74;123;168m██[38;2;74;123;167m████████[38;2;115;211;214m██[38;2;65;81;126m██[38;2;60;95;126m████[38;2;66;65;66m██[38;2;60;94;126m██[38;2;0;0;0m██                  
██[38;2;255;255;255m██[38;2;66;65;66m██[38;2;115;146;231m██████[38;2;66;74;126m████[38;2;65;72;126m████[38;2;107;150;231m██[38;2;86;113;177m██[38;2;66;73;123m██[38;2;74;123;164m██[38;2;255;255;255m████████[38;2;239;251;255m██[38;2;49;73;123m██[38;2;74;123;164m████[38;2;66;74;126m████[38;2;66;73;123m██[38;2;74;123;164m██[38;2;66;65;66m██[38;2;68;94;118m██[38;2;60;94;126m████[38;2;0;0;0m████                    
  ██[38;2;115;146;231m██████[38;2;65;72;126m██[38;2;66;74;126m████[38;2;65;72;126m██[38;2;115;146;231m██[38;2;66;77;123m████[38;2;66;73;123m████[38;2;74;121;165m██[38;2;255;255;255m████[38;2;74;121;165m██[38;2;112;132;167m██[38;2;49;73;123m██[38;2;74;123;164m██[38;2;66;73;123m██[38;2;66;74;126m████[38;2;74;123;164m████[38;2;71;124;170m██[38;2;66;65;66m██[38;2;60;94;126m██[38;2;0;0;0m██                        
  ██[38;2;112;146;231m████[38;2;115;146;231m██[38;2;65;72;126m████[38;2;115;146;231m██[38;2;107;150;231m██[38;2;66;77;123m██[38;2;49;89;132m██[38;2;247;255;255m██[38;2;255;255;255m██[38;2;66;73;123m██[38;2;74;121;165m██[38;2;255;255;255m██[38;2;74;123;169m██[38;2;115;146;231m████[38;2;65;72;126m██[38;2;115;211;214m██[38;2;76;121;159m██[38;2;74;123;164m████████[38;2;107;207;214m██[38;2;57;60;66m██[38;2;57;95;127m██[38;2;0;0;0m██                        
██[38;2;115;146;231m██[38;2;112;146;231m████[38;2;115;146;231m████████[38;2;86;113;177m██[38;2;66;77;123m██[38;2;148;172;193m██[38;2;247;255;255m██[38;2;66;73;123m████[38;2;74;121;165m████[38;2;115;146;231m████████[38;2;57;77;132m██[38;2;76;121;159m██[38;2;66;73;123m██████[38;2;74;123;164m██[38;2;57;60;66m██[38;2;73;109;115m██[38;2;0;0;0m██                          
██[38;2;115;178;222m██[38;2;106;155;206m████[38;2;115;146;231m████[38;2;112;146;231m████[38;2;65;72;126m████████[38;2;74;123;169m██[38;2;115;146;231m██████[38;2;112;146;231m████[38;2;115;146;231m████[38;2;66;73;123m████[38;2;66;74;126m████[38;2;76;132;156m██[38;2;115;199;231m██[38;2;0;0;0m████    ████                    
██[38;2;115;178;222m██[38;2;74;69;140m██[38;2;123;199;239m██[38;2;115;146;231m██[38;2;115;210;209m██[38;2;112;146;231m████[38;2;115;146;231m██████████████[38;2;66;65;66m██[38;2;112;146;231m████[38;2;115;146;231m██[38;2;65;72;126m██[38;2;74;123;164m████[38;2;66;65;66m████[38;2;76;132;156m██[38;2;0;0;8m██    [38;2;0;0;0m████[38;2;74;113;189m████[38;2;0;0;0m██                  
  ██████[38;2;115;150;231m████[38;2;66;65;66m████[38;2;115;146;231m████[38;2;107;142;231m██[38;2;66;60;66m██[38;2;66;65;66m████[38;2;66;60;66m██[38;2;107;142;231m██[38;2;107;146;239m██[38;2;82;110;186m██[38;2;71;113;195m████[38;2;66;65;66m████[38;2;115;146;231m██[38;2;115;210;209m██[38;2;66;65;66m████[38;2;0;0;0m████[38;2;71;113;195m████[38;2;82;113;189m██[38;2;16;12;0m██                    
        [38;2;16;8;0m██[38;2;49;55;77m██[38;2;66;74;126m████[38;2;66;65;66m████[38;2;66;60;66m██[38;2;79;87;121m██[38;2;66;74;126m████[38;2;79;87;121m██[38;2;66;60;66m██[38;2;57;75;134m██[38;2;82;110;186m██[38;2;71;113;195m██[38;2;66;73;123m██[38;2;115;178;222m████[38;2;115;146;231m████████[38;2;54;75;126m██[38;2;82;113;189m██[38;2;71;113;195m██[38;2;66;73;123m██[38;2;60;79;126m██[38;2;38;45;63m██[38;2;0;0;0m██                  
          ██[38;2;66;74;126m████████████████[38;2;79;87;121m██[38;2;66;60;66m██[38;2;74;113;192m████[38;2;71;113;192m██[38;2;66;65;66m██[38;2;76;106;172m██[38;2;115;158;255m██[38;2;112;146;231m████████[38;2;115;146;231m████[38;2;115;210;209m██[38;2;115;146;231m██████[38;2;74;113;189m██[38;2;0;0;0m██                
    ████  ██[38;2;66;74;126m████████████████[38;2;66;60;66m██[38;2;107;142;231m██[38;2;74;113;192m████[38;2;71;113;192m████[38;2;0;4;8m██[38;2;76;106;172m██[38;2;112;146;231m████████[38;2;65;72;126m████[38;2;115;146;231m████[38;2;0;0;0m██████                  
  ██[38;2;115;166;222m████[38;2;16;4;0m██[38;2;49;62;74m██[38;2;79;105;115m██[38;2;66;56;66m██[38;2;66;60;66m██[38;2;79;87;121m██[38;2;66;74;126m████[38;2;65;72;126m████[38;2;57;65;74m██[38;2;85;116;184m██[38;2;74;113;189m████[38;2;0;0;0m████  ████[38;2;115;146;231m██[38;2;115;154;247m██[38;2;76;102;167m██[38;2;115;210;209m██[38;2;115;146;231m██[38;2;57;73;115m██[38;2;0;0;0m██                        
    ██[38;2;115;166;222m██[38;2;115;178;222m████[38;2;66;56;66m██[38;2;107;203;214m██[38;2;107;142;231m██[38;2;66;60;66m██[38;2;66;74;126m████[38;2;65;72;126m██[38;2;115;146;231m██[38;2;99;142;239m██[38;2;85;116;184m██[38;2;0;0;0m████          ██[38;2;0;0;8m████[38;2;115;146;231m████████[38;2;0;0;0m████                    
      ████[38;2;66;65;66m██[38;2;115;146;231m████████[38;2;46;52;77m██[38;2;123;150;231m██[38;2;115;154;247m██[38;2;76;102;167m██[38;2;0;0;0m████                    ██[38;2;66;65;66m██[38;2;115;146;231m████████[38;2;0;0;0m██                  
          ██████████[38;2;8;4;0m████[38;2;0;0;8m████                          [38;2;0;0;0m██[38;2;115;146;231m██[38;2;0;0;0m██████                    
                                                        ██                          
[0m