                        [38;2;0;0;0m██                                                  
            ██        ██[38;2;123;105;180m██[38;2;0;0;0m██      ██          ██      ██                    
          ██[38;2;246;89;82m██[38;2;0;0;0m██    ██[38;2;246;230;156m██[38;2;123;105;180m██[38;2;0;0;0m██    ██[38;2;65;145;189m██[38;2;0;0;0m██      ██[38;2;65;145;189m██[38;2;0;0;0m██  ██[38;2;123;105;180m██[38;2;0;0;0m██                  
          ██[38;2;246;89;82m██[38;2;0;0;0m██    ██[38;2;246;230;156m██[38;2;123;105;180m██[38;2;0;0;0m██    ██[38;2;65;145;189m██[38;2;0;0;0m██      ██[38;2;65;145;189m██[38;2;0;0;0m██  ██[38;2;123;105;180m██[38;2;0;0;0m██                  
  ████    ██[38;2;82;75;54m██[38;2;246;89;82m██[38;2;0;0;0m██  ██[38;2;246;230;156m██[38;2;123;105;180m██[38;2;0;0;0m██    ██[38;2;74;125;180m██[38;2;0;0;0m██    ██[38;2;65;145;189m██[38;2;57;109;156m██[38;2;98;124;126m██[38;2;0;4;0m██[38;2;123;109;172m██[38;2;142;125;112m██[38;2;180;157;131m██[38;2;0;8;8m████              
  [38;2;0;0;0m██[38;2;255;153;57m██[38;2;0;0;0m██  ██[38;2;246;226;164m██[38;2;246;89;82m██[38;2;0;0;0m██  ██[38;2;246;230;156m████[38;2;0;0;0m██    ██[38;2;74;125;180m██[38;2;0;0;0m██    ██[38;2;65;145;189m██[38;2;57;109;156m██[38;2;180;153;65m██[38;2;61;56;86m██[38;2;123;109;172m██[38;2;65;60;74m████[38;2;246;101;90m██[38;2;82;39;35m██[38;2;0;0;0m████          
██[38;2;65;68;65m████[38;2;246;153;90m██[38;2;0;0;0m██  ██[38;2;178;143;98m██[38;2;24;0;0m██    [38;2;0;0;0m██[38;2;246;230;156m████[38;2;0;0;8m██  [38;2;0;0;0m██[38;2;189;174;90m██[38;2;0;0;0m██    [38;2;0;0;16m██[38;2;109;113;98m██[38;2;191;172;87m██[38;2;65;64;65m██[38;2;191;138;65m██[38;2;65;68;65m██[38;2;246;153;90m██[38;2;65;64;65m██[38;2;246;89;82m██[38;2;65;64;65m██[38;2;189;174;90m████[38;2;0;0;0m██        
██[38;2;246;230;156m██[38;2;65;68;65m██[38;2;246;153;90m██[38;2;0;0;0m██  ██[38;2;255;214;148m████[38;2;0;0;0m██  ██[38;2;246;230;156m████[38;2;82;76;57m██[38;2;0;0;0m██[38;2;189;174;90m████[38;2;0;0;0m██    [38;2;0;0;16m██[38;2;164;170;139m██[38;2;65;64;65m██[38;2;191;172;87m██[38;2;65;68;65m██[38;2;255;174;65m██[38;2;246;153;90m██[38;2;65;64;65m██████[38;2;63;60;41m██[38;2;0;4;16m██          
  [38;2;0;0;0m██[38;2;246;230;156m██[38;2;74;68;65m██[38;2;194;168;104m██[38;2;0;0;0m██  ██[38;2;246;230;156m██[38;2;0;0;0m██    ██[38;2;197;174;98m██[38;2;74;64;115m██[38;2;0;0;0m██[38;2;156;137;131m██[38;2;189;174;90m██[38;2;0;0;0m██  ██[38;2;191;172;87m████[38;2;65;64;65m██[38;2;191;172;87m██[38;2;65;72;74m██[38;2;255;153;57m██[38;2;65;64;65m██[38;2;246;230;156m██████[38;2;0;0;0m██            
  ██[38;2;246;230;156m██[38;2;255;218;123m██[38;2;74;68;65m██[38;2;0;0;0m██  ██[38;2;246;230;156m████[38;2;0;0;0m██  ██[38;2;197;174;98m██[38;2;115;101;109m██[38;2;78;68;65m██[38;2;156;137;131m██[38;2;0;0;0m██    ██[38;2;191;172;87m██[38;2;65;64;65m██[38;2;191;172;87m██[38;2;65;64;65m██[38;2;255;153;57m██[38;2;65;72;74m██[38;2;246;230;156m████[38;2;0;0;0m████              
    ██[38;2;246;230;156m████[38;2;82;76;57m██[38;2;0;0;8m██[38;2;65;68;65m██[38;2;246;230;156m██[38;2;255;214;148m██[38;2;24;0;0m██  [38;2;0;0;0m██[38;2;123;105;180m██[38;2;189;157;197m██[38;2;65;64;65m██[38;2;123;105;180m██[38;2;0;0;0m██  ██[38;2;156;178;205m██[38;2;139;230;205m██[38;2;82;72;57m██[38;2;186;175;112m██[38;2;65;64;57m██[38;2;246;230;156m██████[38;2;0;0;0m██                  
      ██[38;2;246;230;156m██████[38;2;65;68;65m████[38;2;255;214;148m██[38;2;178;143;98m██[38;2;0;0;0m██[38;2;65;64;65m██[38;2;123;105;180m██[38;2;189;157;197m██[38;2;65;64;65m██[38;2;123;105;180m██[38;2;65;64;65m██[38;2;0;0;0m██[38;2;156;178;205m████[38;2;82;72;57m██[38;2;111;151;131m██[38;2;65;64;57m██[38;2;246;230;139m██[38;2;246;230;156m██[38;2;74;80;74m██[38;2;0;0;0m██                    
        ██[38;2;246;194;139m████[38;2;191;175;82m██[38;2;255;230;90m██[38;2;65;48;57m██[38;2;191;145;74m██[38;2;246;121;106m██[38;2;65;64;65m██[38;2;191;172;87m██[38;2;65;64;65m██[38;2;191;175;76m██[38;2;65;64;65m██[38;2;255;230;82m████[38;2;65;64;65m████████[38;2;255;226;156m████[38;2;82;39;35m██[38;2;0;8;8m██                      
          [38;2;0;0;0m████[38;2;65;64;65m██[38;2;191;175;82m██[38;2;255;194;82m██[38;2;65;48;57m██[38;2;246;121;106m██[38;2;65;64;65m██[38;2;191;172;87m██[38;2;65;64;65m████[38;2;255;230;82m████[38;2;194;174;87m██[38;2;246;230;156m████████[38;2;197;171;126m██[38;2;82;60;65m██[38;2;246;101;90m██[38;2;0;8;8m██                      
              [38;2;0;0;0m██[38;2;246;230;156m██[38;2;189;174;87m██[38;2;57;68;98m██[38;2;186;175;104m██[38;2;65;64;49m██[38;2;186;175;117m██[38;2;65;64;57m██[38;2;193;174;86m██████[38;2;246;230;156m██████[38;2;246;153;98m████[38;2;65;64;65m██[38;2;0;0;0m████                        
            ██  ██[38;2;57;68;98m██[38;2;189;174;87m██[38;2;186;175;104m██[38;2;246;230;131m██[38;2;246;230;148m████[38;2;246;230;156m████████[38;2;82;76;57m██[38;2;0;0;8m██[38;2;82;56;43m██[38;2;0;8;16m██[38;2;0;0;0m██                            
          ██[38;2;41;70;127m██[38;2;0;0;0m██  [38;2;0;0;8m██[38;2;137;140;128m██[38;2;246;230;156m████████[38;2;246;226;131m██[38;2;183;180;134m██[38;2;183;176;128m██[38;2;41;68;123m██[38;2;0;0;0m██  ██                                
          ██[38;2;41;70;127m████[38;2;0;0;0m██[38;2;68;70;68m██[38;2;205;210;189m██[38;2;246;230;156m██[38;2;74;105;172m██████[38;2;57;89;139m████[38;2;255;230;131m██[38;2;41;68;123m██[38;2;49;48;49m██[38;2;0;0;0m██[38;2;74;105;172m██[38;2;0;0;0m██                              
            ██[38;2;49;76;123m████[38;2;65;64;65m██[38;2;246;230;156m██[38;2;74;105;172m████[38;2;57;68;74m████[38;2;65;64;65m██[38;2;246;230;156m██[38;2;63;82;120m██[38;2;68;103;175m██[38;2;65;64;65m██[38;2;74;105;172m████[38;2;0;0;0m██                        ██    
              [38;2;8;4;0m██[38;2;35;52;82m██[38;2;246;230;156m████[38;2;74;105;172m██[38;2;0;0;0m██[38;2;161;192;194m██[38;2;213;255;255m██[38;2;65;64;65m██[38;2;246;230;156m██[38;2;68;103;175m██[38;2;57;60;65m██[38;2;74;105;172m████[38;2;0;0;0m██                        ██[38;2;98;103;102m██[38;2;0;0;0m██  
              [38;2;0;0;32m██[38;2;238;230;172m██[38;2;246;230;156m██[38;2;74;105;172m██[38;2;41;76;98m██[38;2;109;129;115m██[38;2;65;145;189m██[38;2;246;238;189m██[38;2;246;230;156m██[38;2;74;105;172m██[38;2;68;103;178m████[38;2;74;105;180m██[38;2;49;70;120m██[38;2;0;0;0m██                        ██[38;2;98;103;102m██[38;2;0;0;0m██  
            ██[38;2;238;230;172m██[38;2;119;115;102m██[38;2;74;105;172m████[38;2;178;182;131m██[38;2;246;234;148m██[38;2;246;238;189m████[38;2;74;105;172m████[38;2;54;74;117m██[38;2;41;44;57m██[38;2;0;0;0m████                        ██[38;2;98;103;102m████[38;2;0;0;0m██  
            ██[38;2;180;170;115m██[38;2;120;113;84m██[38;2;74;107;172m████[38;2;74;105;172m████████[38;2;49;48;49m████[38;2;41;70;127m██[38;2;0;0;0m██                      ██████[38;2;98;103;101m████[38;2;68;74;74m██[38;2;0;0;0m██  
              [38;2;0;0;24m██[38;2;180;170;115m██[38;2;74;107;172m████[38;2;0;0;0m████[38;2;49;48;49m████[38;2;41;70;127m████[38;2;0;0;0m██                      ██[38;2;74;105;172m██[38;2;74;105;180m██[38;2;49;70;120m██[38;2;98;103;101m████[38;2;68;74;74m████[38;2;0;0;0m██
                ██████    ██[38;2;41;70;127m██[38;2;43;71;128m████[38;2;0;0;0m██                    ██[38;2;57;97;172m██[38;2;57;82;126m██[38;2;41;68;123m██[38;2;98;101;90m██[38;2;98;105;98m██[38;2;65;64;65m██[38;2;71;79;76m████[38;2;0;0;0m██
                            ██[38;2;43;71;128m████[38;2;0;0;0m██          ████████  ██[38;2;57;82;126m██[38;2;57;67;79m██[38;2;98;101;90m██[38;2;79;90;101m██[38;2;76;78;76m████[38;2;71;79;76m██[38;2;0;0;0m██  
                            ██[38;2;41;70;127m████[38;2;74;105;172m██[38;2;0;0;0m██      ██[38;2;98;103;101m████████[38;2;8;4;8m██[38;2;38;37;38m██[38;2;71;79;76m████[38;2;71;78;76m██████[38;2;65;64;65m██[38;2;0;0;0m██    
                            ██[38;2;74;105;172m████████[38;2;0;0;0m██████[38;2;98;103;102m██[38;2;98;103;101m████████[38;2;98;105;98m██[38;2;68;71;68m██[38;2;0;0;0m████[38;2;71;78;76m██[38;2;65;64;65m██[38;2;71;78;76m████[38;2;69;78;74m██[38;2;0;0;0m██  
                  ██        ██[38;2;74;107;172m████[38;2;74;105;172m████[38;2;41;64;106m██[38;2;98;101;98m██[38;2;68;70;74m██[38;2;79;91;115m██[38;2;98;103;101m██████[38;2;65;64;65m██[38;2;98;103;102m██[38;2;0;0;0m██    ██████████    
                ██[38;2;74;105;172m██[38;2;0;0;0m██    ██[38;2;74;105;172m██[38;2;74;107;172m████[38;2;74;105;172m██[38;2;41;70;127m██[38;2;98;101;98m██[38;2;60;76;104m██[38;2;90;113;156m██[38;2;57;48;32m██[38;2;98;103;101m████[38;2;65;64;65m██[38;2;98;103;101m██[38;2;98;103;102m██[38;2;0;0;0m██                  
                ██[38;2;74;107;172m████[38;2;8;4;0m████[38;2;87;106;134m██[38;2;246;230;156m██[38;2;74;107;172m████[38;2;74;105;172m██[38;2;65;64;65m████[38;2;74;105;172m██[38;2;74;109;172m██[38;2;49;52;49m██[38;2;98;105;98m████[38;2;65;64;65m██[38;2;98;103;101m██████[38;2;0;0;0m██                
                ██[38;2;74;107;172m████[38;2;84;111;164m██[38;2;46;58;82m██[38;2;87;106;134m██[38;2;246;230;156m██[38;2;74;107;172m████[38;2;65;64;65m██[38;2;74;105;172m██████[38;2;49;52;49m██[38;2;57;71;90m██[38;2;76;78;76m██[38;2;65;64;65m██[38;2;98;103;101m████████[38;2;0;0;0m██                
                ██[38;2;49;70;120m██[38;2;74;105;180m██[38;2;43;71;128m██[38;2;65;64;65m██[38;2;189;174;90m██[38;2;101;101;84m██[38;2;246;230;156m██[38;2;74;105;172m██[38;2;74;107;172m████[38;2;68;103;178m████[38;2;49;48;49m██[38;2;74;76;76m██[38;2;49;48;49m████[38;2;65;67;65m██[38;2;98;105;98m██[38;2;98;103;101m████[38;2;0;0;0m██                
                  ██[38;2;49;70;120m██[38;2;43;71;128m██[38;2;65;64;65m██[38;2;189;174;90m██[38;2;57;64;82m██[38;2;246;230;156m██[38;2;74;105;172m██[38;2;74;107;172m████[38;2;54;74;117m██[38;2;41;44;57m██[38;2;98;105;104m██[38;2;49;48;49m██[38;2;65;64;65m████[38;2;49;48;49m██[38;2;98;105;98m██[38;2;98;103;101m████[38;2;98;103;102m██[38;2;0;0;0m██              
                    ████[38;2;41;70;127m██[38;2;65;64;65m████[38;2;189;174;90m██[38;2;63;82;123m██[38;2;41;70;127m████[38;2;49;48;49m██[38;2;98;103;101m██[38;2;98;103;102m██[38;2;0;0;0m██[38;2;65;64;65m██████[38;2;49;48;49m██[38;2;98;105;104m████[38;2;74;80;74m████[38;2;0;0;0m██            
                        ██[38;2;65;64;65m██[38;2;71;78;76m██[38;2;63;82;123m████[38;2;49;48;49m████[38;2;98;103;101m████[38;2;0;0;0m██  ██[38;2;65;64;65m██████[38;2;49;48;49m██[38;2;74;76;76m██[38;2;74;80;74m██[38;2;194;175;84m██[38;2;0;0;0m██            
                          ██[38;2;189;174;90m██[38;2;63;60;49m████[38;2;0;0;0m██[38;2;98;103;102m██[38;2;246;230;156m██[38;2;98;103;101m██[38;2;0;0;0m██    ██[38;2;65;64;65m████[38;2;49;48;49m████[38;2;84;84;60m██[38;2;169;169;104m██[38;2;0;0;0m██            
                          ██[38;2;189;174;90m██[38;2;189;174;98m██[38;2;0;4;24m██  [38;2;0;0;0m██[38;2;246;230;156m██[38;2;98;103;101m██[38;2;0;0;0m██    ██[38;2;65;64;65m████[38;2;0;0;0m██[38;2;49;48;49m██[38;2;84;84;60m██[38;2;0;0;16m██              
                            [38;2;0;0;0m██[38;2;68;71;74m██[38;2;189;174;90m██[38;2;0;0;8m██[38;2;63;58;38m██[38;2;246;230;148m██[38;2;175;168;117m██[38;2;0;0;0m██    ██[38;2;63;58;38m██[38;2;0;0;8m██  [38;2;0;0;0m██[38;2;71;79;76m██[38;2;0;0;0m██              
                            ██[38;2;68;71;74m██[38;2;189;174;90m██[38;2;0;0;8m██[38;2;189;174;98m██[38;2;104;106;87m██[38;2;246;230;148m██[38;2;246;230;156m██[38;2;0;0;0m██  ██[38;2;189;174;98m██[38;2;0;0;8m██  [38;2;0;0;0m██[38;2;71;79;76m██[38;2;0;0;0m██              
                              ██[38;2;68;71;71m██[38;2;189;174;90m██[38;2;49;48;49m██[38;2;98;103;101m██[38;2;246;230;156m██[38;2;189;174;90m██[38;2;0;0;0m██[38;2;0;0;8m██[38;2;63;58;38m██[38;2;189;174;90m██[38;2;0;0;0m██  ██[38;2;74;80;74m██[38;2;246;230;156m██[38;2;0;0;0m██            
                              ██[38;2;68;71;71m██[38;2;189;174;90m██[38;2;49;48;49m██[38;2;98;103;101m██[38;2;246;230;156m██[38;2;0;0;0m██  [38;2;0;0;8m██[38;2;189;174;98m██[38;2;0;0;0m██  ██[38;2;69;78;74m██[38;2;74;80;74m██[38;2;246;230;156m██[38;2;0;0;0m██            
                              [38;2;0;0;8m██[38;2;90;85;53m██[38;2;183;172;101m██[38;2;41;48;57m██[38;2;101;105;95m██[38;2;255;234;139m██[38;2;0;0;0m██    ██    ██[38;2;189;174;90m██[38;2;82;76;60m██[38;2;246;230;164m██[38;2;0;0;0m██            
                              [38;2;0;0;8m██[38;2;180;170;98m██[38;2;41;48;57m██[38;2;112;110;79m██[38;2;101;105;95m██[38;2;178;169;117m██[38;2;0;0;0m██            ██[38;2;246;230;164m██[38;2;0;0;8m██              
                                [38;2;0;0;0m████[38;2;98;103;102m██[38;2;255;238;148m██[38;2;0;4;0m██                [38;2;0;0;0m██                
                                    ██[38;2;169;160;98m██[38;2;0;4;0m██                                  
                                      [38;2;0;0;0m██                                    
[0m