              [38;2;0;0;0m██                              
            ██[38;2;189;189;189m██[38;2;0;0;0m██                            
            ██[38;2;189;189;189m██[38;2;0;0;0m██            ████            
          ██[38;2;189;189;189m████[38;2;0;0;0m██        ████[38;2;239;107;107m██[38;2;0;0;0m██            
          ██[38;2;189;189;189m██[38;2;132;132;115m██[38;2;65;65;65m██[38;2;0;0;0m██    ██[38;2;239;107;107m████[38;2;0;0;0m██              
          ██[38;2;132;132;115m██[38;2;255;255;255m██████[38;2;0;0;0m████[38;2;239;107;107m██████[38;2;181;90;90m██[38;2;0;0;0m██            
        ██[38;2;255;255;255m██████[38;2;239;107;107m██[38;2;255;255;255m████[38;2;255;165;156m██[38;2;255;255;255m██[38;2;239;107;107m██[38;2;181;90;90m██[38;2;0;0;0m██    [38;2;65;65;65m██        
        [38;2;0;0;0m██[38;2;255;255;255m██████[38;2;239;107;107m██[38;2;65;65;65m██[38;2;132;132;115m██[38;2;255;255;255m██[38;2;255;165;156m██[38;2;181;90;90m██[38;2;0;0;0m██    [38;2;65;65;65m██[38;2;189;189;189m██[38;2;65;65;65m██  ██  
      [38;2;0;0;0m██[38;2;255;255;255m██████[38;2;65;65;65m██[38;2;0;0;0m██[38;2;247;173;255m██[38;2;255;255;255m████[38;2;239;107;107m██[38;2;0;0;0m██  [38;2;65;65;65m████[38;2;189;189;189m████[38;2;65;65;65m████[38;2;255;255;255m██[38;2;0;0;0m██
      [38;2;65;65;65m██[38;2;255;255;255m██[38;2;239;107;107m██[38;2;255;255;255m██[38;2;247;173;255m██[38;2;0;0;0m██[38;2;247;173;255m██[38;2;255;255;255m██[38;2;239;107;107m████[38;2;0;0;0m██[38;2;65;65;65m██[38;2;189;189;189m██████[38;2;65;65;65m████[38;2;255;255;255m████[38;2;0;0;0m██
        [38;2;65;65;65m██[38;2;255;255;255m████████[38;2;239;107;107m██████[38;2;65;65;65m██[38;2;189;189;189m████████[38;2;65;65;65m██[38;2;255;255;255m██████[38;2;0;0;0m██  
      ██[38;2;189;189;189m████[38;2;239;107;107m██[38;2;255;255;255m████[38;2;255;165;156m██[38;2;239;107;107m██[38;2;255;255;255m██[38;2;65;65;65m████[38;2;189;189;189m████[38;2;255;255;255m████████[38;2;189;189;189m██[38;2;0;0;0m██  
    ██[38;2;189;189;189m██[38;2;65;65;65m██[38;2;255;255;255m██[38;2;239;107;107m██[38;2;255;165;156m██[38;2;255;255;255m████████████[38;2;65;65;65m██[38;2;189;189;189m██[38;2;255;255;255m██████[38;2;189;189;189m██[38;2;0;0;0m██    
  ██[38;2;181;90;90m██[38;2;65;65;65m██[38;2;239;107;107m██[38;2;255;165;156m██[38;2;255;255;255m██[38;2;239;107;107m██[38;2;255;255;255m██[38;2;132;132;115m██[38;2;255;255;255m██████[38;2;65;65;65m██[38;2;189;189;189m████████[38;2;0;0;0m████      
██[38;2;65;65;65m██[38;2;181;90;90m██[38;2;65;65;65m██[38;2;239;107;107m██[38;2;255;255;255m████████[38;2;132;132;115m██[38;2;255;255;255m██[38;2;181;90;90m██[38;2;255;255;255m██[38;2;65;65;65m██[38;2;189;189;189m██████[38;2;0;0;0m██          
██[38;2;65;65;65m██[38;2;0;0;0m████[38;2;132;132;115m██[38;2;189;189;189m██[38;2;255;255;255m████████[38;2;65;65;65m██[38;2;239;107;107m██[38;2;181;90;90m██[38;2;239;107;107m██[38;2;65;65;65m██[38;2;189;189;189m████[38;2;0;0;0m██          
████    ██[38;2;189;189;189m██[38;2;132;132;115m██[38;2;255;255;255m██████[38;2;65;65;65m██[38;2;239;107;107m██████[38;2;65;65;65m██[38;2;189;189;189m██[38;2;0;0;0m██            
      ██[38;2;132;132;115m██[38;2;189;189;189m████[38;2;65;65;65m██[38;2;189;189;189m████[38;2;65;65;65m██[38;2;239;107;107m██[38;2;65;65;65m██[38;2;239;107;107m██[38;2;132;132;115m██[38;2;0;0;0m██              
      ██[38;2;189;189;189m██[38;2;132;132;115m██[38;2;189;189;189m██[38;2;0;0;0m████[38;2;189;189;189m██[38;2;255;255;255m██[38;2;65;65;65m██[38;2;132;132;115m██[38;2;65;65;65m██[38;2;132;132;115m██[38;2;0;0;0m██              
        ██████    ██[38;2;255;255;255m██[38;2;65;65;65m██[38;2;132;132;115m██[38;2;65;65;65m██[38;2;0;0;0m██                
                    ██[38;2;255;255;255m██[38;2;65;65;65m██[38;2;255;255;255m██[38;2;0;0;0m██                
                    ████████                  
[0m