        [38;2;0;0;0m██                                  ████                                        
      ██[38;2;94;97;94m██[38;2;0;0;0m██                            ████[38;2;94;97;94m██[38;2;0;0;0m██                                        
      ██[38;2;94;97;94m██[38;2;0;0;0m██                          ██[38;2;94;97;94m████[38;2;0;0;0m██                                          
        ██[38;2;94;97;94m██[38;2;0;0;0m██      ████████████  ████[38;2;94;97;94m████[38;2;65;64;65m████[38;2;0;0;0m██        ██                              
      ██[38;2;94;97;94m██████[38;2;0;0;0m██████[38;2;95;97;95m████[38;2;94;97;94m████████[38;2;0;0;0m██[38;2;94;97;94m██████[38;2;65;64;65m████[38;2;94;97;94m████[38;2;0;0;0m████  ██[38;2;98;97;98m██[38;2;0;0;0m██                            
        ██[38;2;94;97;94m██████[38;2;65;64;65m██[38;2;98;97;98m██[38;2;95;97;95m████[38;2;94;97;94m██[38;2;65;64;65m██████[38;2;94;97;94m████[38;2;65;64;65m████[38;2;94;97;94m██████[38;2;65;64;65m██[38;2;246;198;230m████[38;2;0;0;0m██[38;2;94;97;94m██[38;2;98;97;98m██[38;2;65;64;65m██[38;2;0;0;0m██                          
      ██[38;2;94;97;94m██[38;2;65;64;65m██[38;2;94;97;94m██████[38;2;65;64;65m██[38;2;94;97;94m████[38;2;65;64;65m██[38;2;94;97;94m██[38;2;95;97;95m████████[38;2;94;97;94m██████[38;2;65;64;65m██[38;2;57;68;57m██[38;2;222;133;222m██[38;2;222;133;230m██[38;2;65;64;65m██[38;2;94;97;94m████[38;2;65;64;65m██[38;2;94;97;94m██[38;2;0;0;0m██                          
      ██[38;2;94;97;94m████[38;2;172;174;172m██[38;2;94;97;94m████[38;2;65;64;65m██[38;2;94;97;94m██[38;2;65;64;65m██[38;2;94;97;94m████[38;2;95;97;95m████████[38;2;94;97;94m██[38;2;65;64;65m████[38;2;94;97;94m██[38;2;112;90;112m██[38;2;57;68;57m██[38;2;222;133;230m██[38;2;65;64;65m██[38;2;94;97;94m██[38;2;65;64;65m██[38;2;94;97;94m██[38;2;65;64;65m██[38;2;0;0;0m██                          
        ██[38;2;94;97;94m██[38;2;169;175;169m████[38;2;94;97;94m████[38;2;95;97;95m████[38;2;94;97;94m████[38;2;169;175;169m████[38;2;172;174;172m██[38;2;94;97;94m██████████[38;2;65;64;65m██[38;2;255;206;222m██[38;2;246;202;222m██[38;2;57;60;57m██[38;2;95;97;95m████[38;2;94;97;94m██[38;2;0;0;0m██                            
        ██[38;2;94;97;94m██[38;2;169;175;169m██[38;2;65;64;65m██[38;2;172;174;172m██[38;2;94;97;94m██[38;2;95;97;95m████[38;2;172;174;172m████[38;2;65;64;65m████[38;2;172;174;172m██[38;2;94;97;94m████[38;2;65;64;65m██████[38;2;255;206;222m████[38;2;57;60;57m██[38;2;120;107;112m██[38;2;95;97;95m████[38;2;0;0;0m██                              
          ██[38;2;189;133;131m████[38;2;0;0;0m██[38;2;109;110;109m██[38;2;94;97;94m██[38;2;172;174;172m██[38;2;222;93;90m██[38;2;0;20;16m██[38;2;148;222;156m██[38;2;222;85;90m██[38;2;172;174;172m██[38;2;94;97;94m██████[38;2;112;90;112m██[38;2;57;68;57m██[38;2;222;133;230m██[38;2;65;64;65m██[38;2;94;97;94m██████████[38;2;0;0;0m██                            
            [38;2;0;4;0m██[38;2;126;90;87m██[38;2;54;55;54m██[38;2;164;165;164m██[38;2;94;97;94m████[38;2;111;56;53m██[38;2;222;93;90m██[38;2;222;85;90m██[38;2;172;176;134m██[38;2;94;97;94m████[38;2;65;64;65m████[38;2;57;68;57m██[38;2;222;133;222m██[38;2;143;99;148m██[38;2;65;64;65m██[38;2;94;97;94m██[38;2;65;64;65m████[38;2;94;97;94m██████[38;2;0;0;0m████                        
            ██[38;2;54;55;54m██[38;2;172;174;172m██████[38;2;94;97;94m██[38;2;172;174;172m██[38;2;94;97;94m████████[38;2;65;64;65m██[38;2;152;99;152m████[38;2;222;133;222m██[38;2;57;68;57m██[38;2;65;60;65m██[38;2;98;98;101m██[38;2;95;97;95m████[38;2;65;64;65m████[38;2;94;97;94m████[38;2;95;97;95m████[38;2;0;0;0m██      ██████████      
          ██[38;2;109;110;109m██[38;2;164;165;164m██[38;2;172;174;172m██[38;2;94;97;94m██[38;2;172;174;172m████[38;2;94;97;94m██[38;2;172;174;172m██[38;2;94;97;94m██[38;2;65;64;65m██[38;2;94;97;94m████[38;2;65;64;65m██[38;2;152;99;152m██[38;2;57;68;57m██[38;2;112;90;112m██[38;2;98;98;101m██[38;2;164;174;172m██[38;2;95;97;95m████[38;2;65;64;65m██[38;2;152;99;152m██[38;2;0;0;0m████[38;2;95;97;95m████[38;2;94;97;94m██[38;2;0;0;0m██  ██[38;2;65;64;65m██[38;2;98;97;98m████[38;2;65;64;65m████[38;2;0;0;0m████  
        ██[38;2;54;67;54m██[38;2;65;64;65m████[38;2;169;175;169m████[38;2;175;174;161m██[38;2;112;113;109m██[38;2;94;97;94m██[38;2;65;64;65m██[38;2;94;97;94m████[38;2;65;64;65m██████[38;2;152;99;152m██[38;2;142;125;142m██[38;2;65;60;65m██[38;2;164;174;172m████[38;2;169;175;169m██[38;2;65;64;65m██[38;2;153;99;153m██[38;2;0;0;0m██    ██[38;2;98;97;98m██[38;2;65;68;65m████[38;2;0;0;0m██[38;2;98;97;98m██[38;2;94;97;94m██[38;2;0;0;0m████[38;2;65;64;65m████████[38;2;0;0;0m██
        ██[38;2;82;101;82m██[38;2;65;64;65m██[38;2;255;238;222m██[38;2;65;64;65m████[38;2;49;52;57m██[38;2;238;234;213m██[38;2;65;64;65m██████[38;2;94;97;94m████[38;2;65;64;65m██[38;2;152;99;152m████[38;2;65;60;65m██[38;2;180;157;180m██[38;2;139;148;148m██[38;2;90;97;98m██[38;2;169;175;169m██[38;2;65;64;65m██[38;2;153;99;153m████[38;2;0;0;0m██  ██[38;2;65;64;65m██[38;2;189;246;123m██[38;2;148;187;104m██[38;2;65;64;65m██[38;2;98;97;98m██[38;2;0;0;0m██    ██[38;2;65;64;65m████[38;2;0;0;0m██  
      ██[38;2;115;149;90m████[38;2;111;151;90m██[38;2;65;64;65m████████████████[38;2;0;0;0m██[38;2;52;53;54m██[38;2;139;145;148m██[38;2;65;64;65m████[38;2;172;174;172m██[38;2;94;97;94m██[38;2;90;97;98m████[38;2;98;97;98m██[38;2;65;64;65m██[38;2;148;101;148m██[38;2;0;0;0m██  ██[38;2;156;202;98m████[38;2;82;105;74m████[38;2;78;99;53m██[38;2;0;0;8m██      [38;2;0;0;0m██[38;2;65;64;65m██[38;2;0;0;0m████  
    ██[38;2;78;105;74m██████[38;2;111;151;90m██████[38;2;65;64;65m██████[38;2;0;0;0m██[38;2;65;64;65m██[38;2;0;0;0m██  [38;2;8;8;8m██[38;2;95;99;101m██[38;2;169;175;169m████[38;2;94;97;94m████[38;2;139;148;148m██[38;2;164;174;172m██[38;2;65;64;65m██[38;2;0;0;0m████      [38;2;0;4;8m██[38;2;104;136;68m██[38;2;153;194;106m██[38;2;189;238;123m██[38;2;156;198;98m██[38;2;0;0;8m██        [38;2;0;0;0m██      
    ██[38;2;115;149;90m██[38;2;111;151;90m████[38;2;112;152;90m██[38;2;76;106;74m██[38;2;65;64;65m██[38;2;0;0;0m██[38;2;65;64;65m██[38;2;0;0;0m██  ██    ██[38;2;164;165;164m██[38;2;98;98;101m██[38;2;164;174;172m██[38;2;172;174;172m████[38;2;169;175;169m████[38;2;0;0;0m██        ██[38;2;148;198;90m████[38;2;112;151;82m██[38;2;76;103;74m██[38;2;0;0;0m██                  
      ██[38;2;65;64;65m████[38;2;112;152;90m████[38;2;0;0;0m██  ██        ██[38;2;54;55;54m██[38;2;109;110;109m██[38;2;65;60;65m██[38;2;98;98;101m██[38;2;172;174;172m██[38;2;94;97;94m██[38;2;65;64;65m██████[38;2;0;0;0m██    ██[38;2;65;64;65m██[38;2;76;103;74m██[38;2;112;151;82m██[38;2;148;198;90m██████[38;2;0;0;0m██                
    ██[38;2;98;97;98m██[38;2;95;97;95m████[38;2;65;64;65m██[38;2;0;0;0m██          ████[38;2;65;64;65m████████████████[38;2;94;97;94m████[38;2;65;64;65m██[38;2;0;0;0m████[38;2;65;64;65m████[38;2;156;198;90m████[38;2;65;64;65m████[38;2;65;60;74m██[38;2;148;194;98m██[38;2;0;0;0m██              
  ██[38;2;98;97;98m██[38;2;65;64;65m██[38;2;95;97;95m████[38;2;98;97;98m██[38;2;0;0;0m██        ██[38;2;94;97;94m██[38;2;98;97;98m████[38;2;65;64;65m██████[38;2;0;0;0m██████[38;2;94;97;94m████████[38;2;65;64;65m██████[38;2;0;0;0m██[38;2;8;0;16m██[38;2;57;66;41m██[38;2;94;97;94m████[38;2;93;105;82m██[38;2;65;60;74m██[38;2;0;0;0m██              
██[38;2;94;97;94m██[38;2;65;64;65m██[38;2;94;97;94m████[38;2;0;0;0m██[38;2;94;97;94m████[38;2;0;0;0m██      ██[38;2;65;64;65m██[38;2;94;97;94m██[38;2;65;64;65m████[38;2;0;0;0m████      ██[38;2;94;97;94m██[38;2;95;97;95m████[38;2;98;97;98m██[38;2;0;0;0m████  ██[38;2;94;97;94m██████[38;2;65;64;65m██[38;2;94;97;94m██[38;2;0;0;0m██              
██[38;2;94;97;94m██[38;2;65;64;65m██[38;2;94;97;94m██[38;2;0;0;0m██  ██[38;2;94;97;94m██[38;2;0;0;0m██        ██[38;2;65;64;65m████[38;2;0;0;0m██            ██[38;2;95;97;95m████[38;2;65;64;65m██[38;2;0;0;0m██  ██[38;2;94;97;94m████[38;2;0;0;0m██[38;2;94;97;94m████[38;2;65;64;65m██[38;2;94;97;94m██[38;2;0;0;0m██            
██[38;2;94;97;94m██[38;2;0;0;0m██[38;2;94;97;94m██[38;2;0;0;0m██  ██[38;2;94;97;94m██[38;2;0;0;0m██        ██[38;2;65;64;65m████[38;2;57;66;49m██[38;2;8;0;24m██[38;2;0;0;0m██          ██[38;2;94;97;94m██[38;2;0;0;0m██    ██[38;2;94;97;94m██[38;2;0;0;0m██  ██[38;2;94;97;94m██[38;2;65;64;65m██[38;2;94;97;94m██[38;2;0;0;0m██            
  ██  ██      ██      ████[38;2;94;97;94m████[38;2;65;64;65m██[38;2;57;66;49m██[38;2;156;198;98m██[38;2;0;0;0m██        ██[38;2;94;97;94m██████[38;2;0;0;0m██  ██[38;2;94;97;94m██[38;2;0;0;0m██  ██[38;2;94;97;94m██[38;2;65;64;65m██[38;2;94;97;94m██[38;2;0;0;0m██            
                    ██[38;2;94;97;94m██[38;2;65;64;65m██[38;2;98;97;98m██[38;2;0;0;0m██[38;2;94;97;94m████[38;2;0;0;0m██          ██[38;2;65;64;65m██[38;2;98;97;98m██[38;2;65;64;65m██[38;2;94;97;94m██[38;2;0;0;0m██  ██    ██[38;2;94;97;94m██[38;2;0;0;0m████              
                      ██████  ████          ██[38;2;94;97;94m██[38;2;98;97;98m██[38;2;0;0;0m██[38;2;94;97;94m██[38;2;65;64;65m██[38;2;94;97;94m██[38;2;0;0;0m██        ██                  
                                              ████  ██████                              
[0m