                                  [38;2;0;0;0m████      
                ████    ████    ██[38;2;90;91;90m██[38;2;0;0;0m██      
      ██  ██  ██[38;2;94;95;94m██[38;2;189;190;189m██[38;2;0;0;0m████[38;2;90;91;90m██[38;2;0;0;0m██  ██[38;2;90;91;90m████[38;2;49;48;49m██[38;2;0;0;0m████  
    ██[38;2;255;255;255m██[38;2;0;0;0m██[38;2;255;255;255m██[38;2;0;0;0m██[38;2;90;93;90m██[38;2;90;91;90m████[38;2;192;191;192m██[38;2;255;255;255m██[38;2;90;90;90m████[38;2;0;0;0m██[38;2;60;62;60m██[38;2;255;255;255m██[38;2;82;77;82m██[38;2;90;90;90m████[38;2;0;0;0m██  
    ██[38;2;255;255;255m██[38;2;170;170;170m██[38;2;85;85;85m██[38;2;60;62;60m██[38;2;90;93;90m██[38;2;90;91;90m██[38;2;66;65;66m████[38;2;255;255;255m██████[38;2;90;93;90m████[38;2;82;77;82m██[38;2;255;255;255m████[38;2;90;90;90m██[38;2;49;48;49m██[38;2;0;0;0m██
    [38;2;8;8;8m██[38;2;172;172;172m██[38;2;255;255;255m████[38;2;192;191;192m██[38;2;66;65;66m████[38;2;255;255;255m██[38;2;66;65;66m████[38;2;255;255;255m████[38;2;90;90;90m████[38;2;66;65;66m████[38;2;189;195;189m██[38;2;68;70;68m██[38;2;90;91;90m██[38;2;0;0;0m██
  ██[38;2;172;172;172m██[38;2;255;255;255m████████[38;2;66;65;66m██[38;2;255;255;255m██████[38;2;66;65;66m██[38;2;255;255;255m██[38;2;192;191;192m██[38;2;189;190;189m██[38;2;90;90;90m██[38;2;90;91;90m██[38;2;66;65;66m██[38;2;189;195;189m██[38;2;8;8;8m██[38;2;0;0;0m██  
  ██[38;2;82;82;82m████[38;2;255;255;255m██[38;2;82;81;82m██[38;2;255;255;255m████████[38;2;66;65;66m██[38;2;90;91;90m██[38;2;90;90;90m██[38;2;189;190;189m██[38;2;192;190;192m██[38;2;82;85;82m██[38;2;90;91;90m██[38;2;181;182;181m██[38;2;0;0;0m██      
  ██[38;2;82;82;82m████[38;2;82;81;82m████[38;2;192;191;192m██[38;2;255;255;255m████[38;2;66;65;66m██[38;2;90;91;90m████[38;2;189;190;189m████[38;2;82;85;82m████[38;2;90;91;90m██[38;2;0;0;0m██        
██[38;2;255;255;255m████[38;2;82;81;82m██[38;2;107;65;82m██[38;2;255;239;255m██[38;2;82;81;82m████[38;2;255;255;255m████[38;2;66;65;66m██[38;2;79;79;79m██[38;2;189;191;189m██████[38;2;74;73;74m██[38;2;0;0;0m██          
██[38;2;85;85;85m██[38;2;255;255;255m██[38;2;168;168;168m██[38;2;107;65;82m██[38;2;156;123;139m██[38;2;82;81;82m██[38;2;255;255;255m████[38;2;66;65;66m██[38;2;79;79;79m████[38;2;74;73;74m██████[38;2;189;191;189m██[38;2;0;0;0m██          
██[38;2;189;190;189m██[38;2;255;255;255m████[38;2;82;81;82m██[38;2;168;168;168m██[38;2;82;81;82m██[38;2;255;255;255m██████[38;2;71;67;71m████[38;2;189;190;189m██[38;2;0;0;0m██[38;2;170;171;170m██[38;2;255;255;255m██[38;2;0;0;0m██          
  ██[38;2;49;48;49m██[38;2;186;186;186m██[38;2;255;255;255m██████[38;2;197;197;197m██[38;2;66;65;66m████[38;2;198;195;198m██[38;2;8;4;8m██[38;2;0;0;0m██  [38;2;0;4;0m████            
  [38;2;0;0;0m██[38;2;172;106;126m██[38;2;255;158;189m██[38;2;0;0;0m██████[38;2;82;83;82m██[38;2;79;79;79m████[38;2;0;0;0m██                      
  ██[38;2;255;158;189m██[38;2;8;4;0m██    [38;2;0;0;0m██[38;2;247;251;247m██[38;2;79;79;79m██[38;2;0;0;0m██                        
    ██        ████                          
[0m