                [38;2;7;7;7m██████                
            ████[38;2;208;70;81m████[38;2;7;7;7m██                
          ██[38;2;208;70;81m████[38;2;7;7;7m████                  
          ██[38;2;208;70;81m██[38;2;7;7;7m██                      
            ██[38;2;231;149;148m██[38;2;7;7;7m██                    
            ██[38;2;231;149;148m██[38;2;219;111;119m██[38;2;7;7;7m██                  
████    ████[38;2;181;180;186m██[38;2;245;246;247m██[38;2;181;180;186m██[38;2;7;7;7m██                  
██[38;2;231;149;148m██[38;2;7;7;7m████[38;2;245;246;247m██████[38;2;181;180;186m██[38;2;7;7;7m██    ██████    ████  
  ██[38;2;66;66;66m██[38;2;181;180;186m██[38;2;245;246;247m████████[38;2;66;66;66m██[38;2;7;7;7m████[38;2;231;149;148m████[38;2;7;7;7m██    ██[38;2;219;111;119m██[38;2;7;7;7m██
██[38;2;231;149;148m██[38;2;66;66;66m██[38;2;245;246;247m██████████[38;2;146;140;145m██[38;2;191;193;191m██[38;2;231;149;148m████[38;2;7;7;7m██  ████[38;2;219;111;119m██[38;2;7;7;7m██  
  ██[38;2;66;66;66m██[38;2;181;180;186m██[38;2;245;246;247m████[38;2;146;140;145m████[38;2;191;193;191m████[38;2;66;66;66m████[38;2;231;149;148m██[38;2;7;7;7m██[38;2;219;111;119m████[38;2;7;7;7m██    
  ██[38;2;191;193;191m██[38;2;219;111;119m██[38;2;146;140;145m████[38;2;191;193;191m██████[38;2;66;66;66m████[38;2;146;140;145m██[38;2;7;7;7m██[38;2;219;111;119m████[38;2;66;66;66m██[38;2;7;7;7m████  
██[38;2;66;66;66m██[38;2;231;149;148m██[38;2;191;193;191m████[38;2;219;111;119m██[38;2;191;193;191m██[38;2;208;70;81m██[38;2;191;193;191m████[38;2;66;66;66m████[38;2;219;111;119m██[38;2;208;70;81m██[38;2;66;66;66m██[38;2;208;70;81m██[38;2;219;111;119m██[38;2;7;7;7m██  
██[38;2;181;180;186m██[38;2;245;246;247m██[38;2;191;193;191m██████[38;2;231;149;148m████[38;2;208;70;81m██[38;2;191;193;191m████[38;2;66;66;66m██[38;2;208;70;81m██[38;2;66;66;66m██[38;2;219;111;119m██[38;2;66;66;66m██[38;2;7;7;7m██    
  ██[38;2;247;148;41m██[38;2;191;193;191m██████[38;2;245;246;247m██[38;2;247;148;41m██[38;2;245;246;247m██[38;2;191;193;191m██████[38;2;66;66;66m████[38;2;245;246;247m██[38;2;219;111;119m██[38;2;7;7;7m██    
██[38;2;66;66;66m██[38;2;191;193;191m██[38;2;146;140;145m██[38;2;191;193;191m████[38;2;247;148;41m██[38;2;245;246;247m██[38;2;191;193;191m████[38;2;66;66;66m████[38;2;219;111;119m██[38;2;66;66;66m██[38;2;245;246;247m████[38;2;7;7;7m██    
██[38;2;181;180;186m██[38;2;66;66;66m██[38;2;191;193;191m████████[38;2;146;140;145m████[38;2;66;66;66m██[38;2;208;70;81m██[38;2;219;111;119m██[38;2;66;66;66m██[38;2;245;246;247m██[38;2;217;221;222m██[38;2;7;7;7m██      
  ██[38;2;245;246;247m██[38;2;146;140;145m██[38;2;66;66;66m██████[38;2;245;246;247m████[38;2;181;180;186m██[38;2;66;66;66m████[38;2;191;193;191m██[38;2;7;7;7m████        
    ██[38;2;245;246;247m██████████[38;2;66;66;66m████[38;2;7;7;7m██[38;2;146;140;145m██[38;2;191;193;191m██[38;2;7;7;7m██          
      ██[38;2;90;91;90m██[38;2;7;7;7m████[38;2;66;66;66m██[38;2;191;193;191m██[38;2;7;7;7m██  ██[38;2;117;117;117m██[38;2;7;7;7m██          
      ████  ██[38;2;117;117;117m██[38;2;7;7;7m██    ████            
            ████                      
[0m