                [38;2;0;0;0m████                          
              ██[38;2;65;65;65m██[38;2;231;210;97m██[38;2;0;0;0m██████                    
              ██[38;2;231;210;97m██[38;2;198;176;110m████[38;2;255;235;121m████[38;2;0;0;0m██████████          
              ██[38;2;198;176;110m██[38;2;255;235;121m██████████[38;2;65;65;65m██[38;2;231;210;97m██[38;2;255;235;121m██[38;2;0;0;0m██          
              ██[38;2;255;235;121m████████████████[38;2;197;165;115m██[38;2;0;0;0m██      ██  
            ██[38;2;255;235;121m████████████████[38;2;197;165;115m██[38;2;0;0;0m██      ██[38;2;255;235;121m██[38;2;0;0;0m██
            ████[38;2;255;235;121m██████████████[38;2;231;210;97m████[38;2;0;0;0m██    ██[38;2;255;235;121m██[38;2;0;0;0m██
            ██[38;2;231;210;97m██[38;2;198;176;110m██[38;2;255;235;121m██████[38;2;0;0;0m████[38;2;231;210;97m██████[38;2;0;0;0m██    ██[38;2;255;235;121m██[38;2;0;0;0m██
          ██[38;2;129;77;69m██[38;2;65;65;65m██[38;2;231;210;97m██[38;2;255;235;121m████[38;2;198;176;110m██[38;2;231;210;97m██████[38;2;0;0;0m████    ██[38;2;158;106;98m████[38;2;0;0;0m██
            ██[38;2;129;77;69m██[38;2;65;65;65m██[38;2;255;255;255m████[38;2;231;210;97m████[38;2;65;65;65m████[38;2;0;0;0m██      ██[38;2;255;235;121m██[38;2;158;106;98m██[38;2;0;0;0m██
          ██[38;2;198;176;110m██[38;2;231;210;97m██[38;2;65;65;65m████████████[38;2;158;106;98m████[38;2;0;0;0m██  ██[38;2;255;235;121m████[38;2;0;0;0m██  
  ████████[38;2;65;65;65m██[38;2;231;210;97m██[38;2;65;65;65m████[38;2;158;106;98m████[38;2;65;65;65m████[38;2;158;106;98m████████[38;2;0;0;0m██[38;2;231;210;97m██[38;2;255;235;121m██[38;2;231;210;97m██[38;2;0;0;0m██  
██[38;2;231;210;97m████[38;2;65;65;65m██[38;2;255;235;121m████[38;2;65;65;65m████[38;2;231;210;97m████[38;2;158;106;98m████[38;2;65;65;65m████[38;2;158;106;98m██[38;2;255;235;121m██[38;2;65;65;65m██[38;2;231;210;97m██████[38;2;0;0;0m██    
██[38;2;65;65;65m██[38;2;231;210;97m████[38;2;65;65;65m██[38;2;255;235;121m██[38;2;231;210;97m██[38;2;255;235;121m██[38;2;65;65;65m██[38;2;255;235;121m██[38;2;231;210;97m██[38;2;65;65;65m██[38;2;231;210;97m██[38;2;198;176;110m██[38;2;65;65;65m██[38;2;231;210;97m████[38;2;65;65;65m████[38;2;0;0;0m██      
  ████████[38;2;255;235;121m██████[38;2;231;210;97m██[38;2;65;65;65m██[38;2;231;210;97m██[38;2;65;65;65m████[38;2;231;210;97m██[38;2;65;65;65m████[38;2;255;235;121m██████[38;2;65;65;65m██[38;2;0;0;0m██    
          ██[38;2;255;235;121m████[38;2;65;65;65m██[38;2;0;0;0m████[38;2;65;65;65m██[38;2;255;235;121m██[38;2;65;65;65m██[38;2;255;235;121m██[38;2;65;65;65m██[38;2;231;210;97m██[38;2;255;235;121m██[38;2;231;210;97m██[38;2;255;235;121m██[38;2;0;0;0m██    
        ██[38;2;255;235;121m████[38;2;65;65;65m██[38;2;0;0;0m██    ██[38;2;255;235;121m██████[38;2;0;0;0m██████████      
          ██████      ██[38;2;231;210;97m██[38;2;255;235;121m██[38;2;231;210;97m██[38;2;0;0;0m██              
                        ██[38;2;231;210;97m██[38;2;0;0;0m██                
                        ██[38;2;255;235;121m██[38;2;0;0;0m██                
                          ██                  
[0m