        [38;2;0;0;0m██                                                      
        ████        ██                        ██                
        ██[38;2;65;65;65m██[38;2;0;0;0m██    ██[38;2;65;65;65m██[38;2;0;0;0m██            ████      ██                
████    ██[38;2;65;65;65m██[38;2;0;0;0m██    ██[38;2;65;65;65m██[38;2;0;0;0m██        ████[38;2;65;65;65m██[38;2;0;0;0m██    ██[38;2;65;65;65m██[38;2;0;0;0m██      ██      
██[38;2;65;65;65m██[38;2;0;0;0m██  ██[38;2;53;53;53m██[38;2;174;126;170m██[38;2;0;0;0m██  ██[38;2;65;65;65m██[38;2;0;0;0m██      ██[38;2;65;65;65m████[38;2;0;0;0m██      ██[38;2;65;65;65m██[38;2;0;0;0m██    ████      
██[38;2;65;65;65m██[38;2;53;53;53m██[38;2;0;0;0m██[38;2;174;126;170m██████[38;2;0;0;0m██  ██[38;2;174;126;170m██[38;2;0;0;0m████  ██[38;2;65;65;65m████[38;2;0;0;0m████    ██[38;2;65;65;65m████[38;2;0;0;0m██  ██[38;2;65;65;65m██[38;2;0;0;0m██      
  ██[38;2;174;126;170m████[38;2;65;65;65m██[38;2;174;126;170m██[38;2;65;65;65m██[38;2;174;126;170m██[38;2;0;0;0m████[38;2;218;170;214m████[38;2;174;126;170m██[38;2;0;0;0m██[38;2;218;170;214m██[38;2;65;65;65m██[38;2;0;0;0m████      ██[38;2;65;65;65m██[38;2;218;170;214m██[38;2;65;65;65m██[38;2;0;0;0m████[38;2;65;65;65m██[38;2;0;0;0m██      
██[38;2;174;126;170m██[38;2;55;88;245m██████[38;2;65;65;65m██[38;2;55;88;245m██[38;2;65;65;65m██[38;2;0;0;0m██[38;2;218;170;214m████[38;2;53;53;53m████[38;2;218;170;214m████[38;2;174;126;170m██[38;2;0;0;0m██  ██    ██[38;2;218;170;214m██████[38;2;0;0;0m██[38;2;218;170;214m██[38;2;0;0;0m██        
██[38;2;55;88;245m██[38;2;0;0;0m████[38;2;55;88;245m██████[38;2;0;0;0m██[38;2;65;65;65m██[38;2;218;170;214m██[38;2;53;53;53m██[38;2;65;65;65m████[38;2;53;53;53m██[38;2;174;126;170m██[38;2;65;65;65m████[38;2;0;0;0m██[38;2;65;65;65m██[38;2;0;0;0m██  ██[38;2;218;170;214m██████████[38;2;0;0;0m████      
████    ██[38;2;55;88;245m██[38;2;0;0;0m████[38;2;65;65;65m██[38;2;53;53;53m██[38;2;65;65;65m████████[38;2;174;126;170m██[38;2;53;53;53m██[38;2;218;170;214m██[38;2;65;65;65m████[38;2;0;0;0m████[38;2;218;170;214m██[38;2;55;88;245m██[38;2;218;170;214m██[38;2;55;88;245m██[38;2;218;170;214m██[38;2;55;88;245m██[38;2;218;170;214m████[38;2;0;0;0m██    
          ██  ██[38;2;53;53;53m██[38;2;65;65;65m████[38;2;0;0;0m██[38;2;255;255;255m██[38;2;174;126;170m██[38;2;65;65;65m████[38;2;53;53;53m██[38;2;218;170;214m██[38;2;65;65;65m██[38;2;218;170;214m████[38;2;65;65;65m██[38;2;55;88;245m██[38;2;218;170;214m██[38;2;55;88;245m████[38;2;77;108;255m██[38;2;55;88;245m████[38;2;218;170;214m██[38;2;0;0;0m██  
            ██[38;2;218;170;214m████[38;2;65;65;65m████[38;2;82;165;115m██[38;2;255;255;255m██[38;2;174;126;170m██[38;2;65;65;65m████[38;2;53;53;53m██[38;2;174;126;170m██[38;2;218;170;214m██[38;2;65;65;65m████[38;2;55;88;245m██████[38;2;77;108;255m██████████[38;2;0;0;0m████  
          ██[38;2;218;170;214m██████[38;2;174;126;170m████████[38;2;65;65;65m████[38;2;53;53;53m████[38;2;174;126;170m██[38;2;65;65;65m██[38;2;55;88;245m██████████[38;2;77;108;255m████[38;2;0;0;0m██████      
          ██[38;2;174;126;170m██[38;2;218;170;214m██[38;2;65;65;65m██[38;2;174;126;170m████[38;2;65;65;65m██████[38;2;53;53;53m████[38;2;174;126;170m████[38;2;65;65;65m██[38;2;55;88;245m██[38;2;0;0;0m██████[38;2;55;88;245m████[38;2;0;0;0m██            
            ██[38;2;174;126;170m██[38;2;65;65;65m██[38;2;174;126;170m██[38;2;65;65;65m██[38;2;165;82;58m████[38;2;65;65;65m██[38;2;174;126;170m██[38;2;65;65;65m██[38;2;174;126;170m██[38;2;143;95;139m████[38;2;0;0;0m██[38;2;143;95;139m██████[38;2;0;0;0m████    ████      
              ██[38;2;174;126;170m██[38;2;65;65;65m██[38;2;165;82;58m██[38;2;214;99;66m██[38;2;165;82;58m██[38;2;255;255;255m██[38;2;174;126;170m██[38;2;0;0;0m██[38;2;143;95;139m████[38;2;174;126;170m██[38;2;0;0;0m████[38;2;143;95;139m████████[38;2;0;0;0m████[38;2;65;65;65m██[38;2;174;126;170m██[38;2;0;0;0m████  
                ████[38;2;214;99;66m██████[38;2;165;82;58m██[38;2;0;0;0m██  ██[38;2;174;126;170m████[38;2;0;0;0m██  ████[38;2;143;95;139m████[38;2;174;126;170m████████████[38;2;0;0;0m██
                  ██[38;2;255;255;255m██[38;2;165;82;58m██[38;2;255;255;255m██[38;2;174;126;170m██[38;2;0;0;0m██  ████[38;2;65;65;65m██[38;2;174;126;170m██[38;2;0;0;0m██    ████████[38;2;65;65;65m██[38;2;174;126;170m██[38;2;0;0;0m████  
                  ████[38;2;174;126;170m████[38;2;0;0;0m██      ██[38;2;174;126;170m██[38;2;65;65;65m██[38;2;0;0;0m██            ████      
                    ██[38;2;53;53;53m████[38;2;0;0;0m██        ████                        
                    ██[38;2;65;65;65m████[38;2;0;0;0m██                                    
                    ██[38;2;65;65;65m██[38;2;0;0;0m██                                      
                    ██[38;2;65;65;65m██[38;2;0;0;0m██                                      
                      ██                                        
[0m