    [38;2;0;0;0m██████          ██████                                                          
    ██[38;2;197;190;205m████[38;2;0;0;0m██████    ██[38;2;255;255;255m████[38;2;0;0;0m████                                                      
      ██[38;2;131;126;137m██[38;2;197;194;205m██████[38;2;0;0;0m████  [38;2;8;8;8m██[38;2;172;172;172m██[38;2;255;255;255m████[38;2;0;0;0m████████                                              
        ████[38;2;197;194;205m████████[38;2;0;0;0m██[38;2;255;255;255m██[38;2;65;64;65m██[38;2;197;194;205m████[38;2;255;255;255m████[38;2;65;64;65m██[38;2;255;255;255m██[38;2;0;0;0m████                                          
            ████[38;2;197;194;205m████[38;2;65;64;68m██[38;2;255;255;255m████[38;2;65;64;65m██[38;2;197;194;205m██[38;2;200;195;208m████[38;2;191;191;191m██[38;2;65;64;65m██[38;2;197;194;205m████[38;2;0;0;0m██                                        
                ██[38;2;84;83;84m██[38;2;255;250;255m██[38;2;255;255;255m██████[38;2;65;64;65m██[38;2;112;111;112m██[38;2;205;198;205m██[38;2;112;111;112m██[38;2;65;68;65m██[38;2;197;194;205m██[38;2;65;64;65m██[38;2;197;194;205m██[38;2;0;0;0m██                                      
                  ██[38;2;255;250;255m██[38;2;255;255;255m████████[38;2;65;68;65m██████[38;2;205;198;205m██[38;2;197;194;205m██[38;2;65;64;65m██[38;2;65;64;68m██[38;2;197;194;205m██[38;2;0;0;0m██                                    
                ██[38;2;255;255;255m██[38;2;200;195;208m██[38;2;255;255;255m██████████[38;2;191;191;191m██[38;2;197;194;205m████████[38;2;65;64;65m██[38;2;197;194;205m██[38;2;0;0;0m██                                    
              ██[38;2;255;255;255m██[38;2;200;195;208m██[38;2;255;255;255m██████████[38;2;65;64;65m██████████[38;2;197;194;205m████[38;2;65;64;65m██[38;2;197;194;205m██[38;2;0;0;0m██                                  
            ██[38;2;200;195;208m████[38;2;255;255;255m████████[38;2;65;64;65m████[38;2;255;121;116m██[38;2;8;0;0m██[38;2;255;118;113m████[38;2;95;103;115m██[38;2;49;60;65m██[38;2;65;64;74m██[38;2;191;191;194m██[38;2;197;194;205m████[38;2;0;0;0m██                                
          ██[38;2;197;194;205m██[38;2;255;255;255m████████[38;2;65;64;65m██████[38;2;197;194;205m██[38;2;137;58;55m██[38;2;255;121;116m██[38;2;255;118;113m██[38;2;133;66;63m██[38;2;189;190;213m██[38;2;49;60;65m██[38;2;255;255;255m██[38;2;191;191;194m██[38;2;197;194;205m██[38;2;65;64;65m██[38;2;0;0;0m██      ████                      
        ██[38;2;255;250;255m████[38;2;255;255;255m██[38;2;65;64;65m██████[38;2;191;191;194m██[38;2;65;64;74m██[38;2;65;64;65m██[38;2;255;255;255m████[38;2;130;67;64m██[38;2;95;103;115m██[38;2;189;190;213m██[38;2;65;64;65m██[38;2;197;194;205m██[38;2;65;64;65m██[38;2;255;255;255m██[38;2;65;64;74m██[38;2;191;191;194m██[38;2;197;194;205m██[38;2;0;0;0m██  ██[38;2;86;136;127m██[38;2;65;68;65m██[38;2;0;0;0m██                    
          ██[38;2;84;83;84m██[38;2;65;64;65m██[38;2;191;191;191m██[38;2;65;64;65m██[38;2;255;255;255m██[38;2;191;191;194m██[38;2;255;255;255m██████████[38;2;49;60;65m████[38;2;197;194;205m████[38;2;191;191;191m██[38;2;65;64;65m██[38;2;255;255;255m██[38;2;191;191;194m██[38;2;197;194;205m████[38;2;0;0;0m██[38;2;62;112;103m██[38;2;60;110;101m██[38;2;86;136;127m██[38;2;0;0;0m██                    
          ██[38;2;62;112;103m████[38;2;65;64;65m██[38;2;191;191;191m██[38;2;65;64;65m██[38;2;197;196;197m██[38;2;255;255;255m██[38;2;74;76;74m████████[38;2;255;255;255m████[38;2;197;194;205m████[38;2;65;64;65m██[38;2;62;112;103m██[38;2;74;76;74m██[38;2;255;255;255m██[38;2;205;198;205m██[38;2;65;68;65m██[38;2;62;112;103m████████[38;2;0;0;0m██                    
            ██[38;2;62;112;103m██[38;2;65;64;65m██[38;2;255;255;255m██[38;2;65;64;65m██[38;2;82;80;82m████[38;2;74;76;74m██[38;2;255;255;255m██[38;2;74;76;74m██[38;2;255;255;255m██[38;2;200;195;208m████[38;2;197;194;205m██[38;2;65;64;65m██[38;2;62;112;103m████[38;2;74;76;74m████[38;2;65;68;65m██[38;2;77;127;118m██[38;2;65;68;65m██[38;2;62;112;103m████[38;2;0;0;0m██                      
            ██[38;2;62;112;103m████[38;2;65;64;65m██[38;2;255;255;255m████████[38;2;200;195;208m██[38;2;200;194;208m████[38;2;197;190;205m██[38;2;65;60;57m██[38;2;65;64;65m██[38;2;62;112;103m██████[38;2;65;64;65m██[38;2;83;133;124m██[38;2;84;134;125m████[38;2;86;136;127m██[38;2;60;110;101m██[38;2;76;78;76m██[38;2;0;0;0m██                      
        ████[38;2;62;112;103m██[38;2;65;64;65m██████[38;2;191;191;191m██[38;2;139;144;150m██[38;2;197;199;202m██[38;2;200;195;208m████[38;2;200;194;208m████[38;2;65;60;57m██[38;2;71;121;112m██[38;2;62;112;103m██████[38;2;65;64;65m████[38;2;83;133;124m██[38;2;84;134;125m████[38;2;86;136;127m██[38;2;65;68;65m██[38;2;82;132;123m████[38;2;0;0;0m██                    
      ██[38;2;255;255;255m████[38;2;65;64;65m████[38;2;62;112;103m████[38;2;65;64;65m██[38;2;205;206;213m██[38;2;137;138;142m██[38;2;197;190;205m██[38;2;65;60;57m██[38;2;65;64;65m████[38;2;62;112;103m████[38;2;58;108;99m██[38;2;65;64;65m██[38;2;65;68;65m██[38;2;60;110;101m██[38;2;62;112;103m██[38;2;65;64;65m██[38;2;83;133;124m████[38;2;65;64;65m████████[38;2;85;135;126m██[38;2;0;0;0m██                  
    ██[38;2;255;255;255m████████[38;2;65;64;65m████[38;2;62;112;103m████[38;2;0;4;0m██[38;2;137;138;142m██[38;2;65;60;57m██[38;2;71;121;112m██[38;2;65;64;65m██████████[38;2;85;135;126m██[38;2;86;136;127m██[38;2;60;110;101m██[38;2;62;112;103m████[38;2;65;64;65m██████[38;2;255;255;255m██████[38;2;60;59;60m██[38;2;0;0;0m██                  
    ██[38;2;65;64;65m████[38;2;255;255;255m████[38;2;197;194;205m██[38;2;65;64;68m██[38;2;0;0;0m████  ██[38;2;60;110;101m████[38;2;84;134;125m████████████[38;2;83;133;124m████[38;2;62;112;103m██[38;2;65;64;65m██████[38;2;197;194;205m████[38;2;200;195;208m██[38;2;255;255;255m████[38;2;65;64;74m██[38;2;0;0;0m██                
  ██[38;2;84;134;125m██[38;2;83;133;124m██[38;2;65;64;65m██[38;2;65;64;74m██[38;2;191;191;194m██[38;2;197;194;205m██[38;2;0;0;0m██      ██[38;2;65;68;65m██[38;2;86;136;127m██[38;2;84;134;125m████████████[38;2;83;133;124m██[38;2;65;64;65m████[38;2;62;112;103m██[38;2;65;64;65m██[38;2;83;133;124m██[38;2;65;64;65m████[38;2;200;195;208m████[38;2;255;255;255m██[38;2;191;191;194m██[38;2;65;64;65m██[38;2;0;0;0m████    ██████  
██[38;2;82;132;123m██[38;2;44;94;85m██[38;2;82;80;74m██[38;2;137;136;131m██[38;2;65;64;68m██[38;2;197;194;205m██[38;2;0;0;0m██      ██[38;2;65;64;65m██[38;2;86;136;127m██[38;2;65;68;65m██[38;2;65;64;65m██[38;2;83;133;124m████████[38;2;65;64;65m████[38;2;83;133;124m██[38;2;74;76;74m████[38;2;83;133;124m████[38;2;84;134;125m████[38;2;65;68;65m██[38;2;205;198;205m██[38;2;200;194;208m████[38;2;65;64;65m██[38;2;62;112;103m████[38;2;0;0;0m████[38;2;63;113;104m██[38;2;62;112;103m████[38;2;0;0;0m██
██[38;2;44;94;85m████[38;2;246;246;246m██[38;2;82;80;74m██[38;2;0;0;0m████      ██[38;2;63;113;104m██[38;2;65;64;65m██[38;2;60;110;101m██[38;2;86;136;127m██[38;2;65;64;65m██████████[38;2;83;133;124m██████[38;2;74;76;74m██[38;2;255;255;255m██[38;2;45;95;86m████[38;2;84;134;125m████[38;2;77;127;118m██[38;2;65;68;65m██[38;2;200;194;208m████[38;2;65;64;65m████[38;2;62;112;103m████[38;2;65;64;65m██[38;2;63;113;104m██[38;2;62;112;103m████[38;2;0;0;0m██
██[38;2;255;255;255m██[38;2;84;84;84m██[38;2;0;0;0m████        ██[38;2;65;64;68m██[38;2;62;112;103m████[38;2;65;64;65m██[38;2;85;135;126m██[38;2;83;133;124m██[38;2;65;64;65m██[38;2;84;134;125m████[38;2;65;64;65m██[38;2;83;133;124m██████[38;2;65;64;65m██████[38;2;255;255;255m██[38;2;74;72;65m████[38;2;83;133;124m██[38;2;65;64;65m██[38;2;197;190;205m██[38;2;65;60;57m██[38;2;62;112;103m████[38;2;65;64;65m██[38;2;62;112;103m████[38;2;65;64;65m██[38;2;62;112;103m██[38;2;0;0;0m██  
  ████          ██[38;2;65;64;68m██[38;2;197;194;205m██[38;2;65;64;65m██████[38;2;58;108;99m██[38;2;83;133;124m██[38;2;65;64;65m██[38;2;84;134;125m████[38;2;65;64;65m██[38;2;83;133;124m████[38;2;62;112;103m██████[38;2;65;64;65m████[38;2;74;72;65m██[38;2;255;255;255m██[38;2;65;64;65m████[38;2;65;60;57m██[38;2;71;121;112m██[38;2;62;112;103m████[38;2;65;64;65m██[38;2;62;112;103m████[38;2;65;64;65m██[38;2;0;0;0m██    
                ██[38;2;200;194;208m████████[38;2;65;64;65m████[38;2;62;112;103m██[38;2;65;64;65m██[38;2;83;133;124m████[38;2;65;64;65m██[38;2;83;133;124m██[38;2;62;112;103m██[38;2;65;64;65m██████[38;2;255;255;255m████[38;2;65;64;65m████[38;2;255;255;255m████[38;2;74;76;74m████[38;2;62;112;103m████[38;2;65;64;65m██[38;2;63;113;104m██[38;2;65;64;65m██[38;2;0;0;0m██      
                ██[38;2;200;194;208m████████[38;2;197;194;205m████[38;2;65;64;65m██████████████[38;2;62;112;103m██[38;2;65;64;65m██[38;2;255;255;255m████████████████[38;2;74;76;74m██[38;2;62;112;103m██[38;2;65;64;65m██[38;2;63;113;104m██[38;2;0;0;0m████        
                  ██[38;2;65;64;65m██[38;2;197;194;205m████████[38;2;65;64;65m██[38;2;62;112;103m████████████[38;2;65;64;65m██[38;2;200;194;208m████[38;2;255;255;255m████████████[38;2;197;194;205m██[38;2;65;64;68m██[38;2;0;0;0m██████            
                  ██[38;2;63;113;104m██[38;2;65;68;65m████████[38;2;62;112;103m██[38;2;65;64;65m██[38;2;0;0;0m██[38;2;62;112;103m████████[38;2;65;64;65m██[38;2;200;194;208m████[38;2;191;191;194m██[38;2;65;64;74m██[38;2;65;64;65m████[38;2;65;64;74m██[38;2;191;191;194m██[38;2;197;194;205m██[38;2;0;0;0m██                  
                ██[38;2;255;255;255m██[38;2;84;84;84m██[38;2;255;255;255m██[38;2;84;84;84m██[38;2;62;112;103m████[38;2;65;64;65m██[38;2;0;0;0m██  ██████████[38;2;205;198;213m██[38;2;74;71;76m██[38;2;65;64;65m██[38;2;44;94;85m██[38;2;60;110;101m████[38;2;66;116;107m██[38;2;65;68;65m██[38;2;0;0;0m██                    
                  ██████████████              [38;2;8;8;8m██[38;2;74;71;76m██[38;2;44;94;85m████[38;2;79;78;68m████[38;2;65;68;65m██[38;2;0;4;0m██                      
                                                [38;2;0;0;0m████[38;2;255;255;255m██[38;2;84;84;84m██[38;2;255;255;255m██[38;2;84;84;84m██[38;2;255;255;255m██[38;2;0;0;0m██                    
                                                    ██████████                      
[0m