                          [38;2;0;0;0m██                                            
                        ██[38;2;255;220;64m██[38;2;0;0;0m██                                          
                        ██[38;2;255;220;64m██[38;2;65;65;65m██[38;2;0;0;0m██                            ████        
                        ██[38;2;255;220;64m████[38;2;0;0;0m██                          ██[38;2;255;246;0m██[38;2;0;0;0m██        
                          ██[38;2;255;220;64m████[38;2;0;0;0m██                    ████[38;2;255;220;64m██[38;2;0;0;0m██          
                          ██[38;2;255;220;64m██████[38;2;0;0;0m██                ██[38;2;255;220;64m██████[38;2;0;0;0m██          
                          ██[38;2;255;220;64m████████[38;2;0;0;0m████████    ████[38;2;255;220;64m██████[38;2;0;0;0m██            
                            [38;2;65;65;65m██[38;2;255;220;64m██[38;2;204;168;37m████[38;2;255;220;64m██████[38;2;255;237;139m██[38;2;0;0;0m████[38;2;255;220;64m████████[38;2;0;0;0m██              
                          ██[38;2;65;65;65m██[38;2;204;168;37m██[38;2;255;237;139m██████[38;2;255;220;64m██[38;2;255;237;139m██[38;2;255;220;64m████[38;2;204;168;37m██[38;2;255;220;64m██████[38;2;204;168;37m██[38;2;0;0;0m██              
                      ████[38;2;195;62;134m██[38;2;65;65;65m██[38;2;255;237;139m██████████[38;2;255;220;64m██[38;2;255;237;139m██[38;2;255;220;64m████████[38;2;204;168;37m██[38;2;0;0;0m██                
                    ██[38;2;195;62;134m████[38;2;65;65;65m██[38;2;255;220;64m██[38;2;255;237;139m██████████[38;2;255;220;64m████████[38;2;204;168;37m██████[38;2;0;0;0m██████            
                  ██[38;2;195;62;134m████[38;2;65;65;65m██[38;2;160;130;30m██[38;2;255;220;64m████[38;2;255;237;139m██████[38;2;255;220;64m████████[38;2;160;130;30m██[38;2;204;168;37m████[38;2;0;0;0m██[38;2;195;62;134m██████[38;2;0;0;0m████        
  ████            ██[38;2;195;62;134m██[38;2;65;65;65m██[38;2;255;220;64m██[38;2;160;130;30m██[38;2;255;220;64m████████████████[38;2;133;107;30m██[38;2;204;168;37m██████[38;2;65;65;65m██[38;2;195;62;134m████[38;2;222;89;161m██████[38;2;0;0;0m████    
██[38;2;82;90;106m██[38;2;255;255;255m██[38;2;0;0;0m██          ██[38;2;195;62;134m██[38;2;65;65;65m██[38;2;255;220;64m██[38;2;255;255;255m██[38;2;0;0;0m██[38;2;255;220;64m██████████[38;2;133;107;30m████[38;2;160;130;30m██[38;2;204;168;37m██████[38;2;65;65;65m██[38;2;195;62;134m██[38;2;222;89;161m██████████[38;2;195;62;134m██[38;2;0;0;0m██  
██[38;2;180;180;189m██[38;2;213;213;213m██[38;2;255;255;255m██[38;2;0;0;0m██          ██[38;2;195;62;134m██[38;2;65;65;65m██[38;2;255;255;255m██[38;2;0;0;0m██[38;2;255;220;64m██████[38;2;133;107;30m██[38;2;0;0;0m██[38;2;255;255;255m████[38;2;160;130;30m██[38;2;204;168;37m██████[38;2;255;220;64m██[38;2;65;65;65m██[38;2;222;89;161m████████████[38;2;195;62;134m██[38;2;0;0;0m██
██[38;2;180;180;189m████[38;2;255;255;255m██[38;2;82;90;106m██[38;2;0;0;0m████        ██[38;2;195;62;134m██[38;2;65;65;65m██[38;2;160;130;30m██[38;2;255;220;64m████[38;2;160;130;30m██[38;2;255;255;255m██[38;2;0;0;0m██[38;2;255;255;255m██[38;2;204;168;37m██████[38;2;255;220;64m██████[38;2;65;65;65m██[38;2;195;62;134m██[38;2;222;89;161m████████[38;2;195;62;134m████[38;2;0;0;0m██
██[38;2;180;180;189m████[38;2;213;213;213m██[38;2;180;180;189m██[38;2;100;82;20m██[38;2;255;220;64m██[38;2;0;0;0m██    ██[38;2;204;168;37m██[38;2;65;65;65m████[38;2;255;220;64m██████[38;2;160;130;30m██[38;2;204;168;37m██████████[38;2;255;220;64m██[38;2;65;65;65m██████[38;2;195;62;134m██████████████[38;2;65;65;65m██[38;2;0;0;0m██
  ██[38;2;180;180;189m████[38;2;100;82;20m██[38;2;255;220;64m████[38;2;65;65;65m██[38;2;0;0;0m████[38;2;204;168;37m██████[38;2;65;65;65m██[38;2;255;220;64m████[38;2;160;130;30m██[38;2;204;168;37m████████[38;2;65;65;65m██████[38;2;195;62;134m██[38;2;65;65;65m██[38;2;195;62;134m██████████████[38;2;65;65;65m██[38;2;0;0;0m██  
    ██[38;2;65;65;65m██[38;2;100;82;20m██[38;2;255;220;64m██[38;2;204;168;37m██[38;2;65;65;65m██[38;2;195;62;134m██[38;2;65;65;65m██[38;2;204;168;37m██[38;2;65;65;65m████[38;2;195;62;134m██[38;2;255;220;64m████[38;2;204;168;37m██████[38;2;65;65;65m████[38;2;195;62;134m██████████[38;2;65;65;65m██[38;2;195;62;134m██████[38;2;65;65;65m██████[38;2;0;0;0m██    
  ██[38;2;255;220;64m████[38;2;100;82;20m██[38;2;204;168;37m██[38;2;65;65;65m██[38;2;195;62;134m██████[38;2;65;65;65m██[38;2;204;168;37m██[38;2;255;220;64m██[38;2;65;65;65m██[38;2;255;220;64m██[38;2;133;107;30m██[38;2;255;220;64m████[38;2;65;65;65m██[38;2;195;62;134m██████████[38;2;65;65;65m████[38;2;195;62;134m██[38;2;65;65;65m██[38;2;0;0;0m████[38;2;204;168;37m████[38;2;0;0;0m██      
  ████[38;2;255;220;64m████[38;2;100;82;20m██[38;2;204;168;37m██[38;2;65;65;65m██[38;2;195;62;134m██[38;2;65;65;65m██[38;2;255;220;64m████[38;2;0;0;0m████[38;2;204;168;37m████[38;2;0;0;0m██[38;2;255;220;64m████[38;2;65;65;65m████[38;2;195;62;134m████[38;2;65;65;65m██[38;2;255;255;255m████[38;2;65;65;65m██[38;2;0;0;0m██    ██[38;2;204;168;37m████[38;2;0;0;0m██    
      ██[38;2;100;82;20m████[38;2;204;168;37m██[38;2;65;65;65m████[38;2;255;220;64m██[38;2;204;168;37m██[38;2;0;0;0m██    ████  ██[38;2;255;220;64m██████[38;2;65;65;65m████[38;2;180;180;189m████[38;2;213;213;213m██[38;2;255;255;255m██[38;2;0;0;0m██      ████[38;2;65;65;65m██[38;2;0;0;0m██  
    ██[38;2;255;220;64m████[38;2;100;82;20m████[38;2;65;65;65m██[38;2;204;168;37m██████[38;2;0;0;0m██            [38;2;65;65;65m██[38;2;255;220;64m██████[38;2;65;65;65m██[38;2;180;180;189m██████[38;2;213;213;213m██[38;2;65;65;65m██[38;2;0;0;0m██  ████[38;2;222;89;161m██████[38;2;0;0;0m██
    ██[38;2;65;65;65m██[38;2;255;220;64m████[38;2;65;65;65m██[38;2;204;168;37m████████[38;2;0;0;0m██        ████[38;2;189;161;82m██[38;2;65;65;65m██[38;2;255;220;64m████[38;2;65;65;65m██[38;2;180;180;189m████████[38;2;65;65;65m██[38;2;255;220;64m██[38;2;0;0;0m██[38;2;222;89;161m██████████[38;2;0;0;0m██
      ██[38;2;65;65;65m██████[38;2;204;168;37m██████[38;2;0;0;0m██      ████[38;2;204;168;37m██████[38;2;0;0;0m██[38;2;255;220;64m██████[38;2;65;65;65m██[38;2;180;180;189m████[38;2;100;82;20m████[38;2;255;220;64m████[38;2;98;82;49m██[38;2;222;89;161m██████[38;2;0;0;0m██  
        ██[38;2;180;180;189m████[38;2;65;65;65m██[38;2;0;0;0m████      ██[38;2;222;89;161m██[38;2;195;62;134m██[38;2;65;65;65m████[38;2;204;168;37m██[38;2;0;0;24m██[38;2;0;0;0m██[38;2;255;220;64m██[38;2;255;246;180m██[38;2;255;220;64m██[38;2;65;65;65m██[38;2;100;82;20m██[38;2;255;220;64m████[38;2;100;82;20m██[38;2;255;220;64m██[38;2;98;82;49m██[38;2;195;62;134m██[38;2;222;89;161m██[38;2;0;0;0m██    
        ██[38;2;180;180;189m████[38;2;0;0;0m██          ██[38;2;195;62;134m██[38;2;222;89;161m████[38;2;195;62;134m██[38;2;0;0;0m██  ██[38;2;255;237;139m████[38;2;255;246;180m██[38;2;65;65;65m██[38;2;255;220;64m████[38;2;100;82;20m████[38;2;65;65;65m██[38;2;195;62;134m████[38;2;0;0;0m██      
          ████              ██[38;2;65;65;65m██████[38;2;204;168;37m██[38;2;0;0;0m██  ██[38;2;255;237;139m██[38;2;255;246;180m████[38;2;65;65;65m██[38;2;100;82;20m██[38;2;255;220;64m████[38;2;65;65;65m██████[38;2;255;220;64m██[38;2;0;0;0m██    
                        ████[38;2;204;168;37m████[38;2;160;130;30m██[38;2;204;168;37m██████[38;2;0;0;0m████[38;2;255;246;180m██████[38;2;65;65;65m██[38;2;255;220;64m████[38;2;65;65;65m██[38;2;255;220;64m████████[38;2;0;0;0m██    
                      ██[38;2;213;213;213m██[38;2;160;130;30m████[38;2;100;82;20m██[38;2;204;168;37m████████[38;2;0;0;0m██  ██[38;2;255;246;180m██████[38;2;65;65;65m████[38;2;180;180;189m██[38;2;65;65;65m██[38;2;255;220;64m████████[38;2;0;0;0m██  
                        ██████[38;2;213;213;213m██[38;2;160;130;30m██[38;2;204;168;37m██[38;2;0;0;0m████      ██████[38;2;65;65;65m██[38;2;180;180;189m████[38;2;65;65;65m██[38;2;160;130;30m██[38;2;255;220;64m██████[38;2;0;0;0m██  
                              ██████                ██[38;2;65;65;65m████[38;2;255;220;64m██[38;2;160;130;30m██[38;2;255;220;64m██████[38;2;0;0;0m██  
                                                  ██[38;2;255;255;255m████[38;2;0;0;0m████[38;2;160;130;30m██[38;2;204;168;37m████[38;2;0;0;0m██    
                                                    ████    ██[38;2;255;255;255m████[38;2;0;0;0m██    
                                                              ████      
[0m