                      [38;2;0;0;0m████        ████                      
                    ██[38;2;189;189;181m██[38;2;123;123;123m██[38;2;0;0;0m██    ██[38;2;189;189;181m██[38;2;123;123;123m██[38;2;0;0;0m██                    
        ████        ██[38;2;123;123;123m██[38;2;255;255;255m██[38;2;0;0;0m██    ██[38;2;123;123;123m██[38;2;255;255;255m██[38;2;0;0;0m██                    
      ██[38;2;189;189;181m██[38;2;123;123;123m██[38;2;0;0;0m██      ██[38;2;123;123;123m██[38;2;189;189;181m██[38;2;0;0;0m██    ██[38;2;123;123;123m██[38;2;189;189;181m██[38;2;0;0;0m██    ████            
      ██[38;2;123;123;123m██[38;2;255;255;255m██[38;2;0;0;0m██      ██[38;2;189;189;181m██[38;2;0;0;0m██      ██[38;2;189;189;181m██[38;2;0;0;0m██    ██[38;2;189;189;181m██[38;2;123;123;123m██[38;2;0;0;0m██          
      ██[38;2;123;123;123m██[38;2;189;189;181m██[38;2;0;0;0m██      ██[38;2;189;189;181m██[38;2;0;0;0m██      ██[38;2;189;189;181m██[38;2;0;0;0m██    ██[38;2;123;123;123m██[38;2;255;255;255m██[38;2;0;0;0m██          
      ██[38;2;189;189;181m██[38;2;0;0;0m██        ██[38;2;189;189;181m██[38;2;0;0;0m██      ██[38;2;189;189;181m██[38;2;0;0;0m██    ██[38;2;123;123;123m██[38;2;189;189;181m██[38;2;0;0;0m██          
      ██[38;2;189;189;181m██[38;2;0;0;0m██          ██          ██      ██[38;2;189;189;181m██[38;2;0;0;0m██            
      ██[38;2;189;189;181m██[38;2;0;0;0m██                ██████        ██[38;2;189;189;181m██[38;2;0;0;0m██            
        ██    ████      ████[38;2;211;180;24m██[38;2;246;236;28m████[38;2;0;0;0m██      ██[38;2;189;189;181m██[38;2;0;0;0m██      ████  
              ██[38;2;211;180;24m██[38;2;0;0;0m██  ██[38;2;211;180;24m██[38;2;246;236;28m████████[38;2;0;0;0m██        ██      ██[38;2;189;189;181m██[38;2;123;123;123m██[38;2;0;0;0m██
        ██    ██[38;2;211;180;24m████[38;2;0;0;0m██[38;2;246;236;28m██████████[38;2;211;180;24m██[38;2;0;0;0m██                ██[38;2;123;123;123m██[38;2;255;255;255m██[38;2;0;0;0m██
      ██[38;2;246;236;28m██[38;2;0;0;0m████[38;2;65;65;65m██[38;2;211;180;24m██[38;2;156;124;31m██[38;2;246;236;28m████████████[38;2;0;0;0m██  ██████          ██[38;2;123;123;123m██[38;2;189;189;181m██[38;2;0;0;0m██
      ██[38;2;156;124;31m████[38;2;246;236;28m██[38;2;0;0;0m██[38;2;65;65;65m██[38;2;156;124;31m██[38;2;246;236;28m██[38;2;255;49;49m██[38;2;246;236;28m██████[38;2;211;180;24m██[38;2;0;0;0m████[38;2;246;236;28m████[38;2;0;0;0m██          ██[38;2;189;189;181m██[38;2;0;0;0m██  
      ██[38;2;246;236;28m██[38;2;211;180;24m██[38;2;0;0;0m██  ██[38;2;246;236;28m██[38;2;255;49;49m██[38;2;189;41;41m██[38;2;246;236;28m██████████████[38;2;0;0;0m██            ██[38;2;189;189;181m██[38;2;0;0;0m██  
    ██[38;2;135;62;120m██[38;2;156;124;31m██[38;2;65;65;65m████[38;2;0;0;0m██[38;2;65;65;65m██[38;2;246;236;28m██[38;2;156;33;33m██[38;2;246;236;28m████████[38;2;156;124;31m██[38;2;246;236;28m████[38;2;65;65;65m██[38;2;0;0;0m████          ██[38;2;189;189;181m██[38;2;0;0;0m██  
    ██[38;2;135;62;120m████████[38;2;65;65;65m██[38;2;211;180;24m██[38;2;65;65;65m██[38;2;246;236;28m████[38;2;156;124;31m██[38;2;65;65;65m████[38;2;246;236;28m████[38;2;65;65;65m██[38;2;179;93;152m██████[38;2;0;0;0m██████      ██    
      ██[38;2;135;62;120m████[38;2;0;0;0m██████[38;2;65;65;65m██[38;2;246;236;28m██[38;2;65;65;65m██[38;2;0;0;0m██[38;2;255;255;255m██[38;2;211;180;24m██[38;2;246;236;28m██████[38;2;65;65;65m██[38;2;179;93;152m████████[38;2;0;0;0m██            
        ████[38;2;255;255;255m██[38;2;0;0;0m██[38;2;189;189;181m██[38;2;65;65;65m██[38;2;246;236;28m██[38;2;65;65;65m██[38;2;211;180;24m████[38;2;246;236;28m██████████[38;2;65;65;65m██[38;2;135;62;120m████[38;2;0;0;0m██    ██        
  ██████[38;2;255;255;255m████[38;2;0;0;0m██[38;2;255;255;255m██[38;2;65;65;65m██[38;2;246;236;28m██[38;2;211;180;24m██[38;2;246;236;28m██[38;2;211;180;24m██[38;2;255;255;255m████[38;2;65;65;65m████████[38;2;135;62;120m████[38;2;0;0;0m██  ████[38;2;246;236;28m██[38;2;0;0;0m██      
██[38;2;189;189;181m██[38;2;123;123;123m██[38;2;189;189;181m██[38;2;0;0;0m████[38;2;65;65;65m██[38;2;255;255;255m██[38;2;65;65;65m██[38;2;246;236;28m██[38;2;211;180;24m██[38;2;65;65;65m██[38;2;255;255;255m██[38;2;189;189;181m██[38;2;255;255;255m████[38;2;65;65;65m██[38;2;135;62;120m██[38;2;0;0;0m████[38;2;211;180;24m██[38;2;156;124;31m██[38;2;0;0;0m██[38;2;65;65;65m██[38;2;211;180;24m██[38;2;246;236;28m██[38;2;0;0;0m██      
  ██[38;2;189;189;181m████████[38;2;65;65;65m██[38;2;255;255;255m████[38;2;65;65;65m████[38;2;255;255;255m██████[38;2;65;65;65m██[38;2;255;255;255m████[38;2;65;65;65m██[38;2;0;0;0m██  ██[38;2;246;236;28m██[38;2;179;93;152m██[38;2;135;62;120m██[38;2;246;236;28m██[38;2;0;0;0m██        
    ██[38;2;123;123;123m██[38;2;189;189;181m██████[38;2;65;65;65m██[38;2;255;255;255m██████████████[38;2;65;65;65m██[38;2;255;255;255m██[38;2;0;0;0m██    ██[38;2;179;93;152m██████[38;2;135;62;120m██[38;2;179;93;152m██[38;2;0;0;0m██      
      ████[38;2;65;65;65m██████[38;2;255;255;255m██████[38;2;189;189;181m██[38;2;255;255;255m██████[38;2;65;65;65m██[38;2;189;189;181m██[38;2;255;255;255m██[38;2;0;0;0m████[38;2;65;65;65m██████[38;2;135;62;120m██[38;2;179;93;152m████[38;2;0;0;0m██      
          ██[38;2;179;93;152m██[38;2;135;62;120m██[38;2;65;65;65m██[38;2;255;255;255m██████[38;2;189;189;181m██[38;2;255;255;255m██[38;2;65;65;65m██[38;2;255;255;255m████[38;2;189;189;181m████[38;2;255;255;255m██████[38;2;189;189;181m██[38;2;65;65;65m████[38;2;0;0;0m██        
          ██[38;2;135;62;120m██[38;2;211;180;24m████[38;2;65;65;65m██[38;2;255;255;255m████[38;2;65;65;65m████[38;2;211;180;24m██[38;2;65;65;65m██[38;2;255;255;255m████████[38;2;189;189;181m████[38;2;255;255;255m████[38;2;0;0;0m██          
            ██████[38;2;65;65;65m██[38;2;255;255;255m██[38;2;65;65;65m██[38;2;246;236;28m██[38;2;211;180;24m████[38;2;246;236;28m██[38;2;65;65;65m████[38;2;255;255;255m████████[38;2;189;189;181m██[38;2;0;0;0m██            
                  ████[38;2;246;236;28m██[38;2;156;124;31m██[38;2;211;180;24m██[38;2;0;0;0m██[38;2;211;180;24m██[38;2;246;236;28m████[38;2;135;62;120m██[38;2;179;93;152m████[38;2;0;0;0m██[38;2;255;255;255m██[38;2;0;0;0m██            
                      ██████  ████[38;2;246;236;28m████[38;2;135;62;120m██[38;2;0;0;0m██  ████            
                                  ██████                    
[0m