              [38;2;0;0;0m████        
            ██[38;2;239;195;250m████[38;2;0;0;0m██      
          ██[38;2;239;195;250m██████[38;2;0;0;0m██      
      ████[38;2;239;195;250m████[38;2;225;153;224m██[38;2;200;128;199m██[38;2;0;0;0m██      
    ██[38;2;239;195;250m██[38;2;65;65;65m██[38;2;239;195;250m██[38;2;200;128;199m██████[38;2;0;0;0m██      
    [38;2;65;65;65m██[38;2;239;195;250m██[38;2;132;107;132m██[38;2;200;128;199m██████[38;2;0;0;0m██        
  ██[38;2;239;195;250m██[38;2;200;128;199m████████[38;2;65;65;65m████[38;2;0;0;0m██      
  ██[38;2;225;153;224m██[38;2;200;128;199m████[38;2;132;107;132m████[38;2;239;195;250m██[38;2;200;128;199m████[38;2;0;0;0m██    
  ██[38;2;200;128;199m████[38;2;132;107;132m██[38;2;239;195;250m████████[38;2;200;128;199m████[38;2;0;0;0m██  
  ██[38;2;200;128;199m██[38;2;132;107;132m██[38;2;245;212;255m██[38;2;239;195;250m████████[38;2;225;153;224m██[38;2;200;128;199m██[38;2;0;0;0m██  
  [38;2;65;65;65m██[38;2;0;0;0m██[38;2;245;212;255m██[38;2;239;195;250m██████[38;2;200;128;199m██[38;2;225;153;224m██[38;2;239;195;250m██[38;2;200;128;199m██[38;2;0;0;0m██  
  ██[38;2;245;212;255m████[38;2;239;195;250m██████[38;2;200;128;199m████[38;2;239;195;250m██[38;2;0;0;0m██    
  ██[38;2;245;212;255m██[38;2;239;195;250m██████[38;2;16;201;84m██[38;2;239;195;250m██[38;2;200;128;199m██[38;2;239;195;250m██[38;2;200;128;199m██[38;2;0;0;0m██  
██[38;2;245;212;255m██[38;2;239;195;250m██████[38;2;16;201;84m████[38;2;239;195;250m██[38;2;225;153;224m██[38;2;239;195;250m██[38;2;200;128;199m██[38;2;0;0;0m██  
██[38;2;245;212;255m██[38;2;239;195;250m████[38;2;16;201;84m██[38;2;0;0;0m██[38;2;255;255;255m██[38;2;239;195;250m████[38;2;225;153;224m██[38;2;200;128;199m██[38;2;0;0;0m██  
██[38;2;239;195;250m██████[38;2;16;201;84m██[38;2;248;193;79m██[38;2;255;255;255m██[38;2;239;195;250m████[38;2;200;128;199m██[38;2;0;0;0m██    
  ██[38;2;239;195;250m██████[38;2;255;255;255m██[38;2;239;195;250m████[38;2;225;153;224m██[38;2;65;65;65m██[38;2;200;128;199m██[38;2;0;0;0m██  
    ████[38;2;239;195;250m██████[38;2;132;107;132m████[38;2;200;128;199m████[38;2;0;0;0m██  
        ██[38;2;132;107;132m████[38;2;200;128;199m████████[38;2;225;153;224m██[38;2;0;0;0m██
        ██[38;2;200;128;199m████[38;2;132;107;132m██[38;2;200;128;199m████[38;2;225;153;224m██[38;2;239;195;250m██[38;2;0;0;0m██
          ██[38;2;225;153;224m██[38;2;239;195;250m██[38;2;0;0;0m██[38;2;239;195;250m██████[38;2;0;0;0m██
            ████  ██████  
[0m