                  [38;2;0;0;0m██████                              
              ████[38;2;255;255;255m████[38;2;139;148;156m██[38;2;0;0;0m████                          
            ██[38;2;255;255;255m████████[38;2;189;205;230m██[38;2;255;255;255m██[38;2;189;205;230m██[38;2;0;0;0m██  ████████              
        ████[38;2;255;255;255m████[38;2;193;147;16m████[38;2;255;255;255m██[38;2;189;205;230m██[38;2;255;255;255m██████[38;2;0;0;0m██[38;2;255;255;255m██████[38;2;189;205;230m██[38;2;0;0;0m██            
      ██[38;2;189;205;230m██[38;2;139;148;156m██[38;2;255;255;255m██[38;2;193;147;16m██[38;2;245;223;68m██[38;2;65;65;65m██[38;2;255;255;255m████[38;2;189;205;230m██[38;2;255;255;255m██████[38;2;65;65;65m██[38;2;255;255;255m████████[38;2;0;0;0m██          
      ██[38;2;189;205;230m████[38;2;193;147;16m██[38;2;245;223;68m██[38;2;65;65;65m██[38;2;189;205;230m██[38;2;255;255;255m████[38;2;189;205;230m██[38;2;255;255;255m████[38;2;189;205;230m██[38;2;65;65;65m██[38;2;255;255;255m████████[38;2;139;148;156m██[38;2;0;0;0m████      
      ██[38;2;189;205;230m████[38;2;193;147;16m██[38;2;219;184;42m██[38;2;65;65;65m██[38;2;189;205;230m████[38;2;255;255;255m████[38;2;139;148;156m██[38;2;189;205;230m██████[38;2;65;65;65m████[38;2;255;255;255m██[38;2;189;205;230m██[38;2;255;255;255m████[38;2;189;205;230m██[38;2;0;0;0m██    
    ██[38;2;65;65;65m████[38;2;189;205;230m████[38;2;193;147;16m██[38;2;219;184;42m██[38;2;65;65;65m██[38;2;139;148;156m██[38;2;255;255;255m██████[38;2;139;148;156m██████[38;2;189;205;230m████[38;2;65;65;65m██[38;2;255;255;255m██████████[38;2;0;0;0m██  
  ██[38;2;189;205;230m██[38;2;255;255;255m████[38;2;65;65;65m████[38;2;245;223;68m████████[38;2;139;148;156m██[38;2;255;255;255m██████[38;2;189;205;230m████████[38;2;65;65;65m██[38;2;255;255;255m██████████[38;2;148;172;213m██[38;2;0;0;0m██
██[38;2;189;205;230m██[38;2;255;255;255m████████[38;2;65;65;65m██[38;2;219;184;42m██[38;2;245;223;68m████[38;2;255;255;255m██[38;2;245;223;68m██[38;2;139;148;156m████[38;2;189;205;230m████████[38;2;65;65;65m██████[38;2;255;255;255m████████[38;2;189;205;230m██[38;2;0;0;0m██
██[38;2;189;205;230m██[38;2;255;255;255m██████[38;2;65;65;65m██[38;2;222;238;255m████[38;2;219;184;42m████[38;2;0;0;0m██[38;2;245;223;68m████[38;2;219;184;42m██[38;2;139;148;156m██[38;2;189;205;230m██[38;2;65;65;65m████[38;2;255;255;255m████[38;2;189;205;230m██[38;2;65;65;65m██[38;2;255;255;255m████[38;2;189;205;230m████[38;2;0;0;0m██
██[38;2;230;205;238m██[38;2;189;205;230m██[38;2;255;255;255m██████[38;2;65;65;65m██[38;2;222;238;255m██████[38;2;219;184;42m██[38;2;255;255;255m████[38;2;193;147;16m██[38;2;65;65;65m██████[38;2;255;255;255m████████[38;2;189;205;230m██[38;2;65;65;65m██[38;2;189;205;230m████[38;2;148;172;213m██[38;2;0;0;0m██
  ██[38;2;230;205;238m████[38;2;139;148;156m██[38;2;189;205;230m████[38;2;65;65;65m██████[38;2;193;147;16m████[38;2;65;65;65m██[38;2;139;148;156m██[38;2;65;65;65m██[38;2;189;205;230m██████[38;2;255;255;255m████[38;2;189;205;230m████[38;2;65;65;65m██[38;2;230;205;238m████[38;2;0;0;0m██  
    ██████[38;2;230;205;238m██[38;2;189;205;230m██████[38;2;65;65;65m██[38;2;255;255;255m████[38;2;189;205;230m██[38;2;65;65;65m██[38;2;189;205;230m██[38;2;255;255;255m████[38;2;189;205;230m████████[38;2;230;205;238m██[38;2;65;65;65m████[38;2;0;0;0m██    
          ██[38;2;189;205;230m████████[38;2;193;147;16m██[38;2;189;205;230m██[38;2;65;65;65m██[38;2;189;205;230m██████[38;2;255;255;255m████[38;2;189;205;230m████[38;2;230;205;238m██[38;2;65;65;65m██[38;2;189;205;230m██[38;2;0;0;0m██      
      ████[38;2;65;65;65m████[38;2;189;205;230m████[38;2;65;65;65m██[38;2;245;223;68m██[38;2;65;65;65m████[38;2;189;205;230m████[38;2;139;148;156m██[38;2;189;205;230m██[38;2;230;205;238m████[38;2;65;65;65m████[38;2;189;205;230m██[38;2;230;205;238m██[38;2;0;0;0m██      
    ██[38;2;219;184;42m██[38;2;193;147;16m██[38;2;219;184;42m██[38;2;65;65;65m██████[38;2;245;223;68m██████[38;2;219;184;42m██[38;2;65;65;65m██[38;2;230;205;238m████[38;2;65;65;65m██████[38;2;189;205;230m████[38;2;230;205;238m██[38;2;0;0;0m██        
      ████[38;2;193;147;16m████[38;2;65;65;65m██[38;2;245;223;68m████████[38;2;219;184;42m████[38;2;65;65;65m████[38;2;189;205;230m██████████[38;2;0;0;0m██          
          ██[38;2;193;147;16m██[38;2;65;65;65m██[38;2;219;184;42m██[38;2;245;223;68m████[38;2;65;65;65m██████[38;2;189;205;230m██████████████[38;2;230;205;238m██[38;2;0;0;0m██        
            ██████[38;2;219;184;42m██[38;2;65;65;65m██[38;2;245;223;68m██[38;2;193;147;16m██[38;2;245;223;68m██[38;2;65;65;65m██[38;2;189;205;230m████[38;2;230;205;238m██[38;2;189;205;230m████[38;2;230;205;238m████[38;2;0;0;0m██        
                  ████[38;2;65;65;65m██[38;2;219;184;42m████[38;2;65;65;65m██[38;2;230;205;238m████[38;2;0;0;0m██[38;2;230;205;238m██████[38;2;0;0;0m██          
                      ████[38;2;219;184;42m██[38;2;0;0;0m██████  ██████            
                          ██                          
[0m