    [38;2;0;0;0m████                                
  ██[38;2;65;65;65m██[38;2;123;123;123m██[38;2;0;0;0m██                              
  ██[38;2;247;160;195m████[38;2;65;65;65m██[38;2;0;0;0m██████                        
  ██[38;2;65;65;65m██[38;2;255;255;255m██[38;2;106;125;255m██[38;2;68;91;242m██[38;2;255;213;229m██[38;2;247;160;195m██[38;2;0;0;0m██                      
  ██[38;2;68;91;242m██[38;2;106;125;255m████[38;2;68;91;242m██[38;2;255;213;229m████[38;2;247;160;195m██[38;2;0;0;0m██████                
  ██[38;2;255;213;229m██[38;2;68;91;242m████[38;2;255;213;229m██████[38;2;65;65;65m██[38;2;123;123;123m██[38;2;255;213;229m██[38;2;123;123;123m██[38;2;0;0;0m██              
██[38;2;255;255;255m██[38;2;255;213;229m████████████[38;2;65;65;65m██[38;2;123;123;123m██[38;2;255;213;229m██[38;2;65;65;65m██[38;2;0;0;0m██              
████[38;2;255;213;229m██████████[38;2;247;160;195m██[38;2;191;104;140m██[38;2;65;65;65m██[38;2;247;160;195m██[38;2;0;0;0m██                
██[38;2;255;213;229m██████[38;2;255;255;255m██[38;2;0;0;0m██[38;2;255;213;229m██[38;2;247;160;195m████[38;2;0;0;0m████                  
██[38;2;255;213;229m██████[38;2;0;0;0m████[38;2;247;160;195m████[38;2;65;65;65m██[38;2;0;0;0m██                    
██[38;2;247;160;195m██[38;2;255;213;229m████████[38;2;191;104;140m██[38;2;65;65;65m██[38;2;247;160;195m██[38;2;0;0;0m██            ████    
  ██[38;2;65;65;65m██████████[38;2;247;160;195m██[38;2;65;65;65m████[38;2;0;0;0m██        ██[38;2;255;255;255m██[38;2;106;125;255m██[38;2;0;0;0m██  
  ██[38;2;247;160;195m██████[38;2;65;65;65m████████[38;2;247;160;195m██[38;2;0;0;0m██        ██[38;2;106;125;255m██[38;2;68;91;242m██[38;2;0;0;0m██  
██[38;2;247;160;195m██████[38;2;65;65;65m██[38;2;255;255;255m████[38;2;247;160;195m████████[38;2;0;0;0m████      ██[38;2;65;65;65m██[38;2;0;0;0m██  
  ██████[38;2;191;104;140m██[38;2;255;255;255m██████[38;2;247;160;195m██[38;2;191;104;140m██[38;2;255;213;229m████[38;2;247;160;195m██[38;2;0;0;0m██      ██[38;2;247;160;195m██[38;2;0;0;0m██
      ██[38;2;255;255;255m████████[38;2;247;160;195m████[38;2;65;65;65m██[38;2;255;213;229m██████[38;2;0;0;0m██    ██[38;2;65;65;65m██[38;2;0;0;0m██
    ██[38;2;247;160;195m██[38;2;255;255;255m██████████[38;2;247;160;195m████[38;2;65;65;65m████[38;2;0;0;0m██    ██[38;2;247;160;195m████[38;2;0;0;0m██
    ██[38;2;247;160;195m██[38;2;189;189;189m██[38;2;255;255;255m████████[38;2;247;160;195m████[38;2;255;213;229m██[38;2;191;104;140m██[38;2;247;160;195m██[38;2;0;0;0m████[38;2;65;65;65m████[38;2;247;160;195m██[38;2;0;0;0m██
      ██[38;2;191;104;140m██[38;2;255;255;255m████████[38;2;191;104;140m██[38;2;255;213;229m██████[38;2;191;104;140m██[38;2;247;160;195m██████[38;2;65;65;65m██[38;2;0;0;0m██  
      ██[38;2;247;160;195m██[38;2;191;104;140m██[38;2;255;255;255m██████[38;2;191;104;140m██[38;2;255;213;229m██████[38;2;191;104;140m██[38;2;247;160;195m████████[38;2;0;0;0m██  
    ██[38;2;255;255;255m██[38;2;255;213;229m██[38;2;247;160;195m██[38;2;0;0;0m████[38;2;189;189;189m████[38;2;191;104;140m██[38;2;255;213;229m██[38;2;247;160;195m██[38;2;191;104;140m██[38;2;247;160;195m████[38;2;0;0;0m████    
      ██████    ████[38;2;65;65;65m██[38;2;247;160;195m██[38;2;191;104;140m██[38;2;247;160;195m██[38;2;0;0;0m████        
                    ██[38;2;255;213;229m████[38;2;0;0;0m██            
                    ██[38;2;255;255;255m██[38;2;247;160;195m██[38;2;0;0;0m██            
                      ████              
[0m