                          [38;2;0;0;0m██████                                    
                        ██[38;2;140;162;181m██████[38;2;0;0;0m██                                  
                ██████[38;2;0;8;8m██[38;2;140;170;181m██[38;2;140;162;178m████[38;2;189;211;222m██[38;2;139;162;177m██[38;2;0;0;0m██                ██████          
              ██[38;2;189;211;222m██████[38;2;93;116;123m██[38;2;140;170;181m██[38;2;140;162;178m████[38;2;139;162;177m████[38;2;0;0;0m██              ██[38;2;140;162;181m██████[38;2;0;0;0m██        
            ██[38;2;189;211;222m████[38;2;189;210;225m██[38;2;255;255;255m██[38;2;189;211;222m██[38;2;90;132;145m██[38;2;146;143;185m██[38;2;114;136;152m██[38;2;93;115;131m██[38;2;153;150;192m██[38;2;0;0;0m██            ██[38;2;140;162;178m████[38;2;139;169;183m██[38;2;90;131;145m██[38;2;120;140;148m██[38;2;0;0;0m██      
          ██[38;2;66;65;66m██[38;2;90;132;145m██[38;2;189;211;222m██[38;2;189;210;225m████[38;2;189;211;222m██[38;2;90;132;145m██[38;2;57;65;74m██[38;2;146;143;185m██[38;2;153;150;192m██[38;2;0;4;16m██              [38;2;0;0;0m██[38;2;140;162;178m████[38;2;90;131;145m██[38;2;189;207;222m██[38;2;181;211;222m████[38;2;0;0;0m██    
        ██[38;2;189;211;225m████[38;2;194;212;219m██[38;2;90;134;148m██[38;2;165;207;222m██[38;2;110;138;148m██[38;2;123;99;121m██[38;2;57;70;87m██[38;2;90;134;148m██[38;2;0;0;0m██[38;2;130;101;171m████[38;2;0;0;0m██            ██[38;2;140;178;198m██[38;2;93;121;134m██[38;2;189;211;225m████[38;2;189;210;225m██[38;2;255;255;255m██[38;2;189;211;222m██[38;2;0;0;0m██  
      ██[38;2;189;211;222m██[38;2;189;211;225m████[38;2;247;251;255m██[38;2;194;212;219m██[38;2;110;138;148m██[38;2;0;0;0m██[38;2;151;109;176m████[38;2;0;0;0m██  ██[38;2;130;101;171m██[38;2;0;0;0m██              [38;2;0;8;8m██[38;2;93;121;134m██[38;2;189;211;225m████[38;2;189;210;225m████[38;2;189;211;222m██[38;2;0;0;0m██  
      [38;2;3;0;2m██[38;2;198;219;239m██[38;2;189;211;225m████[38;2;189;211;222m████[38;2;0;0;0m██  [38;2;8;4;16m██[38;2;142;109;176m██[38;2;129;101;163m██[38;2;0;0;0m████[38;2;130;101;171m██[38;2;131;100;168m██[38;2;0;0;8m██            [38;2;0;0;0m██[38;2;120;140;148m██[38;2;90;132;145m██[38;2;189;211;222m██████[38;2;140;162;181m██[38;2;0;0;0m██  
      [38;2;3;0;2m██[38;2;132;147;159m██[38;2;189;211;225m████[38;2;189;211;222m██[38;2;139;162;177m██[38;2;66;65;66m██[38;2;0;0;0m██[38;2;54;48;61m████[38;2;64;50;81m██[38;2;0;0;0m██  ██[38;2;131;100;168m██[38;2;68;54;83m██[38;2;0;0;0m██████    ██[38;2;181;211;222m████[38;2;189;211;222m██[38;2;90;132;145m██[38;2;139;170;181m██[38;2;90;130;140m██[38;2;0;0;0m██    
      [38;2;8;4;16m██[38;2;54;48;61m██[38;2;142;162;176m████[38;2;66;65;66m████[38;2;173;231;239m██[38;2;74;93;107m██[38;2;68;89;112m██[38;2;173;211;239m██[38;2;189;211;222m████[38;2;0;0;0m██[38;2;54;62;71m██[38;2;66;65;66m██[38;2;90;134;144m██[38;2;112;92;71m████[38;2;76;89;93m██[38;2;16;0;0m██[38;2;0;0;0m██[38;2;189;211;222m██[38;2;189;211;225m████[38;2;255;255;255m██[38;2;189;210;225m██[38;2;66;65;66m██[38;2;133;59;225m██[38;2;0;0;0m██    
    ██[38;2;142;109;176m██[38;2;54;48;61m██[38;2;66;65;66m████[38;2;189;211;222m████[38;2;74;93;107m██[38;2;255;162;13m██[38;2;217;105;1m██[38;2;68;89;112m██[38;2;66;93;107m██[38;2;107;132;145m██[38;2;82;93;107m████[38;2;66;65;66m████[38;2;112;92;71m██[38;2;93;133;142m██[38;2;107;134;140m████[38;2;63;70;74m██[38;2;189;211;222m██[38;2;189;211;225m████[38;2;189;210;225m████[38;2;66;65;66m██[38;2;133;59;225m██[38;2;0;0;0m██    
    ██[38;2;143;129;147m██[38;2;54;48;61m██[38;2;189;211;222m████[38;2;181;211;222m██[38;2;74;89;107m██[38;2;208;102;1m██[38;2;78;89;103m██████[38;2;93;132;142m██[38;2;79;90;104m██[38;2;208;102;1m████[38;2;79;90;104m██[38;2;159;136;126m██[38;2;74;65;66m██[38;2;104;89;85m██[38;2;87;81;81m██[38;2;74;65;57m██[38;2;66;65;66m██[38;2;161;139;166m██[38;2;184;150;181m██[38;2;132;158;181m██[38;2;181;215;231m██[38;2;120;144;154m██[38;2;0;0;0m██[38;2;130;101;171m██[38;2;133;59;225m██[38;2;0;0;0m██  
    ██[38;2;54;48;61m██[38;2;189;211;222m████[38;2;79;89;106m██[38;2;74;89;107m██[38;2;109;129;145m██[38;2;78;89;103m██[38;2;208;102;1m██████[38;2;79;90;104m██[38;2;93;132;142m██[38;2;255;255;255m████[38;2;79;90;104m████[38;2;165;138;123m██[38;2;74;65;66m██[38;2;99;134;140m██[38;2;74;65;57m██[38;2;161;139;166m██[38;2;66;65;66m██[38;2;132;158;181m██[38;2;155;86;234m██[38;2;120;144;154m██[38;2;3;0;2m██  [38;2;0;0;0m██[38;2;133;59;225m██[38;2;0;0;0m██  
  ██[38;2;129;101;163m██[38;2;49;52;57m██[38;2;189;207;222m██[38;2;74;85;115m██[38;2;217;105;1m██[38;2;79;90;104m████[38;2;217;105;1m██[38;2;255;165;19m██[38;2;208;102;1m████[38;2;211;103;1m██[38;2;82;92;101m██[38;2;255;255;255m████[38;2;82;125;153m██[38;2;82;92;101m██[38;2;156;138;132m██[38;2;57;65;74m██[38;2;66;65;66m██[38;2;130;97;172m██[38;2;66;65;66m██[38;2;79;90;104m██[38;2;54;48;61m██[38;2;142;109;176m██[38;2;133;59;225m██[38;2;0;0;0m██  ██[38;2;66;89;98m██[38;2;0;0;0m██  
  ██[38;2;64;50;81m██[38;2;189;207;222m██[38;2;95;103;112m██[38;2;255;165;19m██[38;2;217;105;1m██[38;2;79;90;104m██[38;2;93;132;142m██[38;2;74;85;115m██[38;2;217;105;1m██[38;2;208;102;1m██[38;2;78;89;103m██[38;2;82;92;101m██[38;2;82;125;153m██[38;2;90;133;145m████[38;2;82;92;101m██[38;2;211;103;1m██[38;2;90;89;93m██[38;2;156;138;132m██[38;2;66;65;66m██[38;2;130;97;172m██[38;2;66;65;66m██[38;2;79;90;104m██[38;2;8;4;16m██[38;2;54;48;61m██[38;2;133;59;225m██[38;2;0;0;0m██    ██[38;2;99;134;148m██[38;2;0;0;0m██
██[38;2;90;134;144m██[38;2;66;65;66m██[38;2;189;211;222m██[38;2;79;89;106m██[38;2;208;102;1m██[38;2;255;173;40m██[38;2;159;136;126m██[38;2;79;90;104m██[38;2;93;132;142m██[38;2;79;90;104m████[38;2;93;132;142m██[38;2;79;90;104m████[38;2;78;89;103m████[38;2;208;102;1m██[38;2;255;173;40m██[38;2;82;87;98m██[38;2;140;147;156m██[38;2;66;65;66m████[38;2;78;89;107m██[38;2;0;0;0m██  ██[38;2;103;56;154m██[38;2;150;76;229m██[38;2;0;0;0m██  ██[38;2;93;132;142m██[38;2;0;0;0m██
██[38;2;90;134;144m██[38;2;66;65;66m██[38;2;189;211;222m██[38;2;79;89;106m██[38;2;208;102;1m██[38;2;255;173;40m██[38;2;159;136;126m██[38;2;79;90;104m██[38;2;93;132;142m██████[38;2;79;90;104m██[38;2;159;136;126m████[38;2;208;102;1m████[38;2;255;173;40m██[38;2;208;102;1m██[38;2;82;87;98m██[38;2;198;207;214m██[38;2;66;65;66m██[38;2;79;90;104m██[38;2;0;0;0m██      [38;2;8;4;16m██[38;2;150;76;229m██[38;2;0;0;0m██  ██[38;2;93;132;142m██[38;2;0;0;0m██
██[38;2;96;132;142m██[38;2;52;66;71m██[38;2;189;211;222m████[38;2;78;89;103m██[38;2;208;102;1m██[38;2;255;176;46m██[38;2;189;93;1m██[38;2;111;117;123m██[38;2;74;93;107m██[38;2;131;121;119m████[38;2;208;102;1m██[38;2;255;173;40m████[38;2;208;102;1m██[38;2;255;162;13m██[38;2;74;93;107m██[38;2;189;211;222m████[38;2;0;0;0m████        ██[38;2;78;89;107m██[38;2;0;0;0m██    ██  
██[38;2;96;132;142m██[38;2;8;0;0m██[38;2;66;65;66m██[38;2;189;211;222m██[38;2;78;89;103m████[38;2;99;93;99m██[38;2;189;93;1m██[38;2;74;93;107m██[38;2;148;142;140m██[38;2;131;121;119m██[38;2;208;102;1m██[38;2;255;173;40m██[38;2;208;102;1m██[38;2;255;173;40m████[38;2;74;93;107m██[38;2;173;231;239m██[38;2;189;211;222m██[38;2;0;0;0m██              ██[38;2;90;134;148m██[38;2;0;0;0m██      
  ██  ██[38;2;140;162;181m██[38;2;181;207;222m██[38;2;74;89;99m██[38;2;93;132;142m██[38;2;79;90;104m██[38;2;74;93;107m██[38;2;255;162;13m██[38;2;255;174;43m████[38;2;211;103;1m██[38;2;82;92;101m██[38;2;79;89;104m████[38;2;189;211;222m████[38;2;140;162;181m██[38;2;0;0;0m██              ██[38;2;93;132;142m██[38;2;0;0;0m██      
        ██[38;2;145;167;181m████[38;2;79;90;104m████[38;2;173;231;239m██[38;2;74;93;107m██[38;2;76;89;104m████[38;2;82;92;101m██[38;2;82;125;153m██[38;2;79;89;104m██[38;2;142;162;175m██[38;2;139;162;177m████[38;2;0;0;0m██                ██[38;2;93;132;142m██[38;2;0;0;0m██      
          ████[38;2;140;162;181m████[38;2;140;162;178m████████[38;2;79;89;104m████[38;2;140;162;181m████[38;2;0;0;0m████                  ██[38;2;90;134;148m██[38;2;0;0;0m██      
              ████[38;2;140;162;178m████████[38;2;142;162;175m████[38;2;0;0;0m████                        ██        
                  ████████████                                      
[0m