                                                                [38;2;7;7;7m████      
                                                            ████[38;2;143;139;129m██[38;2;7;7;7m██      
                                                          ██[38;2;98;97;81m██[38;2;143;139;129m██[38;2;7;7;7m██        
                  ██                                    ██[38;2;143;139;129m██████[38;2;7;7;7m██        
                ██[38;2;143;139;129m██[38;2;7;7;7m██                                ████[38;2;143;139;129m████████[38;2;7;7;7m██      
                ██[38;2;143;139;129m██[38;2;7;7;7m██        ██                    ██[38;2;143;139;129m██████████████[38;2;7;7;7m██    
      ██      ██[38;2;143;139;129m████[38;2;98;97;81m██[38;2;7;7;7m██    ██[38;2;143;139;129m██[38;2;7;7;7m██              ████[38;2;143;139;129m████████████████[38;2;98;97;81m██[38;2;7;7;7m██  
    ██[38;2;143;139;129m██[38;2;7;7;7m██  ████[38;2;143;139;129m██████[38;2;7;7;7m██    ██[38;2;143;139;129m██[38;2;7;7;7m██            ██[38;2;143;139;129m████████[38;2;98;97;81m████[38;2;143;139;129m██████████[38;2;7;7;7m██  
    ██[38;2;143;139;129m██[38;2;7;7;7m████[38;2;98;97;81m██[38;2;143;139;129m████████[38;2;7;7;7m██  ██[38;2;143;139;129m████[38;2;7;7;7m██          ██[38;2;98;97;81m██[38;2;143;139;129m██████████[38;2;66;66;66m████[38;2;98;97;81m██[38;2;143;139;129m██████[38;2;98;97;81m██[38;2;7;7;7m██
    ██[38;2;143;139;129m████████████████[38;2;98;97;81m██[38;2;7;7;7m██[38;2;98;97;81m██[38;2;143;139;129m████[38;2;98;97;81m██[38;2;7;7;7m██        ██[38;2;143;139;129m██████████[38;2;66;66;66m██[38;2;143;139;129m██[38;2;98;97;81m██[38;2;66;66;66m██[38;2;98;97;81m██[38;2;143;139;129m██[38;2;98;97;81m████[38;2;7;7;7m██
      ██[38;2;143;139;129m████████████[38;2;98;97;81m██████[38;2;143;139;129m██████[38;2;98;97;81m██[38;2;7;7;7m████  ████[38;2;143;139;129m██████████[38;2;66;66;66m██[38;2;143;139;129m████████[38;2;66;66;66m██[38;2;143;139;129m██[38;2;98;97;81m██[38;2;7;7;7m██  
  ████[38;2;143;139;129m████[38;2;212;157;63m██[38;2;143;139;129m████████████████████[38;2;98;97;81m██████[38;2;7;7;7m██[38;2;143;139;129m██[38;2;98;97;81m██[38;2;66;66;66m████[38;2;143;139;129m██████[38;2;66;66;66m██[38;2;143;139;129m████████[38;2;66;66;66m██[38;2;98;97;81m████[38;2;7;7;7m██  
██[38;2;173;126;45m██[38;2;66;66;66m██[38;2;143;139;129m██[38;2;98;97;81m██[38;2;212;157;63m██[38;2;173;126;45m██[38;2;143;139;129m████████████████[38;2;98;97;81m██████[38;2;66;66;66m██[38;2;98;97;81m██[38;2;143;139;129m██████[38;2;98;97;81m██[38;2;66;66;66m██[38;2;143;139;129m████[38;2;66;66;66m██[38;2;98;97;81m██[38;2;143;139;129m██[38;2;66;66;66m██[38;2;143;139;129m██[38;2;66;66;66m██[38;2;98;97;81m██[38;2;7;7;7m██    
  ██[38;2;173;126;45m██[38;2;66;66;66m██[38;2;212;157;63m████████[38;2;173;126;45m██[38;2;98;97;81m████[38;2;143;139;129m██████[38;2;66;66;66m████████[38;2;98;97;81m██[38;2;66;66;66m██[38;2;98;97;81m██[38;2;143;139;129m████████[38;2;98;97;81m██[38;2;143;139;129m████[38;2;66;66;66m████[38;2;143;139;129m██[38;2;98;97;81m██[38;2;66;66;66m██[38;2;7;7;7m██      
  ██[38;2;173;126;45m██[38;2;66;66;66m██[38;2;173;126;45m██[38;2;212;157;63m████[38;2;98;97;81m████[38;2;143;139;129m████[38;2;98;97;81m██[38;2;143;139;129m██[38;2;66;66;66m██[38;2;212;157;63m████████[38;2;66;66;66m██[38;2;98;97;81m██[38;2;66;66;66m████[38;2;143;139;129m██████████████[38;2;98;97;81m██[38;2;143;139;129m██[38;2;98;97;81m██[38;2;7;7;7m██        
    ██[38;2;143;139;129m████[38;2;212;157;63m██[38;2;98;97;81m██[38;2;143;139;129m██████████[38;2;66;66;66m██[38;2;212;157;63m██[38;2;98;97;81m██[38;2;143;139;129m██████[38;2;212;157;63m██[38;2;66;66;66m██[38;2;143;139;129m██[38;2;66;66;66m████[38;2;143;139;129m██████[38;2;98;97;81m██[38;2;143;139;129m██[38;2;98;97;81m██[38;2;143;139;129m██[38;2;98;97;81m████[38;2;7;7;7m██        
    ██[38;2;143;139;129m████[38;2;212;157;63m██[38;2;143;139;129m██████[38;2;66;66;66m████[38;2;173;126;45m██[38;2;212;157;63m██[38;2;98;97;81m██[38;2;143;139;129m██████[38;2;212;157;63m██[38;2;66;66;66m██[38;2;143;139;129m████[38;2;66;66;66m██[38;2;143;139;129m██████████[38;2;98;97;81m██[38;2;143;139;129m██[38;2;98;97;81m██████[38;2;7;7;7m██        
      ██[38;2;212;157;63m████[38;2;173;126;45m██[38;2;248;248;248m██[38;2;7;7;7m██[38;2;248;248;248m████[38;2;66;66;66m██[38;2;212;157;63m██████████[38;2;66;66;66m██[38;2;143;139;129m████████[38;2;66;66;66m██[38;2;143;139;129m████[38;2;98;97;81m████████████[38;2;7;7;7m██          
      ██[38;2;98;97;81m████[38;2;212;157;63m██[38;2;7;7;7m██[38;2;66;66;66m██[38;2;248;248;248m████[38;2;66;66;66m██[38;2;212;157;63m██[38;2;66;66;66m████████[38;2;143;139;129m██[38;2;98;97;81m██[38;2;143;139;129m████[38;2;98;97;81m██[38;2;66;66;66m████[38;2;98;97;81m██████████████[38;2;7;7;7m██          
    ██[38;2;143;139;129m██████[38;2;98;97;81m██[38;2;212;157;63m██████████[38;2;98;97;81m██[38;2;143;139;129m████[38;2;66;66;66m██[38;2;143;139;129m██████[38;2;98;97;81m██[38;2;143;139;129m██[38;2;66;66;66m██[38;2;212;157;63m████[38;2;66;66;66m██[38;2;98;97;81m██████████[38;2;7;7;7m██            
  ██[38;2;66;66;66m████[38;2;143;139;129m██████[38;2;98;97;81m██████████[38;2;143;139;129m████[38;2;66;66;66m██[38;2;98;97;81m██[38;2;143;139;129m████[38;2;98;97;81m██████[38;2;66;66;66m██[38;2;212;157;63m██████[38;2;66;66;66m██[38;2;98;97;81m██████[38;2;7;7;7m██    ██████    
  ██[38;2;143;139;129m████████████████████████[38;2;66;66;66m██[38;2;98;97;81m██████████[38;2;66;66;66m██[38;2;212;157;63m████████[38;2;82;90;106m██[38;2;66;66;66m██[38;2;98;97;81m██[38;2;66;66;66m████[38;2;7;7;7m████[38;2;143;139;129m██████[38;2;7;7;7m██  
    ██[38;2;143;139;129m████████[38;2;98;97;81m██[38;2;66;66;66m████[38;2;98;97;81m██[38;2;143;139;129m████████[38;2;66;66;66m██[38;2;98;97;81m████[38;2;66;66;66m████[38;2;82;90;106m████[38;2;212;157;63m████[38;2;82;90;106m████[38;2;173;126;45m██[38;2;66;66;66m████[38;2;143;139;129m██████[38;2;98;97;81m██[38;2;7;7;7m████    
      ██[38;2;66;66;66m██████[38;2;248;248;248m██[38;2;98;97;81m████[38;2;66;66;66m██[38;2;143;139;129m██████████[38;2;66;66;66m████[38;2;173;126;45m████[38;2;66;66;66m████[38;2;212;157;63m████[38;2;82;90;106m██[38;2;212;157;63m██[38;2;173;126;45m██[38;2;66;66;66m██[38;2;143;139;129m████[38;2;98;97;81m████[38;2;143;139;129m██[38;2;7;7;7m██      
        ██[38;2;98;97;81m██████████[38;2;143;139;129m██████████████████[38;2;173;126;45m████[38;2;143;139;129m██[38;2;66;66;66m██[38;2;212;157;63m████[38;2;173;126;45m██[38;2;82;90;106m██[38;2;66;66;66m██[38;2;143;139;129m██[38;2;98;97;81m██[38;2;143;139;129m██[38;2;98;97;81m██[38;2;7;7;7m██        
        ██[38;2;143;139;129m██[38;2;98;97;81m████[38;2;66;66;66m██[38;2;143;139;129m██████████████████[38;2;66;66;66m██[38;2;143;139;129m██[38;2;98;97;81m██[38;2;66;66;66m████[38;2;212;157;63m██[38;2;173;126;45m██[38;2;82;90;106m████[38;2;66;66;66m██[38;2;143;139;129m██[38;2;98;97;81m██[38;2;143;139;129m████[38;2;7;7;7m██        
      ██[38;2;66;66;66m██[38;2;143;139;129m██████[38;2;66;66;66m██[38;2;143;139;129m████████[38;2;66;66;66m██[38;2;143;139;129m████[38;2;212;157;63m████[38;2;143;139;129m██[38;2;66;66;66m██████[38;2;173;126;45m████[38;2;82;90;106m████[38;2;173;126;45m██[38;2;66;66;66m██[38;2;98;97;81m██[38;2;143;139;129m██[38;2;98;97;81m██[38;2;7;7;7m██          
  ████[38;2;143;139;129m██[38;2;66;66;66m██[38;2;98;97;81m██[38;2;143;139;129m██[38;2;212;157;63m██[38;2;143;139;129m██[38;2;66;66;66m██[38;2;143;139;129m██████[38;2;98;97;81m██[38;2;66;66;66m██[38;2;98;97;81m██[38;2;143;139;129m██[38;2;212;157;63m████[38;2;143;139;129m████[38;2;66;66;66m████[38;2;173;126;45m██████[38;2;82;90;106m██[38;2;66;66;66m██[38;2;98;97;81m████[38;2;7;7;7m██            
  ██[38;2;143;139;129m██████[38;2;66;66;66m██[38;2;173;126;45m██[38;2;212;157;63m██[38;2;143;139;129m██[38;2;98;97;81m██[38;2;66;66;66m████[38;2;212;157;63m██[38;2;98;97;81m████[38;2;66;66;66m██[38;2;98;97;81m████[38;2;173;126;45m██[38;2;212;157;63m██[38;2;98;97;81m██████[38;2;66;66;66m██[38;2;173;126;45m██[38;2;66;66;66m████[38;2;98;97;81m██████[38;2;7;7;7m██            
    ██████[38;2;66;66;66m██[38;2;212;157;63m████[38;2;143;139;129m██[38;2;98;97;81m████[38;2;66;66;66m██[38;2;212;157;63m██[38;2;173;126;45m██[38;2;98;97;81m████[38;2;66;66;66m████[38;2;98;97;81m██████[38;2;7;7;7m████[38;2;98;97;81m██[38;2;66;66;66m████[38;2;98;97;81m██████[38;2;7;7;7m██              
          ██[38;2;98;97;81m██[38;2;212;157;63m██[38;2;98;97;81m██[38;2;66;66;66m████[38;2;98;97;81m██[38;2;212;157;63m████[38;2;98;97;81m██[38;2;66;66;66m██[38;2;173;126;45m████[38;2;66;66;66m██████[38;2;7;7;7m██  ██[38;2;98;97;81m████████[38;2;7;7;7m██                
            ██[38;2;98;97;81m██[38;2;66;66;66m██[38;2;82;90;106m██[38;2;66;66;66m██[38;2;98;97;81m██[38;2;212;157;63m██[38;2;98;97;81m████[38;2;66;66;66m██[38;2;212;157;63m██[38;2;82;90;106m████[38;2;143;139;129m████[38;2;7;7;7m██    [38;2;66;66;66m████████[38;2;7;7;7m██                
            ██[38;2;98;97;81m██[38;2;66;66;66m██[38;2;173;126;45m████[38;2;66;66;66m██[38;2;98;97;81m████[38;2;66;66;66m██[38;2;82;90;106m██████[38;2;212;157;63m██[38;2;143;139;129m██[38;2;7;7;7m██      ██[38;2;173;126;45m████████[38;2;7;7;7m██              
          ██[38;2;173;126;45m██[38;2;66;66;66m██[38;2;173;126;45m██████[38;2;7;7;7m████[38;2;98;97;81m██[38;2;66;66;66m██[38;2;212;157;63m██[38;2;82;90;106m██[38;2;212;157;63m████[38;2;143;139;129m██[38;2;7;7;7m██    ██[38;2;108;79;28m██[38;2;173;126;45m██[38;2;108;79;28m██[38;2;173;126;45m████[38;2;7;7;7m██              
          ██[38;2;66;66;66m██[38;2;173;126;45m██████[38;2;7;7;7m██  ██[38;2;98;97;81m██[38;2;66;66;66m██[38;2;212;157;63m████████[38;2;7;7;7m██      ██[38;2;66;66;66m██[38;2;173;126;45m██[38;2;108;79;28m██[38;2;173;126;45m██[38;2;7;7;7m██                
            ████████      ██[38;2;212;157;63m██████████[38;2;7;7;7m██        ████████                  
                          ██[38;2;173;126;45m██[38;2;108;79;28m██[38;2;212;157;63m██[38;2;108;79;28m██[38;2;173;126;45m██[38;2;7;7;7m██                                  
                            ██[38;2;108;79;28m██[38;2;173;126;45m██[38;2;108;79;28m██[38;2;7;7;7m██                                    
                              ██████                                      
[0m