                          [38;2;0;0;0m██████                        
                      ████[38;2;243;230;122m████[38;2;0;0;0m██                        
                    ██[38;2;243;230;122m██████[38;2;0;0;0m██                          
    ██            ██[38;2;243;230;122m██████[38;2;115;115;99m██[38;2;0;0;0m██                          
  ██[38;2;182;172;87m██[38;2;0;0;0m██      ████[38;2;243;230;122m██[38;2;65;65;65m██[38;2;243;230;122m████[38;2;65;65;65m██[38;2;0;0;0m██                          
  ██[38;2;182;172;87m████[38;2;0;0;0m██████[38;2;243;230;122m████[38;2;65;65;65m██[38;2;243;230;122m██[38;2;0;0;0m██[38;2;182;172;87m██[38;2;65;65;65m██[38;2;0;0;0m██                          
  ██[38;2;182;172;87m██[38;2;115;115;99m██[38;2;243;230;122m████████[38;2;65;65;65m██[38;2;243;230;122m████[38;2;0;0;0m██[38;2;65;65;65m██[38;2;0;0;0m██                      ████  
    [38;2;65;65;65m██[38;2;243;230;122m██████████[38;2;65;65;65m██[38;2;243;230;122m████[38;2;0;0;0m██[38;2;65;65;65m██[38;2;0;0;0m██                  ████[38;2;243;230;122m████[38;2;0;0;0m██
  ████[38;2;243;230;122m████████[38;2;65;65;65m██[38;2;243;230;122m██████[38;2;0;0;0m████    ████    ████  ██[38;2;243;230;122m██████[38;2;0;0;0m██  
  ██[38;2;243;230;122m██████████████████[38;2;0;0;0m██    ██[38;2;106;171;154m██[38;2;255;255;255m██[38;2;0;0;0m████[38;2;255;255;255m██[38;2;0;0;0m██[38;2;65;65;65m██[38;2;243;230;122m████[38;2;182;172;87m██[38;2;0;0;0m██    
██[38;2;67;130;122m██[38;2;243;230;122m██████████████████[38;2;0;0;0m██      ██[38;2;67;130;122m██[38;2;255;255;255m██[38;2;106;171;154m██[38;2;67;130;122m██[38;2;65;65;65m██[38;2;243;230;122m████[38;2;182;172;87m██[38;2;65;65;65m██[38;2;0;0;0m██    
██[38;2;106;171;154m██[38;2;67;130;122m██[38;2;243;230;122m████████[38;2;254;138;221m██[38;2;65;65;65m██[38;2;243;230;122m████[38;2;65;65;65m██[38;2;0;0;0m████    ██[38;2;254;138;221m██[38;2;106;171;154m██[38;2;65;65;65m██[38;2;182;172;87m██████[38;2;65;65;65m██[38;2;0;0;0m██      
██[38;2;106;171;154m██[38;2;67;130;122m██[38;2;243;230;122m████[38;2;182;172;87m██[38;2;60;67;82m██[38;2;254;138;221m██[38;2;65;65;65m██[38;2;243;230;122m██[38;2;65;65;65m████[38;2;45;98;98m██[38;2;67;130;122m██[38;2;0;0;0m████[38;2;106;171;154m██████[38;2;65;65;65m██[38;2;182;172;87m████[38;2;65;65;65m████[38;2;0;0;0m██      
██[38;2;106;171;154m██[38;2;67;130;122m██[38;2;243;230;122m██[38;2;115;115;99m██[38;2;65;65;65m██[38;2;0;0;0m████[38;2;254;138;221m██[38;2;182;172;87m██[38;2;65;65;65m██[38;2;182;172;87m██[38;2;65;65;65m████[38;2;106;171;154m████[38;2;67;130;122m██[38;2;65;65;65m██[38;2;106;171;154m██[38;2;67;130;122m██[38;2;65;65;65m██████[38;2;0;0;0m██        
  ██████[38;2;65;65;65m██[38;2;0;0;0m████[38;2;65;65;65m██[38;2;182;172;87m████[38;2;65;65;65m██[38;2;243;230;122m████[38;2;45;98;98m██[38;2;65;65;65m██[38;2;67;130;122m██[38;2;65;65;65m██[38;2;182;172;87m██[38;2;65;65;65m██[38;2;106;171;154m██[38;2;65;65;65m██[38;2;182;172;87m██[38;2;0;0;0m██          
        ██[38;2;182;172;87m██[38;2;243;230;122m████[38;2;65;65;65m████[38;2;182;172;87m██[38;2;243;230;122m██████[38;2;65;65;65m██[38;2;106;171;154m██[38;2;65;65;65m██[38;2;182;172;87m██[38;2;65;65;65m██[38;2;255;255;255m██[38;2;65;65;65m██[38;2;182;172;87m██[38;2;65;65;65m██[38;2;0;0;0m██        
          ████[38;2;65;65;65m██[38;2;0;0;0m██[38;2;182;172;87m██[38;2;243;230;122m██████[38;2;115;115;99m██[38;2;67;130;122m██[38;2;106;171;154m████[38;2;65;65;65m██[38;2;67;130;122m██[38;2;106;171;154m██[38;2;65;65;65m██[38;2;182;172;87m██████[38;2;0;0;0m██      
            ██[38;2;182;172;87m██[38;2;243;230;122m██[38;2;182;172;87m██[38;2;243;230;122m████[38;2;115;115;99m██[38;2;106;171;154m████[38;2;65;65;65m██[38;2;106;171;154m██[38;2;65;65;65m██[38;2;106;171;154m██[38;2;67;130;122m██[38;2;65;65;65m██[38;2;115;115;99m██[38;2;182;172;87m██[38;2;0;0;0m██        
          ██[38;2;182;172;87m██[38;2;65;65;65m██[38;2;182;172;87m██[38;2;115;115;99m██[38;2;243;230;122m████[38;2;182;172;87m██[38;2;65;65;65m████[38;2;115;115;99m██[38;2;67;130;122m████[38;2;106;171;154m██[38;2;65;65;65m██[38;2;182;172;87m████[38;2;0;0;0m██          
        ██[38;2;182;172;87m██[38;2;65;65;65m██[38;2;115;115;99m████[38;2;65;65;65m██[38;2;243;230;122m██████[38;2;182;172;87m██[38;2;0;0;0m██[38;2;45;98;98m██[38;2;0;0;0m██[38;2;254;138;221m██[38;2;106;171;154m██[38;2;65;65;65m██[38;2;182;172;87m██[38;2;45;98;98m██[38;2;182;172;87m██[38;2;0;0;0m██        
        ██[38;2;115;115;99m██[38;2;65;65;65m██[38;2;115;115;99m████[38;2;65;65;65m██[38;2;182;172;87m██[38;2;243;230;122m██[38;2;65;65;65m██[38;2;0;0;0m██  ██[38;2;65;65;65m██[38;2;163;75;138m██[38;2;106;171;154m██[38;2;67;130;122m██[38;2;65;65;65m██[38;2;67;130;122m██[38;2;45;98;98m██[38;2;0;0;0m██        
          ██[38;2;67;130;122m██[38;2;65;65;65m████[38;2;243;230;122m██[38;2;115;115;99m████[38;2;243;230;122m██[38;2;0;0;0m██    ██[38;2;106;171;154m██[38;2;0;0;0m██[38;2;106;171;154m██[38;2;65;65;65m██[38;2;0;0;0m██[38;2;67;130;122m██[38;2;0;0;0m██        
          ██[38;2;67;130;122m██[38;2;0;0;0m████[38;2;67;130;122m██[38;2;243;230;122m██[38;2;182;172;87m██[38;2;0;0;0m██        ██  ████  ████        
            ██  ██[38;2;106;171;154m██[38;2;67;130;122m██[38;2;182;172;87m██[38;2;0;0;0m██                              
                  ██[38;2;106;171;154m██[38;2;0;0;0m██                                
                  ██[38;2;106;171;154m██[38;2;0;0;0m██                                
                    ██                                  
[0m