                          [38;2;0;0;0m██████                        
                      ████[38;2;243;230;122m████[38;2;0;0;0m██                        
                    ██[38;2;243;230;122m██████[38;2;0;0;0m██                          
    ██            ██[38;2;243;230;122m██████[38;2;115;115;99m██[38;2;0;0;0m██                          
  ██[38;2;182;172;87m██[38;2;0;0;0m██      ████[38;2;243;230;122m██[38;2;65;65;65m██[38;2;243;230;122m████[38;2;65;65;65m██[38;2;0;0;0m██                          
  ██[38;2;182;172;87m████[38;2;0;0;0m██████[38;2;243;230;122m████[38;2;65;65;65m██[38;2;243;230;122m██[38;2;0;0;0m██[38;2;182;172;87m██[38;2;65;65;65m██[38;2;0;0;0m██                          
  ██[38;2;182;172;87m██[38;2;115;115;99m██[38;2;243;230;122m████████[38;2;65;65;65m██[38;2;243;230;122m████[38;2;0;0;0m██[38;2;65;65;65m██[38;2;0;0;0m██                      ████  
    [38;2;65;65;65m██[38;2;243;230;122m██████████[38;2;65;65;65m██[38;2;243;230;122m████[38;2;0;0;0m██[38;2;65;65;65m██[38;2;0;0;0m██                  ████[38;2;243;230;122m████[38;2;0;0;0m██
  ████[38;2;243;230;122m████████[38;2;65;65;65m██[38;2;243;230;122m██████[38;2;0;0;0m████    ████    ████  ██[38;2;243;230;122m██████[38;2;0;0;0m██  
  ██[38;2;243;230;122m██████████████████[38;2;0;0;0m██    ██[38;2;122;136;138m██[38;2;243;230;122m██[38;2;0;0;0m████[38;2;243;230;122m██[38;2;0;0;0m██[38;2;65;65;65m██[38;2;243;230;122m████[38;2;182;172;87m██[38;2;0;0;0m██    
██[38;2;92;106;108m██[38;2;243;230;122m██████████████████[38;2;0;0;0m██      ██[38;2;92;106;108m██[38;2;243;230;122m██[38;2;122;136;138m██[38;2;92;106;108m██[38;2;65;65;65m██[38;2;243;230;122m████[38;2;182;172;87m██[38;2;65;65;65m██[38;2;0;0;0m██    
██[38;2;122;136;138m██[38;2;92;106;108m██[38;2;243;230;122m████████[38;2;247;105;87m██[38;2;65;65;65m██[38;2;243;230;122m████[38;2;65;65;65m██[38;2;0;0;0m████    ██[38;2;247;105;87m██[38;2;122;136;138m██[38;2;65;65;65m██[38;2;182;172;87m██████[38;2;65;65;65m██[38;2;0;0;0m██      
██[38;2;122;136;138m██[38;2;92;106;108m██[38;2;243;230;122m████[38;2;182;172;87m██[38;2;100;104;103m██[38;2;247;105;87m██[38;2;65;65;65m██[38;2;243;230;122m██[38;2;65;65;65m████[38;2;77;91;93m██[38;2;92;106;108m██[38;2;0;0;0m████[38;2;122;136;138m██████[38;2;65;65;65m██[38;2;182;172;87m████[38;2;65;65;65m████[38;2;0;0;0m██      
██[38;2;122;136;138m██[38;2;92;106;108m██[38;2;243;230;122m██[38;2;115;115;99m██[38;2;65;65;65m██[38;2;0;0;0m████[38;2;247;105;87m██[38;2;182;172;87m██[38;2;65;65;65m██[38;2;182;172;87m██[38;2;65;65;65m████[38;2;122;136;138m████[38;2;92;106;108m██[38;2;65;65;65m██[38;2;122;136;138m██[38;2;92;106;108m██[38;2;65;65;65m██████[38;2;0;0;0m██        
  ██████[38;2;65;65;65m██[38;2;0;0;0m████[38;2;65;65;65m██[38;2;182;172;87m████[38;2;65;65;65m██[38;2;243;230;122m████[38;2;77;91;93m██[38;2;65;65;65m██[38;2;92;106;108m██[38;2;65;65;65m██[38;2;182;172;87m██[38;2;65;65;65m██[38;2;122;136;138m██[38;2;65;65;65m██[38;2;182;172;87m██[38;2;0;0;0m██          
        ██[38;2;182;172;87m██[38;2;243;230;122m████[38;2;65;65;65m████[38;2;182;172;87m██[38;2;243;230;122m██████[38;2;65;65;65m██[38;2;122;136;138m██[38;2;65;65;65m██[38;2;182;172;87m██[38;2;65;65;65m██[38;2;243;230;122m██[38;2;65;65;65m██[38;2;182;172;87m██[38;2;65;65;65m██[38;2;0;0;0m██        
          ████[38;2;65;65;65m██[38;2;0;0;0m██[38;2;182;172;87m██[38;2;243;230;122m██████[38;2;115;115;99m██[38;2;92;106;108m██[38;2;122;136;138m████[38;2;65;65;65m██[38;2;92;106;108m██[38;2;122;136;138m██[38;2;65;65;65m██[38;2;182;172;87m██████[38;2;0;0;0m██      
            ██[38;2;182;172;87m██[38;2;243;230;122m██[38;2;182;172;87m██[38;2;243;230;122m████[38;2;115;115;99m██[38;2;122;136;138m████[38;2;65;65;65m██[38;2;122;136;138m██[38;2;65;65;65m██[38;2;122;136;138m██[38;2;92;106;108m██[38;2;65;65;65m██[38;2;115;115;99m██[38;2;182;172;87m██[38;2;0;0;0m██        
          ██[38;2;182;172;87m██[38;2;65;65;65m██[38;2;182;172;87m██[38;2;105;99;100m██[38;2;243;230;122m████[38;2;182;172;87m██[38;2;65;65;65m████[38;2;105;99;100m██[38;2;92;106;108m████[38;2;122;136;138m██[38;2;65;65;65m██[38;2;182;172;87m████[38;2;0;0;0m██          
        ██[38;2;182;172;87m██[38;2;65;65;65m██[38;2;105;99;100m████[38;2;65;65;65m██[38;2;243;230;122m██████[38;2;182;172;87m██[38;2;0;0;0m██[38;2;77;91;93m██[38;2;0;0;0m██[38;2;247;105;87m██[38;2;122;136;138m██[38;2;65;65;65m██[38;2;182;172;87m██[38;2;77;91;93m██[38;2;182;172;87m██[38;2;0;0;0m██        
        ██[38;2;105;99;100m██[38;2;65;65;65m██[38;2;105;99;100m████[38;2;65;65;65m██[38;2;182;172;87m██[38;2;243;230;122m██[38;2;65;65;65m██[38;2;0;0;0m██  ██[38;2;65;65;65m██[38;2;215;73;55m██[38;2;122;136;138m██[38;2;92;106;108m██[38;2;65;65;65m██[38;2;92;106;108m██[38;2;77;91;93m██[38;2;0;0;0m██        
          ██[38;2;92;106;108m██[38;2;65;65;65m████[38;2;243;230;122m██[38;2;115;115;99m████[38;2;243;230;122m██[38;2;0;0;0m██    ██[38;2;122;136;138m██[38;2;0;0;0m██[38;2;122;136;138m██[38;2;65;65;65m██[38;2;0;0;0m██[38;2;92;106;108m██[38;2;0;0;0m██        
          ██[38;2;92;106;108m██[38;2;0;0;0m████[38;2;92;106;108m██[38;2;243;230;122m██[38;2;182;172;87m██[38;2;0;0;0m██        ██  ████  ████        
            ██  ██[38;2;122;136;138m██[38;2;92;106;108m██[38;2;182;172;87m██[38;2;0;0;0m██                              
                  ██[38;2;122;136;138m██[38;2;0;0;0m██                                
                  ██[38;2;122;136;138m██[38;2;0;0;0m██                                
                    ██                                  
[0m