        [38;2;0;0;0m██                                                              
      ██[38;2;22;224;179m██[38;2;0;0;0m██                                                            
      ██[38;2;22;224;179m████[38;2;0;0;0m██                                                    ████  
        [38;2;24;13;0m██[38;2;24;226;186m██[38;2;138;163;169m██[38;2;0;0;0m██                                              ████[38;2;22;224;179m████[38;2;0;0;0m██
      ██[38;2;24;226;186m██[38;2;32;71;63m██[38;2;69;81;84m██[38;2;205;246;255m██[38;2;0;0;0m██                              ████      ████[38;2;22;224;179m████████[38;2;0;0;0m██
      ██[38;2;63;64;63m██[38;2;190;194;192m██[38;2;217;187;167m██[38;2;78;63;55m██[38;2;255;255;255m██[38;2;0;0;0m██  ██                      ██[38;2;64;65;65m██[38;2;255;255;255m██[38;2;64;65;65m████[38;2;24;13;0m██[38;2;24;226;186m██[38;2;23;223;183m████[38;2;22;224;179m████[38;2;0;0;0m██  
        ██[38;2;63;64;63m██[38;2;78;63;55m██[38;2;148;124;111m██[38;2;84;84;84m██[38;2;169;169;169m██[38;2;0;0;0m██[38;2;215;159;79m██[38;2;0;0;0m██                ████[38;2;255;255;255m██[38;2;64;65;65m██[38;2;255;255;255m██[38;2;64;65;65m██[38;2;191;191;191m██[38;2;32;71;63m██[38;2;24;226;186m██[38;2;23;223;183m████[38;2;0;0;0m████    
        ██[38;2;22;224;179m██[38;2;14;153;111m██[38;2;84;107;115m██[38;2;64;65;65m████[38;2;216;160;81m████[38;2;0;0;0m██              [38;2;8;4;0m██[38;2;255;205;131m██[38;2;64;65;65m██[38;2;235;136;92m██[38;2;194;110;72m██[38;2;76;64;55m██[38;2;150;82;29m██[38;2;98;85;92m██[38;2;23;223;183m████[38;2;17;154;138m██[38;2;0;8;0m██        
          [38;2;0;0;0m██[38;2;84;107;115m██[38;2;211;138;42m██[38;2;215;159;79m████[38;2;216;160;81m████[38;2;0;0;0m██              [38;2;8;4;0m██[38;2;172;137;86m██[38;2;64;65;65m██[38;2;235;136;92m██[38;2;254;134;82m██[38;2;194;110;72m██[38;2;98;85;92m██[38;2;14;201;178m██[38;2;23;223;183m██[38;2;19;166;127m██[38;2;24;226;186m████[38;2;0;0;0m██████  
            [38;2;26;2;1m██[38;2;34;51;60m██[38;2;64;65;65m████[38;2;216;163;87m██[38;2;0;8;3m██              [38;2;0;0;0m██[38;2;255;206;139m████[38;2;195;154;94m██[38;2;74;66;56m██[38;2;64;65;65m████[38;2;196;157;103m██[38;2;75;66;55m██[38;2;22;224;179m████[38;2;23;223;183m████[38;2;22;224;179m██████[38;2;0;0;0m██
        ████[38;2;17;104;149m██[38;2;23;152;218m██[38;2;21;143;207m██[38;2;21;121;169m██[38;2;71;56;34m██[38;2;0;8;3m██                [38;2;0;0;0m██[38;2;255;206;139m██[38;2;255;198;115m██[38;2;195;154;94m██[38;2;255;201;123m██[38;2;192;155;103m██[38;2;255;203;131m████[38;2;64;65;65m██[38;2;22;224;179m██[38;2;23;223;183m████[38;2;22;224;179m██[38;2;0;0;0m████  
      ██[38;2;40;185;255m████[38;2;36;182;255m██[38;2;15;102;154m██[38;2;21;142;212m████[38;2;15;105;155m██[38;2;21;142;212m██[38;2;0;0;0m██                ██[38;2;255;204;134m████[38;2;255;203;131m████[38;2;211;138;42m██[38;2;84;107;115m██[38;2;23;223;183m██[38;2;19;166;127m██[38;2;17;154;138m██[38;2;0;8;0m██[38;2;0;0;0m██      
    ██[38;2;36;182;255m██[38;2;21;142;212m██[38;2;40;185;255m██[38;2;36;182;255m██[38;2;15;102;154m██[38;2;64;65;65m████[38;2;21;142;212m██[38;2;15;105;155m██[38;2;21;142;212m██[38;2;0;0;0m██  ██  ██      ██[38;2;255;204;134m████[38;2;196;157;103m██[38;2;75;66;55m██[38;2;84;107;115m██[38;2;14;153;111m██[38;2;23;223;183m████[38;2;24;226;186m████[38;2;22;224;179m██[38;2;0;0;0m██    
  ██[38;2;16;108;160m██[38;2;39;182;255m██[38;2;41;184;255m██[38;2;23;146;210m██[38;2;55;82;96m██[38;2;255;255;255m██████[38;2;79;89;90m██[38;2;11;75;112m██[38;2;17;121;175m████[38;2;6;24;0m██[38;2;156;193;146m██[38;2;16;9;0m██[38;2;175;140;87m██[38;2;0;0;0m██  [38;2;16;9;0m██[38;2;255;207;131m██[38;2;255;204;134m████[38;2;84;107;115m██[38;2;14;153;111m██[38;2;23;223;183m████████[38;2;24;226;186m████[38;2;22;224;179m████[38;2;0;0;0m██  
  ██[38;2;24;147;211m██[38;2;16;108;160m██[38;2;23;146;210m██[38;2;16;108;160m██[38;2;255;255;255m██[38;2;55;82;96m██[38;2;255;255;255m████[38;2;79;89;90m██[38;2;237;124;75m██[38;2;235;136;92m██[38;2;17;121;175m██[38;2;105;131;105m██[38;2;58;69;66m██[38;2;175;140;87m██[38;2;255;207;131m██[38;2;215;159;79m██[38;2;0;0;0m██[38;2;175;140;87m████[38;2;255;204;134m████[38;2;211;138;42m██[38;2;84;107;115m██[38;2;23;223;183m████[38;2;19;166;127m████[38;2;17;154;138m██[38;2;0;8;0m██[38;2;0;0;0m████    
██[38;2;22;148;217m██[38;2;21;142;212m████[38;2;15;102;154m████[38;2;255;228;213m██[38;2;16;4;0m██[38;2;255;255;255m██[38;2;191;191;191m██[38;2;235;136;92m██[38;2;64;65;65m██[38;2;238;139;90m████[38;2;11;75;112m██[38;2;79;89;90m██[38;2;255;204;134m████[38;2;150;107;46m██[38;2;203;155;87m██[38;2;215;159;79m██████[38;2;64;65;65m████[38;2;19;169;127m██[38;2;20;170;141m██[38;2;19;213;182m██[38;2;23;223;183m████[38;2;0;0;0m██          
██[38;2;15;99;146m██[38;2;21;142;212m████[38;2;15;102;154m██[38;2;235;136;92m██[38;2;179;152;138m████[38;2;64;65;65m████[38;2;235;136;92m████[38;2;238;139;90m████[38;2;237;124;75m██[38;2;79;89;90m██[38;2;255;204;134m████[38;2;255;204;131m██[38;2;150;107;46m██[38;2;215;159;79m██[38;2;64;65;65m██[38;2;215;159;79m██[38;2;64;65;65m██[38;2;19;169;127m████[38;2;60;63;65m██[38;2;20;170;141m██[38;2;19;166;127m██[38;2;23;223;183m██[38;2;22;224;179m██[38;2;0;0;0m██        
██[38;2;16;108;157m██[38;2;18;75;101m██[38;2;21;115;154m██[38;2;243;131;104m██[38;2;64;74;66m██[38;2;64;65;65m████[38;2;196;99;83m██[38;2;64;65;65m██[38;2;219;124;68m████[38;2;204;110;62m████[38;2;64;65;65m██[38;2;255;206;139m██████[38;2;150;107;46m██[38;2;203;155;87m██[38;2;64;65;65m██[38;2;19;169;127m██[38;2;64;65;65m██[38;2;19;169;127m████████[38;2;64;65;65m████[38;2;0;0;0m██████        
  ██[38;2;8;2;0m████[38;2;64;74;66m██[38;2;184;105;90m██[38;2;181;99;114m████[38;2;64;65;65m██[38;2;196;99;83m██[38;2;0;0;0m██[38;2;219;124;68m██[38;2;204;110;62m████[38;2;64;65;65m██[38;2;255;206;139m██[38;2;147;106;49m██[38;2;255;206;139m██[38;2;255;204;131m██[38;2;150;107;46m██[38;2;64;65;65m██[38;2;19;169;127m████[38;2;64;65;65m████[38;2;19;169;127m██████[38;2;0;0;0m██              
        ██[38;2;64;65;65m██[38;2;189;190;189m██[38;2;63;63;63m██[38;2;202;109;60m██[38;2;0;0;0m██  ██[38;2;64;65;65m████[38;2;255;204;134m████[38;2;255;204;131m██[38;2;150;107;46m██[38;2;144;104;47m██[38;2;215;159;79m██[38;2;216;158;78m██[38;2;65;63;57m██[38;2;19;169;127m████[38;2;49;156;97m██[38;2;32;78;45m██[38;2;0;0;0m██████              
          ████████  ██[38;2;215;159;79m██[38;2;255;206;139m████[38;2;255;204;134m████[38;2;150;107;46m██[38;2;203;155;87m██[38;2;215;159;79m██[38;2;144;104;47m██[38;2;140;110;67m██[38;2;216;158;78m██[38;2;64;65;65m████[38;2;49;156;97m██[38;2;16;8;0m██                    
                    [38;2;0;0;0m██[38;2;215;159;79m██[38;2;152;106;40m██[38;2;255;204;131m██[38;2;135;110;73m██[38;2;255;201;123m██[38;2;215;159;79m████[38;2;147;106;49m██[38;2;255;206;139m████[38;2;147;106;49m██[38;2;216;159;79m████[38;2;0;0;0m██  ████                
                      ██[38;2;204;155;85m████[38;2;75;64;48m██[38;2;195;154;96m██[38;2;215;159;79m██[38;2;64;65;65m██[38;2;255;206;139m████████[38;2;150;107;46m██[38;2;216;159;79m██[38;2;215;159;79m██[38;2;0;0;0m██[38;2;215;159;79m████[38;2;0;0;0m██              
                    [38;2;8;2;0m██[38;2;81;62;54m██[38;2;64;65;65m████[38;2;12;82;123m██[38;2;73;84;87m██[38;2;64;65;65m██[38;2;235;136;92m██[38;2;60;63;65m██[38;2;255;200;131m██[38;2;64;65;65m████[38;2;255;201;123m██[38;2;135;110;73m██[38;2;216;159;79m████[38;2;215;159;79m██[38;2;0;0;0m██                
                  ██[38;2;228;184;166m██[38;2;154;123;111m██[38;2;64;65;65m██[38;2;15;102;154m██[38;2;73;84;87m██[38;2;212;99;50m██[38;2;235;136;92m██[38;2;64;65;65m██[38;2;196;155;103m██[38;2;60;63;65m██[38;2;21;142;212m████[38;2;75;64;48m██[38;2;195;154;96m██[38;2;216;159;79m██[38;2;150;107;46m██[38;2;215;159;79m████[38;2;0;0;0m██              
                  ██[38;2;63;63;63m██[38;2;189;190;189m██[38;2;201;111;69m██[38;2;99;58;39m██[38;2;78;63;55m██[38;2;148;124;111m██[38;2;255;251;246m██[38;2;103;87;80m██[38;2;255;246;238m██[38;2;114;51;23m██[38;2;21;142;212m██[38;2;64;65;65m██[38;2;215;159;79m████████[38;2;150;107;46m██[38;2;0;0;0m██                
                    ██[38;2;189;190;189m██[38;2;2;6;8m██[38;2;201;111;69m██[38;2;78;63;55m██[38;2;217;187;167m██[38;2;24;6;0m██[38;2;103;87;80m██[38;2;162;116;94m████[38;2;64;65;65m██[38;2;21;142;212m██[38;2;64;65;65m████[38;2;0;0;0m██[38;2;215;159;79m██[38;2;0;0;0m██                  
                      ██  ██[38;2;19;166;127m██[38;2;0;0;0m██  ██[38;2;201;111;69m████[38;2;58;65;57m██[38;2;20;135;202m██[38;2;45;74;50m██[38;2;26;166;131m██[38;2;17;154;138m██[38;2;0;8;0m██                    
                            [38;2;0;0;0m██      [38;2;2;6;8m██[38;2;99;58;39m██[38;2;20;114;164m████[38;2;45;74;50m██[38;2;24;13;0m██[38;2;24;226;186m████[38;2;0;0;0m██                  
                                  ██[38;2;204;110;62m████[38;2;87;61;50m████[38;2;17;158;132m████[38;2;0;0;0m████                    
                          ████  ██[38;2;202;109;60m██[38;2;204;110;62m████[38;2;178;114;84m██[38;2;0;12;16m██[38;2;0;8;0m██[38;2;25;235;174m██[38;2;22;224;179m██[38;2;0;0;0m██                    
                        ██[38;2;19;166;127m██[38;2;19;169;127m██[38;2;0;0;0m██[38;2;87;61;50m██[38;2;178;114;84m██[38;2;0;0;0m██████    ████                      
                          ██[38;2;19;169;127m████[38;2;87;61;50m██[38;2;0;12;16m██                                    
                      [38;2;0;0;0m████[38;2;22;224;179m██[38;2;23;224;166m██[38;2;23;178;152m██[38;2;20;170;141m████[38;2;0;0;0m██                                  
                    ██[38;2;22;224;179m████[38;2;0;0;0m██[38;2;60;63;65m██[38;2;23;224;166m██[38;2;60;63;65m██[38;2;19;213;182m██[38;2;0;0;0m██                                  
                      ████  ██[38;2;22;224;179m██[38;2;64;65;65m██[38;2;0;0;0m██                                    
                            ██[38;2;22;224;179m██[38;2;0;0;0m██                                      
                              ██                                        
[0m