              [38;2;0;0;0m████████████                                  
          ████[38;2;195;202;193m██[38;2;212;217;210m████[38;2;195;202;193m██[38;2;65;67;64m██[38;2;66;67;66m██[38;2;0;0;0m████                              
      ████[38;2;234;237;232m██████[38;2;195;202;193m██[38;2;234;237;232m██[38;2;66;65;66m██[38;2;112;119;110m████[38;2;66;65;66m██[38;2;150;157;147m██[38;2;16;8;0m██                            
    [38;2;0;0;0m██[38;2;195;202;193m██[38;2;234;237;232m██████████[38;2;195;202;193m██[38;2;66;65;66m██████[38;2;112;119;110m██[38;2;56;57;55m██[38;2;150;157;147m██[38;2;0;0;0m██                          
    ██[38;2;208;214;206m██[38;2;234;237;232m██████[38;2;195;202;193m████████████[38;2;66;65;66m██[38;2;112;119;110m██[38;2;66;65;66m██[38;2;150;157;147m██[38;2;0;0;0m██                        
  ██[38;2;208;214;206m████[38;2;234;237;232m████[38;2;195;202;193m██████████████[38;2;66;65;66m██[38;2;112;119;110m██[38;2;66;65;66m██[38;2;150;157;147m██[38;2;0;0;0m██                        
  ██[38;2;195;202;193m████████[38;2;100;88;114m████[38;2;66;65;66m████[38;2;195;202;193m████████[38;2;65;66;64m████[38;2;66;65;66m██[38;2;151;156;149m██[38;2;0;0;0m██                      
██[38;2;234;237;232m██[38;2;100;88;114m████████[38;2;234;237;232m██[38;2;100;88;114m██[38;2;255;255;255m████[38;2;66;65;66m██[38;2;195;202;193m██████[38;2;107;111;106m██[38;2;195;203;192m████[38;2;66;65;66m██[38;2;0;0;0m██                ████  
██[38;2;234;237;232m██████████[38;2;66;65;66m██[38;2;246;248;246m██[38;2;0;0;0m████[38;2;255;255;255m██[38;2;100;88;114m██[38;2;195;202;193m██[38;2;112;119;110m██[38;2;195;202;193m██[38;2;231;234;230m██[38;2;195;202;193m████[38;2;66;66;66m██[38;2;0;0;0m██            ██[38;2;62;79;93m██[38;2;0;0;0m██  
██[38;2;234;237;232m██████████[38;2;246;248;246m██[38;2;66;65;66m██[38;2;255;255;255m████[38;2;100;88;114m████[38;2;195;202;193m██[38;2;112;119;110m██[38;2;231;234;230m██[38;2;251;251;250m██[38;2;234;237;232m██[38;2;195;202;193m██[38;2;66;66;66m████[38;2;0;0;0m██        ██[38;2;62;79;93m██[38;2;0;0;0m██    
[38;2;3;4;3m██[38;2;230;233;227m██[38;2;94;82;108m██[38;2;229;233;227m██[38;2;234;237;232m████████[38;2;66;65;66m████[38;2;234;237;232m██[38;2;100;88;114m██[38;2;195;202;193m████████████[38;2;66;65;66m██[38;2;195;202;193m████[38;2;0;0;0m██    ██[38;2;62;79;93m████[38;2;0;0;0m██    
[38;2;3;4;3m██[38;2;117;105;129m██[38;2;195;164;224m██[38;2;94;82;108m██[38;2;100;88;114m██[38;2;234;237;232m████████████[38;2;100;88;114m██[38;2;195;202;193m██████████[38;2;149;156;146m██[38;2;66;65;66m██[38;2;195;202;193m██████[38;2;0;0;0m██  ██[38;2;62;79;93m████[38;2;0;0;0m██    
██[38;2;190;157;220m████████[38;2;100;88;114m██[38;2;234;237;232m████[38;2;229;233;227m██[38;2;94;82;108m██[38;2;100;88;114m██[38;2;195;202;193m██████████[38;2;195;203;192m██[38;2;151;157;149m██[38;2;66;65;66m████[38;2;195;202;193m██[38;2;149;156;146m██[38;2;150;157;147m██[38;2;16;8;0m██[38;2;62;79;93m████[38;2;72;89;103m██[38;2;62;62;61m██[38;2;0;0;0m████
██[38;2;190;157;220m██████████[38;2;100;88;114m████[38;2;94;82;108m██[38;2;195;164;224m██[38;2;100;88;114m██[38;2;195;202;193m██████████[38;2;195;203;192m██[38;2;64;66;64m██[38;2;150;157;147m██[38;2;66;65;66m██[38;2;149;156;146m████[38;2;150;157;147m██[38;2;56;57;55m██[38;2;66;64;65m████[38;2;62;62;61m██[38;2;126;135;119m██[38;2;130;139;124m██[38;2;0;0;0m██
██[38;2;190;157;220m██████████████████[38;2;100;88;114m██[38;2;195;202;193m██████████[38;2;150;157;147m██[38;2;66;65;66m██[38;2;149;156;146m████[38;2;66;65;66m██[38;2;150;157;147m██[38;2;66;66;66m████[38;2;130;139;124m████████[38;2;0;0;0m██  
██[38;2;190;157;220m████████████████[38;2;100;88;114m██[38;2;195;202;193m████████████[38;2;150;157;147m██[38;2;66;65;66m██[38;2;195;202;193m████[38;2;66;65;66m████[38;2;130;139;124m██████████[38;2;0;0;0m██    
██[38;2;188;154;219m██[38;2;190;157;220m████████████[38;2;188;154;219m██[38;2;100;88;114m██[38;2;195;202;193m██████████[38;2;149;156;146m██[38;2;66;65;66m████[38;2;195;202;193m████[38;2;208;214;206m██[38;2;66;65;66m██[38;2;130;139;124m████████[38;2;0;0;0m██      
██[38;2;110;98;123m██[38;2;190;157;220m████████████[38;2;100;88;114m██[38;2;195;202;193m████████████[38;2;149;156;146m██[38;2;66;65;66m██[38;2;195;202;193m██████[38;2;208;214;206m████[38;2;66;66;66m████████[38;2;0;0;0m██      
██[38;2;195;202;193m██[38;2;100;88;114m██[38;2;188;154;219m██[38;2;190;157;220m████[38;2;100;88;114m████[38;2;195;202;193m████████████[38;2;195;203;192m██[38;2;66;65;66m██[38;2;159;160;159m██[38;2;69;71;69m██[38;2;66;65;74m██[38;2;187;188;187m██[38;2;195;202;193m████[38;2;66;64;65m██[38;2;62;79;93m██████[38;2;133;150;164m██[38;2;0;0;8m██    
[38;2;0;0;0m██[38;2;195;202;193m████[38;2;100;88;114m██████[38;2;195;202;193m██████████[38;2;112;119;110m██[38;2;195;202;193m████[38;2;151;156;149m██[38;2;66;65;66m██[38;2;69;71;69m██[38;2;251;251;250m██[38;2;247;248;246m██[38;2;66;65;74m██[38;2;195;202;193m██[38;2;66;65;66m██[38;2;66;64;65m██[38;2;62;79;93m██[38;2;120;137;151m██[38;2;62;79;93m██[38;2;133;150;164m██[38;2;206;223;237m██[38;2;0;0;0m██  
  ██[38;2;195;202;193m████████████████████[38;2;112;119;110m██[38;2;195;202;193m██[38;2;59;60;59m██[38;2;171;174;170m██[38;2;66;65;66m██[38;2;255;255;255m██[38;2;150;157;147m██[38;2;255;255;255m██[38;2;64;67;63m██[38;2;145;148;143m██[38;2;66;67;66m██[38;2;0;0;0m██[38;2;57;74;88m██[38;2;125;142;156m██[38;2;220;237;251m████[38;2;0;0;0m██  
  ██[38;2;195;202;193m████████[38;2;112;119;110m██[38;2;195;202;193m████████████[38;2;112;119;110m██[38;2;59;60;59m██[38;2;8;4;0m██[38;2;66;65;66m██[38;2;255;255;255m██[38;2;150;157;147m██[38;2;255;255;255m██[38;2;145;148;143m██[38;2;226;229;223m██[38;2;0;0;0m██  [38;2;0;4;0m████[38;2;0;0;0m████    
  ██[38;2;186;195;184m██[38;2;123;129;122m██[38;2;195;202;193m████[38;2;112;119;110m██[38;2;195;202;193m████████████[38;2;0;0;0m████  ██[38;2;242;244;241m██[38;2;150;157;147m██[38;2;255;255;255m██[38;2;150;157;147m██[38;2;234;237;232m██[38;2;0;0;0m██              
    ██[38;2;123;129;122m██[38;2;195;202;193m██████[38;2;112;119;110m██[38;2;195;202;193m████████[38;2;0;0;0m██      ██[38;2;162;163;161m██[38;2;255;255;255m████[38;2;150;157;147m██[38;2;234;237;232m██[38;2;0;0;0m██              
    ██[38;2;195;202;193m██[38;2;112;119;110m██[38;2;195;202;193m██████[38;2;127;132;125m██[38;2;190;198;188m██[38;2;195;202;193m██[38;2;0;0;0m██        ██[38;2;255;255;255m██████[38;2;150;157;147m██[38;2;0;0;0m██                
      ██[38;2;112;119;110m██[38;2;195;202;193m██████[38;2;190;198;188m██[38;2;0;0;0m████            ██[38;2;255;255;255m████[38;2;0;0;0m██                  
        ██[38;2;195;202;193m██████[38;2;0;0;0m██                  ████                    
          ██████                                            
[0m