  [38;2;0;0;0m████                                                          
██[38;2;194;78;107m████[38;2;0;0;0m████                                                      
██[38;2;139;123;123m██[38;2;246;255;255m██[38;2;194;78;107m████[38;2;0;0;0m██  ██████████                                        
  [38;2;24;7;2m██[38;2;246;255;255m██[38;2;255;255;255m██[38;2;194;78;107m██[38;2;65;64;65m██[38;2;0;0;0m██[38;2;138;120;126m████[38;2;104;91;93m████[38;2;65;64;65m██[38;2;0;0;0m████                                    
  ██[38;2;194;78;107m██[38;2;255;255;255m██[38;2;65;64;65m██[38;2;135;123;126m██[38;2;236;94;103m██[38;2;139;123;125m██[38;2;102;93;94m██[38;2;104;91;93m████[38;2;104;93;93m██[38;2;65;64;65m██[38;2;201;101;129m██[38;2;16;8;1m██[38;2;0;0;0m██████████                        
    ██[38;2;65;64;65m██[38;2;128;128;128m██[38;2;236;94;103m██[38;2;135;123;126m██[38;2;102;93;94m████[38;2;104;91;93m██[38;2;236;94;103m██[38;2;104;93;93m██[38;2;65;64;65m██[38;2;66;44;51m██[38;2;201;101;129m██[38;2;201;116;147m██████████[38;2;0;0;0m██                      
      [38;2;16;5;1m██[38;2;132;98;109m██[38;2;236;94;103m██[38;2;106;105;106m██[38;2;104;91;93m██[38;2;236;94;103m██████[38;2;104;90;95m██[38;2;75;65;57m██[38;2;204;119;148m████[38;2;8;4;0m██[38;2;255;255;255m██████[38;2;194;78;107m██[38;2;0;0;0m██                      
    ██[38;2;199;140;161m██[38;2;65;57;58m██[38;2;106;105;106m████[38;2;236;94;103m██████[38;2;104;91;93m██[38;2;75;65;57m██[38;2;200;124;149m██[38;2;204;119;148m██[38;2;255;255;255m██[38;2;90;86;83m██[38;2;255;255;255m████[38;2;194;78;107m██[38;2;0;0;0m██                        
    ██[38;2;200;123;153m██[38;2;66;45;59m██[38;2;104;93;93m████[38;2;104;90;95m██[38;2;75;65;57m██[38;2;65;64;65m████[38;2;204;118;149m██[38;2;194;78;107m██[38;2;255;255;255m████████[38;2;194;78;107m██[38;2;0;0;0m██                          
      [38;2;8;4;0m██[38;2;200;123;153m██[38;2;65;64;65m████[38;2;75;65;57m██[38;2;200;124;149m██[38;2;201;116;147m████[38;2;204;118;149m████[38;2;194;78;107m████[38;2;65;64;65m████[38;2;0;0;0m██                            
        ██[38;2;200;123;153m████[38;2;201;116;147m████████[38;2;251;233;125m████[38;2;252;234;117m██[38;2;65;64;65m██[38;2;194;78;107m██[38;2;0;0;0m██                              
          [38;2;8;4;0m██[38;2;66;45;59m██[38;2;251;233;125m██████████[38;2;65;64;65m████[38;2;190;178;100m██[38;2;194;78;107m████[38;2;0;0;0m██████                        
        ██[38;2;162;133;127m██[38;2;240;199;190m██[38;2;65;64;65m████████[38;2;75;58;61m██[38;2;164;97;118m██[38;2;65;64;65m██[38;2;190;178;100m██[38;2;196;80;107m██[38;2;65;64;65m██[38;2;255;255;255m████[38;2;236;103;112m██[38;2;0;8;8m██          [38;2;0;0;0m██          
          [38;2;8;1;1m██[38;2;85;67;64m██[38;2;65;64;65m██[38;2;251;233;125m██[38;2;65;64;65m██[38;2;201;116;147m██[38;2;209;118;147m████[38;2;65;64;65m██[38;2;252;234;117m██[38;2;196;80;107m██[38;2;65;64;65m██████[38;2;78;38;42m██[38;2;0;8;8m██        [38;2;0;0;0m██[38;2;102;93;94m██[38;2;0;0;0m██  ██    
        ██[38;2;162;133;127m██[38;2;240;199;190m██[38;2;65;64;65m██[38;2;251;233;125m██[38;2;75;58;61m██[38;2;164;97;118m██[38;2;196;80;108m████[38;2;170;95;116m██[38;2;74;67;64m██[38;2;251;233;125m██[38;2;194;78;107m██[38;2;65;64;65m██[38;2;255;255;255m██[38;2;255;247;247m██[38;2;146;121;121m██[38;2;0;0;0m██      ██[38;2;104;91;93m██[38;2;65;52;56m██[38;2;16;5;1m██[38;2;200;123;153m██[38;2;8;4;0m██  
          [38;2;8;1;1m██[38;2;85;67;64m██[38;2;251;233;125m██[38;2;65;64;65m██[38;2;209;118;147m████[38;2;201;116;147m████[38;2;218;109;143m██[38;2;74;67;64m██[38;2;251;233;125m██[38;2;194;78;107m██[38;2;65;64;65m████[38;2;91;57;58m████[38;2;0;0;0m██      ██[38;2;104;91;93m██[38;2;65;52;56m██[38;2;200;123;153m██[38;2;66;45;59m██[38;2;8;4;0m██  
        [38;2;0;0;0m██[38;2;65;64;65m████[38;2;91;58;61m██[38;2;232;237;152m██[38;2;91;58;61m██[38;2;128;116;119m████[38;2;91;58;61m██[38;2;65;64;65m██[38;2;251;233;125m██[38;2;242;231;134m██[38;2;129;112;116m██[38;2;196;80;107m██[38;2;65;64;65m██[38;2;255;255;255m████[38;2;236;94;103m██[38;2;0;0;0m██    ██[38;2;201;116;147m██[38;2;200;124;149m██[38;2;75;65;57m██[38;2;104;91;93m████[38;2;0;0;0m██
    ████[38;2;201;116;147m████[38;2;65;64;65m██[38;2;128;116;119m██[38;2;91;58;61m██[38;2;232;237;152m██[38;2;91;58;61m████[38;2;232;237;152m██[38;2;65;64;65m████[38;2;242;231;134m██[38;2;118;43;53m██[38;2;65;64;65m████████[38;2;0;0;0m██    ██[38;2;201;116;147m████[38;2;75;65;57m██[38;2;104;90;95m██[38;2;0;0;0m████  
  [38;2;8;1;1m██[38;2;200;132;156m██[38;2;201;116;147m██████[38;2;65;64;65m██[38;2;128;116;119m██[38;2;91;58;61m██[38;2;251;233;125m██[38;2;65;64;65m██[38;2;251;233;125m██[38;2;65;64;65m██[38;2;196;80;107m████[38;2;65;64;65m██[38;2;201;116;147m████[38;2;65;64;65m██[38;2;193;171;85m████[38;2;64;61;40m██[38;2;16;1;1m██[38;2;8;1;1m██[38;2;194;86;108m██[38;2;196;80;108m██[38;2;201;116;147m████[38;2;0;0;0m██      
  [38;2;8;1;1m██[38;2;99;69;78m██[38;2;104;93;93m████[38;2;65;64;65m██[38;2;128;116;119m██[38;2;91;58;61m██[38;2;232;237;152m██[38;2;251;233;125m██[38;2;65;64;65m██[38;2;251;233;125m██[38;2;65;64;65m██[38;2;196;80;107m██[38;2;65;64;65m██[38;2;201;116;147m████████[38;2;74;68;59m██[38;2;107;97;77m██[38;2;193;176;85m████[38;2;96;46;53m██[38;2;194;86;108m██[38;2;196;80;108m████[38;2;0;0;0m██        
██[38;2;201;116;147m████████[38;2;0;0;0m██[38;2;65;64;65m██[38;2;196;174;82m████[38;2;232;237;152m██[38;2;91;58;61m██[38;2;252;230;109m██[38;2;190;174;90m██[38;2;65;64;65m████[38;2;204;119;148m████████[38;2;65;64;65m████[38;2;104;93;93m████[38;2;186;170;100m██[38;2;65;60;51m██[38;2;194;78;107m██[38;2;0;0;0m██          
██[38;2;104;93;93m████[38;2;0;0;0m████  ██[38;2;65;64;65m██[38;2;196;174;82m██[38;2;91;58;61m██[38;2;128;116;119m██[38;2;65;64;56m██[38;2;190;174;90m██[38;2;196;174;82m██[38;2;65;64;65m██[38;2;106;93;90m██[38;2;204;119;148m████[38;2;106;93;90m██[38;2;65;64;65m██[38;2;201;116;147m██[38;2;65;64;65m██[38;2;104;93;93m██[38;2;121;110;82m██[38;2;252;229;117m██[38;2;0;0;0m██            
██[38;2;102;93;94m██[38;2;0;0;0m██    [38;2;8;4;0m██[38;2;200;123;153m██[38;2;201;116;147m██[38;2;65;64;65m██[38;2;196;174;82m██[38;2;65;64;65m██[38;2;196;80;107m██[38;2;65;64;65m██████[38;2;200;124;149m██[38;2;104;90;92m██[38;2;104;93;93m██[38;2;201;116;147m██[38;2;65;64;65m██[38;2;201;116;147m████[38;2;65;64;65m██[38;2;104;93;93m████[38;2;242;224;134m██[38;2;8;3;1m██          
  [38;2;0;0;0m██    ██[38;2;200;123;153m██[38;2;66;45;59m██[38;2;65;64;65m██[38;2;201;116;147m██[38;2;65;64;65m██[38;2;196;174;82m██[38;2;65;64;65m████[38;2;196;174;82m██[38;2;65;64;65m██[38;2;75;61;58m██[38;2;200;124;149m██[38;2;201;116;147m██[38;2;104;93;93m██[38;2;65;64;65m████[38;2;201;116;147m██[38;2;65;64;65m██[38;2;104;93;93m████[38;2;121;112;72m██[38;2;8;3;1m██          
        [38;2;0;0;0m██[38;2;96;46;53m██[38;2;194;86;108m██[38;2;65;64;65m████[38;2;196;80;107m██[38;2;65;64;65m██[38;2;193;171;85m████[38;2;65;64;65m██[38;2;196;80;107m██[38;2;170;95;116m██[38;2;74;67;64m██[38;2;104;93;93m████[38;2;65;64;65m██████[38;2;196;80;107m██[38;2;65;64;65m██[38;2;0;0;0m██[38;2;121;112;72m██[38;2;242;224;134m██[38;2;0;0;0m██        
          [38;2;8;1;1m██[38;2;194;86;108m██[38;2;196;80;107m████████[38;2;0;0;0m████[38;2;196;80;107m████[38;2;74;67;64m██[38;2;218;109;143m██[38;2;65;64;65m██[38;2;104;93;93m██[38;2;65;64;65m████[38;2;196;80;107m████[38;2;0;0;0m██  [38;2;8;3;1m████[38;2;0;0;0m██        
        ██[38;2;213;210;213m██[38;2;71;70;71m██[38;2;154;126;132m██[38;2;76;63;65m██[38;2;87;54;57m██[38;2;176;93;113m██[38;2;0;0;0m██  ██████[38;2;194;78;107m██[38;2;196;80;107m██[38;2;65;64;65m██[38;2;196;80;107m████[38;2;176;93;113m██[38;2;87;54;57m██[38;2;0;0;0m██                
          ██████[38;2;232;191;198m██[38;2;87;54;57m██[38;2;16;1;1m██          [38;2;0;0;0m██[38;2;65;64;65m██[38;2;196;80;107m████[38;2;65;64;65m██[38;2;87;54;57m██[38;2;16;1;1m██                  
                [38;2;0;0;0m████            ██[38;2;255;255;255m██[38;2;0;0;0m████[38;2;255;255;255m████[38;2;0;0;0m██                  
                                  ██    ████                    
[0m