        [38;2;0;0;0m████████                
      ██[38;2;134;125;112m██[38;2;255;255;255m██[38;2;207;199;179m████[38;2;0;0;0m██    ████      
    ██[38;2;255;255;255m████[38;2;207;199;179m████████[38;2;0;0;0m████[38;2;255;255;255m████[38;2;0;0;0m██    
  ██[38;2;255;255;255m████[38;2;207;199;179m████[38;2;65;65;65m████[38;2;207;199;179m██[38;2;65;65;65m██[38;2;134;125;112m██[38;2;255;255;255m██[38;2;207;199;179m██[38;2;0;0;0m██    
  ██[38;2;255;255;255m██[38;2;207;199;179m██████[38;2;65;65;65m████[38;2;207;199;179m████[38;2;65;65;65m██[38;2;207;199;179m██████[38;2;0;0;0m██  
██[38;2;134;125;112m██[38;2;255;255;255m██[38;2;207;199;179m████[38;2;134;125;112m████[38;2;207;199;179m██████[38;2;65;65;65m██[38;2;207;199;179m██[38;2;65;65;65m████[38;2;207;199;179m██[38;2;0;0;0m██
██[38;2;255;255;255m██[38;2;207;199;179m████[38;2;134;125;112m██[38;2;255;135;131m██[38;2;134;125;112m████[38;2;207;199;179m████[38;2;65;65;65m██[38;2;207;199;179m██[38;2;65;65;65m████[38;2;207;199;179m██[38;2;0;0;0m██
██[38;2;255;255;255m██[38;2;207;199;179m████[38;2;206;86;82m██[38;2;0;0;0m██[38;2;255;135;131m██[38;2;65;65;65m██[38;2;207;199;179m████[38;2;65;65;65m██[38;2;207;199;179m██████[38;2;65;65;65m██[38;2;0;0;0m██
██[38;2;207;199;179m██████[38;2;206;86;82m██[38;2;65;65;65m██[38;2;255;135;131m██[38;2;65;65;65m██[38;2;207;199;179m██[38;2;65;65;65m████[38;2;90;139;130m████[38;2;49;98;89m██[38;2;0;0;0m██  
  ██[38;2;207;199;179m██[38;2;134;125;112m██[38;2;207;199;179m██[38;2;206;86;82m██[38;2;134;125;112m██[38;2;207;199;179m██[38;2;65;65;65m████[38;2;90;139;130m██[38;2;49;98;89m██[38;2;0;0;0m██[38;2;207;199;179m██[38;2;0;0;0m██  
    ██[38;2;207;199;179m██████[38;2;0;0;0m██████[38;2;65;65;65m██[38;2;207;199;179m██[38;2;0;0;0m██  ████  
      ██████      ████          
[0m