                                        [38;2;0;0;0m████████                      
                                    ████[38;2;29;164;240m██████[38;2;0;0;0m██                      
                                [38;2;3;4;0m████[38;2;71;191;250m████[38;2;29;164;240m████[38;2;0;0;0m██                        
                              ██[38;2;34;172;245m██[38;2;13;92;133m██[38;2;71;191;250m██[38;2;29;164;240m████[38;2;80;77;74m████[38;2;0;0;0m██                      
                            ██[38;2;72;192;251m██[38;2;80;77;74m██[38;2;72;192;251m██[38;2;29;164;240m████[38;2;80;77;74m██[38;2;76;196;252m██[38;2;29;164;240m████[38;2;0;0;0m██                    
                            ██[38;2;72;192;251m██[38;2;80;77;74m██[38;2;72;192;251m██[38;2;29;164;240m██[38;2;80;77;74m██[38;2;76;196;252m██[38;2;32;173;246m██[38;2;29;164;240m██[38;2;0;0;0m██                      
                          ██[38;2;52;51;49m██[38;2;37;173;245m██[38;2;29;164;240m████[38;2;80;77;74m██[38;2;76;196;252m██[38;2;29;164;240m████[38;2;0;0;0m██  ████                  
                          ██[38;2;217;244;252m██[38;2;51;53;47m██[38;2;29;164;240m██[38;2;80;77;74m██[38;2;76;196;252m██[38;2;32;173;246m██[38;2;29;164;240m██[38;2;48;48;49m████[38;2;0;0;0m██[38;2;217;244;252m██[38;2;0;0;0m██                  
                          ██[38;2;73;202;248m██[38;2;63;57;65m██[38;2;48;48;50m██[38;2;14;160;240m██[38;2;37;173;245m██[38;2;52;51;49m██[38;2;48;48;49m██[38;2;177;182;184m██[38;2;217;244;252m██████[38;2;0;0;0m██                  
                          ██[38;2;217;244;252m██[38;2;69;53;60m██[38;2;77;194;251m██[38;2;48;48;50m██[38;2;52;51;49m██[38;2;217;244;252m██████████[38;2;0;0;0m██                    
                  ████      ██[38;2;29;164;240m██████[38;2;63;57;65m██[38;2;73;202;248m████[38;2;217;244;252m██[38;2;177;182;184m██[38;2;0;0;0m██                      
                ██[38;2;101;215;255m████[38;2;0;0;0m██    ██[38;2;29;164;240m██[38;2;80;77;74m████[38;2;63;57;65m██[38;2;217;244;252m████[38;2;177;182;184m██[38;2;51;50;49m██[38;2;0;0;0m██                      
              ██[38;2;101;215;255m██████[38;2;0;0;0m██      ██[38;2;37;173;245m██[38;2;52;51;49m██[38;2;195;242;255m██[38;2;64;61;57m██[38;2;48;48;49m████[38;2;101;215;255m██[38;2;0;0;0m██                      
              ██[38;2;101;215;255m██████[38;2;0;0;0m██    ██[38;2;80;77;74m██[38;2;55;51;45m██[38;2;195;242;255m██[38;2;72;60;48m██[38;2;105;216;255m██[38;2;101;215;255m██████[38;2;0;0;0m██                      
            ██[38;2;101;215;255m████████[38;2;0;0;0m██  ██[38;2;101;215;255m██████[38;2;80;77;74m████[38;2;101;215;255m██████████[38;2;0;0;0m██                    
            ██[38;2;101;215;255m██████████[38;2;0;0;0m██[38;2;101;215;255m████████[38;2;80;77;74m██[38;2;195;242;255m██[38;2;80;77;74m██[38;2;101;215;255m████[38;2;24;164;232m██[38;2;101;215;255m██[38;2;0;0;0m██                    
          ██[38;2;101;215;255m████████████[38;2;46;47;49m██[38;2;101;215;255m██████████[38;2;80;77;74m██[38;2;195;242;255m██[38;2;46;47;49m████[38;2;101;215;255m██████[38;2;0;0;0m██                  
          ██[38;2;101;215;255m██████████████[38;2;46;47;49m██[38;2;101;215;255m██████[38;2;46;47;49m██████[38;2;101;215;255m██████████[38;2;10;75;108m██[38;2;0;0;0m████              
        ██[38;2;101;215;255m██████████████████[38;2;46;47;49m██████[38;2;101;215;255m████████████████[38;2;46;47;49m██[38;2;5;121;188m████[38;2;0;0;0m████          
        ██[38;2;101;215;255m████████[38;2;24;164;232m██[38;2;195;242;255m██[38;2;101;215;255m████████████████████████████[38;2;46;47;49m██[38;2;5;121;188m████[38;2;5;121;187m████[38;2;0;0;0m████      
        ██[38;2;101;215;255m██[38;2;16;152;224m██[38;2;88;198;251m██[38;2;224;247;255m██[38;2;80;77;74m██[38;2;217;246;255m██[38;2;41;175;226m██[38;2;101;215;255m██████████████████████[38;2;34;170;229m██[38;2;101;215;255m██[38;2;10;75;108m██[38;2;0;0;0m██[38;2;5;121;187m██[38;2;5;121;188m████████[38;2;0;0;0m██    
      ██[38;2;101;215;255m████[38;2;16;152;224m██[38;2;185;240;255m██[38;2;224;247;255m██[38;2;80;77;74m██[38;2;217;246;255m██[38;2;20;106;132m██[38;2;195;242;255m██[38;2;101;215;255m████████████████████[38;2;80;77;74m██[38;2;101;215;255m██[38;2;0;0;0m██  ██[38;2;5;121;188m████[38;2;29;164;240m██[38;2;5;121;188m██[38;2;29;164;240m██[38;2;0;0;0m██  
      ██[38;2;101;215;255m████[38;2;80;77;74m██[38;2;255;255;255m██[38;2;80;77;74m██[38;2;255;255;255m████[38;2;80;77;74m██[38;2;250;253;255m██[38;2;42;174;221m██[38;2;92;201;252m████[38;2;101;215;255m████████[38;2;92;201;252m████[38;2;224;247;255m██[38;2;80;77;74m██[38;2;24;167;237m██[38;2;0;0;0m██    ██[38;2;29;164;240m██[38;2;5;121;188m██[38;2;29;164;240m██[38;2;5;123;187m██[38;2;0;0;0m██  
      ██[38;2;101;215;255m████[38;2;80;77;74m██[38;2;255;255;255m██[38;2;80;77;74m██[38;2;255;255;255m████[38;2;80;77;74m██[38;2;250;253;255m██[38;2;20;106;132m██[38;2;185;240;255m██[38;2;15;167;244m██[38;2;101;215;255m██████[38;2;195;242;255m██[38;2;15;167;244m██[38;2;185;240;255m██[38;2;224;247;255m██[38;2;80;77;74m██[38;2;24;167;237m██[38;2;0;0;0m██    ██[38;2;29;164;240m██[38;2;5;121;188m██[38;2;29;164;240m██[38;2;5;123;187m██[38;2;45;177;246m██[38;2;0;0;0m██
    ██[38;2;101;215;255m████[38;2;80;77;74m██[38;2;255;255;255m████[38;2;0;0;0m██[38;2;255;255;255m██[38;2;80;77;74m██[38;2;255;255;255m████[38;2;80;77;74m██[38;2;255;255;255m██[38;2;80;77;74m██[38;2;195;242;255m████[38;2;42;174;221m██[38;2;250;253;255m██[38;2;80;77;74m██[38;2;255;255;255m██[38;2;80;77;74m██[38;2;24;164;232m██[38;2;0;0;0m██      ██[38;2;5;123;187m██[38;2;29;164;240m████[38;2;5;121;188m██[38;2;29;164;240m██[38;2;0;0;0m██
    ██[38;2;101;215;255m████[38;2;80;77;74m██[38;2;255;255;255m██[38;2;0;0;0m██  ██[38;2;80;77;74m██[38;2;255;255;255m██[38;2;80;77;74m██[38;2;255;255;255m████[38;2;80;77;74m██[38;2;255;255;255m████[38;2;20;106;132m██[38;2;250;253;255m██[38;2;80;77;74m██[38;2;255;255;255m██[38;2;80;77;74m██[38;2;24;164;232m██[38;2;0;0;0m██  ████[38;2;5;123;187m██[38;2;45;177;246m██[38;2;29;164;240m██[38;2;5;121;188m██[38;2;29;164;240m████[38;2;0;0;0m██
  ██[38;2;101;215;255m████[38;2;84;84;84m██[38;2;255;255;255m██[38;2;0;0;0m██      [38;2;17;9;3m██[38;2;80;77;74m██[38;2;255;255;255m████[38;2;80;77;74m██[38;2;255;255;255m████[38;2;80;77;74m██[38;2;255;255;255m████[38;2;80;77;74m████[38;2;21;160;229m████[38;2;6;65;96m██[38;2;3;4;0m██[38;2;29;164;240m████[38;2;5;121;188m████[38;2;5;114;177m██[38;2;29;164;240m████[38;2;0;0;0m██  
  ██[38;2;101;215;255m████[38;2;0;0;0m████    ████[38;2;80;77;74m██[38;2;184;180;177m██[38;2;80;77;74m████[38;2;255;255;255m████[38;2;80;77;74m██[38;2;255;255;255m████[38;2;80;77;74m██[38;2;24;164;232m████[38;2;21;160;229m██[38;2;46;47;49m██[38;2;6;122;186m████[38;2;5;121;188m████[38;2;29;164;240m████[38;2;0;0;0m██████    
██[38;2;101;215;255m████[38;2;0;0;0m██      ██[38;2;5;121;187m████[38;2;0;0;0m██[38;2;184;180;177m██[38;2;80;77;74m██[38;2;184;180;177m██[38;2;80;77;74m██████████[38;2;101;215;255m██[38;2;80;77;74m██[38;2;24;164;232m██[38;2;29;170;234m██[38;2;32;53;51m██[38;2;5;121;187m████[38;2;0;0;0m████████          
  ████      ██[38;2;5;121;187m████[38;2;0;0;0m██  ██[38;2;80;77;74m██[38;2;184;180;177m██[38;2;80;77;74m██[38;2;184;180;177m████[38;2;80;77;74m██[38;2;101;215;255m████[38;2;80;77;74m██[38;2;24;164;232m██[38;2;29;170;234m██[38;2;4;2;0m██[38;2;0;0;0m████                  
          ██[38;2;29;164;240m██[38;2;5;121;188m██[38;2;0;0;0m██      ████[38;2;185;173;164m██[38;2;92;88;82m██[38;2;184;180;177m██[38;2;67;67;64m██[38;2;101;215;255m████[38;2;80;77;74m██[38;2;33;168;229m██[38;2;0;0;0m██                        
          ██[38;2;29;164;240m████[38;2;0;0;0m██          ████[38;2;8;8;8m██[38;2;184;180;177m██[38;2;80;77;74m██[38;2;101;215;255m██[38;2;96;213;255m██[38;2;80;77;74m██[38;2;0;0;0m██                        
          ██[38;2;5;121;188m██[38;2;29;164;240m████[38;2;0;0;0m██              ██[38;2;80;77;74m██[38;2;101;215;255m████[38;2;80;77;74m██[38;2;195;242;255m██[38;2;4;2;0m██                      
          [38;2;0;0;0m██[38;2;29;164;240m██[38;2;5;121;188m██[38;2;29;164;240m████[38;2;0;0;0m██            ██[38;2;80;77;74m██████[38;2;195;242;255m██[38;2;4;2;0m██[38;2;112;218;255m██[38;2;0;0;0m██                    
            ██[38;2;29;164;240m██[38;2;5;121;188m██[38;2;29;164;240m██[38;2;43;173;244m██[38;2;0;0;0m████          ██[38;2;46;47;49m██[38;2;195;242;255m██[38;2;0;0;0m██  ████                    
            ██[38;2;29;164;240m████[38;2;5;121;188m██[38;2;4;122;190m██[38;2;43;173;244m██[38;2;72;192;251m██[38;2;0;0;0m██        ██[38;2;46;47;49m██[38;2;195;242;255m██[38;2;0;0;0m██                          
              ██[38;2;53;180;246m████[38;2;63;186;248m██[38;2;5;127;195m██[38;2;5;121;188m██[38;2;29;164;240m██[38;2;0;0;0m████    ██[38;2;101;215;255m██[38;2;42;69;70m██[38;2;33;148;200m██[38;2;0;0;0m██                        
                ████[38;2;35;168;242m████[38;2;29;164;240m██[38;2;5;121;188m██[38;2;29;164;240m████[38;2;0;0;0m████  ████[38;2;95;207;255m██[38;2;0;0;0m██                        
                    ██████[38;2;29;164;240m██[38;2;5;121;187m████[38;2;29;164;240m██[38;2;5;121;188m██[38;2;0;0;0m██    ██                          
                          ██████[38;2;5;121;188m████[38;2;5;121;187m██[38;2;0;0;0m██                              
                                ████[38;2;5;121;187m████[38;2;0;0;0m██                            
                                    ██[38;2;5;121;187m██[38;2;0;0;0m██                            
                                      ████                            
[0m