                        [38;2;0;0;0m██                                                              
                      ██[38;2;111;192;252m██[38;2;0;0;0m██                                                            
                      ██[38;2;111;192;252m██[38;2;0;0;0m██                              ██                            
                    ██[38;2;111;192;252m██[38;2;0;0;0m██                              ██[38;2;133;221;255m██[38;2;0;0;0m██          ████            
                    ██[38;2;111;192;252m██[38;2;59;111;136m██[38;2;0;0;0m██                            ██[38;2;133;221;255m████[38;2;0;0;0m██        ██[38;2;133;221;255m██[38;2;0;0;0m██          
                    [38;2;1;12;7m██[38;2;57;104;133m██[38;2;111;192;252m██[38;2;0;0;0m██                            ██[38;2;133;221;255m████[38;2;0;0;0m██        ██[38;2;133;221;255m██[38;2;0;0;0m██          
                  ██[38;2;117;198;255m██[38;2;57;104;133m██[38;2;111;192;252m██[38;2;0;0;0m██                              ██[38;2;133;221;255m████[38;2;0;0;0m██    ██[38;2;133;221;255m████[38;2;0;0;0m██          
                  ██[38;2;111;192;252m██[38;2;62;110;135m██[38;2;111;192;252m██[38;2;0;0;0m██                              ██[38;2;134;222;255m████[38;2;0;0;0m██    ██[38;2;134;222;255m████[38;2;0;0;0m██          
                ██[38;2;111;192;252m██[38;2;62;110;135m██[38;2;111;192;252m██[38;2;0;0;0m██                                ██[38;2;134;222;255m████[38;2;133;221;255m██[38;2;0;0;0m██  ██[38;2;134;222;255m████[38;2;0;0;0m██  ████    
                ██[38;2;111;192;252m██████[38;2;0;0;0m██                                  ██[38;2;133;221;255m████[38;2;65;64;65m██[38;2;8;0;1m██[38;2;140;222;255m████[38;2;8;0;1m██  [38;2;0;0;0m██[38;2;134;222;255m████[38;2;0;0;0m██  
                ██[38;2;111;192;252m████[38;2;0;0;0m██                                    ██[38;2;133;221;255m██████[38;2;47;75;88m██[38;2;140;222;255m████[38;2;47;75;88m██[38;2;0;0;0m██[38;2;133;221;255m██[38;2;134;222;255m████[38;2;0;0;0m██  
              ██[38;2;112;191;248m████[38;2;111;192;252m██[38;2;0;0;0m██                                      ██[38;2;134;222;255m████[38;2;76;145;181m██[38;2;133;221;255m████[38;2;65;64;65m██[38;2;134;222;255m████[38;2;133;221;255m██[38;2;0;0;0m██    
              ██[38;2;112;191;248m████[38;2;111;192;252m██[38;2;0;0;0m██                                      ██[38;2;134;222;255m████[38;2;133;221;255m████[38;2;65;64;65m████[38;2;134;222;255m████[38;2;133;221;255m██[38;2;0;0;0m██    
              ██[38;2;111;192;252m██████[38;2;0;0;0m██              ████                    ██[38;2;133;221;255m████████[38;2;65;64;65m██[38;2;133;221;255m██████[38;2;0;0;0m██      
              ██[38;2;133;221;255m██[38;2;111;192;252m████[38;2;0;0;0m██            ██[38;2;29;169;222m██[38;2;0;0;0m██                      ██[38;2;133;221;255m████[38;2;76;145;181m██[38;2;133;221;255m██████[38;2;65;64;65m██[38;2;0;0;0m██████  
              ██[38;2;133;221;255m██[38;2;76;145;181m██[38;2;111;192;252m██[38;2;0;0;0m██  ██      ██[38;2;133;221;255m██[38;2;29;169;222m██[38;2;0;0;0m██                      ██[38;2;133;221;255m██[38;2;134;222;255m████[38;2;133;221;255m████[38;2;65;64;65m████[38;2;134;222;255m████[38;2;133;221;255m██[38;2;0;0;0m██
              ██[38;2;133;221;255m████[38;2;111;192;252m████[38;2;0;0;0m██[38;2;133;221;255m██[38;2;0;0;0m██  ██[38;2;133;221;255m██[38;2;29;169;222m████[38;2;0;0;0m██                      ██[38;2;133;221;255m██[38;2;134;222;255m████[38;2;133;221;255m██[38;2;65;64;65m██[38;2;133;221;255m████[38;2;134;222;255m████[38;2;0;0;0m██  
                ██[38;2;133;221;255m██[38;2;77;146;181m██[38;2;111;192;252m██[38;2;65;64;65m██[38;2;133;221;255m██[38;2;37;64;75m██[38;2;41;6;0m██[38;2;65;64;65m██[38;2;42;189;241m██[38;2;29;169;222m██[38;2;0;0;0m██    ██████              ██[38;2;133;221;255m██[38;2;134;222;255m████████[38;2;133;221;255m████[38;2;65;64;65m████[38;2;0;0;0m██  
                ██[38;2;133;221;255m██[38;2;77;146;181m██[38;2;111;192;252m██[38;2;65;64;65m██[38;2;133;221;255m██[38;2;34;179;232m██[38;2;37;64;75m██[38;2;42;189;241m████[38;2;29;169;222m██[38;2;0;0;0m██████[38;2;29;169;222m██████[38;2;0;0;0m██            ██[38;2;133;221;255m██[38;2;134;222;255m████████[38;2;65;64;65m████[38;2;111;192;252m██████[38;2;0;0;0m██
                ██[38;2;133;221;255m████[38;2;76;145;181m██[38;2;65;64;65m██[38;2;62;184;244m██[38;2;42;189;241m██[38;2;65;64;65m██[38;2;112;211;232m██[38;2;29;169;222m██[38;2;75;171;202m██[38;2;57;64;65m██[38;2;133;221;255m████[38;2;29;169;222m████[38;2;0;0;0m██              ██[38;2;133;221;255m████[38;2;111;192;252m██[38;2;133;221;255m██[38;2;111;192;252m██[38;2;133;221;255m██[38;2;111;192;252m██████[38;2;65;64;65m██[38;2;0;0;0m██
    ████          ██[38;2;133;221;255m██[38;2;76;145;181m██[38;2;62;184;244m██[38;2;65;64;65m██[38;2;42;189;241m████[38;2;112;211;232m██[38;2;29;169;222m██[38;2;57;64;65m██[38;2;98;216;255m██[38;2;29;169;222m██████[38;2;0;0;0m██                ██[38;2;133;221;255m██[38;2;111;192;252m██[38;2;133;221;255m██[38;2;111;192;252m██[38;2;133;221;255m██[38;2;111;192;252m████[38;2;65;64;65m████[38;2;0;0;0m██  
    ██[38;2;29;169;222m██[38;2;0;0;0m██        ██[38;2;133;221;255m████[38;2;92;145;168m██[38;2;64;59;65m██[38;2;42;189;241m████[38;2;29;169;222m██[38;2;65;64;65m██[38;2;28;168;219m████[38;2;29;169;222m████[38;2;0;0;0m██                ██[38;2;134;222;255m████[38;2;77;146;181m██[38;2;111;192;252m██[38;2;133;221;255m██[38;2;111;192;252m██[38;2;65;64;65m████[38;2;111;192;252m████[38;2;0;0;0m██  
      ██[38;2;29;169;222m██[38;2;0;0;0m██        ██[38;2;133;221;255m██[38;2;133;219;255m██[38;2;64;59;65m██[38;2;65;64;65m██[38;2;42;189;241m██[38;2;65;64;65m██[38;2;29;169;222m██[38;2;28;168;219m████[38;2;29;169;222m██[38;2;65;64;65m██[38;2;0;0;0m██                ██[38;2;134;222;255m████[38;2;77;146;181m██[38;2;111;192;252m██████████[38;2;0;0;0m████    
      ██[38;2;22;118;156m██[38;2;30;175;229m██[38;2;0;0;0m██      ██[38;2;133;221;255m████[38;2;76;145;181m██[38;2;65;64;65m████[38;2;29;169;222m████[38;2;97;131;143m██[38;2;26;70;88m██[38;2;43;74;86m██[38;2;153;198;201m██[38;2;0;0;0m██              ██[38;2;133;221;255m████[38;2;76;145;181m██[38;2;112;191;248m████[38;2;111;192;252m██[38;2;65;64;65m██[38;2;42;65;81m██[38;2;8;7;0m██        
        [38;2;16;0;2m██[38;2;30;175;229m██[38;2;0;0;0m██        ██[38;2;133;221;255m████[38;2;65;64;65m██[38;2;169;175;168m██[38;2;65;64;65m████[38;2;240;255;254m██[38;2;97;131;143m██[38;2;212;255;253m██[38;2;153;198;201m██[38;2;133;221;255m██[38;2;0;0;0m██          ██[38;2;133;221;255m██████[38;2;76;145;181m██[38;2;112;191;248m████[38;2;111;192;252m████████[38;2;0;0;0m██      
      ██[38;2;29;169;222m████[38;2;0;0;0m██          ██[38;2;65;64;65m██[38;2;168;175;170m████[38;2;164;175;172m██[38;2;56;62;66m██[38;2;16;0;2m██[38;2;107;144;158m██[38;2;240;255;254m██[38;2;65;159;219m██[38;2;133;221;255m██[38;2;65;64;65m██[38;2;0;0;0m██    ████[38;2;133;221;255m██████[38;2;77;146;181m██[38;2;111;192;252m████[38;2;65;64;65m████[38;2;111;192;252m██████[38;2;0;0;0m██      
    ██[38;2;29;169;222m████[38;2;0;0;0m██              ██[38;2;168;175;170m██[38;2;81;97;110m██[38;2;93;99;102m██[38;2;56;62;66m██[38;2;153;216;237m██[38;2;107;144;158m██[38;2;65;159;219m██[38;2;153;207;237m██[38;2;133;221;255m██████[38;2;0;0;0m████[38;2;133;221;255m████████[38;2;111;192;252m████████████[38;2;65;64;65m██[38;2;0;0;0m████        
  ██[38;2;29;169;222m████[38;2;59;111;136m██[38;2;0;0;0m██                [38;2;7;3;8m██[38;2;172;178;171m██[38;2;57;75;86m██[38;2;169;231;255m██[38;2;106;194;250m██[38;2;139;213;253m██[38;2;134;222;255m████████[38;2;65;64;65m████[38;2;134;222;255m████[38;2;140;218;255m██[38;2;76;142;176m██[38;2;77;146;181m██[38;2;111;192;252m████[38;2;65;64;65m██[38;2;50;64;78m██[38;2;120;190;241m██[38;2;111;192;252m██[38;2;0;0;0m██            
  ██[38;2;70;113;159m██[38;2;29;169;222m██[38;2;0;0;0m██                ██[38;2;63;62;63m████[38;2;169;231;255m██[38;2;92;129;144m██[38;2;205;245;255m██[38;2;106;194;250m██[38;2;134;222;255m████████[38;2;133;221;255m████[38;2;134;222;255m████[38;2;76;142;176m██[38;2;110;197;240m██[38;2;111;192;252m████████[38;2;50;64;78m██[38;2;16;6;0m██[38;2;0;0;0m████            
██[38;2;70;112;155m██[38;2;70;114;159m████[38;2;65;112;142m██[38;2;0;0;0m██          ████[38;2;70;112;155m██[38;2;104;121;132m██[38;2;54;58;67m██[38;2;213;243;255m████████[38;2;67;149;197m██[38;2;152;215;239m██[38;2;134;222;255m████[38;2;133;221;255m████[38;2;77;146;181m██[38;2;111;192;252m██[38;2;112;191;248m████[38;2;111;192;252m██[38;2;0;0;0m████[38;2;111;192;252m██[38;2;62;184;244m██[38;2;0;0;0m██[38;2;29;169;222m██[38;2;70;113;159m██[38;2;8;0;1m████        
[38;2;0;0;0m██[38;2;70;112;155m██[38;2;70;114;159m████[38;2;65;112;142m████[38;2;0;0;0m██████████[38;2;68;114;163m██[38;2;70;112;155m████[38;2;54;58;67m██[38;2;205;238;255m██[38;2;213;243;255m████████[38;2;198;245;255m██[38;2;67;149;197m██[38;2;134;222;255m████[38;2;133;221;255m██[38;2;111;192;252m██████[38;2;112;191;248m████[38;2;0;0;0m██    ████[38;2;62;184;244m██[38;2;70;113;159m██[38;2;29;169;222m██[38;2;39;177;234m██[38;2;28;117;156m██[38;2;0;0;0m██      
  ██[38;2;70;112;155m████[38;2;70;114;159m████████████[38;2;70;112;155m████[38;2;68;114;163m██[38;2;0;0;0m██[38;2;69;81;86m██[38;2;212;242;255m██[38;2;213;243;255m████████████[38;2;76;142;176m██[38;2;140;218;255m██[38;2;112;191;248m████[38;2;111;192;252m████[38;2;0;0;0m████          ██[38;2;54;176;235m██[38;2;43;117;156m██[38;2;28;168;219m████[38;2;43;117;156m██[38;2;24;0;4m██    
    [38;2;0;0;0m████[38;2;70;114;159m████████████[38;2;0;0;0m██████  ██[38;2;212;242;255m██[38;2;213;243;255m████████████[38;2;76;142;176m██[38;2;110;197;240m██[38;2;112;191;248m████[38;2;42;65;81m██[38;2;8;7;0m██                [38;2;24;0;4m██[38;2;43;117;156m██[38;2;28;168;219m████[38;2;43;117;156m██[38;2;54;176;235m██[38;2;0;0;0m██  
        ████████████          ██[38;2;213;243;255m████[38;2;212;242;255m██████[38;2;160;217;237m████[38;2;76;142;176m██[38;2;112;191;248m████[38;2;111;192;252m██[38;2;0;0;0m██              ██[38;2;70;113;159m██[38;2;29;169;222m████[38;2;70;113;159m██[38;2;29;169;222m████[38;2;0;0;0m██  
                              ██[38;2;213;243;255m████[38;2;212;242;255m██[38;2;160;217;237m████████[38;2;76;142;176m██[38;2;112;191;248m████[38;2;111;192;252m████[38;2;0;0;0m██████████████[38;2;29;169;222m████[38;2;70;113;159m████[38;2;29;169;222m████[38;2;0;0;0m██    
                                ██[38;2;160;217;237m██[38;2;160;215;233m████████[38;2;77;146;181m██[38;2;111;192;252m████[38;2;133;221;255m██[38;2;62;66;76m██[38;2;108;175;205m██[38;2;51;72;93m██[38;2;78;108;141m██[38;2;70;112;155m████[38;2;70;114;159m████[38;2;70;112;155m████[38;2;28;117;156m██[38;2;39;177;234m██[38;2;29;169;222m██[38;2;0;0;0m████      
                                  ██[38;2;160;215;233m████████[38;2;77;146;181m██[38;2;111;192;252m██[38;2;133;221;255m████[38;2;140;220;255m██[38;2;62;66;76m██[38;2;0;0;0m██████[38;2;70;112;155m██[38;2;70;114;159m████[38;2;70;112;155m██[38;2;0;0;0m██[38;2;8;0;1m████[38;2;0;0;0m██          
                                    ██[38;2;65;64;65m██[38;2;168;213;227m██[38;2;60;71;75m██[38;2;0;0;0m██[38;2;133;221;255m██[38;2;134;222;255m████[38;2;133;221;255m██[38;2;0;0;0m██      ████████                  
                                      ██[38;2;60;71;75m██[38;2;8;0;1m██  [38;2;0;0;0m██[38;2;134;222;255m████[38;2;0;0;0m██                                  
                                ██████[38;2;119;117;119m██[38;2;120;118;120m██[38;2;0;0;0m██    ██[38;2;65;64;65m██[38;2;0;0;0m██                                  
                              ██[38;2;120;118;120m██[38;2;60;59;60m██[38;2;119;117;119m████[38;2;60;59;60m██[38;2;0;0;0m██    ██[38;2;65;64;65m██[38;2;172;174;172m██[38;2;0;0;0m██                                
                            ██[38;2;233;247;255m██[38;2;71;75;76m██[38;2;142;150;154m██[38;2;119;117;119m██[38;2;0;0;0m████  ████[38;2;65;64;65m██[38;2;169;175;168m██[38;2;172;174;172m██[38;2;0;0;0m██                                
                              ████[38;2;213;225;232m██[38;2;0;0;0m██    ██[38;2;172;174;172m██[38;2;115;116;115m██[38;2;169;175;168m████[38;2;0;0;0m██                                  
                                  ██    ██[38;2;233;247;255m██[38;2;0;0;0m██[38;2;65;64;65m██[38;2;159;166;170m██[38;2;79;83;84m██[38;2;0;0;0m██                                  
                                        ████  ██[38;2;240;250;255m██[38;2;0;0;0m██                                    
                                                ██                                      
[0m