          [38;2;0;0;0m██                                                    
        ██[38;2;180;198;246m██[38;2;0;0;0m██            ████                                  
        ██[38;2;180;198;246m██[38;2;0;0;0m██        ████[38;2;180;198;246m████[38;2;0;0;0m██                                
        ██[38;2;230;234;205m██[38;2;255;255;189m██[38;2;0;0;0m██    ██[38;2;180;198;246m██████[38;2;183;196;249m████[38;2;0;0;0m██                              
      ██[38;2;230;234;205m████[38;2;255;255;189m██[38;2;0;0;0m██  ██[38;2;180;198;246m██████[38;2;255;255;189m██[38;2;183;196;249m████[38;2;0;0;0m██                              
      ██[38;2;180;198;246m██[38;2;255;255;189m██████[38;2;0;0;0m██[38;2;230;234;205m██[38;2;255;255;189m██[38;2;180;198;246m██[38;2;255;255;189m██[38;2;180;198;246m██[38;2;255;250;205m██[38;2;117;153;227m██[38;2;120;137;175m██[38;2;0;8;16m██[38;2;0;0;0m████                        
      ██[38;2;255;255;189m██[38;2;180;198;246m██[38;2;255;255;189m██[38;2;0;0;0m██[38;2;230;234;205m████[38;2;255;255;189m████████[38;2;117;153;227m██[38;2;186;202;216m██[38;2;180;202;255m████[38;2;180;198;246m████[38;2;0;0;0m██                      
      ██[38;2;213;222;213m████[38;2;255;255;189m██[38;2;49;48;49m██[38;2;254;254;186m████████[38;2;255;255;189m██[38;2;123;161;238m██[38;2;254;254;186m████[38;2;180;198;246m██[38;2;255;255;189m██[38;2;180;198;246m██████[38;2;0;0;0m██                    
        ██[38;2;71;74;71m██[38;2;49;48;49m██[38;2;255;255;189m██[38;2;254;254;186m████████[38;2;167;192;222m██[38;2;255;255;189m██[38;2;254;254;186m████[38;2;255;255;189m██[38;2;180;198;246m██[38;2;255;255;189m██[38;2;180;198;246m████[38;2;0;0;0m██                    
      ██[38;2;131;196;255m██[38;2;68;116;169m██[38;2;233;242;246m████[38;2;177;202;220m██[38;2;46;60;73m██[38;2;49;48;49m██[38;2;255;255;222m██[38;2;254;254;186m████████[38;2;255;255;189m████[38;2;180;198;246m██████[38;2;0;0;0m██                    
    ██[38;2;49;48;49m██[38;2;68;116;169m██[38;2;201;207;213m██[38;2;255;255;255m████[38;2;254;255;255m████[38;2;254;255;251m██[38;2;49;48;49m██[38;2;254;254;186m████████[38;2;255;255;189m██[38;2;180;198;246m██[38;2;255;255;189m██[38;2;180;198;246m██[38;2;0;0;0m██                      
  ██[38;2;222;245;255m██[38;2;157;189;214m██[38;2;255;255;255m████████████[38;2;132;140;143m██[38;2;214;221;222m██[38;2;49;48;49m██[38;2;255;255;189m████████[38;2;117;157;222m██[38;2;115;157;222m██[38;2;0;0;0m██                        
  ██[38;2;157;189;214m██[38;2;199;207;215m██[38;2;255;255;255m████[38;2;115;115;115m████[38;2;49;48;49m██████[38;2;214;221;222m██[38;2;49;48;49m██[38;2;255;255;189m████[38;2;117;157;222m████[38;2;255;255;189m██[38;2;0;0;0m██              ████        
██[38;2;255;255;255m████████[38;2;49;48;49m██[38;2;58;103;146m██[38;2;255;246;238m██[38;2;59;105;145m██[38;2;255;255;255m██[38;2;49;48;49m██[38;2;214;221;222m████[38;2;49;48;49m██[38;2;254;254;186m████[38;2;255;255;189m██[38;2;180;198;246m████[38;2;0;0;0m██        ████[38;2;240;245;248m████[38;2;0;0;0m████    
██[38;2;255;255;255m██████[38;2;49;48;49m████[38;2;58;103;146m██[38;2;190;199;206m██[38;2;59;105;145m██[38;2;255;255;255m██[38;2;214;221;222m██████[38;2;49;48;49m██[38;2;254;254;186m████[38;2;180;198;246m██[38;2;255;255;189m██[38;2;180;198;246m████[38;2;0;0;0m██    ██[38;2;151;167;175m██[38;2;240;245;248m██[38;2;0;0;0m████[38;2;240;245;248m██[38;2;151;167;175m██[38;2;0;0;0m██  
██[38;2;255;255;255m██[38;2;252;254;255m██[38;2;113;134;146m██[38;2;240;245;248m██[38;2;49;48;49m██[38;2;251;253;254m██[38;2;92;137;180m██[38;2;255;255;255m██[38;2;204;212;215m██[38;2;235;236;237m██[38;2;212;219;221m██[38;2;214;221;222m██[38;2;49;48;49m██[38;2;254;254;186m████[38;2;255;255;189m██[38;2;180;198;246m██████[38;2;0;0;0m██    ██[38;2;240;245;248m██[38;2;0;0;0m██    ██[38;2;204;212;215m██[38;2;0;0;0m██  
  ██[38;2;113;134;146m██[38;2;202;221;233m██[38;2;240;245;248m████[38;2;147;176;204m████[38;2;204;212;215m████[38;2;212;219;221m████[38;2;214;221;222m██[38;2;49;48;49m██[38;2;254;254;186m████[38;2;180;198;246m██[38;2;255;255;189m██[38;2;180;198;246m██[38;2;0;0;0m██    ██[38;2;240;245;248m██[38;2;0;0;0m██  ██    ██[38;2;204;212;215m██[38;2;0;0;0m██
    ████[38;2;240;245;248m████[38;2;214;221;222m████[38;2;92;121;157m██[38;2;49;48;49m██[38;2;117;161;200m██[38;2;206;214;218m██[38;2;130;154;151m██[38;2;65;65;65m██[38;2;255;255;189m██████[38;2;0;0;0m████      ██[38;2;204;212;215m██[38;2;81;105;131m██[38;2;0;0;0m██[38;2;81;105;131m██[38;2;0;0;0m██  ██[38;2;214;221;222m██[38;2;0;0;0m██
        ████████[38;2;49;48;49m██[38;2;119;160;209m██[38;2;117;161;200m██[38;2;206;214;218m██[38;2;65;65;65m██[38;2;246;255;205m██[38;2;255;255;189m██[38;2;180;198;246m██[38;2;0;0;0m██            ██[38;2;214;221;222m██████[38;2;0;0;0m██  ██[38;2;214;221;222m██[38;2;0;0;0m██
                ██[38;2;117;158;194m██[38;2;143;174;204m██[38;2;197;209;214m██[38;2;49;48;49m██[38;2;255;255;189m██[38;2;205;214;230m██[38;2;0;0;0m██                ██████  ██[38;2;79;124;176m██[38;2;204;212;215m██[38;2;0;0;0m██
                ██[38;2;117;158;194m██[38;2;165;210;252m██[38;2;219;227;231m██[38;2;49;48;49m██[38;2;255;255;189m██[38;2;205;214;230m████[38;2;0;0;0m██                      ██[38;2;131;188;255m██[38;2;0;0;0m██  
              ██[38;2;174;212;249m████[38;2;239;245;248m████[38;2;52;58;64m██[38;2;246;255;205m██[38;2;222;242;222m██[38;2;57;57;57m██[38;2;71;71;71m██[38;2;8;0;0m██[38;2;0;0;0m████            ████[38;2;81;105;131m██[38;2;214;221;222m██[38;2;0;0;0m██  
              ██[38;2;174;212;249m██[38;2;240;245;248m██[38;2;239;245;248m██[38;2;131;196;255m██[38;2;109;120;112m██[38;2;52;58;64m██[38;2;57;57;57m██[38;2;161;176;168m██[38;2;223;237;244m████[38;2;240;245;248m████[38;2;0;0;0m████    ████[38;2;79;124;176m██[38;2;131;188;255m██[38;2;214;221;222m██[38;2;0;0;0m██    
              ██[38;2;174;212;249m██[38;2;240;245;248m██[38;2;241;246;248m██[38;2;66;121;172m██[38;2;107;109;110m██[38;2;240;245;248m██[38;2;239;245;248m████████[38;2;241;246;248m████[38;2;239;245;248m████[38;2;0;4;0m████[38;2;80;105;130m██[38;2;131;196;255m██[38;2;81;105;131m██[38;2;214;221;222m██[38;2;0;0;0m██      
            ██[38;2;174;212;252m██[38;2;174;212;249m████[38;2;241;246;248m████[38;2;240;245;248m████[38;2;239;245;248m████████[38;2;206;226;237m██[38;2;66;121;172m██[38;2;205;225;237m██[38;2;239;245;248m██[38;2;156;188;218m██[38;2;93;120;147m██[38;2;102;133;162m██[38;2;80;105;130m██[38;2;214;221;222m██[38;2;0;0;0m██        
            ██[38;2;174;212;252m██[38;2;174;212;249m████████[38;2;239;245;248m████[38;2;205;225;237m██[38;2;65;117;172m██[38;2;206;226;237m██[38;2;241;246;248m██[38;2;68;114;169m██[38;2;131;194;255m██[38;2;66;121;172m██[38;2;241;246;248m██[38;2;68;114;169m██[38;2;131;194;255m██[38;2;102;133;162m██[38;2;213;220;221m██[38;2;0;0;0m██          
            ██[38;2;174;212;252m██[38;2;174;212;249m██████[38;2;240;245;248m██[38;2;239;245;248m████[38;2;65;117;172m██[38;2;139;196;255m██[38;2;66;121;172m██[38;2;241;246;248m██[38;2;205;225;237m██[38;2;54;106;161m██[38;2;206;226;237m██[38;2;241;246;248m██[38;2;239;245;248m██[38;2;73;94;113m██[38;2;213;220;221m██[38;2;0;0;0m██            
            ██[38;2;117;158;194m██[38;2;174;212;252m████[38;2;174;212;249m██[38;2;240;245;248m██[38;2;245;248;249m████[38;2;205;225;237m██[38;2;77;129;184m██[38;2;205;225;237m██[38;2;240;245;248m██[38;2;213;220;221m██[38;2;239;245;248m██████[38;2;240;245;248m██[38;2;121;135;142m██[38;2;0;0;0m██              
              ██[38;2;116;158;199m████[38;2;174;212;249m████[38;2;174;212;252m████[38;2;240;245;248m██████[38;2;127;139;145m██[38;2;239;245;248m██[38;2;213;220;221m██[38;2;239;245;248m████[38;2;240;245;248m██[38;2;0;0;0m██                
                ██[38;2;117;158;194m██[38;2;117;159;197m████[38;2;116;158;204m██[38;2;93;115;130m██[38;2;239;245;248m████[38;2;240;245;248m██[38;2;127;139;145m██[38;2;204;212;215m██[38;2;93;115;130m██[38;2;245;248;249m████[38;2;214;221;222m██[38;2;0;0;0m██                
                  ██[38;2;142;151;154m██[38;2;117;159;197m██[38;2;116;158;204m██[38;2;57;57;57m██[38;2;239;245;248m████[38;2;240;245;248m██[38;2;196;209;215m██[38;2;0;0;0m████[38;2;204;212;215m████[38;2;214;221;222m██[38;2;0;0;0m██                
                  ██[38;2;204;212;215m██[38;2;121;133;140m██[38;2;132;140;143m██[38;2;49;48;49m██[38;2;239;245;248m████[38;2;241;247;250m██[38;2;0;0;0m██  ██[38;2;192;201;205m████[38;2;0;0;0m██                  
                    ██[38;2;204;212;215m██[38;2;212;219;221m██[38;2;49;48;49m██[38;2;239;245;248m████[38;2;178;194;202m██[38;2;0;0;0m██  ██[38;2;235;239;241m██[38;2;151;167;175m██[38;2;0;0;0m██                  
                    ██[38;2;235;236;237m██[38;2;151;167;177m██[38;2;8;8;8m██[38;2;204;212;215m██████[38;2;0;0;0m██    ████                    
                      ██[38;2;8;8;8m██[38;2;252;254;255m██[38;2;255;255;255m██[38;2;204;212;215m██[38;2;0;0;0m██                              
                          ██████                                
[0m