                                                      [38;2;7;7;7m██████████                
                            ██████████████  ██████████[38;2;226;213;61m██[38;2;214;202;54m██[38;2;226;213;61m██[38;2;245;248;105m██[38;2;252;248;103m██[38;2;7;7;7m██              
                        ████[38;2;252;248;103m██████[38;2;245;248;105m████[38;2;252;248;103m████[38;2;7;7;7m██[38;2;214;202;54m██[38;2;226;213;61m██[38;2;245;248;105m██████████[38;2;226;213;61m██[38;2;214;202;54m██[38;2;226;213;61m██[38;2;7;7;7m██              
                      ██[38;2;252;248;103m██[38;2;214;202;54m████[38;2;226;213;61m██[38;2;245;248;105m██████[38;2;252;248;103m██████[38;2;245;248;105m██[38;2;214;202;54m██████[38;2;226;213;61m██[38;2;245;248;105m████[38;2;252;248;103m████████[38;2;7;7;7m██            
                  ████[38;2;252;248;103m████████[38;2;214;202;54m██████[38;2;226;213;61m████[38;2;252;248;103m██[38;2;245;248;105m████████[38;2;226;213;61m██[38;2;214;202;54m██████[38;2;226;213;61m██[38;2;252;248;103m████[38;2;245;248;105m████[38;2;7;7;7m██          
                ██[38;2;252;248;103m██████████[38;2;245;248;105m████[38;2;252;248;103m██[38;2;214;202;54m██[38;2;226;213;61m██[38;2;214;202;54m████[38;2;226;213;61m██[38;2;245;248;105m██████████[38;2;252;248;103m████[38;2;214;202;54m██████[38;2;226;213;61m██[38;2;245;248;105m██[38;2;7;7;7m██          
              ██[38;2;214;202;54m██[38;2;252;248;103m████████[38;2;245;248;105m████[38;2;252;248;103m████████[38;2;245;248;105m████[38;2;214;202;54m████████[38;2;226;213;61m██[38;2;252;248;103m████████[38;2;245;248;105m████[38;2;214;202;54m██[38;2;7;7;7m██            
              ██[38;2;227;219;70m██[38;2;214;202;54m████[38;2;252;248;103m██████████████[38;2;245;248;105m██████████[38;2;214;202;54m██████[38;2;226;213;61m██[38;2;252;248;103m████[38;2;245;248;105m██████████[38;2;7;7;7m██          
              ██[38;2;227;219;70m██[38;2;188;184;38m████[38;2;214;202;54m██████[38;2;252;248;103m██████[38;2;245;248;105m██████████████[38;2;252;248;103m████[38;2;214;202;54m████[38;2;226;213;61m██[38;2;245;248;105m████████[38;2;214;202;54m██[38;2;227;219;70m██[38;2;7;7;7m██        
                ██[38;2;252;248;103m██[38;2;245;248;105m██[38;2;188;184;38m████[38;2;227;219;70m██[38;2;214;202;54m██████[38;2;245;248;105m████████████[38;2;252;248;103m████████[38;2;245;248;105m██[38;2;214;202;54m██████████[38;2;227;219;70m████[38;2;7;7;7m██        
              ██[38;2;216;199;47m██[38;2;245;248;105m████[38;2;252;248;103m████[38;2;188;184;38m████████[38;2;214;202;54m██████[38;2;245;248;105m████[38;2;252;248;103m████████[38;2;245;248;105m██[38;2;214;202;54m████[38;2;227;219;70m██████[38;2;214;202;54m██[38;2;227;219;70m██[38;2;205;188;40m██[38;2;7;7;7m██        
            ██[38;2;245;248;105m██████[38;2;252;248;103m████████[38;2;245;248;105m██████[38;2;188;184;38m████[38;2;227;219;70m██[38;2;214;202;54m██████[38;2;252;248;103m████[38;2;214;202;54m██████[38;2;227;219;70m██████[38;2;205;188;40m██[38;2;214;202;54m██[38;2;227;219;70m██[38;2;188;184;38m██[38;2;214;202;54m██[38;2;7;7;7m██      
          ██[38;2;239;204;48m████[38;2;245;248;105m██[38;2;252;248;103m██████[38;2;221;185;35m████[38;2;239;204;48m██[38;2;245;248;105m██████[38;2;214;219;78m██[38;2;188;184;38m██[38;2;227;219;70m████[38;2;214;202;54m██████[38;2;227;219;70m████[38;2;214;202;54m██[38;2;227;219;70m████████[38;2;214;202;54m██[38;2;205;188;40m██[38;2;188;184;38m██[38;2;214;202;54m████[38;2;7;7;7m██    
        ██[38;2;252;248;103m██[38;2;245;248;105m██[38;2;239;204;48m██████[38;2;252;248;103m██████[38;2;239;204;48m██[38;2;221;185;35m██[38;2;214;219;78m████[38;2;188;184;38m██[38;2;231;236;93m██[38;2;188;184;38m██[38;2;227;219;70m██████[38;2;214;202;54m██[38;2;227;219;70m██████[38;2;214;202;54m██[38;2;205;188;40m████[38;2;227;219;70m██[38;2;214;202;54m████[38;2;188;184;38m██[38;2;214;202;54m██[38;2;197;196;49m██[38;2;214;202;54m██[38;2;7;7;7m██    
      ██[38;2;252;248;103m██[38;2;245;248;105m████████[38;2;221;185;35m██[38;2;239;204;48m██[38;2;214;219;78m████████[38;2;231;236;93m██[38;2;188;184;38m██[38;2;235;235;96m██[38;2;188;184;38m██[38;2;227;219;70m████████[38;2;214;202;54m██[38;2;227;219;70m██[38;2;205;188;40m██[38;2;227;219;70m██[38;2;214;202;54m██[38;2;205;188;40m████[38;2;214;202;54m████[38;2;188;184;38m██[38;2;214;202;54m████[38;2;197;196;49m██[38;2;214;202;54m██[38;2;221;185;35m██[38;2;7;7;7m██  
      ██[38;2;214;219;78m██████████[38;2;221;185;35m██[38;2;231;236;93m██[38;2;252;236;40m██[38;2;197;196;49m██[38;2;252;236;40m████[38;2;197;196;49m██[38;2;188;184;38m██[38;2;235;235;96m██[38;2;214;219;78m██[38;2;188;184;38m██[38;2;227;219;70m██[38;2;205;188;40m██[38;2;227;219;70m██[38;2;214;202;54m██[38;2;227;219;70m████[38;2;214;202;54m██[38;2;188;184;38m████[38;2;214;202;54m████[38;2;7;7;7m██[38;2;197;196;49m██[38;2;214;202;54m██[38;2;221;185;35m██████[38;2;214;202;54m██[38;2;7;7;7m██  
  ████[38;2;235;235;96m██[38;2;188;184;38m████[38;2;231;236;93m████████[38;2;221;185;35m██[38;2;197;196;49m██[38;2;252;236;40m████[38;2;197;196;49m██[38;2;188;184;38m██[38;2;214;219;78m██[38;2;235;235;96m████[38;2;188;184;38m████[38;2;227;219;70m██[38;2;214;202;54m██[38;2;205;188;40m████[38;2;188;184;38m████[38;2;227;219;70m██[38;2;214;202;54m██[38;2;188;184;38m██[38;2;7;7;7m██  [38;2;167;163;18m██[38;2;221;185;35m██[38;2;239;204;48m████[38;2;197;196;49m██[38;2;214;202;54m██[38;2;205;188;40m██[38;2;7;7;7m██
  ██[38;2;235;235;96m██████[38;2;197;196;49m██[38;2;188;184;38m██[38;2;197;196;49m████████[38;2;231;236;93m██[38;2;197;196;49m████[38;2;188;184;38m████[38;2;235;235;96m██████[38;2;214;219;78m██[38;2;188;184;38m██[38;2;214;202;54m████[38;2;205;188;40m██[38;2;188;184;38m██[38;2;214;202;54m██[38;2;227;219;70m████[38;2;214;202;54m██[38;2;7;7;7m██      ██[38;2;197;196;49m██[38;2;214;202;54m████[38;2;197;196;49m██[38;2;227;219;70m██[38;2;7;7;7m██
  ██[38;2;235;235;96m████████[38;2;188;184;38m████[38;2;214;219;78m██████[38;2;197;196;49m██[38;2;188;184;38m████[38;2;214;219;78m██[38;2;252;248;103m██[38;2;214;219;78m██[38;2;235;235;96m██[38;2;214;219;78m██[38;2;188;184;38m██[38;2;214;202;54m██[38;2;205;188;40m██[38;2;214;202;54m██[38;2;188;184;38m██[38;2;227;219;70m██[38;2;214;202;54m██[38;2;227;219;70m████[38;2;214;202;54m██[38;2;227;219;70m██[38;2;7;7;7m██  ██[38;2;227;219;70m██[38;2;197;196;49m██[38;2;205;188;40m██[38;2;227;219;70m██[38;2;197;196;49m██[38;2;227;219;70m██[38;2;7;7;7m██
██[38;2;235;235;96m██████████[38;2;188;184;38m██[38;2;214;202;54m██[38;2;188;184;38m████████[38;2;235;235;96m██████[38;2;252;248;103m██[38;2;214;219;78m██[38;2;235;235;96m██[38;2;252;248;103m██[38;2;188;184;38m██[38;2;214;202;54m████[38;2;7;7;7m██[38;2;188;184;38m██[38;2;227;219;70m██[38;2;221;185;35m████████[38;2;227;219;70m██[38;2;7;7;7m██  ██[38;2;221;185;35m██[38;2;197;196;49m██[38;2;227;219;70m████[38;2;197;196;49m██[38;2;221;185;35m██[38;2;7;7;7m██
██[38;2;235;235;96m██████[38;2;7;7;7m████[38;2;214;202;54m██[38;2;197;196;49m██[38;2;214;202;54m██[38;2;188;184;38m██[38;2;235;235;96m████[38;2;252;248;103m██[38;2;235;235;96m████████[38;2;252;248;103m████[38;2;214;219;78m██[38;2;188;184;38m██[38;2;7;7;7m██  ██[38;2;221;185;35m██[38;2;239;204;48m████[38;2;227;219;70m██████[38;2;7;7;7m██    ████████████  
████████  ██[38;2;188;184;38m██[38;2;197;196;49m██[38;2;214;202;54m██[38;2;188;184;38m██[38;2;235;235;96m████████[38;2;214;219;78m██[38;2;252;248;103m██[38;2;214;219;78m██[38;2;252;248;103m██[38;2;7;7;7m██████      ██[38;2;221;185;35m██[38;2;205;188;40m██[38;2;227;219;70m██[38;2;221;185;35m██[38;2;239;229;80m██[38;2;227;219;70m██[38;2;7;7;7m██                
            ████[38;2;188;184;38m██[38;2;235;235;96m████████[38;2;214;219;78m██[38;2;252;248;103m████[38;2;7;7;7m████          ██[38;2;239;229;80m██[38;2;221;185;35m██[38;2;239;229;80m████[38;2;197;196;49m██[38;2;221;185;35m██[38;2;239;229;80m██[38;2;7;7;7m██                
                ██[38;2;235;235;96m████████[38;2;7;7;7m██████              ██[38;2;239;204;48m██[38;2;197;196;49m██[38;2;239;229;80m██[38;2;205;188;40m██[38;2;197;196;49m██[38;2;221;185;35m██[38;2;7;7;7m██                  
                ██████████                      ████████████                    
[0m