                                [38;2;0;0;0m██████                          
                              ██[38;2;253;218;0m██[38;2;252;217;0m████[38;2;0;0;0m██                        
                            ██[38;2;253;218;0m████[38;2;252;217;0m████[38;2;253;218;0m██[38;2;0;0;0m██                      
                            ██[38;2;255;226;18m██[38;2;210;123;46m██[38;2;211;126;46m██[38;2;253;218;0m████[38;2;0;0;0m██                      
              ██████          [38;2;74;0;0m██[38;2;188;59;87m██[38;2;191;63;87m██[38;2;211;126;46m██[38;2;253;218;0m████[38;2;0;0;0m██                    
          ████[38;2;252;217;0m████[38;2;253;218;0m██[38;2;0;0;0m██        ██[38;2;189;60;90m██[38;2;191;62;90m████[38;2;255;179;23m██[38;2;253;218;0m██[38;2;0;0;0m██                    
        ██[38;2;253;218;0m████[38;2;252;217;0m████[38;2;253;218;0m████[38;2;0;0;0m██        ██[38;2;191;62;90m████[38;2;255;179;23m██[38;2;253;218;0m██[38;2;0;0;0m██                    
      ██[38;2;253;218;0m██[38;2;252;217;0m████[38;2;255;225;16m██[38;2;185;101;36m██[38;2;195;111;40m██[38;2;253;218;0m██[38;2;0;0;0m██        ██[38;2;255;113;74m██[38;2;193;60;90m██[38;2;248;168;23m██[38;2;255;220;0m██[38;2;0;0;0m██                    
      ██[38;2;253;218;0m██[38;2;252;217;0m████[38;2;57;0;0m██[38;2;158;29;57m██[38;2;172;43;71m██[38;2;253;218;0m████[38;2;0;0;0m██      ██[38;2;255;113;74m██[38;2;193;60;90m██[38;2;255;220;0m██[38;2;0;0;8m██                      
        [38;2;0;0;0m██████  ██[38;2;255;113;74m██[38;2;193;60;90m██[38;2;253;218;0m██[38;2;0;0;0m██      ██[38;2;230;97;82m████[38;2;253;218;0m██[38;2;0;0;0m██                      
                ██[38;2;193;60;90m████[38;2;253;218;0m██[38;2;0;0;0m██      ██[38;2;230;97;82m██[38;2;253;218;0m██[38;2;0;0;0m██                        
                  [38;2;24;0;0m██[38;2;201;115;43m██[38;2;253;218;0m██[38;2;255;179;23m██[38;2;0;0;0m████[38;2;0;8;32m██[38;2;230;125;139m██[38;2;191;63;87m██[38;2;253;218;0m██[38;2;0;0;0m██                        
                  [38;2;24;0;0m██[38;2;255;223;10m██[38;2;253;218;0m████████[38;2;217;183;33m██[38;2;215;130;49m██[38;2;211;126;46m██[38;2;253;218;0m██[38;2;0;0;0m██                        
                ██[38;2;252;217;0m████████████████[38;2;253;218;0m██[38;2;0;0;0m██                          
              ██[38;2;255;255;255m██[38;2;252;217;0m████████████████[38;2;253;218;0m████[38;2;0;0;0m██                        
            ██████[38;2;253;218;0m████[38;2;252;217;0m████[38;2;255;255;255m██[38;2;0;0;0m██[38;2;252;217;0m████████[38;2;0;0;0m██                        
          ██[38;2;253;218;0m██[38;2;0;0;0m██[38;2;253;218;0m████[38;2;226;139;11m██[38;2;252;217;0m████[38;2;0;0;0m████[38;2;252;217;0m████████[38;2;253;218;0m██[38;2;0;0;0m██                      
          ██[38;2;253;218;0m██[38;2;252;217;0m████[38;2;253;218;0m████████[38;2;0;0;8m██[38;2;229;145;11m██[38;2;252;217;0m████████[38;2;253;218;0m██[38;2;0;0;0m██                      
        ██[38;2;253;218;0m████[38;2;252;217;0m████[38;2;65;64;65m██████[38;2;253;218;0m██[38;2;255;220;0m████[38;2;252;217;0m████████[38;2;253;218;0m████[38;2;0;0;0m██                    
      [38;2;24;12;0m██[38;2;43;53;68m██[38;2;253;218;0m██[38;2;255;255;255m██[38;2;252;217;0m████████████████████████████[38;2;0;0;0m██          ██████    
  ████[38;2;241;167;11m██[38;2;43;53;68m██[38;2;253;218;0m████[38;2;252;217;0m████████████████████████████[38;2;0;0;0m██        ██[38;2;253;218;0m██████[38;2;0;0;0m██  
██[38;2;236;156;11m████[38;2;65;64;65m██[38;2;236;157;11m██[38;2;255;232;55m██[38;2;255;255;255m██[38;2;255;232;59m██[38;2;253;218;0m██[38;2;252;217;0m████████[38;2;255;232;55m██[38;2;255;255;255m██[38;2;255;232;59m██[38;2;253;218;0m██[38;2;252;217;0m████[38;2;65;64;65m██[38;2;253;218;0m██[38;2;240;165;11m██[38;2;8;4;0m██    [38;2;0;0;0m██[38;2;253;218;0m██[38;2;255;255;255m██[38;2;253;218;0m████[38;2;236;156;11m██[38;2;0;0;0m██
██[38;2;236;156;11m████[38;2;65;64;65m██[38;2;236;157;11m██[38;2;255;255;255m████[38;2;255;255;254m██[38;2;253;218;0m██[38;2;252;217;0m████████[38;2;255;255;255m████[38;2;255;255;254m██[38;2;253;218;0m██[38;2;252;217;0m████[38;2;253;218;0m██[38;2;65;64;65m████[38;2;8;4;0m██    [38;2;0;0;0m██[38;2;253;218;0m██████[38;2;236;156;11m████[38;2;0;0;0m██
  ██████[38;2;236;157;11m██[38;2;255;232;59m██[38;2;255;255;254m██[38;2;255;232;55m██[38;2;253;218;0m████[38;2;255;255;255m████[38;2;253;218;0m██[38;2;255;232;59m██[38;2;255;255;254m██[38;2;255;232;55m██[38;2;253;218;0m██[38;2;242;171;11m██[38;2;247;211;0m██[38;2;252;217;0m████[38;2;253;218;0m██[38;2;236;156;11m██[38;2;0;0;0m██  ██[38;2;236;157;11m██[38;2;236;156;11m████[38;2;236;157;11m████[38;2;0;0;0m██
        ██[38;2;253;218;0m██████████[38;2;255;255;255m████[38;2;253;218;0m██████████[38;2;247;211;0m██[38;2;57;60;74m██[38;2;252;217;0m████[38;2;253;218;0m██████[38;2;0;0;0m██  ██[38;2;236;156;11m████[38;2;236;157;11m██[38;2;0;0;0m██  
        ██[38;2;255;255;255m██[38;2;252;217;0m██████[38;2;253;218;0m████[38;2;252;217;0m████[38;2;253;218;0m██[38;2;255;255;255m██[38;2;252;217;0m████[38;2;253;218;0m████[38;2;65;64;65m████[38;2;253;218;0m██████[38;2;0;0;0m██    ██████    
          [38;2;0;4;16m██[38;2;255;255;255m██[38;2;252;217;0m████[38;2;255;255;255m████[38;2;252;217;0m████[38;2;253;218;0m████[38;2;252;217;0m████[38;2;253;218;0m██[38;2;191;198;202m██[38;2;189;198;205m████[38;2;0;0;0m██████    ████        
          ██[38;2;255;255;255m████████████[38;2;253;218;0m████[38;2;255;255;255m██[38;2;255;253;237m██[38;2;253;218;0m██[38;2;191;198;202m████[38;2;189;198;205m██[38;2;0;0;0m██        ████          
            ██[38;2;255;255;255m████████████████[38;2;191;198;202m████████[38;2;0;0;0m██            ████        
              [38;2;16;8;0m██[38;2;35;49;68m██[38;2;255;255;255m████████[38;2;191;198;202m████[38;2;189;198;205m██████[38;2;0;0;0m██████            ████      
            ██[38;2;238;161;11m████[38;2;65;64;65m████[38;2;191;198;202m████████[38;2;189;198;205m██[38;2;65;64;65m██[38;2;0;0;0m██    ████    ██████████      
          ██[38;2;253;218;0m██[38;2;255;220;0m██[38;2;229;145;11m██[38;2;236;157;11m██[38;2;0;0;0m████████[38;2;65;64;65m████[38;2;236;157;11m██[38;2;0;0;0m██      ████████              
            ██[38;2;0;0;8m████[38;2;0;0;0m██        ██[38;2;236;157;11m████[38;2;253;218;0m██[38;2;0;0;0m██      ████                
                            ██[38;2;253;218;0m██████[38;2;0;0;0m██                          
                              ██████                            
[0m