        [38;2;0;0;0m████                  
      ██[38;2;88;201;81m██[38;2;56;169;49m██[38;2;0;0;0m██    ██████      
    ██[38;2;56;169;49m██[38;2;189;90;115m██[38;2;88;201;81m██[38;2;0;0;0m██  ██[38;2;56;169;49m██[38;2;132;245;125m██[38;2;65;65;65m██[38;2;0;0;0m██    
    ██[38;2;56;169;49m██[38;2;189;90;115m██[38;2;56;169;49m██[38;2;65;65;65m██[38;2;0;0;0m████[38;2;247;107;140m██[38;2;132;245;125m██[38;2;56;169;49m██[38;2;0;0;0m██    
      ██[38;2;56;169;49m██[38;2;132;245;125m████[38;2;88;201;81m██[38;2;65;65;65m██[38;2;247;107;140m██[38;2;132;245;125m██[38;2;56;169;49m██[38;2;0;0;0m██    
    ██[38;2;255;255;255m██[38;2;132;245;125m██████████[38;2;56;169;49m████[38;2;0;0;0m██      
    ██[38;2;65;65;65m██[38;2;132;245;125m████[38;2;255;255;255m██[38;2;56;169;49m██[38;2;132;245;125m████[38;2;0;0;0m██        
  ██[38;2;132;245;125m██[38;2;189;90;115m██[38;2;247;107;140m██[38;2;132;245;125m██[38;2;0;0;0m██[38;2;88;201;81m██[38;2;132;245;125m████[38;2;0;0;0m██        
  ██[38;2;132;245;125m████████████[38;2;255;255;255m██[38;2;132;245;125m████[38;2;0;0;0m██      
██[38;2;132;245;125m██[38;2;56;169;49m██[38;2;132;245;125m████████████████[38;2;0;0;0m██  ████
██[38;2;88;201;81m██[38;2;56;169;49m██[38;2;132;245;125m██████[38;2;65;65;65m██[38;2;132;245;125m████████[38;2;0;0;0m████████
  ████[38;2;65;65;65m██[38;2;132;245;125m██[38;2;65;65;65m██[38;2;132;245;125m██[38;2;65;65;65m██[38;2;132;245;125m████[38;2;0;0;0m██    ██  
      ██[38;2;65;65;65m████[38;2;132;245;125m██[38;2;65;65;65m████[38;2;0;0;0m██    ██    
    ██[38;2;65;65;65m██[38;2;88;201;81m████[38;2;65;65;65m██[38;2;88;201;81m████[38;2;65;65;65m██[38;2;0;0;0m██    ████
    ██[38;2;88;201;81m██[38;2;132;245;125m██████[38;2;88;201;81m██████[38;2;0;0;0m██  ████  
    ██[38;2;132;245;125m██████████[38;2;88;201;81m████[38;2;0;0;0m████      
    ██[38;2;65;65;65m██[38;2;132;245;125m██████[38;2;88;201;81m████[38;2;65;65;65m██[38;2;0;0;0m██        
      ████[38;2;88;201;81m██████[38;2;0;0;0m████          
          ██████              
[0m