                                  [38;2;0;0;0m██████            
                                  ██[38;2;255;214;49m██[38;2;0;0;0m██            
                                  ██[38;2;255;214;49m██[38;2;0;0;0m██            
                              ████[38;2;101;139;165m██[38;2;0;0;0m██              
                            ██[38;2;101;139;165m████[38;2;0;0;0m██                
                          ██[38;2;255;214;49m████[38;2;0;0;0m██                  
                    ████  ██[38;2;101;139;165m██████[38;2;0;0;0m██                
                  ██[38;2;189;165;66m██[38;2;101;139;165m██[38;2;0;0;0m██  ██[38;2;101;139;165m██████[38;2;0;0;0m██              
                  ██[38;2;255;214;49m██[38;2;101;139;165m██[38;2;65;65;65m██[38;2;0;0;0m██[38;2;255;214;49m████[38;2;101;139;165m██[38;2;69;103;129m██[38;2;0;0;0m██              
              ██  ██[38;2;189;165;66m██[38;2;101;139;165m██[38;2;65;65;65m██[38;2;101;139;165m██████[38;2;189;165;66m██[38;2;69;103;129m██[38;2;0;0;0m██              
            ██[38;2;69;103;129m██[38;2;0;0;0m██[38;2;65;65;65m██[38;2;255;214;49m██[38;2;101;139;165m██[38;2;65;65;65m██[38;2;101;139;165m████[38;2;65;65;65m████[38;2;69;103;129m██[38;2;0;0;0m██              
            ██[38;2;69;103;129m██[38;2;65;65;65m██[38;2;189;165;66m██[38;2;69;103;129m██[38;2;101;139;165m██████[38;2;65;65;65m██[38;2;101;139;165m████[38;2;0;0;0m██                
            ██[38;2;65;65;65m██[38;2;101;139;165m██[38;2;255;214;49m██[38;2;69;103;129m██[38;2;101;139;165m████[38;2;69;103;129m██[38;2;101;139;165m██████[38;2;0;0;0m██                
            ██[38;2;101;139;165m██[38;2;255;214;49m██[38;2;69;103;129m██[38;2;101;139;165m████████████████[38;2;0;0;0m██              
          ██[38;2;101;139;165m██[38;2;255;214;49m██[38;2;69;103;129m██[38;2;101;139;165m████████[38;2;65;65;65m██[38;2;101;139;165m████████[38;2;0;0;0m██              
          ██[38;2;197;66;140m██[38;2;0;0;0m██[38;2;69;103;129m██[38;2;101;139;165m██████[38;2;65;65;65m██[38;2;247;90;167m██[38;2;65;65;65m████[38;2;101;139;165m████[38;2;0;0;0m██              
            ██[38;2;247;90;167m██[38;2;69;103;129m██[38;2;101;139;165m████[38;2;65;65;65m██[38;2;0;0;0m██[38;2;255;255;255m██[38;2;247;90;167m██[38;2;101;139;165m████[38;2;0;0;0m██                
            ██[38;2;101;139;165m████████████[38;2;247;90;167m██[38;2;101;139;165m████[38;2;255;214;49m██[38;2;0;0;0m██                
              ██[38;2;101;139;165m████████████[38;2;189;165;66m██[38;2;255;214;49m██[38;2;0;0;0m██                  
    ████████    ████[38;2;101;139;165m██[38;2;255;214;49m██[38;2;189;165;66m██[38;2;255;214;49m██[38;2;101;139;165m██[38;2;0;0;0m██                    
  ██[38;2;65;65;65m████[38;2;69;103;129m████[38;2;0;0;0m██      ██[38;2;65;65;65m██████[38;2;69;103;129m████[38;2;0;0;0m██████              
  ██[38;2;255;214;49m████[38;2;65;65;65m██[38;2;69;103;129m████[38;2;0;0;0m██████[38;2;69;103;129m██████[38;2;65;65;65m██[38;2;69;103;129m████[38;2;101;139;165m████[38;2;69;103;129m██[38;2;0;0;0m██████        
██[38;2;247;90;167m██████[38;2;255;214;49m██[38;2;65;65;65m██[38;2;69;103;129m████████[38;2;0;0;0m██████[38;2;65;65;65m██[38;2;255;214;49m██[38;2;69;103;129m██[38;2;65;65;65m████[38;2;101;139;165m████████[38;2;0;0;0m████    
  ██[38;2;65;65;65m██[38;2;247;90;167m████[38;2;255;214;49m████[38;2;69;103;129m████[38;2;0;0;0m██    ██[38;2;69;103;129m██[38;2;255;214;49m████[38;2;69;103;129m████[38;2;65;65;65m██[38;2;101;139;165m████████[38;2;65;65;65m██[38;2;0;0;0m██  
  ██[38;2;197;66;140m██[38;2;247;90;167m██[38;2;69;103;129m██[38;2;247;90;167m██[38;2;189;165;66m██[38;2;0;0;0m████    ██[38;2;101;139;165m██[38;2;255;214;49m██[38;2;197;66;140m████[38;2;255;214;49m██[38;2;69;103;129m██[38;2;65;65;65m██[38;2;101;139;165m████[38;2;65;65;65m████[38;2;255;214;49m██[38;2;0;0;0m██  
  ██[38;2;247;90;167m██[38;2;0;0;0m████[38;2;247;90;167m██[38;2;0;0;0m██      ██[38;2;101;139;165m████[38;2;255;214;49m██[38;2;197;66;140m██████[38;2;255;214;49m██[38;2;65;65;65m██[38;2;101;139;165m██[38;2;65;65;65m██[38;2;255;214;49m████[38;2;197;66;140m████[38;2;0;0;0m██
  ████    ██        ██[38;2;65;65;65m██[38;2;255;214;49m██[38;2;197;66;140m██[38;2;247;90;167m████[38;2;197;66;140m██[38;2;255;214;49m██[38;2;69;103;129m██[38;2;65;65;65m██[38;2;255;214;49m██[38;2;247;90;167m██[38;2;65;65;65m██[38;2;247;90;167m██[38;2;65;65;65m██[38;2;0;0;0m██
                      ████[38;2;247;90;167m██[38;2;0;0;0m████[38;2;247;90;167m██[38;2;197;66;140m██[38;2;255;214;49m██[38;2;0;0;0m██[38;2;189;165;66m██[38;2;247;90;167m██[38;2;65;65;65m██[38;2;247;90;167m██[38;2;65;65;65m██[38;2;0;0;0m██
                          ████  ██[38;2;247;90;167m██[38;2;0;0;0m██  ██[38;2;247;90;167m██[38;2;0;0;0m██[38;2;247;90;167m██[38;2;0;0;0m██  
                                ████      ██  ██    
[0m