            [38;2;0;0;0m██████████                                                  
          ██[38;2;235;255;236m██[38;2;46;175;49m██[38;2;235;255;236m██[38;2;245;255;245m██[38;2;20;140;22m██[38;2;0;0;0m████                                              
            ██[38;2;235;255;236m██[38;2;46;175;49m██[38;2;132;231;135m████[38;2;56;185;59m██[38;2;135;232;139m██[38;2;0;0;0m██                                    ██████  
            ██[38;2;143;235;146m████[38;2;52;181;55m██[38;2;142;235;145m██[38;2;81;110;66m██[38;2;82;78;68m██[38;2;0;0;0m██      ██████                  ██████[38;2;241;255;241m██[38;2;143;235;146m████[38;2;0;0;0m██
            ██[38;2;82;81;66m██[38;2;143;235;146m██[38;2;142;235;145m██[38;2;82;69;66m██[38;2;82;78;68m██[38;2;81;110;66m██[38;2;0;0;0m██  ████[38;2;97;131;79m██[38;2;62;94;45m██[38;2;90;131;68m██[38;2;0;0;0m████            ██[38;2;235;255;236m████[38;2;24;146;26m██[38;2;132;231;135m██[38;2;143;235;146m██[38;2;0;0;0m██  
              ██[38;2;14;130;16m██[38;2;82;78;68m██[38;2;81;110;66m██[38;2;81;108;67m██[38;2;160;63;88m██[38;2;79;81;65m██[38;2;0;0;8m██[38;2;239;142;167m██[38;2;68;84;60m██[38;2;239;142;167m██[38;2;68;84;60m██[38;2;92;135;68m████[38;2;61;99;41m██[38;2;0;0;8m██        [38;2;0;0;0m██[38;2;235;255;236m████[38;2;82;81;68m██[38;2;142;235;145m████[38;2;82;81;66m██[38;2;143;235;146m██[38;2;0;0;0m██
              ██[38;2;92;113;80m██[38;2;81;110;66m████[38;2;160;63;88m██[38;2;196;99;124m██[38;2;79;81;65m██[38;2;239;255;240m██[38;2;68;84;60m██[38;2;218;255;219m██[38;2;68;84;60m██[38;2;218;255;219m██[38;2;229;132;157m██[38;2;82;80;62m██[38;2;93;134;71m████[38;2;0;0;0m██      ██[38;2;235;255;236m██[38;2;82;81;68m████[38;2;142;235;145m████[38;2;82;81;66m██[38;2;143;235;146m██[38;2;0;0;0m██
                ██[38;2;82;111;67m██[38;2;162;65;90m██[38;2;82;81;68m████[38;2;82;79;68m████[38;2;93;83;68m██[38;2;235;255;236m██[38;2;82;81;68m██[38;2;235;255;236m██[38;2;82;81;68m██[38;2;235;255;236m██[38;2;232;135;160m██[38;2;90;127;71m██[38;2;0;0;0m██      [38;2;0;0;8m██[38;2;61;99;41m██[38;2;84;114;68m████[38;2;82;78;68m████[38;2;14;130;16m██[38;2;0;0;0m██  
                  ████[38;2;82;81;68m██[38;2;235;255;236m██[38;2;82;79;68m████[38;2;93;83;68m████[38;2;82;81;68m██████[38;2;235;255;236m██[38;2;99;89;66m████[38;2;82;79;70m██[38;2;0;0;0m██  ██[38;2;93;134;71m████[38;2;84;114;68m██[38;2;255;255;255m██[38;2;81;110;66m████[38;2;92;113;80m██[38;2;0;0;0m██  
                      ██[38;2;239;255;240m██[38;2;232;135;160m██[38;2;82;109;68m██[38;2;255;255;247m██[38;2;49;8;0m██[38;2;66;104;46m████[38;2;83;88;80m████[38;2;82;78;68m████[38;2;82;111;67m██[38;2;0;0;0m██  ██[38;2;91;135;67m████[38;2;80;125;55m██[38;2;255;251;247m██[38;2;79;79;79m██[38;2;239;239;239m██[38;2;0;0;0m██    
                      ██[38;2;74;73;74m██[38;2;232;135;160m██[38;2;82;109;68m██[38;2;85;108;73m████[38;2;125;154;110m██[38;2;255;247;239m██[38;2;8;0;0m██[38;2;255;255;247m██[38;2;82;78;68m██[38;2;81;110;66m██[38;2;82;111;67m██[38;2;0;0;0m██  ██[38;2;84;111;70m██[38;2;91;135;67m██[38;2;80;125;55m██[38;2;133;178;109m██[38;2;239;239;239m██[38;2;0;0;0m██      
                    ██[38;2;106;104;139m██[38;2;231;234;239m██[38;2;74;73;74m████[38;2;90;77;74m████[38;2;67;99;49m██[38;2;121;146;108m██[38;2;227;130;155m██[38;2;74;77;66m██[38;2;82;109;68m████[38;2;81;110;66m██[38;2;82;78;68m██[38;2;0;12;16m██[38;2;238;141;166m██[38;2;234;137;162m██[38;2;152;55;80m██[38;2;0;0;0m██████        
                    ██[38;2;231;234;239m████[38;2;232;227;239m██[38;2;126;124;129m██[38;2;134;127;128m██[38;2;222;226;239m██[38;2;247;231;231m██[38;2;121;146;108m██[38;2;74;77;66m██[38;2;86;113;71m██[38;2;82;109;68m████[38;2;82;78;68m████[38;2;68;111;45m████[38;2;66;106;44m██[38;2;0;8;16m██              
                      [38;2;16;0;0m██[38;2;255;227;231m██[38;2;231;234;239m██[38;2;106;104;139m██[38;2;231;234;239m████[38;2;134;144;148m████[38;2;121;122;129m██[38;2;66;68;74m██[38;2;82;81;66m████[38;2;231;234;239m██[38;2;82;81;66m██[38;2;196;99;124m████[38;2;0;0;0m██                
                    ██[38;2;185;88;113m████[38;2;231;234;239m████[38;2;106;104;139m████[38;2;106;104;140m████[38;2;232;231;239m████[38;2;231;234;239m████████[38;2;79;78;71m████[38;2;231;234;239m██[38;2;0;0;0m██              
          ████  ██[38;2;0;16;16m██[38;2;57;92;38m██[38;2;205;108;133m██[38;2;160;63;88m██[38;2;106;104;139m██[38;2;231;234;239m██[38;2;233;235;236m████[38;2;231;234;239m████████████[38;2;137;144;151m██[38;2;231;234;239m██[38;2;231;235;231m████[38;2;120;124;142m██[38;2;0;0;0m██              
    ██████[38;2;82;111;67m████[38;2;0;0;0m██[38;2;160;63;88m██[38;2;207;110;135m██[38;2;57;92;38m██[38;2;78;110;60m██[38;2;0;8;16m██[38;2;106;104;139m████[38;2;233;235;236m████[38;2;231;234;239m██[38;2;137;144;151m██[38;2;106;104;139m██████[38;2;231;234;239m██████[38;2;99;102;132m██[38;2;143;146;165m██[38;2;120;124;142m██[38;2;0;0;0m██              
  [38;2;0;4;0m██[38;2;241;255;241m██[38;2;235;255;236m██[38;2;82;81;68m██[38;2;82;109;68m████[38;2;81;110;66m██[38;2;82;78;68m██[38;2;198;101;126m████[38;2;0;0;0m██  ████[38;2;108;107;140m████[38;2;106;104;140m████[38;2;136;145;148m████[38;2;136;144;148m██[38;2;110;105;140m██[38;2;115;116;142m████[38;2;196;99;124m██[38;2;82;85;82m██[38;2;0;0;0m██                
██[38;2;241;255;241m██[38;2;134;231;137m██[38;2;82;81;68m████[38;2;85;95;73m██[38;2;82;109;68m██[38;2;81;110;66m████[38;2;68;44;32m██[38;2;0;12;16m██        [38;2;8;4;0m██[38;2;58;56;70m██[38;2;134;144;148m████[38;2;66;65;66m████[38;2;136;144;148m████[38;2;115;116;142m██[38;2;0;0;0m██[38;2;82;85;82m██[38;2;196;99;124m████[38;2;0;0;0m██              
  ██[38;2;24;146;26m██[38;2;142;235;145m██[38;2;82;69;66m██[38;2;87;82;77m██[38;2;247;239;231m██[38;2;231;234;239m██[38;2;0;0;0m████          ██[38;2;71;71;77m██[38;2;74;69;66m████[38;2;197;100;125m████[38;2;68;69;66m████[38;2;0;0;0m██  ██[38;2;66;65;66m██[38;2;82;109;68m████[38;2;0;0;0m██████        
  ██[38;2;132;231;135m██[38;2;52;181;55m██[38;2;142;235;145m██[38;2;8;4;0m████[38;2;0;0;0m██            ██[38;2;142;142;154m██[38;2;214;214;231m██[38;2;74;69;66m██[38;2;232;135;160m████[38;2;197;100;125m██[38;2;196;99;124m██[38;2;68;69;66m██[38;2;231;234;239m██[38;2;0;0;0m██  ██[38;2;232;135;160m████[38;2;62;94;45m██[38;2;97;131;79m██[38;2;90;131;68m██[38;2;0;0;0m██      
    ██████                ██[38;2;120;124;142m██[38;2;231;234;239m██████[38;2;82;81;66m██████[38;2;66;68;74m██[38;2;232;231;239m██[38;2;231;235;231m██[38;2;99;102;132m██[38;2;0;0;0m██  ██[38;2;62;94;45m██[38;2;90;135;65m████[38;2;89;135;65m████[38;2;0;0;0m██    
                        ██[38;2;60;62;71m██[38;2;120;124;142m██[38;2;106;104;139m████[38;2;231;234;239m████████[38;2;232;231;239m██[38;2;121;122;129m██[38;2;99;102;132m██[38;2;143;146;165m██[38;2;0;0;0m██  ██[38;2;97;131;79m██[38;2;90;135;65m██[38;2;82;81;66m██[38;2;85;79;68m████[38;2;143;235;146m██[38;2;0;0;0m██  
                      [38;2;0;4;0m██[38;2;155;58;83m██[38;2;82;109;68m██[38;2;66;65;66m██[38;2;110;113;128m██[38;2;132;140;156m██[38;2;99;102;132m██[38;2;231;235;231m████[38;2;99;103;123m██[38;2;110;113;128m██[38;2;132;140;156m██[38;2;137;142;148m██[38;2;0;0;0m██    [38;2;8;0;0m██[38;2;70;197;73m██[38;2;82;81;66m██[38;2;241;255;241m██[38;2;235;255;236m██[38;2;82;81;68m██[38;2;140;234;143m██[38;2;0;0;0m██  
                      [38;2;0;4;0m██[38;2;199;102;127m██[38;2;161;64;89m██[38;2;82;109;68m██[38;2;67;60;74m██[38;2;132;140;156m██[38;2;143;146;165m██[38;2;99;102;132m██[38;2;143;147;159m████[38;2;132;140;156m██[38;2;67;60;74m██[38;2;68;71;74m██[38;2;0;0;0m██    [38;2;8;0;0m██[38;2;236;255;237m██[38;2;132;231;135m██[38;2;82;81;66m██[38;2;235;255;236m████[38;2;27;151;29m██[38;2;0;0;0m██  
                        ██[38;2;196;99;124m████[38;2;160;63;88m██[38;2;0;0;0m██[38;2;120;124;142m████[38;2;140;146;140m████[38;2;57;69;66m██[38;2;81;113;64m████[38;2;57;69;66m██[38;2;0;0;0m██    ██[38;2;235;255;236m██[38;2;82;81;68m██[38;2;79;81;63m██[38;2;238;255;238m██[38;2;0;0;0m██    
                      ██[38;2;143;235;146m██[38;2;74;81;74m██[38;2;80;110;63m██[38;2;0;0;0m██  ████[38;2;8;0;0m██[38;2;96;97;93m██[38;2;230;133;158m██[38;2;163;66;91m████[38;2;230;133;158m██[38;2;0;0;0m██    ██[38;2;82;81;68m██[38;2;235;255;236m██[38;2;0;0;8m██[38;2;238;255;238m██[38;2;66;65;66m██    
                    [38;2;0;0;0m██[38;2;135;232;139m██[38;2;56;185;59m██[38;2;132;231;135m██[38;2;24;146;26m██[38;2;0;0;0m██        ██[38;2;156;59;84m██[38;2;238;141;166m██[38;2;232;135;160m██[38;2;82;109;68m██[38;2;56;185;59m██[38;2;0;0;0m██    ████  ██      
                      ████████            [38;2;0;12;16m██[38;2;68;111;45m██[38;2;82;109;68m████[38;2;135;232;139m██[38;2;0;0;0m██                  
                                        ██[38;2;224;255;225m██[38;2;64;192;66m██[38;2;235;255;236m████[38;2;66;65;66m██[38;2;0;0;0m██                  
                                          ██████████                    
[0m