                          [38;2;0;0;0m██                            
                    ██  ██[38;2;255;255;255m██[38;2;0;0;0m██                          
                  ██[38;2;255;255;255m██[38;2;16;12;16m██[38;2;95;93;95m██[38;2;255;255;255m██[38;2;8;4;8m██  [38;2;0;0;0m████                    
                  ██[38;2;255;255;255m██[38;2;95;93;95m██[38;2;255;255;255m████[38;2;172;171;172m██[38;2;0;0;0m██[38;2;189;190;189m██[38;2;0;0;0m██                    
              ████[38;2;107;106;107m██[38;2;255;255;255m████████[38;2;189;188;189m██[38;2;189;190;189m████[38;2;0;0;0m██  ████              
              ██[38;2;255;255;255m██[38;2;107;106;107m██[38;2;255;255;255m██████[38;2;189;188;189m████[38;2;189;190;189m██[38;2;0;0;0m██  ██[38;2;189;190;189m██[38;2;63;63;63m██[38;2;0;0;0m████          
              ██[38;2;255;255;255m████████[38;2;192;191;192m██[38;2;66;65;66m████████[38;2;0;0;0m██[38;2;181;182;181m██[38;2;189;190;189m██████[38;2;0;0;0m██    ██    
                ██[38;2;255;255;255m████[38;2;66;65;66m████[38;2;107;107;107m████████[38;2;120;121;120m██[38;2;60;60;60m██[38;2;66;65;66m██[38;2;189;190;189m██[38;2;0;0;0m██    ██[38;2;107;107;107m██[38;2;0;0;0m██  
              ██[38;2;107;107;107m██[38;2;247;251;247m██[38;2;57;60;57m██[38;2;107;107;107m████[38;2;107;105;107m████████████[38;2;107;107;107m██[38;2;66;65;66m██[38;2;189;190;189m██[38;2;0;0;0m██  ██[38;2;107;107;107m██[38;2;0;0;0m██  
            ██[38;2;107;107;107m████[38;2;57;60;57m██[38;2;120;123;120m██[38;2;107;107;107m████[38;2;107;105;107m██[38;2;247;75;0m████████[38;2;107;105;107m██[38;2;107;107;107m████[38;2;63;63;63m████[38;2;0;0;0m██[38;2;107;107;107m██████[38;2;0;0;0m██
          ██[38;2;115;117;115m██[38;2;127;125;127m██[38;2;107;105;107m██[38;2;107;107;107m██████[38;2;242;71;0m██[38;2;247;75;0m██[38;2;78;195;54m██[38;2;83;217;61m████[38;2;81;217;61m██[38;2;247;75;0m██[38;2;237;67;0m██[38;2;147;165;68m██[38;2;135;87;70m██[38;2;66;73;82m██[38;2;107;107;107m████[38;2;230;68;0m████[38;2;0;0;0m██
  ████    ██[38;2;115;117;115m██[38;2;107;105;107m████[38;2;107;107;107m████[38;2;242;71;0m████[38;2;78;195;54m████[38;2;83;217;61m████[38;2;81;217;61m████[38;2;59;200;116m██[38;2;237;67;0m██[38;2;231;83;0m██[38;2;66;73;82m██[38;2;231;70;0m████[38;2;56;188;0m████[38;2;0;0;0m██
  [38;2;0;4;0m██[38;2;198;195;198m██[38;2;0;0;0m████[38;2;107;105;107m██[38;2;127;125;127m██[38;2;107;107;107m██████[38;2;237;74;0m██[38;2;242;71;0m██[38;2;255;255;255m██[38;2;117;204;107m██[38;2;0;161;0m██[38;2;81;217;57m████[38;2;83;218;60m████[38;2;62;223;0m██[38;2;73;182;23m██[38;2;76;183;26m██[38;2;89;130;73m██[38;2;57;186;0m██████[38;2;0;0;0m██  
  [38;2;0;4;0m██[38;2;99;99;99m██[38;2;189;190;189m██[38;2;63;63;63m██[38;2;107;105;107m██[38;2;127;125;127m██[38;2;107;107;107m██████[38;2;237;74;0m██[38;2;242;71;0m████[38;2;247;255;247m██[38;2;117;204;107m██[38;2;69;136;52m██[38;2;81;217;57m██[38;2;107;107;107m██[38;2;83;218;60m██[38;2;73;182;23m██[38;2;66;69;57m██[38;2;79;62;79m██[38;2;76;183;26m██[38;2;0;0;0m██[38;2;57;186;0m████[38;2;0;0;0m██  
██[38;2;189;190;189m██████[38;2;66;65;66m██[38;2;107;107;107m████████[38;2;247;75;0m██[38;2;255;255;255m██[38;2;0;0;0m██[38;2;247;75;0m██[38;2;255;255;255m██[38;2;83;218;60m██[38;2;80;131;63m██[38;2;83;218;60m██[38;2;120;123;120m██[38;2;57;60;57m██[38;2;66;65;66m██[38;2;255;255;255m████[38;2;16;12;16m██  [38;2;0;0;0m██[38;2;56;188;0m██[38;2;0;0;0m██  
  [38;2;8;4;8m██[38;2;98;97;98m██[38;2;189;190;189m██[38;2;66;65;66m██[38;2;107;107;107m████████[38;2;247;75;0m██[38;2;255;255;255m██[38;2;0;0;0m██[38;2;247;75;0m██[38;2;255;255;255m██[38;2;83;218;60m██[38;2;80;131;63m██[38;2;66;69;57m██[38;2;57;60;57m██[38;2;247;251;247m██[38;2;255;255;255m████[38;2;95;93;95m████[38;2;0;0;0m██  ██    
  ██[38;2;189;190;189m████[38;2;74;98;74m██[38;2;71;60;68m██[38;2;97;145;85m██[38;2;145;89;73m██[38;2;247;88;0m██[38;2;81;217;57m██[38;2;69;136;52m██[38;2;255;255;255m████[38;2;76;133;56m██[38;2;59;223;11m██[38;2;70;97;70m██[38;2;255;255;255m████████████████[38;2;0;0;0m██      
    ██[38;2;74;98;74m████[38;2;104;211;85m██[38;2;71;60;68m██[38;2;66;73;82m████[38;2;81;217;57m████[38;2;81;107;66m████[38;2;66;69;57m██[38;2;71;183;46m██[38;2;70;97;70m████[38;2;66;65;66m██[38;2;255;255;255m██████[38;2;107;106;107m████[38;2;0;0;0m██        
      ██[38;2;83;218;60m██[38;2;83;217;61m████████[38;2;66;65;66m████[38;2;57;186;0m██[38;2;66;65;66m██[38;2;57;186;0m██[38;2;66;65;66m██[38;2;68;139;50m██[38;2;56;187;0m██[38;2;66;65;66m██[38;2;0;0;0m████[38;2;255;255;255m████[38;2;0;0;0m██          
      ██[38;2;83;218;60m██[38;2;83;217;61m████████[38;2;83;218;60m████[38;2;66;65;66m██[38;2;57;186;0m██████[38;2;68;139;50m██[38;2;56;187;0m██[38;2;0;0;0m██    ████            
      ██[38;2;83;218;60m██████[38;2;83;217;61m████[38;2;83;218;60m██[38;2;59;185;0m██[38;2;57;186;0m████████[38;2;0;0;0m████                      
        ████[38;2;83;218;60m██[38;2;83;217;61m████[38;2;59;185;0m████[38;2;57;186;0m██[38;2;0;0;0m██████                          
            ████████████                                
[0m