                [38;2;0;0;0m████                                
            ████[38;2;255;255;255m██[38;2;65;65;65m██[38;2;0;0;0m██                              
          ██[38;2;65;65;65m██[38;2;255;255;255m██████[38;2;0;0;0m██          ████                
        ██[38;2;59;94;153m████[38;2;65;65;65m██[38;2;189;189;189m██[38;2;65;65;65m██[38;2;59;94;153m██[38;2;0;0;0m████  ████[38;2;255;255;255m██[38;2;65;65;65m██[38;2;0;0;0m██              
        ██[38;2;59;94;153m████████████████[38;2;0;0;0m██[38;2;65;65;65m██[38;2;255;255;255m██████[38;2;0;0;0m██              
        ██[38;2;59;94;153m██[38;2;63;54;98m████[38;2;59;94;153m██████████████[38;2;65;65;65m██[38;2;189;189;189m██[38;2;65;65;65m██[38;2;59;94;153m██[38;2;0;0;0m██            
      ██[38;2;59;94;153m██[38;2;63;54;98m██[38;2;244;255;108m████[38;2;63;54;98m██[38;2;59;94;153m████████████████████[38;2;0;0;0m██            
      ██[38;2;59;94;153m██[38;2;63;54;98m████████[38;2;59;94;153m██████[38;2;63;54;98m████[38;2;59;94;153m████████[38;2;0;0;0m██              
      ██[38;2;59;94;153m██[38;2;63;54;98m████████[38;2;59;94;153m████[38;2;63;54;98m██[38;2;244;255;108m████[38;2;63;54;98m██[38;2;59;94;153m████[38;2;63;54;98m██[38;2;59;94;153m██[38;2;0;0;0m████          
    ██[38;2;59;94;153m██[38;2;63;54;98m██[38;2;244;255;108m████[38;2;63;54;98m██[38;2;59;94;153m████[38;2;63;76;129m██[38;2;63;54;98m████████[38;2;59;94;153m██[38;2;63;54;98m██████[38;2;189;189;189m██[38;2;65;65;65m██[38;2;0;0;0m██        
  ████[38;2;63;54;98m████████[38;2;59;94;153m████[38;2;63;76;129m████[38;2;63;54;98m████[38;2;59;94;153m██████[38;2;63;54;98m██[38;2;63;76;129m████[38;2;65;65;65m████[38;2;189;189;189m██[38;2;0;0;0m██      
██[38;2;189;189;189m██████[38;2;59;94;153m██[38;2;63;54;98m████[38;2;59;94;153m████[38;2;63;76;129m██[38;2;63;54;98m██[38;2;244;255;108m████[38;2;63;54;98m██[38;2;59;94;153m██[38;2;63;76;129m██[38;2;63;54;98m██[38;2;63;76;129m████[38;2;59;94;153m████[38;2;65;65;65m██[38;2;0;0;0m██      
  ████[38;2;189;189;189m████[38;2;63;54;98m██[38;2;59;94;153m████[38;2;63;76;129m████[38;2;63;54;98m████████[38;2;59;94;153m██[38;2;63;54;98m██[38;2;193;205;50m████[38;2;63;76;129m██[38;2;244;255;108m██[38;2;59;94;153m██[38;2;244;255;108m██[38;2;0;0;0m██  ██  
    ██[38;2;63;54;98m██████[38;2;59;94;153m████[38;2;63;76;129m██[38;2;63;54;98m██[38;2;255;255;255m██[38;2;189;189;189m██[38;2;63;54;98m████████[38;2;193;205;50m████[38;2;244;255;108m██████████[38;2;0;0;0m██[38;2;59;94;153m██[38;2;0;0;0m██
  ██[38;2;255;255;255m██[38;2;63;54;98m██[38;2;193;205;50m██[38;2;0;0;0m██[38;2;59;94;153m████[38;2;63;76;129m██[38;2;255;255;255m██████████[38;2;189;189;189m██[38;2;63;54;98m████[38;2;244;255;108m████████████[38;2;65;65;65m██[38;2;59;94;153m██[38;2;0;0;0m██
  ██[38;2;255;255;255m██[38;2;63;76;129m██[38;2;255;255;255m██[38;2;63;54;98m██[38;2;63;76;129m██[38;2;59;94;153m██[38;2;63;76;129m██[38;2;63;54;98m██████[38;2;59;94;153m██[38;2;189;189;189m██[38;2;255;255;255m██████[38;2;63;54;98m██[38;2;244;255;108m██[38;2;65;65;65m████[38;2;193;205;50m██[38;2;65;65;65m██[38;2;59;94;153m██[38;2;63;76;129m██[38;2;0;0;0m██
  ██[38;2;63;76;129m████[38;2;255;255;255m██[38;2;63;76;129m██[38;2;63;54;98m██[38;2;59;94;153m██[38;2;63;76;129m██[38;2;63;54;98m██[38;2;193;205;50m██[38;2;0;0;0m██[38;2;244;255;108m██[38;2;63;54;98m████████[38;2;59;94;153m██[38;2;63;54;98m██[38;2;59;94;153m██[38;2;65;65;65m██[38;2;193;205;50m██[38;2;63;76;129m████[38;2;0;0;0m██  
    ██[38;2;59;94;153m██[38;2;63;76;129m████[38;2;63;54;98m██[38;2;59;94;153m██[38;2;63;54;98m██[38;2;255;255;255m██[38;2;63;54;98m██[38;2;244;255;108m██[38;2;63;54;98m██[38;2;59;94;153m████[38;2;65;65;65m██[38;2;59;94;153m████[38;2;63;54;98m██[38;2;59;94;153m██[38;2;65;65;65m████[38;2;63;76;129m████[38;2;0;0;0m██  
      ██[38;2;59;94;153m██████[38;2;63;54;98m██[38;2;63;76;129m██[38;2;255;255;255m██[38;2;63;76;129m████[38;2;255;255;255m██[38;2;63;76;129m██[38;2;59;94;153m██[38;2;65;65;65m██[38;2;63;76;129m██[38;2;59;94;153m██[38;2;63;76;129m██[38;2;59;94;153m██[38;2;65;65;65m██[38;2;189;189;189m██[38;2;65;65;65m██[38;2;189;189;189m██[38;2;0;0;0m██  
        ██████[38;2;59;94;153m██[38;2;63;76;129m████[38;2;59;94;153m██[38;2;63;76;129m██[38;2;255;255;255m██[38;2;63;76;129m██[38;2;65;65;65m██[38;2;59;94;153m██[38;2;63;76;129m████████[38;2;0;0;0m██[38;2;189;189;189m██[38;2;65;65;65m██[38;2;0;0;0m██    
              ██████[38;2;63;54;98m██[38;2;59;94;153m██[38;2;63;76;129m████[38;2;0;0;0m██[38;2;63;76;129m██[38;2;189;189;189m██[38;2;63;76;129m████[38;2;0;0;0m██  ████      
                    ████████  ██[38;2;189;189;189m██[38;2;63;76;129m██[38;2;189;189;189m██[38;2;0;0;0m██            
                                ██████              
[0m