                [38;2;0;0;0m██████                            
              ██[38;2;230;150;229m██████[38;2;0;0;0m██      ██████              
        ████[38;2;0;12;16m██[38;2;235;155;234m██[38;2;230;150;229m██████[38;2;0;0;0m██    ██[38;2;230;150;229m██████[38;2;0;0;0m██            
      ██[38;2;230;150;229m██[38;2;178;98;177m██[38;2;120;40;119m██[38;2;235;155;234m██[38;2;230;150;229m████[38;2;0;0;0m██      ██[38;2;230;150;229m████████[38;2;0;0;0m██████      
    ██[38;2;230;150;229m██████[38;2;203;247;66m██[38;2;228;148;227m██[38;2;230;150;229m██[38;2;178;98;177m██[38;2;120;40;119m██[38;2;0;12;16m██      [38;2;0;0;0m██[38;2;230;150;229m████[38;2;233;153;232m██[38;2;178;98;177m██[38;2;217;137;216m████[38;2;0;0;0m██    
    ██[38;2;230;150;229m████[38;2;217;255;66m██[38;2;255;241;97m██[38;2;203;247;66m██[38;2;178;98;177m██[38;2;230;150;229m██[38;2;235;155;234m████[38;2;0;0;0m██████[38;2;178;98;177m████[38;2;230;150;229m██[38;2;223;255;74m██[38;2;178;98;177m██[38;2;217;137;216m██████[38;2;0;0;0m██  
    ██[38;2;178;98;177m██[38;2;203;247;66m██[38;2;255;241;97m██[38;2;223;255;74m██[38;2;178;98;177m██[38;2;230;150;229m████████[38;2;66;65;66m████[38;2;230;150;229m██████[38;2;217;255;66m██[38;2;255;252;82m██[38;2;217;255;66m██[38;2;224;144;223m████[38;2;217;137;216m██[38;2;0;0;0m██  
      ██[38;2;228;148;227m██[38;2;203;247;66m██[38;2;233;153;232m██[38;2;178;98;177m██[38;2;66;65;66m██[38;2;230;150;229m████[38;2;66;65;66m██[38;2;228;190;255m██[38;2;66;65;66m██[38;2;230;150;229m██████[38;2;217;255;66m██[38;2;255;252;82m████[38;2;225;255;66m██[38;2;163;83;162m██[38;2;0;0;0m██    
    ██[38;2;230;150;229m████[38;2;178;98;177m██[38;2;230;150;229m██[38;2;66;65;66m██[38;2;160;121;188m██[38;2;66;69;66m██[38;2;66;65;66m██[38;2;228;190;255m██████[38;2;74;56;66m██[38;2;255;178;254m██[38;2;225;145;224m████[38;2;217;255;66m██[38;2;255;246;84m██[38;2;225;255;66m██[38;2;224;144;223m██[38;2;217;137;216m██[38;2;0;0;0m██  
    ██[38;2;230;150;229m██[38;2;178;98;177m██[38;2;230;150;229m██████[38;2;66;69;66m██[38;2;202;163;230m██[38;2;228;190;255m██████[38;2;201;162;229m██[38;2;194;155;222m██[38;2;74;56;66m██[38;2;74;60;57m██[38;2;188;108;187m██[38;2;219;139;218m██[38;2;217;255;66m██[38;2;163;83;162m██[38;2;224;144;223m██[38;2;217;137;216m████[38;2;0;0;0m██
    ██[38;2;230;150;229m██[38;2;178;98;177m██[38;2;230;150;229m████[38;2;66;65;66m██[38;2;255;255;255m██[38;2;0;0;16m██[38;2;201;162;229m████████[38;2;202;163;230m██████[38;2;66;65;66m██[38;2;230;150;229m██[38;2;217;137;216m██[38;2;233;153;232m██[38;2;178;98;177m██[38;2;217;137;216m████[38;2;0;0;0m██
      ████[38;2;230;150;229m████[38;2;66;65;66m██[38;2;0;0;16m██[38;2;85;85;95m██[38;2;201;162;229m██████[38;2;255;255;255m██[38;2;0;0;0m██[38;2;202;163;230m████[38;2;66;65;66m██[38;2;217;137;216m██[38;2;230;150;229m██[38;2;208;128;207m██[38;2;178;98;177m██[38;2;0;0;0m██[38;2;217;137;216m██[38;2;0;0;0m██
          ██████[38;2;168;129;196m████[38;2;202;163;230m████[38;2;188;149;216m██[38;2;0;0;0m██[38;2;74;97;132m██[38;2;180;141;208m██[38;2;160;121;188m████[38;2;0;0;0m██[38;2;217;137;216m██[38;2;230;150;229m██[38;2;0;0;0m██  ██  
                ██[38;2;168;129;196m██[38;2;205;136;142m████[38;2;188;149;216m████[38;2;180;141;208m██[38;2;159;120;187m██[38;2;160;121;188m██[38;2;0;0;0m██  ████        
              ██[38;2;101;62;129m██[38;2;164;125;192m██[38;2;149;110;177m██[38;2;214;158;148m██[38;2;255;199;189m██[38;2;148;109;176m██[38;2;160;121;188m████[38;2;0;0;0m██                
              ██[38;2;198;159;226m████[38;2;109;70;137m████[38;2;119;80;147m██[38;2;148;109;176m██[38;2;160;121;188m██████[38;2;0;0;0m████            
          ██[38;2;0;0;16m██[38;2;184;145;212m██[38;2;201;162;229m████████[38;2;200;161;228m██[38;2;114;75;142m██[38;2;160;121;188m██████[38;2;202;163;230m████[38;2;0;0;0m████        
        ██[38;2;217;255;66m██[38;2;183;235;99m██[38;2;74;78;43m██[38;2;201;162;229m████████[38;2;200;161;228m██[38;2;49;56;57m██[38;2;160;121;188m██[38;2;66;65;66m██[38;2;202;163;230m██████████[38;2;0;0;0m██      
      ██[38;2;217;255;66m████[38;2;47;163;122m██[38;2;50;225;124m██[38;2;66;65;66m████[38;2;202;163;230m████[38;2;57;69;66m██[38;2;55;150;107m██[38;2;47;163;122m████[38;2;57;69;66m██[38;2;202;163;230m██████[38;2;0;0;0m██        
      ██[38;2;217;255;66m██[38;2;47;163;122m██[38;2;50;225;124m████[38;2;50;225;118m████[38;2;66;65;66m████[38;2;55;150;107m██[38;2;45;231;131m██[38;2;50;225;124m████[38;2;72;139;98m██[38;2;57;69;66m██[38;2;66;65;66m████[38;2;214;222;82m██[38;2;0;0;0m██      
    ██[38;2;216;239;74m██[38;2;61;117;111m██[38;2;71;215;161m██[38;2;50;223;122m████████[38;2;50;225;118m██[38;2;59;118;88m██[38;2;50;223;122m████████[38;2;50;225;118m██[38;2;59;118;88m██[38;2;214;222;82m██████[38;2;0;0;0m██      
    ██[38;2;216;239;74m██[38;2;61;117;111m██[38;2;68;166;83m██[38;2;50;223;122m████████[38;2;50;225;118m██[38;2;59;118;88m██[38;2;50;223;122m████████[38;2;50;225;118m████[38;2;65;114;91m██[38;2;214;222;82m██████[38;2;0;0;0m██    
  ██[38;2;214;222;82m████[38;2;54;114;108m██[38;2;77;171;115m██[38;2;62;163;139m██[38;2;50;225;118m██[38;2;59;218;132m████[38;2;65;114;91m██[38;2;214;222;82m██[38;2;61;117;111m██[38;2;71;215;161m██[38;2;50;225;124m████[38;2;50;225;118m██[38;2;62;163;139m██[38;2;65;114;91m██[38;2;214;222;82m██[38;2;218;225;79m████[38;2;0;0;0m██    
██[38;2;214;222;82m████[38;2;66;65;66m██[38;2;8;4;0m██[38;2;54;114;74m██[38;2;62;163;139m████[38;2;71;165;80m██[38;2;61;107;117m██[38;2;214;222;82m████[38;2;61;117;111m██[38;2;68;166;83m██[38;2;50;225;124m██[38;2;60;163;140m██[38;2;62;163;139m████[38;2;65;114;91m██[38;2;214;222;82m██[38;2;218;225;79m████[38;2;0;0;0m██    
  ██████  ██[38;2;66;161;135m████[38;2;107;97;49m██[38;2;198;214;90m██[38;2;218;225;79m████[38;2;214;222;82m██[38;2;111;97;49m██[38;2;66;161;135m████████[38;2;0;0;0m██[38;2;66;65;66m██[38;2;210;231;74m████[38;2;217;255;66m██[38;2;0;0;0m██  
            ██[38;2;66;161;135m██[38;2;0;0;8m████[38;2;218;225;79m████[38;2;214;222;82m██[38;2;0;4;16m██[38;2;0;0;0m██[38;2;66;161;135m████[38;2;0;0;0m██  ████[38;2;210;231;74m██[38;2;217;255;66m████[38;2;0;0;0m██
              ██    ██[38;2;214;222;82m██[38;2;0;0;0m██    ██[38;2;68;163;137m██[38;2;0;0;0m██      ██████  
                      ██        ██                
[0m