        [38;2;0;0;0m██                                  
      ██[38;2;242;247;140m██[38;2;0;0;0m██                                
    ██[38;2;206;202;99m██[38;2;242;247;140m██[38;2;0;0;0m██████    ████                    
    ██[38;2;242;247;140m████[38;2;140;115;58m██[38;2;181;153;74m████[38;2;0;0;0m████[38;2;242;247;140m██[38;2;206;202;99m██[38;2;0;0;0m██                  
    ██[38;2;255;255;255m██[38;2;181;153;74m██[38;2;242;247;140m████[38;2;140;115;58m██[38;2;242;247;140m████████[38;2;0;0;0m██      ████████    
  ██[38;2;242;247;140m██[38;2;255;255;255m██[38;2;242;247;140m██████[38;2;206;202;99m████[38;2;242;247;140m████[38;2;140;115;58m██[38;2;65;65;65m██[38;2;0;0;0m██  ██[38;2;116;82;87m████████[38;2;0;0;0m██  
  ██[38;2;197;165;90m██[38;2;116;82;87m██[38;2;197;165;90m██[38;2;242;247;140m██[38;2;206;202;99m██[38;2;255;255;255m████[38;2;206;202;99m██[38;2;242;247;140m██[38;2;140;115;58m██[38;2;181;153;74m██[38;2;140;115;58m██[38;2;0;0;0m██[38;2;116;82;87m████████████[38;2;0;0;0m██
  ██[38;2;116;82;87m██[38;2;247;99;82m██[38;2;116;82;87m████[38;2;255;255;255m██[38;2;0;0;0m██[38;2;255;255;255m██[38;2;206;202;99m██[38;2;140;115;58m██[38;2;181;153;74m██████[38;2;65;65;65m██[38;2;206;202;99m██[38;2;242;247;140m██[38;2;206;202;99m██[38;2;116;82;87m██████[38;2;0;0;0m██
  ██[38;2;116;82;87m██████████[38;2;255;255;255m██[38;2;206;202;99m██[38;2;140;115;58m██[38;2;181;153;74m████[38;2;140;115;58m██[38;2;65;65;65m██[38;2;116;82;87m██████[38;2;206;202;99m████[38;2;116;82;87m████[38;2;0;0;0m██
    ██[38;2;197;197;197m██[38;2;65;65;65m██[38;2;116;82;87m██████[38;2;181;153;74m██████████[38;2;65;65;65m██[38;2;116;82;87m████████[38;2;242;247;140m██[38;2;116;82;87m████[38;2;0;0;0m██
    ██[38;2;255;255;255m████[38;2;65;65;65m████[38;2;181;153;74m████[38;2;140;115;58m██[38;2;181;153;74m████[38;2;65;65;65m██[38;2;116;82;87m██████████[38;2;242;247;140m██[38;2;206;202;99m████[38;2;0;0;0m██
      ██[38;2;255;255;255m██[38;2;65;65;65m██[38;2;181;153;74m██[38;2;140;115;58m██[38;2;181;153;74m████[38;2;65;65;65m████[38;2;181;153;74m██[38;2;65;65;65m██[38;2;116;82;87m████████████[38;2;0;0;0m██  
    ██[38;2;140;115;58m██[38;2;65;65;65m██[38;2;206;202;99m██████[38;2;65;65;65m████[38;2;181;153;74m████████[38;2;65;65;65m██[38;2;116;82;87m██████████[38;2;0;0;0m██  
    ██[38;2;140;115;58m██[38;2;65;65;65m██[38;2;242;247;140m██[38;2;206;202;99m██[38;2;242;247;140m██[38;2;206;202;99m██[38;2;242;247;140m██[38;2;181;153;74m████[38;2;140;115;58m██[38;2;181;153;74m██[38;2;65;65;65m██[38;2;116;82;87m████████[38;2;0;0;0m██    
  ████[38;2;140;115;58m██[38;2;65;65;65m██[38;2;242;247;140m██████[38;2;116;82;87m██[38;2;206;202;99m██[38;2;181;153;74m██[38;2;65;65;65m██[38;2;140;115;58m██[38;2;181;153;74m████[38;2;65;65;65m██[38;2;116;82;87m██████[38;2;0;0;0m██    
██[38;2;116;82;87m██[38;2;181;153;74m██[38;2;65;65;65m██[38;2;181;153;74m████[38;2;242;247;140m██[38;2;65;65;65m██[38;2;181;153;74m██████[38;2;65;65;65m██[38;2;181;153;74m██████[38;2;65;65;65m██[38;2;116;82;87m████[38;2;0;0;0m██      
██[38;2;116;82;87m████[38;2;181;153;74m████████[38;2;65;65;65m██[38;2;116;82;87m██[38;2;181;153;74m██[38;2;65;65;65m██[38;2;181;153;74m████████[38;2;65;65;65m██[38;2;116;82;87m██[38;2;0;0;0m██        
  ██[38;2;116;82;87m██[38;2;181;153;74m██[38;2;140;115;58m██[38;2;181;153;74m████[38;2;65;65;65m██████[38;2;181;153;74m████████[38;2;65;65;65m██[38;2;116;82;87m██[38;2;0;0;0m██          
    ██████[38;2;140;115;58m██[38;2;65;65;65m██[38;2;116;82;87m██████[38;2;65;65;65m██[38;2;181;153;74m████[38;2;65;65;65m██[38;2;0;0;0m████            
          ████[38;2;116;82;87m██[38;2;206;202;99m████[38;2;116;82;87m██[38;2;65;65;65m██[38;2;0;0;0m████                
              ██[38;2;116;82;87m██████[38;2;0;0;0m██                    
                ██████                      
[0m