                      [38;2;0;4;0m██                            
          ██        ██[38;2;189;146;66m██[38;2;0;4;0m██                          
        ██[38;2;253;253;200m██[38;2;0;0;0m██      [38;2;0;4;0m██[38;2;255;215;82m██[38;2;172;146;57m██[38;2;0;4;0m██                        
      ██[38;2;255;255;205m██[38;2;253;253;200m██[38;2;85;83;85m██[38;2;0;4;0m██      [38;2;8;8;8m██[38;2;172;146;57m██[38;2;189;146;66m██[38;2;0;4;0m██                      
      [38;2;24;12;0m██[38;2;255;255;198m██[38;2;193;146;66m██[38;2;247;211;66m██[38;2;85;70;38m██[38;2;0;0;16m██  [38;2;0;4;0m██[38;2;247;199;66m██[38;2;192;157;66m██[38;2;181;146;82m██[38;2;0;4;16m██                      
    [38;2;0;4;0m██[38;2;255;255;198m██[38;2;139;133;123m██[38;2;247;211;66m████[38;2;255;211;82m██[38;2;170;140;60m██[38;2;0;4;0m██[38;2;189;146;66m██[38;2;192;157;66m██[38;2;82;73;66m██[38;2;90;75;49m████[38;2;0;4;0m██                    
    ██[38;2;255;255;205m██[38;2;189;146;66m██[38;2;244;211;66m████████[38;2;247;207;66m██[38;2;192;162;66m██[38;2;82;73;66m██[38;2;65;110;220m██[38;2;64;109;219m██████[38;2;0;4;0m██                  
    ██[38;2;255;255;205m██[38;2;189;146;66m██[38;2;244;211;66m████████[38;2;247;207;66m██[38;2;82;73;66m██[38;2;65;110;220m██[38;2;129;175;255m██[38;2;64;109;219m████████[38;2;0;4;0m██                
    ██[38;2;255;255;205m████[38;2;193;146;66m██[38;2;247;211;66m██[38;2;244;211;66m████[38;2;82;78;68m██[38;2;64;109;219m██████████[38;2;44;79;199m██[38;2;46;81;201m██[38;2;94;97;94m██[38;2;0;4;0m██              
      ██[38;2;255;255;205m██[38;2;193;146;66m██[38;2;247;211;66m██[38;2;244;211;66m████[38;2;82;78;68m██[38;2;64;109;219m██████████[38;2;46;81;201m██[38;2;90;85;90m██[38;2;94;97;94m██[38;2;0;4;0m██              
      ██[38;2;255;255;205m████[38;2;189;146;66m██[38;2;247;203;66m██[38;2;82;77;66m██[38;2;64;109;219m████████[38;2;31;66;186m████[38;2;94;97;94m████[38;2;95;97;95m████[38;2;0;4;0m██            
        ██[38;2;255;255;205m████[38;2;192;161;66m██[38;2;82;77;66m██[38;2;31;66;186m████████[38;2;93;96;95m████[38;2;66;65;66m██[38;2;94;97;94m██[38;2;95;97;95m████[38;2;0;4;0m██            
        ██[38;2;85;85;61m██[38;2;196;196;150m████[38;2;82;78;68m██[38;2;94;97;94m████[38;2;90;93;90m████[38;2;85;85;85m████[38;2;99;97;90m██[38;2;66;65;66m██[38;2;94;97;94m████[38;2;0;4;0m██            
        ██[38;2;88;83;79m██[38;2;85;85;61m██[38;2;196;196;150m████[38;2;94;97;94m██[38;2;66;65;66m██[38;2;8;12;8m██[38;2;255;255;255m████[38;2;85;85;85m██[38;2;99;97;90m██[38;2;77;75;74m██[38;2;0;4;0m████              
      [38;2;0;8;0m██[38;2;15;50;170m██[38;2;67;58;51m██[38;2;198;134;57m██[38;2;66;65;66m████[38;2;82;73;24m██[38;2;255;255;173m██[38;2;255;255;255m████[38;2;94;97;94m██████[38;2;0;4;0m██                  
      [38;2;0;8;0m██[38;2;39;74;194m██[38;2;50;85;205m██[38;2;67;58;51m██[38;2;192;145;66m████[38;2;197;194;123m████[38;2;90;89;82m████[38;2;66;65;66m████[38;2;0;4;0m██  ██████████        
      ██[38;2;30;65;185m██[38;2;31;66;186m████[38;2;66;65;66m██[38;2;247;203;66m██[38;2;239;207;74m██[38;2;117;109;74m██[38;2;66;65;66m████[38;2;74;72;66m██[38;2;8;8;0m██  [38;2;0;4;0m██[38;2;64;109;219m████████[38;2;66;111;221m██[38;2;0;4;0m██      
        ██[38;2;31;66;186m████[38;2;186;157;66m██[38;2;66;65;66m██[38;2;57;60;74m████[38;2;77;75;74m██[38;2;99;97;90m██[38;2;74;72;66m██[38;2;107;105;99m██[38;2;0;4;0m██[38;2;247;211;66m██[38;2;64;109;219m██████[38;2;31;66;186m██[38;2;32;67;187m██[38;2;0;4;0m██      
  ██      ██[38;2;39;74;194m██[38;2;189;146;74m██[38;2;66;65;74m██[38;2;93;95;95m██[38;2;79;77;68m██[38;2;93;95;95m██[38;2;79;77;68m██[38;2;94;97;94m██[38;2;66;65;66m██[38;2;247;211;66m██[38;2;64;109;219m██████[38;2;31;66;186m████[38;2;0;4;0m██        
██[38;2;196;196;150m██[38;2;0;4;0m██  ██[38;2;39;74;194m████[38;2;66;65;74m██[38;2;107;92;74m██[38;2;93;95;95m██[38;2;79;77;68m██[38;2;93;95;95m██[38;2;79;77;68m██[38;2;94;97;94m██[38;2;66;65;66m██[38;2;247;211;66m██[38;2;64;109;219m████[38;2;31;66;186m██[38;2;66;65;66m██[38;2;31;66;186m██[38;2;0;4;0m██        
██[38;2;196;196;150m██[38;2;59;59;45m██[38;2;8;12;8m██[38;2;74;74;57m██[38;2;96;96;75m██[38;2;66;65;66m██[38;2;223;223;178m██[38;2;66;65;66m██[38;2;99;97;90m██[38;2;77;75;74m██[38;2;109;113;109m██[38;2;57;60;57m██[38;2;66;65;66m██[38;2;223;223;178m██[38;2;79;69;43m██[38;2;239;207;82m██[38;2;0;4;0m████[38;2;96;96;75m██[38;2;0;4;0m██      ██  
██[38;2;196;196;150m██[38;2;104;104;80m██[38;2;202;202;156m██[38;2;74;74;57m██[38;2;66;65;66m██████[38;2;223;223;178m██[38;2;66;65;66m██[38;2;99;97;90m██[38;2;57;60;57m██[38;2;218;218;171m██[38;2;223;223;178m██[38;2;66;65;66m██[38;2;79;69;43m██[38;2;0;0;24m██    [38;2;0;4;0m██[38;2;96;96;75m██[38;2;0;4;0m██  ██[38;2;255;255;205m██[38;2;0;4;0m██
██[38;2;96;96;74m██[38;2;196;196;150m████[38;2;104;104;80m██[38;2;66;65;66m██[38;2;31;66;186m██[38;2;223;223;178m██[38;2;66;65;66m████████████[38;2;223;223;178m██[38;2;0;4;0m██        ██[38;2;85;83;85m██[38;2;0;0;0m██[38;2;255;255;205m████[38;2;0;4;0m██
██[38;2;96;96;74m██[38;2;196;196;150m████[38;2;57;60;57m██[38;2;31;66;186m████[38;2;66;65;66m██[38;2;223;223;178m██[38;2;66;65;66m████[38;2;223;223;178m██████[38;2;66;65;66m██[38;2;64;109;219m██[38;2;0;4;0m██      ██[38;2;253;253;200m██[38;2;85;83;85m██[38;2;255;255;205m████[38;2;0;4;0m██
  ██[38;2;196;196;150m██[38;2;74;74;57m████[38;2;31;66;186m██████[38;2;66;65;66m██[38;2;71;70;66m██[38;2;107;101;99m██[38;2;66;65;66m██████[38;2;64;109;219m██████[38;2;0;4;0m██  ██[38;2;255;255;205m████[38;2;95;95;76m██[38;2;255;255;205m████[38;2;0;4;0m██
  ██[38;2;66;66;50m██[38;2;202;202;156m██[38;2;8;12;8m██[38;2;31;66;186m████████[38;2;0;8;0m████[38;2;66;65;66m██[38;2;31;66;186m██[38;2;64;109;219m██████[38;2;31;66;186m██[38;2;0;4;0m██  ██[38;2;255;255;205m██████[38;2;197;197;149m██[38;2;255;255;205m██[38;2;0;4;0m██
    ████  ██[38;2;30;65;185m██[38;2;84;63;63m██[38;2;24;0;0m██    [38;2;0;4;0m██[38;2;30;65;185m██[38;2;31;66;186m████████[38;2;0;4;0m██    ██[38;2;255;255;205m██████[38;2;0;8;0m██  
            [38;2;0;4;0m██[38;2;197;197;144m████[38;2;0;4;0m██    ██[38;2;66;65;66m██[38;2;31;66;186m██████[38;2;0;4;0m██    ██[38;2;255;255;205m██[38;2;197;197;149m██[38;2;171;171;136m██[38;2;0;8;0m██  
          [38;2;0;4;0m██[38;2;99;99;75m██[38;2;196;196;150m████[38;2;0;4;0m██      [38;2;8;12;8m██[38;2;92;92;71m██[38;2;255;255;205m██[38;2;0;4;0m██        ██[38;2;255;255;205m██[38;2;0;4;0m██    
        ██[38;2;99;99;75m██[38;2;196;196;150m████[38;2;0;4;0m██      ██[38;2;255;255;205m██[38;2;92;92;71m██[38;2;255;255;205m████[38;2;0;4;0m██        ██      
          ██████      ██[38;2;255;255;205m██[38;2;85;90;85m██[38;2;255;255;205m████[38;2;85;90;85m██[38;2;0;4;0m██                
                        ██[38;2;0;8;0m████████                  
[0m