          [38;2;0;0;0m████          
        ██[38;2;255;96;154m████[38;2;0;0;0m██        
      ██[38;2;255;96;154m██[38;2;255;137;180m██[38;2;255;96;154m████[38;2;0;0;0m██      
  ████[38;2;65;65;65m██[38;2;225;59;120m██[38;2;255;96;154m████[38;2;225;59;120m██[38;2;0;0;0m██      
██[38;2;65;65;65m██[38;2;225;59;120m██[38;2;65;65;65m████[38;2;225;59;120m████[38;2;0;0;0m██        
██[38;2;225;59;120m██████[38;2;65;65;65m████[38;2;0;0;0m██  ████    
██[38;2;65;65;65m██[38;2;225;59;120m██[38;2;0;0;0m████[38;2;190;177;44m██[38;2;141;128;23m██[38;2;0;0;0m██[38;2;255;96;154m████[38;2;0;0;0m██  
  ████  ██[38;2;190;177;44m██[38;2;65;65;65m██[38;2;255;96;154m██[38;2;255;137;180m██[38;2;255;96;154m████[38;2;0;0;0m██
      ██[38;2;237;221;62m██[38;2;190;177;44m██[38;2;65;65;65m██[38;2;225;59;120m██[38;2;255;96;154m████[38;2;225;59;120m██[38;2;0;0;0m██
    ██[38;2;190;177;44m██[38;2;237;221;62m██[38;2;190;177;44m████[38;2;65;65;65m██[38;2;225;59;120m████[38;2;0;0;0m██  
  ██[38;2;190;177;44m████[38;2;237;221;62m██[38;2;190;177;44m██████[38;2;0;0;0m████    
  ██[38;2;190;177;44m████████████[38;2;0;0;0m██      
██[38;2;190;177;44m████████[38;2;237;221;62m██[38;2;215;200;53m██[38;2;190;177;44m████[38;2;0;0;0m██    
██[38;2;115;103;20m██[38;2;190;177;44m██████[38;2;0;0;0m██[38;2;237;221;62m██[38;2;190;177;44m████[38;2;115;103;20m██[38;2;0;0;0m██  
██[38;2;141;128;23m██[38;2;0;0;0m████[38;2;190;177;44m██[38;2;237;221;62m██[38;2;215;200;53m██[38;2;115;103;20m████[38;2;141;128;23m██[38;2;0;0;0m██  
  ██[38;2;141;128;23m████[38;2;0;0;0m██[38;2;115;103;20m████[38;2;141;128;23m████[38;2;0;0;0m██    
  ██[38;2;65;65;65m██[38;2;141;128;23m██████████[38;2;0;0;0m██      
    ████[38;2;65;65;65m██████[38;2;190;177;44m████[38;2;0;0;0m██    
        ████[38;2;190;177;44m████[38;2;0;0;0m██      
            ████        
[0m