            [38;2;7;7;7m████                                                                  
          ██[38;2;105;105;105m██[38;2;66;66;66m██[38;2;7;7;7m██                                                                
          ██[38;2;105;105;105m██[38;2;66;66;66m██[38;2;105;105;105m██[38;2;7;7;7m██                                                              
          ██[38;2;105;105;105m████[38;2;66;66;66m██[38;2;105;105;105m██[38;2;7;7;7m████                                                ████████  
          ██[38;2;105;105;105m████[38;2;66;66;66m██[38;2;105;105;105m██[38;2;66;66;66m██[38;2;105;105;105m██[38;2;7;7;7m██                                        ██████[38;2;105;105;105m████████[38;2;7;7;7m██
          ██[38;2;105;105;105m████[38;2;66;66;66m██[38;2;105;105;105m██[38;2;66;66;66m██[38;2;105;105;105m██[38;2;66;66;66m██[38;2;7;7;7m██                                  ████[38;2;105;105;105m████████████[38;2;82;82;82m██[38;2;7;7;7m██
            ██[38;2;105;105;105m██████[38;2;66;66;66m██[38;2;105;105;105m██[38;2;66;66;66m██[38;2;105;105;105m██[38;2;7;7;7m██                            ████[38;2;105;105;105m██████████████[38;2;82;82;82m██[38;2;7;7;7m██  
            ██[38;2;105;105;105m██████████[38;2;66;66;66m██[38;2;105;105;105m██[38;2;7;7;7m██                          ██[38;2;105;105;105m██████████████[38;2;82;82;82m██[38;2;66;66;66m████[38;2;82;82;82m██[38;2;7;7;7m██
              ██[38;2;105;105;105m████████████[38;2;66;66;66m██[38;2;7;7;7m██                      ██[38;2;105;105;105m████████████[38;2;82;82;82m██[38;2;66;66;66m████[38;2;82;82;82m██████[38;2;7;7;7m██
                ██[38;2;105;105;105m████████[38;2;82;82;82m██[38;2;66;66;66m██[38;2;82;82;82m██[38;2;7;7;7m██                  ██[38;2;105;105;105m██████████[38;2;82;82;82m██[38;2;66;66;66m████[38;2;82;82;82m████████[38;2;7;7;7m██  
                  ██[38;2;105;105;105m██████[38;2;66;66;66m██[38;2;82;82;82m████[38;2;7;7;7m██                  ██[38;2;105;105;105m██████[38;2;82;82;82m██████████████[38;2;66;66;66m██[38;2;7;7;7m██    
              ██  ██[38;2;66;66;66m██[38;2;105;105;105m██[38;2;82;82;82m██████[38;2;66;66;66m██[38;2;82;82;82m██[38;2;7;7;7m██              ██[38;2;105;105;105m██████[38;2;82;82;82m████████████[38;2;66;66;66m████[38;2;7;7;7m██      
          ████[38;2;105;105;105m██[38;2;7;7;7m██  ██[38;2;66;66;66m██[38;2;82;82;82m██████[38;2;66;66;66m██[38;2;82;82;82m██[38;2;7;7;7m██              ██[38;2;105;105;105m████[38;2;82;82;82m██████████[38;2;66;66;66m████[38;2;82;82;82m██████[38;2;7;7;7m██    
      ██  ██[38;2;105;105;105m████[38;2;104;107;101m██[38;2;7;7;7m██[38;2;105;105;105m██[38;2;82;82;82m██[38;2;66;66;66m████[38;2;82;82;82m████[38;2;7;7;7m██                ██[38;2;105;105;105m████[38;2;82;82;82m██[38;2;65;71;104m██[38;2;82;82;82m██████████████[38;2;66;66;66m██[38;2;7;7;7m██    
    ██[38;2;105;105;105m██[38;2;7;7;7m██[38;2;105;105;105m████[38;2;104;107;101m██[38;2;105;105;105m██[38;2;82;82;82m████[38;2;104;107;101m██[38;2;105;105;105m██[38;2;82;82;82m██[38;2;66;66;66m██[38;2;82;82;82m██[38;2;7;7;7m██                ██[38;2;105;105;105m██[38;2;82;82;82m██[38;2;65;71;104m████[38;2;82;82;82m██████████[38;2;66;66;66m████[38;2;7;7;7m██      
    ██[38;2;105;105;105m██[38;2;104;107;101m██[38;2;105;105;105m██████[38;2;82;82;82m████[38;2;104;107;101m██[38;2;105;105;105m██[38;2;82;82;82m██[38;2;104;107;101m██[38;2;105;105;105m██[38;2;66;66;66m████[38;2;7;7;7m██            ██[38;2;105;105;105m████[38;2;82;82;82m██[38;2;65;71;104m██████[38;2;82;82;82m████[38;2;66;66;66m████[38;2;82;82;82m██[38;2;7;7;7m██        
  ██[38;2;105;105;105m████████[38;2;51;180;217m██[38;2;105;105;105m██████████████████[38;2;66;66;66m██[38;2;82;82;82m██[38;2;7;7;7m██      ████[38;2;105;105;105m████[38;2;82;82;82m██[38;2;65;71;104m████████████[38;2;82;82;82m████[38;2;7;7;7m██          
██[38;2;51;180;217m██[38;2;105;105;105m████[38;2;82;82;82m██[38;2;51;180;217m██[38;2;122;234;243m██[38;2;51;180;217m██[38;2;105;105;105m████[38;2;82;82;82m██[38;2;51;180;217m██[38;2;105;105;105m██████[38;2;66;66;66m██[38;2;82;82;82m██████[38;2;7;7;7m██████[38;2;105;105;105m██████[38;2;82;82;82m████[38;2;65;71;104m████████████[38;2;66;66;66m██[38;2;7;7;7m██            
██[38;2;122;234;243m██[38;2;51;180;217m██████[38;2;122;234;243m████[38;2;51;180;217m██[38;2;82;82;82m██[38;2;51;180;217m████[38;2;122;234;243m██[38;2;51;180;217m██[38;2;105;105;105m██████[38;2;66;66;66m██[38;2;105;105;105m██████[38;2;66;66;66m██[38;2;105;105;105m████[38;2;82;82;82m████[38;2;65;71;104m████████████[38;2;66;66;66m████[38;2;65;71;104m██[38;2;7;7;7m██            
██[38;2;122;234;243m██[38;2;233;254;252m██[38;2;122;234;243m██[38;2;51;180;217m██[38;2;122;234;243m████[38;2;51;180;217m████[38;2;233;254;252m██[38;2;122;234;243m██[38;2;233;254;252m██[38;2;51;180;217m██[38;2;105;105;105m██[38;2;104;107;101m██[38;2;66;66;66m██[38;2;105;105;105m██████[38;2;66;66;66m██[38;2;82;82;82m██[38;2;105;105;105m██[38;2;82;82;82m██[38;2;65;71;104m████████████████████[38;2;7;7;7m██              
  ██[38;2;122;234;243m██[38;2;233;254;252m██[38;2;122;234;243m████[38;2;51;180;217m██[38;2;122;234;243m██[38;2;233;254;252m██[38;2;122;234;243m██[38;2;233;254;252m██[38;2;51;180;217m██[38;2;82;82;82m██[38;2;105;105;105m██████[38;2;66;66;66m██[38;2;105;105;105m████[38;2;66;66;66m██[38;2;82;82;82m████[38;2;65;71;104m██████████████[38;2;66;66;66m████[38;2;7;7;7m████                
  ██[38;2;233;254;252m████[38;2;51;180;217m██[38;2;122;234;243m██████[38;2;233;254;252m████[38;2;51;180;217m████[38;2;105;105;105m████[38;2;82;82;82m██[38;2;66;66;66m██[38;2;65;71;104m██████[38;2;82;82;82m██████[38;2;65;71;104m████████[38;2;66;66;66m████[38;2;65;71;104m████[38;2;7;7;7m██                    
    ██[38;2;51;180;217m██[38;2;90;96;136m██[38;2;51;180;217m██[38;2;122;234;243m██[38;2;51;180;217m██████[38;2;82;82;82m██[38;2;105;105;105m████[38;2;104;107;101m██[38;2;66;66;66m██[38;2;90;96;136m██████[38;2;65;71;104m████[38;2;82;82;82m██[38;2;65;71;104m██████[38;2;66;66;66m██[38;2;65;71;104m██████[38;2;7;7;7m████                      
    ██[38;2;90;96;136m████[38;2;51;180;217m██[38;2;122;234;243m██[38;2;90;96;136m██[38;2;248;248;248m██[38;2;90;96;136m████[38;2;82;82;82m████████[38;2;66;66;66m██[38;2;90;96;136m████████[38;2;65;71;104m████[38;2;66;66;66m██[38;2;65;71;104m████[38;2;66;66;66m████[38;2;7;7;7m██                          
  ██[38;2;66;66;66m██[38;2;247;214;71m████[38;2;189;165;82m██[38;2;90;96;136m██[38;2;7;7;7m██[38;2;248;248;248m██[38;2;90;96;136m██[38;2;66;66;66m██[38;2;104;107;101m██[38;2;82;82;82m██[38;2;66;66;66m████[38;2;65;71;104m████[38;2;90;96;136m██████████[38;2;65;71;104m██[38;2;66;66;66m████[38;2;82;82;82m██[38;2;105;105;105m████[38;2;7;7;7m████████                  
  ██[38;2;247;214;71m████[38;2;189;165;82m████[38;2;247;214;71m██[38;2;90;96;136m████[38;2;66;66;66m██[38;2;82;82;82m████[38;2;104;107;101m██[38;2;66;66;66m██[38;2;7;7;7m██[38;2;66;66;66m██[38;2;65;71;104m██████[38;2;90;96;136m████[38;2;65;71;104m██[38;2;90;96;136m██[38;2;65;71;104m██[38;2;66;66;66m██[38;2;82;82;82m██████[38;2;105;105;105m██████[38;2;82;82;82m██[38;2;7;7;7m████              
██[38;2;247;214;71m██████████[38;2;132;41;56m██[38;2;66;66;66m██[38;2;189;165;82m██[38;2;7;7;7m████[38;2;82;82;82m████[38;2;7;7;7m██  ██[38;2;65;71;104m██████████[38;2;90;96;136m██[38;2;65;71;104m██[38;2;90;96;136m██[38;2;65;71;104m██[38;2;66;66;66m██[38;2;82;82;82m████████[38;2;105;105;105m██████[38;2;82;82;82m██[38;2;7;7;7m██            
██[38;2;247;214;71m████[38;2;66;66;66m██[38;2;7;7;7m██[38;2;132;41;56m████[38;2;189;165;82m██[38;2;7;7;7m██    ████    ██[38;2;90;96;136m██[38;2;66;66;66m██[38;2;65;71;104m████████[38;2;90;96;136m██[38;2;65;71;104m████[38;2;66;66;66m██[38;2;82;82;82m████[38;2;66;66;66m██[38;2;82;82;82m████[38;2;66;66;66m██[38;2;82;82;82m██[38;2;7;7;7m████            
  ██[38;2;247;214;71m██[38;2;7;7;7m██[38;2;104;183;125m██[38;2;7;7;7m██[38;2;181;74;45m██[38;2;189;165;82m██[38;2;7;7;7m██        ████[38;2;65;71;104m████[38;2;90;96;136m██[38;2;66;66;66m██[38;2;7;7;7m██[38;2;65;71;104m████████[38;2;66;66;66m██[38;2;7;7;7m██[38;2;66;66;66m██[38;2;82;82;82m████[38;2;66;66;66m██[38;2;82;82;82m████[38;2;7;7;7m██                
    ██  ██[38;2;181;74;45m██[38;2;189;165;82m██[38;2;7;7;7m██        ██[38;2;66;66;66m██[38;2;189;165;82m████[38;2;65;71;104m██[38;2;90;96;136m██[38;2;7;7;7m██  ██[38;2;66;66;66m████[38;2;65;71;104m██[38;2;7;7;7m██  ████[38;2;66;66;66m██[38;2;82;82;82m██[38;2;7;7;7m████                  
          ████        ██[38;2;66;66;66m██[38;2;104;107;101m██[38;2;66;66;66m██[38;2;189;165;82m████[38;2;90;96;136m██[38;2;7;7;7m██  ██[38;2;247;214;71m██[38;2;189;165;82m██[38;2;66;66;66m████[38;2;7;7;7m██    ████                      
                      ██[38;2;104;107;101m██[38;2;7;7;7m██[38;2;189;165;82m██████[38;2;7;7;7m██  ██[38;2;104;107;101m██[38;2;66;66;66m████[38;2;247;214;71m██[38;2;7;7;7m██                                
                      ████  ██[38;2;247;214;71m██[38;2;189;165;82m██[38;2;7;7;7m██  ██[38;2;104;107;101m██[38;2;66;66;66m██[38;2;104;107;101m██[38;2;66;66;66m██[38;2;189;165;82m██[38;2;7;7;7m██                              
                            ██[38;2;66;66;66m██[38;2;189;165;82m██[38;2;7;7;7m██    ██[38;2;189;165;82m██[38;2;66;66;66m██[38;2;189;165;82m████[38;2;7;7;7m██                              
                          ██[38;2;104;107;101m████[38;2;7;7;7m██        ██[38;2;189;165;82m████[38;2;7;7;7m██                                
                            ████          ██[38;2;66;66;66m██[38;2;189;165;82m██[38;2;7;7;7m██                                
                                        ██[38;2;104;107;101m████[38;2;7;7;7m██                                  
                                          ████                                    
[0m