                            [38;2;0;0;0m██████                                      
                          [38;2;8;0;0m██[38;2;140;190;144m██████[38;2;0;0;0m██      ██████                        
                        ██[38;2;52;63;60m██[38;2;140;190;144m██[38;2;74;123;89m██[38;2;140;190;144m██[38;2;74;123;89m██[38;2;0;0;0m██████[38;2;140;190;144m██████[38;2;0;0;0m██                      
                      ██[38;2;140;190;144m██████[38;2;139;190;144m████████[38;2;140;190;144m██[38;2;74;123;89m██[38;2;140;190;144m██[38;2;74;123;89m██[38;2;140;190;144m██[38;2;74;123;89m██[38;2;0;0;0m██                    
                      ██[38;2;140;190;144m██[38;2;74;123;89m██[38;2;140;190;144m██[38;2;139;190;144m████████[38;2;140;190;144m██████████████[38;2;0;0;0m██                  
                      ██[38;2;140;190;144m██[38;2;139;190;144m████[38;2;140;190;144m██[38;2;74;123;89m██[38;2;82;115;93m██[38;2;54;76;61m██[38;2;74;123;89m████[38;2;140;190;144m██████[38;2;74;123;89m██[38;2;140;190;144m██[38;2;0;0;0m██                  
                        ██[38;2;139;190;144m████[38;2;74;123;89m████[38;2;0;0;0m██████[38;2;74;123;89m████[38;2;140;190;144m████████[38;2;0;0;0m██                  
                        ██[38;2;139;190;144m████[38;2;74;117;83m██[38;2;8;0;0m██      [38;2;0;0;0m██[38;2;74;123;89m██[38;2;140;190;144m██[38;2;139;190;144m████[38;2;0;0;0m██                    
                    ████[38;2;140;190;144m██[38;2;139;190;144m████[38;2;74;117;83m██[38;2;52;78;57m██[38;2;0;0;0m██████[38;2;66;65;66m██[38;2;74;123;89m██[38;2;140;190;144m██[38;2;139;190;144m████[38;2;0;0;0m██                    
              ████[38;2;0;4;0m██[38;2;66;115;85m██[38;2;140;190;144m████████[38;2;79;118;92m██[38;2;66;69;66m██[38;2;231;239;237m████[38;2;214;235;239m██[38;2;57;65;66m██[38;2;74;123;89m██[38;2;140;190;144m██[38;2;139;190;144m████[38;2;140;190;144m██[38;2;0;0;0m██                  
  ████████████[38;2;132;186;141m██[38;2;88;124;94m██[38;2;99;173;130m████[38;2;74;123;89m██[38;2;140;190;144m██[38;2;66;65;66m████[38;2;66;69;66m██[38;2;93;170;122m██[38;2;93;167;124m████[38;2;135;152;142m██[38;2;57;65;66m██[38;2;74;123;89m██[38;2;140;190;144m██[38;2;139;190;144m████[38;2;140;190;144m████[38;2;0;0;0m██                
██[38;2;74;123;89m██[38;2;96;167;126m██[38;2;95;167;124m████[38;2;74;123;89m██[38;2;140;190;144m██[38;2;139;190;144m████[38;2;74;123;89m██[38;2;96;167;126m██[38;2;93;106;109m██[38;2;57;69;74m██[38;2;93;167;124m████[38;2;140;190;144m████████████[38;2;57;65;66m████[38;2;140;190;144m████[38;2;134;191;141m██[38;2;74;123;89m██[38;2;99;173;130m██[38;2;0;4;0m██[38;2;0;0;0m██            
██[38;2;96;167;126m████[38;2;95;167;124m████[38;2;74;123;89m██[38;2;140;190;144m██[38;2;139;190;144m████[38;2;74;123;89m██[38;2;96;167;126m██[38;2;57;69;74m██[38;2;165;182;169m██[38;2;231;239;237m████[38;2;96;167;126m████████████[38;2;135;150;152m██[38;2;214;235;239m██[38;2;66;65;66m██[38;2;140;190;144m██[38;2;74;123;89m██[38;2;104;156;115m██[38;2;99;173;130m██[38;2;66;115;85m██[38;2;140;190;144m██[38;2;0;0;0m████        
██[38;2;95;167;124m████████[38;2;96;167;126m██[38;2;74;123;89m██[38;2;140;190;144m████[38;2;0;0;0m██████[38;2;74;123;89m██[38;2;178;175;178m████[38;2;231;239;237m████████████[38;2;247;235;231m██[38;2;164;178;177m██[38;2;165;182;181m██[38;2;57;69;74m██[38;2;66;115;85m██[38;2;99;173;130m██[38;2;74;123;89m██[38;2;140;190;144m██[38;2;139;190;144m████[38;2;66;115;82m██[38;2;0;4;0m██[38;2;0;0;0m████  
██[38;2;95;167;124m████████[38;2;96;167;126m██[38;2;74;123;89m██[38;2;0;0;0m████      ██[38;2;74;123;89m████[38;2;175;175;178m████████████[38;2;164;178;177m██[38;2;82;123;95m██[38;2;93;106;109m██[38;2;57;69;74m██[38;2;0;4;0m██[38;2;99;173;130m██[38;2;74;123;89m██[38;2;140;190;144m██[38;2;139;190;144m████[38;2;66;115;82m██[38;2;99;173;126m██[38;2;90;158;106m██[38;2;60;105;71m██[38;2;0;0;0m██
  ████████████          ██[38;2;140;190;144m████[38;2;74;123;89m██████████████[38;2;140;190;144m██[38;2;132;186;141m██[38;2;0;0;0m██  ██[38;2;88;126;92m██[38;2;132;190;138m██[38;2;140;190;144m██[38;2;74;123;89m██[38;2;95;167;124m████[38;2;99;173;134m██[38;2;59;105;57m██[38;2;0;0;0m██
                        ██[38;2;96;167;126m██[38;2;140;190;144m████████████████[38;2;74;123;89m██[38;2;88;124;94m██[38;2;0;0;0m██    ██[38;2;132;190;138m██[38;2;140;190;144m██[38;2;74;123;89m██[38;2;95;167;124m████[38;2;59;105;57m██[38;2;71;122;80m██[38;2;0;0;0m██
                      ██[38;2;99;173;126m██[38;2;66;132;94m██[38;2;140;190;144m██[38;2;139;190;144m████[38;2;140;190;144m██[38;2;103;156;118m██[38;2;74;123;89m██████[38;2;96;167;126m██[38;2;104;156;115m██[38;2;74;123;89m██[38;2;0;0;0m██    ████[38;2;74;123;89m██[38;2;93;164;120m████[38;2;64;107;57m██[38;2;74;123;89m██[38;2;0;0;0m██
                      ██[38;2;66;115;84m██[38;2;103;156;118m██[38;2;140;190;144m██[38;2;139;190;144m████[38;2;140;190;144m██[38;2;66;132;94m██[38;2;96;167;126m██████[38;2;74;123;89m████[38;2;134;191;141m██[38;2;0;0;0m██        ████[38;2;93;164;120m██[38;2;64;107;57m██[38;2;74;123;89m██[38;2;0;0;0m██
                      [38;2;33;0;0m██[38;2;151;202;156m██[38;2;140;190;144m██[38;2;74;123;89m████[38;2;140;190;144m████[38;2;96;167;126m██[38;2;74;123;89m██████[38;2;140;190;144m████[38;2;74;123;89m██[38;2;0;0;0m██            ██████  
                    ██[38;2;121;124;110m██[38;2;151;202;156m██[38;2;74;123;89m██[38;2;140;190;144m████[38;2;74;123;89m██[38;2;140;190;144m██████████[38;2;74;123;89m████[38;2;140;190;144m██[38;2;74;123;89m██[38;2;0;0;0m██                  
                    ██[38;2;206;112;66m██[38;2;106;156;117m██[38;2;74;123;89m██[38;2;140;190;144m████[38;2;74;123;89m██[38;2;106;156;117m██[38;2;206;112;66m████[38;2;106;156;117m██[38;2;74;123;89m██[38;2;140;190;144m██████[38;2;66;115;84m██[38;2;0;0;0m██                  
                    ██[38;2;206;112;66m██[38;2;106;156;117m██[38;2;74;123;89m██[38;2;140;190;144m████[38;2;74;123;89m██[38;2;206;112;66m██[38;2;106;156;117m████[38;2;206;112;66m██[38;2;74;123;89m██[38;2;140;190;144m████[38;2;74;123;89m██[38;2;99;173;126m██[38;2;0;0;0m██                  
                    ██[38;2;132;159;142m██[38;2;198;239;213m██[38;2;173;195;184m██[38;2;57;123;80m██[38;2;74;123;89m████[38;2;206;112;66m██[38;2;74;123;89m████[38;2;206;112;66m██[38;2;74;123;89m██████[38;2;96;167;126m██[38;2;99;165;123m██[38;2;0;0;0m██                  
                      ██[38;2;132;159;142m██[38;2;115;159;133m██[38;2;228;227;231m██[38;2;156;181;166m██[38;2;236;235;239m██[38;2;74;123;89m██[38;2;206;112;66m████[38;2;74;123;89m██[38;2;96;167;126m████████[38;2;0;0;0m██                    
                        ██████[38;2;93;164;120m████[38;2;99;173;126m██[38;2;66;115;84m████[38;2;99;173;126m██[38;2;99;165;123m██[38;2;0;0;0m██████                      
                              ██████████████                            
[0m