                        [38;2;0;0;0m██  ██          
                      ██[38;2;97;244;34m██[38;2;0;0;0m██[38;2;97;244;34m██[38;2;0;0;0m██        
                    ████[38;2;63;206;1m██[38;2;97;244;34m██[38;2;63;206;1m██[38;2;0;0;0m██        
                ████[38;2;63;206;1m██[38;2;40;132;40m████[38;2;63;206;1m██[38;2;40;132;40m██[38;2;63;206;1m██[38;2;0;0;0m████    
              ██[38;2;63;206;1m████[38;2;40;132;40m██[38;2;63;206;1m██[38;2;40;132;40m██[38;2;63;206;1m██[38;2;40;132;40m██[38;2;63;206;1m████[38;2;40;132;40m██[38;2;0;0;0m██  
      ██    ██[38;2;66;158;66m██[38;2;63;206;1m██[38;2;40;132;40m██[38;2;63;206;1m████[38;2;40;132;40m██[38;2;63;206;1m████[38;2;40;132;40m██[38;2;63;206;1m████[38;2;40;132;40m██[38;2;0;0;0m██
    ██[38;2;157;225;35m██[38;2;0;0;0m████[38;2;65;65;65m██[38;2;66;158;66m██[38;2;40;132;40m██[38;2;66;158;66m██[38;2;63;206;1m██[38;2;40;132;40m██[38;2;63;206;1m████████[38;2;40;132;40m██[38;2;63;206;1m██[38;2;66;158;66m██[38;2;0;0;0m██
    ██[38;2;157;225;35m██████[38;2;108;169;20m██[38;2;65;65;65m████[38;2;66;158;66m████[38;2;40;132;40m██[38;2;63;206;1m████████[38;2;40;132;40m██[38;2;66;158;66m████[38;2;0;0;0m██
    ██[38;2;157;225;35m████[38;2;108;169;20m██[38;2;66;122;3m████[38;2;108;169;20m██[38;2;65;65;65m██[38;2;66;158;66m██[38;2;40;132;40m██[38;2;66;158;66m████████[38;2;40;132;40m██[38;2;66;158;66m████[38;2;0;0;0m██
  ██[38;2;157;225;35m██████[38;2;66;122;3m██████[38;2;157;225;35m██[38;2;108;169;20m██[38;2;65;65;65m██████[38;2;66;158;66m██████[38;2;40;132;40m██[38;2;66;158;66m██[38;2;0;0;0m██  
  ██[38;2;108;169;20m██[38;2;157;225;35m██████████████████[38;2;65;65;65m██[38;2;66;158;66m████[38;2;40;132;40m██[38;2;65;65;65m██[38;2;0;0;0m██    
██[38;2;189;74;66m██[38;2;66;122;3m██[38;2;157;225;35m██████[38;2;108;169;20m██[38;2;157;225;35m████████[38;2;65;65;65m██[38;2;108;169;20m██[38;2;65;65;65m██████[38;2;108;169;20m██[38;2;0;0;0m██    
██[38;2;157;225;35m████████[38;2;66;122;3m██[38;2;157;225;35m██[38;2;65;65;65m██[38;2;0;0;0m██[38;2;65;65;65m██[38;2;157;225;35m██[38;2;108;169;20m██████████[38;2;66;122;3m████[38;2;0;0;0m██  
  ██[38;2;157;225;35m████████[38;2;0;0;0m████[38;2;255;255;255m████[38;2;108;169;20m██████[38;2;65;65;65m██[38;2;108;169;20m████[38;2;66;122;3m████[38;2;0;0;0m██  
  ██[38;2;108;169;20m██[38;2;157;225;35m██████[38;2;0;0;0m██[38;2;230;74;66m██[38;2;255;255;255m██[38;2;108;169;20m██████[38;2;66;122;3m████[38;2;65;65;65m██[38;2;108;169;20m██████[38;2;0;0;0m██  
    ████[38;2;108;169;20m████████████[38;2;65;65;65m██[38;2;108;169;20m██[38;2;66;122;3m████[38;2;65;65;65m██[38;2;108;169;20m██[38;2;189;189;189m██[38;2;0;0;0m██    
        ████████████[38;2;108;169;20m████████[38;2;65;65;65m██[38;2;0;0;0m████      
                  ██[38;2;255;255;255m██[38;2;108;169;20m██[38;2;255;255;255m██[38;2;65;65;65m██[38;2;0;0;0m██          
                    ████████            
[0m