    [38;2;0;0;0m██████                          
  ██[38;2;249;172;162m██[38;2;218;122;157m██[38;2;249;172;162m██[38;2;0;0;0m██                        
██[38;2;249;172;162m██████████[38;2;0;0;0m██                      
██[38;2;249;172;162m██████████[38;2;195;150;118m██[38;2;0;0;0m██                    
  ██[38;2;249;172;162m██[38;2;218;122;157m██[38;2;249;172;162m██[38;2;157;111;79m██[38;2;195;150;118m██[38;2;0;0;0m██                    
    ██████[38;2;194;178;178m██[38;2;157;111;79m████[38;2;0;0;0m██    ██████        
          ██[38;2;194;178;178m██[38;2;157;111;79m██[38;2;0;0;0m██  ██[38;2;195;150;118m████[38;2;157;111;79m██[38;2;0;0;0m████    
          ██[38;2;157;111;79m██████[38;2;0;0;0m██[38;2;195;150;118m████[38;2;157;111;79m██[38;2;218;122;157m██[38;2;249;172;162m████[38;2;0;0;0m██  
        ██[38;2;157;111;79m██[38;2;195;150;118m██████[38;2;65;65;65m██[38;2;195;150;118m██[38;2;157;111;79m██[38;2;218;122;157m██[38;2;249;172;162m████████[38;2;0;0;0m██
      ██[38;2;195;150;118m██████████[38;2;65;65;65m██[38;2;195;150;118m████[38;2;157;111;79m██[38;2;249;172;162m████████[38;2;0;0;0m██
    ██[38;2;255;255;255m██[38;2;195;150;118m██████████[38;2;218;122;157m██[38;2;65;65;65m██[38;2;157;111;79m██[38;2;218;122;157m██[38;2;249;172;162m██████[38;2;0;0;0m██  
    ████[38;2;195;150;118m████████████[38;2;65;65;65m██[38;2;195;150;118m██[38;2;157;111;79m████[38;2;249;172;162m██[38;2;218;122;157m██[38;2;0;0;0m██  
    ██[38;2;195;150;118m████[38;2;194;178;178m██[38;2;195;150;118m████[38;2;255;255;255m██[38;2;0;0;0m██[38;2;195;150;118m██[38;2;65;65;65m██[38;2;195;150;118m████[38;2;0;0;0m████    
      ██[38;2;195;150;118m██[38;2;157;111;79m██[38;2;195;150;118m████[38;2;0;0;0m██[38;2;65;65;65m██[38;2;157;111;79m████[38;2;65;65;65m██[38;2;0;0;0m██        
        ██[38;2;157;111;79m██[38;2;195;150;118m██[38;2;157;111;79m████████[38;2;0;0;0m████          
          ██[38;2;65;65;65m██[38;2;157;111;79m████[38;2;65;65;65m██[38;2;0;0;0m██              
        ██[38;2;157;111;79m██[38;2;65;65;65m██[38;2;157;111;79m████[38;2;195;150;118m██[38;2;65;65;65m██[38;2;0;0;0m██            
        ██[38;2;65;65;65m██[38;2;218;122;157m██[38;2;249;172;162m██[38;2;218;122;157m██[38;2;65;65;65m██[38;2;195;150;118m████[38;2;0;0;0m██          
          ██[38;2;249;172;162m████████[38;2;65;65;65m██[38;2;157;111;79m██[38;2;195;150;118m██[38;2;0;0;0m██        
        ██[38;2;218;122;157m██[38;2;0;0;0m██[38;2;249;172;162m████[38;2;65;65;65m████[38;2;0;0;0m████          
        ██[38;2;65;65;65m██[38;2;218;122;157m██[38;2;0;0;0m████[38;2;218;122;157m████[38;2;0;0;0m██            
          ██████  ████              
[0m