                  [38;2;0;0;0m████  ████                
              ██  ██[38;2;247;230;41m██[38;2;0;0;0m██[38;2;247;230;41m██[38;2;0;0;0m██                
            ██[38;2;140;48;35m██[38;2;0;0;0m██[38;2;247;230;41m██[38;2;189;165;90m██████[38;2;247;230;41m██[38;2;0;0;0m██              
            ██[38;2;65;65;65m██[38;2;182;65;48m██[38;2;65;65;65m██[38;2;247;230;41m██[38;2;65;65;65m██[38;2;247;230;41m██[38;2;65;65;65m██[38;2;0;0;0m██              
            ██[38;2;182;65;48m██████[38;2;65;65;65m██[38;2;182;65;48m██[38;2;65;65;65m██[38;2;182;65;48m██[38;2;65;65;65m██[38;2;0;0;0m████          
      ██████[38;2;237;194;91m████[38;2;182;65;48m██████████[38;2;140;48;35m██[38;2;182;65;48m████[38;2;0;0;0m██          
  ████[38;2;199;149;19m████[38;2;65;65;65m████[38;2;237;194;91m██[38;2;182;65;48m████[38;2;237;194;91m██████[38;2;65;65;65m██[38;2;182;65;48m██[38;2;140;48;35m██[38;2;0;0;0m██          
██[38;2;140;48;35m██[38;2;199;149;19m██[38;2;182;65;48m██[38;2;65;65;65m██[38;2;199;149;19m██[38;2;65;65;65m██[38;2;237;194;91m██████[38;2;65;65;65m████[38;2;237;194;91m████[38;2;65;65;65m████[38;2;199;149;19m██[38;2;0;0;0m██        
██[38;2;199;149;19m██[38;2;182;65;48m██[38;2;199;149;19m██[38;2;65;65;65m██[38;2;199;149;19m██[38;2;237;194;91m██████[38;2;65;65;65m██[38;2;0;0;0m██[38;2;255;255;255m██[38;2;65;65;65m██[38;2;237;194;91m████[38;2;199;149;19m████[38;2;0;0;0m██        
██[38;2;65;65;65m██[38;2;199;149;19m████[38;2;0;0;0m██[38;2;199;149;19m██[38;2;140;48;35m██[38;2;237;194;91m████[38;2;65;65;65m██[38;2;140;140;140m██[38;2;206;206;222m██[38;2;65;65;65m██[38;2;237;194;91m██[38;2;199;149;19m██████[38;2;0;0;0m██        
  ██████  ██[38;2;65;65;65m██[38;2;237;194;91m██[38;2;140;48;35m██[38;2;237;194;91m██[38;2;65;65;65m████[38;2;237;194;91m██[38;2;199;149;19m████[38;2;65;65;65m██[38;2;237;194;91m████[38;2;0;0;0m██      
          ██[38;2;199;149;19m████[38;2;65;65;65m██[38;2;199;149;19m██████[38;2;65;65;65m██[38;2;199;149;19m██[38;2;65;65;65m██[38;2;182;65;48m██[38;2;237;194;91m██████[38;2;0;0;0m████  
          ██[38;2;65;65;65m██[38;2;199;149;19m██████[38;2;65;65;65m██[38;2;199;149;19m██████[38;2;65;65;65m██[38;2;199;149;19m██[38;2;182;65;48m██[38;2;237;194;91m████[38;2;182;65;48m██[38;2;0;0;0m██  
          ██[38;2;140;48;35m██[38;2;65;65;65m██[38;2;0;0;0m██[38;2;199;149;19m██████[38;2;65;65;65m████[38;2;182;65;48m██[38;2;0;0;0m██[38;2;199;149;19m██[38;2;182;65;48m██[38;2;237;194;91m██████[38;2;0;0;0m██
            ████  ████[38;2;65;65;65m██[38;2;182;65;48m████[38;2;65;65;65m██[38;2;0;0;0m██[38;2;199;149;19m████[38;2;182;65;48m██[38;2;237;194;91m████[38;2;0;0;0m██
                      ██[38;2;140;48;35m██[38;2;182;65;48m██[38;2;0;0;0m██  ██[38;2;199;149;19m████[38;2;182;65;48m██[38;2;65;65;65m██[38;2;0;0;0m██
                        ████      ████████  
[0m