                  [38;2;0;0;0m██                  
                ██[38;2;182;65;48m██[38;2;0;0;0m██                
              ██[38;2;207;113;81m██[38;2;182;65;48m██[38;2;207;113;81m██[38;2;0;0;0m██              
                ██[38;2;182;65;48m██[38;2;0;0;0m██                
              ██[38;2;234;165;110m██[38;2;140;48;35m██[38;2;182;65;48m██[38;2;0;0;0m██              
              ██[38;2;234;165;110m██[38;2;140;48;35m██[38;2;182;65;48m██[38;2;0;0;0m██              
          ████[38;2;207;113;81m██[38;2;234;165;110m██[38;2;140;48;35m██[38;2;182;65;48m██[38;2;140;48;35m██[38;2;0;0;0m██            
  ██  ████[38;2;207;113;81m████[38;2;234;165;110m██[38;2;140;48;35m██[38;2;182;65;48m██████[38;2;140;48;35m██[38;2;0;0;0m██          
██[38;2;207;113;81m██[38;2;0;0;0m██[38;2;207;113;81m████████[38;2;234;165;110m██[38;2;140;48;35m██[38;2;182;65;48m████████[38;2;140;48;35m██[38;2;0;0;0m██        
  ██  ██[38;2;207;113;81m████[38;2;234;165;110m██[38;2;140;48;35m██[38;2;182;65;48m██████████████[38;2;0;0;0m██  ██  
        ██[38;2;207;113;81m████[38;2;140;48;35m██[38;2;182;65;48m████[38;2;140;48;35m██[38;2;182;65;48m██[38;2;140;48;35m██[38;2;182;65;48m██████[38;2;0;0;0m██[38;2;182;65;48m██[38;2;0;0;0m██
        ██[38;2;207;113;81m██[38;2;140;48;35m██[38;2;182;65;48m████[38;2;140;48;35m██[38;2;65;65;65m██[38;2;140;48;35m██[38;2;65;65;65m██[38;2;140;48;35m██[38;2;0;0;0m████  ██  
      ██[38;2;207;113;81m██[38;2;182;65;48m████[38;2;140;48;35m████[38;2;189;165;16m██[38;2;0;0;0m██[38;2;247;222;58m██[38;2;199;149;19m██[38;2;0;0;0m██          
      ████[38;2;65;65;65m██[38;2;199;149;19m████[38;2;65;65;65m████[38;2;247;222;58m██[38;2;65;65;65m██[38;2;199;149;19m██[38;2;0;0;0m██          
          ██[38;2;65;65;65m██[38;2;199;149;19m████[38;2;65;65;65m████[38;2;199;149;19m██[38;2;0;0;0m██            
        ████[38;2;199;149;19m██[38;2;65;65;65m████[38;2;199;149;19m████[38;2;0;0;0m██              
      ██[38;2;199;149;19m██████[38;2;65;65;65m██[38;2;199;149;19m██████[38;2;237;194;91m██[38;2;0;0;0m████          
    ██[38;2;199;149;19m██████[38;2;65;65;65m██[38;2;237;194;91m██[38;2;182;65;48m██[38;2;237;194;91m██████████[38;2;0;0;0m██        
    ██[38;2;199;149;19m████[38;2;65;65;65m████[38;2;237;194;91m████████[38;2;65;65;65m██[38;2;237;194;91m██████[38;2;0;0;0m██      
      ██████[38;2;199;149;19m██[38;2;182;65;48m██[38;2;237;194;91m██████[38;2;65;65;65m████[38;2;237;194;91m██████[38;2;0;0;0m██    
          ██[38;2;199;149;19m██[38;2;237;194;91m████████[38;2;65;65;65m████[38;2;237;194;91m████[38;2;182;65;48m██[38;2;0;0;0m██    
        ██[38;2;182;65;48m██[38;2;199;149;19m██[38;2;65;65;65m██[38;2;237;194;91m████[38;2;182;65;48m██[38;2;237;194;91m██[38;2;65;65;65m██[38;2;199;149;19m██[38;2;237;194;91m████[38;2;0;0;0m██    
        ██[38;2;199;149;19m██████[38;2;65;65;65m██[38;2;237;194;91m████████[38;2;65;65;65m██[38;2;0;0;0m████      
        ██[38;2;65;65;65m██[38;2;199;149;19m████[38;2;65;65;65m██[38;2;237;194;91m████[38;2;182;65;48m██[38;2;237;194;91m██[38;2;0;0;0m██          
          ████████[38;2;199;149;19m██[38;2;237;194;91m██████[38;2;0;0;0m██          
                ██[38;2;65;65;65m██[38;2;199;149;19m██[38;2;182;65;48m██[38;2;199;149;19m██[38;2;0;0;0m██          
                  ████████            
[0m