                      [38;2;0;0;0m██████████    ████████                      
                ██████[38;2;180;202;255m██████████[38;2;0;0;0m████[38;2;180;202;255m████████[38;2;0;0;0m████                  
            ██[38;2;0;16;0m██[38;2;74;121;131m██[38;2;180;202;255m████[38;2;78;87;143m████[38;2;79;113;139m██[38;2;172;186;255m██[38;2;180;202;255m████[38;2;76;86;145m████[38;2;172;186;255m██[38;2;79;113;139m██[38;2;78;87;143m████[38;2;74;121;131m██[38;2;0;16;0m██[38;2;0;0;0m██              
          ██[38;2;41;109;78m██[38;2;49;86;87m████[38;2;76;86;145m████[38;2;41;109;74m████[38;2;32;76;82m██[38;2;79;113;139m██[38;2;76;86;145m██[38;2;180;202;255m████[38;2;76;86;145m██[38;2;79;113;139m██[38;2;32;76;82m██[38;2;41;109;74m████[38;2;49;86;87m████[38;2;41;109;78m██[38;2;0;0;0m██            
        ██[38;2;41;110;76m████████████████████[38;2;41;109;74m██[38;2;78;87;143m████[38;2;41;109;74m██[38;2;41;110;76m██[38;2;57;93;74m██[38;2;41;110;76m████████████[38;2;0;0;0m██          
        ██[38;2;41;110;76m████████████████████[38;2;41;109;74m████████[38;2;41;110;76m████[38;2;57;93;74m██[38;2;41;110;76m██████████[38;2;41;109;78m██[38;2;0;0;0m██        
      ██[38;2;41;109;78m██[38;2;41;110;76m████████████████████[38;2;41;109;78m████[38;2;57;80;65m████[38;2;41;110;76m████[38;2;57;93;74m██[38;2;41;110;76m██████████[38;2;41;109;78m██[38;2;0;0;0m██        
████  ██[38;2;41;109;78m██[38;2;41;110;76m████████████████████[38;2;41;109;78m██[38;2;65;64;65m██[38;2;255;244;195m██[38;2;57;80;65m██[38;2;41;110;76m██████[38;2;57;93;74m██[38;2;41;110;76m████████[38;2;41;109;78m████[38;2;0;0;0m██  ██  
██[38;2;255;243;190m██[38;2;0;0;0m██[38;2;65;64;65m██[38;2;41;109;78m██[38;2;41;110;76m████████████████████[38;2;41;109;78m██[38;2;65;64;65m██[38;2;255;244;195m████[38;2;65;64;65m██[38;2;41;109;78m██[38;2;41;110;76m██[38;2;57;93;74m██[38;2;41;110;76m████████████[38;2;0;0;0m████[38;2;255;244;195m██[38;2;0;0;0m██
██[38;2;255;243;190m██[38;2;84;83;84m██[38;2;65;64;65m██[38;2;41;109;78m██[38;2;41;110;76m████████████████████[38;2;41;109;78m██[38;2;65;64;65m██[38;2;184;159;77m██[38;2;255;244;195m██[38;2;65;64;65m██[38;2;41;109;78m██[38;2;41;110;76m██[38;2;57;93;74m██[38;2;41;110;76m████████████[38;2;0;0;0m██[38;2;255;244;195m████[38;2;0;0;0m██
██[38;2;255;244;195m████[38;2;57;78;71m████[38;2;41;110;76m████████████████████[38;2;41;109;78m██[38;2;65;64;65m██[38;2;244;199;112m██[38;2;183;156;81m██[38;2;242;200;110m██[38;2;65;64;65m██[38;2;41;110;76m████████████████[38;2;0;0;0m██[38;2;180;149;84m██[38;2;255;244;195m██[38;2;0;0;0m██
  [38;2;8;4;0m██[38;2;174;148;79m██[38;2;183;156;81m██[38;2;57;78;71m██[38;2;41;110;76m████████████████████[38;2;41;109;78m██[38;2;65;64;65m██[38;2;244;199;112m████[38;2;242;200;110m██[38;2;65;64;65m██[38;2;41;110;76m████████████████[38;2;68;66;68m██[38;2;248;203;109m██[38;2;0;0;0m██  
  ██[38;2;242;200;110m████[38;2;65;64;65m██[38;2;41;109;78m████[38;2;41;110;76m████████████████[38;2;41;109;78m██[38;2;65;64;65m██[38;2;244;199;112m████[38;2;242;200;110m██[38;2;65;64;65m██[38;2;43;110;76m██[38;2;65;64;65m██[38;2;41;110;76m████████[38;2;43;111;76m██[38;2;54;90;71m██[38;2;65;64;68m██[38;2;242;200;110m██[38;2;0;0;0m██  
    ██[38;2;242;200;110m████[38;2;65;64;65m██[38;2;41;109;78m██[38;2;57;93;74m██[38;2;41;110;76m██████████████[38;2;41;109;78m██[38;2;65;64;65m██[38;2;244;199;112m██[38;2;185;161;89m██[38;2;242;200;110m██[38;2;65;64;65m██[38;2;54;87;71m██[38;2;65;64;65m██[38;2;57;93;74m██[38;2;41;110;76m████[38;2;57;93;74m██[38;2;54;90;71m██[38;2;65;68;65m██[38;2;242;200;110m██[38;2;0;0;0m██    
    ██[38;2;242;200;110m████[38;2;244;207;114m██[38;2;65;72;71m██[38;2;38;110;76m██[38;2;52;87;71m██[38;2;41;110;76m██[38;2;57;93;74m██[38;2;41;110;76m██[38;2;57;93;74m██[38;2;41;110;76m████[38;2;54;91;74m██[38;2;65;64;65m██[38;2;184;161;89m████[38;2;65;64;65m██[38;2;54;91;74m████[38;2;65;64;65m██[38;2;57;93;74m████████[38;2;63;72;65m████[38;2;242;200;110m██[38;2;0;0;0m██    
      ██[38;2;242;200;110m██[38;2;178;155;88m████[38;2;65;64;65m██[38;2;38;110;76m██[38;2;57;93;74m██[38;2;41;110;76m██[38;2;57;93;74m██[38;2;41;110;76m██[38;2;57;93;74m████[38;2;54;91;74m██[38;2;65;64;65m██[38;2;184;161;89m████[38;2;65;64;65m██[38;2;54;91;74m██████[38;2;57;93;74m████████[38;2;63;72;65m██[38;2;185;161;89m██[38;2;0;0;0m██      
        ██[38;2;244;207;114m██[38;2;177;152;87m██[38;2;183;162;90m██[38;2;65;64;65m██[38;2;63;72;65m████[38;2;43;111;76m██[38;2;54;90;71m██[38;2;57;93;74m████[38;2;63;72;65m████[38;2;183;162;90m██[38;2;65;64;65m██[38;2;54;91;74m████[38;2;65;64;65m██[38;2;54;91;74m██████[38;2;65;64;65m████[38;2;185;161;89m██[38;2;0;0;0m██        
          ████[38;2;183;162;90m████[38;2;185;161;89m██[38;2;63;72;65m██[38;2;65;68;65m██[38;2;54;90;71m██[38;2;57;93;74m████[38;2;63;72;65m██[38;2;185;161;89m██[38;2;183;162;90m██[38;2;65;64;65m██[38;2;54;91;74m██[38;2;65;64;65m██[38;2;54;91;74m██[38;2;65;64;65m██████[38;2;183;162;90m████[38;2;0;0;0m██          
              ████[38;2;184;161;89m████[38;2;183;162;90m██[38;2;65;64;65m██████[38;2;184;161;89m████[38;2;63;72;65m████[38;2;65;64;65m██████[38;2;183;162;90m██[38;2;184;161;89m████[38;2;0;0;0m████            
                  ██[38;2;68;72;74m██[38;2;65;64;65m████[38;2;183;162;90m████[38;2;184;161;89m████[38;2;185;161;89m██[38;2;63;72;65m██[38;2;183;162;90m████████[38;2;0;0;0m████                
                ██[38;2;65;68;65m██[38;2;242;205;109m██[38;2;184;159;77m████[38;2;255;255;238m██[38;2;82;85;106m██[38;2;74;76;98m██[38;2;255;255;246m██[38;2;184;162;83m████[38;2;65;64;65m████[38;2;35;72;54m██[38;2;8;0;0m██                    
              [38;2;0;0;0m██[38;2;183;156;81m██[38;2;242;205;109m██[38;2;177;151;85m██[38;2;252;241;185m████[38;2;185;155;90m████[38;2;180;153;90m██[38;2;74;76;98m██[38;2;65;64;65m██████[38;2;41;109;78m██[38;2;49;109;82m████[38;2;0;0;0m██                  
              ██[38;2;65;64;65m██[38;2;174;150;79m██[38;2;252;241;185m██████████[38;2;57;89;74m████[38;2;49;93;74m██████[38;2;180;202;255m██████[38;2;0;0;0m██                  
                ██[38;2;65;68;65m████[38;2;206;175;95m██[38;2;65;68;74m██[38;2;65;64;65m████[38;2;180;202;255m██████[38;2;49;93;74m██████[38;2;180;202;255m██[38;2;41;109;74m██[38;2;0;0;0m██                  
                  ██[38;2;41;109;78m██[38;2;57;80;65m██[38;2;180;202;255m██[38;2;41;109;78m██[38;2;65;64;65m██[38;2;49;93;74m██[38;2;180;202;255m██[38;2;41;109;78m████[38;2;65;64;65m██[38;2;41;109;78m████[38;2;0;0;0m██                    
                    ██[38;2;57;80;65m████[38;2;41;109;78m██[38;2;65;64;65m██[38;2;49;93;74m████[38;2;41;109;78m██[38;2;65;64;65m██████[38;2;0;0;0m██                      
                      ██[38;2;63;74;68m██[38;2;65;72;71m██[38;2;178;155;88m████[38;2;65;72;71m██[38;2;65;64;65m██[38;2;41;109;78m██[38;2;57;80;65m██[38;2;180;202;255m██[38;2;57;90;84m██[38;2;0;28;0m██                    
                    [38;2;0;0;0m██[38;2;63;74;68m████[38;2;178;155;88m██[38;2;244;207;114m████[38;2;178;155;88m██[38;2;41;109;78m████[38;2;57;80;65m████[38;2;172;214;255m██[38;2;57;90;84m██[38;2;0;0;0m██                  
                    ██[38;2;65;72;65m████[38;2;244;199;112m████████[38;2;65;72;65m████████[38;2;180;202;255m████[38;2;0;0;0m██                  
                  ██[38;2;65;64;65m██[38;2;255;244;195m██[38;2;65;72;65m██[38;2;185;161;89m██[38;2;244;199;112m████[38;2;185;161;89m██[38;2;65;72;65m██[38;2;255;244;195m████[38;2;65;72;65m██[38;2;76;86;145m██[38;2;180;202;255m██[38;2;41;109;78m██[38;2;0;0;0m██                
                  ██[38;2;76;86;142m██[38;2;43;49;71m██[38;2;79;91;142m██[38;2;65;64;65m██[38;2;185;161;89m██[38;2;90;94;93m██[38;2;185;161;89m██[38;2;98;97;98m██[38;2;65;64;65m██[38;2;49;48;74m██[38;2;172;194;255m██[38;2;86;97;131m████[38;2;180;202;255m██[38;2;0;0;0m██                
                  ██[38;2;76;86;142m██[38;2;79;91;142m██[38;2;8;8;0m██[38;2;65;64;65m██[38;2;90;91;93m██[38;2;65;68;65m██[38;2;90;94;93m██[38;2;65;64;65m██[38;2;0;0;0m██[38;2;90;97;134m████[38;2;172;194;255m██[38;2;0;0;8m██[38;2;0;0;0m██                  
                    ████  ██[38;2;184;161;89m██[38;2;65;64;65m██[38;2;255;244;195m██[38;2;0;0;0m██  ██████                      
                          ██[38;2;184;161;89m██[38;2;65;64;65m██[38;2;255;244;195m██[38;2;0;0;0m██                              
                            ██[38;2;82;83;82m██[38;2;255;240;179m██[38;2;0;0;0m██                              
                              ████                                
[0m