                                  [38;2;0;0;0m██████████          
                                ██[38;2;152;137;114m██[38;2;245;231;200m██████[38;2;152;137;114m██[38;2;0;0;0m██        
                    ██████████  ██[38;2;245;231;200m██[38;2;65;65;65m██████[38;2;245;231;200m██[38;2;0;0;0m██        
                  ██[38;2;152;137;114m██[38;2;245;231;200m██████[38;2;152;137;114m██[38;2;0;0;0m██[38;2;212;186;138m████[38;2;245;231;200m██████[38;2;212;186;138m████[38;2;0;0;0m██      
                  ██[38;2;245;231;200m██[38;2;65;65;65m██████[38;2;245;231;200m██[38;2;65;65;65m██[38;2;212;186;138m████[38;2;152;137;114m██████[38;2;212;186;138m████[38;2;0;0;0m██      
          ████  ████[38;2;212;186;138m██[38;2;245;231;200m██████[38;2;212;186;138m██[38;2;65;65;65m██[38;2;212;186;138m████[38;2;152;137;114m██████[38;2;212;186;138m████[38;2;128;127;153m██[38;2;0;0;0m██    
      ██████[38;2;128;127;153m██[38;2;0;0;0m████[38;2;212;186;138m████[38;2;152;137;114m██████[38;2;212;186;138m████[38;2;65;65;65m██[38;2;152;137;114m██████████[38;2;128;127;153m██████[38;2;0;0;0m██  
      ██[38;2;92;91;111m██[38;2;65;65;65m██[38;2;128;127;153m████[38;2;65;65;65m████[38;2;212;186;138m██[38;2;152;137;114m██████[38;2;212;186;138m████[38;2;128;127;153m██[38;2;65;65;65m██[38;2;128;127;153m██[38;2;152;137;114m██[38;2;128;127;153m██████[38;2;255;241;99m██[38;2;128;127;153m██[38;2;0;0;0m██  
      ██[38;2;92;91;111m██[38;2;65;65;65m██[38;2;92;91;111m██[38;2;128;127;153m██[38;2;65;65;65m██[38;2;128;127;153m██[38;2;65;65;65m██[38;2;152;137;114m████████[38;2;128;127;153m████████████[38;2;255;241;99m██[38;2;219;207;129m██[38;2;128;127;153m██[38;2;255;241;99m██[38;2;128;127;153m██[38;2;0;0;0m██
  ████[38;2;92;91;111m██[38;2;65;65;65m██[38;2;92;91;111m██[38;2;65;65;65m██[38;2;128;127;153m██[38;2;65;65;65m██[38;2;128;127;153m██[38;2;65;65;65m██[38;2;128;127;153m██[38;2;152;137;114m██[38;2;128;127;153m██████████████[38;2;255;241;99m██[38;2;128;127;153m██[38;2;255;241;99m██[38;2;128;127;153m██[38;2;255;241;99m██[38;2;92;91;111m██[38;2;0;0;0m██
██[38;2;92;91;111m██████[38;2;65;65;65m████[38;2;128;127;153m██████████[38;2;65;65;65m██████[38;2;128;127;153m████████[38;2;255;241;99m██[38;2;128;127;153m██[38;2;255;241;99m██[38;2;128;127;153m██[38;2;255;241;99m██[38;2;128;127;153m██[38;2;255;241;99m██[38;2;92;91;111m██[38;2;0;0;0m██
  ████[38;2;65;65;65m██[38;2;128;127;153m██████████████████[38;2;92;91;111m██[38;2;65;65;65m██[38;2;128;127;153m████[38;2;255;241;99m██[38;2;128;127;153m██[38;2;255;241;99m██[38;2;219;207;129m██[38;2;128;127;153m██[38;2;219;207;129m██[38;2;128;127;153m██[38;2;255;241;99m██[38;2;92;91;111m██[38;2;0;0;0m██
    ██[38;2;92;91;111m██[38;2;128;127;153m██████████████[38;2;65;65;65m██[38;2;128;127;153m██████[38;2;65;65;65m██[38;2;128;127;153m██[38;2;255;241;99m██[38;2;128;127;153m██[38;2;255;241;99m██[38;2;219;207;129m██[38;2;128;127;153m██[38;2;219;207;129m██[38;2;255;241;99m██[38;2;92;91;111m██[38;2;0;0;0m██  
    ██[38;2;255;255;255m██[38;2;128;127;153m██████[38;2;92;91;111m██[38;2;128;127;153m██[38;2;92;91;111m██[38;2;128;127;153m██[38;2;92;91;111m██[38;2;65;65;65m████████[38;2;128;127;153m██[38;2;255;241;99m██[38;2;128;127;153m██[38;2;255;241;99m██[38;2;219;207;129m██[38;2;128;127;153m██[38;2;255;241;99m██[38;2;92;91;111m████[38;2;0;0;0m██  
    ██[38;2;255;255;255m██[38;2;245;231;200m██[38;2;92;91;111m██[38;2;245;231;200m██[38;2;212;186;138m██[38;2;128;127;153m██[38;2;0;0;0m██[38;2;255;255;255m██[38;2;65;65;65m██[38;2;92;91;111m████████[38;2;128;127;153m██[38;2;255;241;99m██[38;2;128;127;153m██[38;2;255;241;99m██[38;2;92;91;111m██[38;2;255;241;99m██[38;2;92;91;111m██████[38;2;152;137;114m██[38;2;0;0;0m██
      ██[38;2;245;231;200m██████[38;2;212;186;138m██[38;2;255;255;255m██████[38;2;65;65;65m██[38;2;92;91;111m████████████[38;2;255;241;99m██[38;2;92;91;111m██████[38;2;65;65;65m██[38;2;92;91;111m██████[38;2;0;0;0m██
      ██[38;2;245;231;200m████████[38;2;212;186;138m██[38;2;255;255;255m██[38;2;212;186;138m████[38;2;65;65;65m██[38;2;92;91;111m████████████████[38;2;65;65;65m██[38;2;92;91;111m████████[38;2;0;0;0m██
    ██[38;2;245;231;200m████████████[38;2;212;186;138m██████[38;2;65;65;65m██[38;2;92;91;111m████████[38;2;65;65;65m██[38;2;92;91;111m██[38;2;0;0;0m████[38;2;92;91;111m████[38;2;65;65;65m██[38;2;92;91;111m██[38;2;0;0;0m██  
    ██[38;2;65;65;65m██[38;2;245;231;200m██████[38;2;65;65;65m██[38;2;212;186;138m██████[38;2;65;65;65m██[38;2;92;91;111m████[38;2;128;127;153m████[38;2;92;91;111m██[38;2;65;65;65m██[38;2;0;0;0m██    ████████    
      ████[38;2;212;186;138m██[38;2;152;137;114m██[38;2;212;186;138m██████[38;2;0;0;0m██[38;2;65;65;65m██[38;2;92;91;111m██[38;2;128;127;153m██████[38;2;92;91;111m████[38;2;0;0;0m██                
          ██████████  ██[38;2;65;65;65m██[38;2;92;91;111m██[38;2;65;65;65m██[38;2;92;91;111m████[38;2;65;65;65m██[38;2;0;0;0m██                
                        ████████████                  
[0m