                        [38;2;0;0;0m████████                                        
                    ████[38;2;120;158;201m██[38;2;119;158;200m████[38;2;120;158;201m██[38;2;0;0;0m████                                    
                ████[38;2;120;158;201m██████[38;2;119;158;200m████[38;2;120;158;201m██████[38;2;0;0;0m██                                  
              [38;2;8;8;8m██[38;2;123;162;206m██[38;2;120;158;201m████[38;2;119;158;200m████[38;2;120;158;201m██[38;2;65;64;65m████[38;2;120;158;201m██████[38;2;0;0;0m██                                
            ██[38;2;123;162;206m██[38;2;74;112;149m██[38;2;90;129;167m████[38;2;119;158;200m████[38;2;120;158;201m██[38;2;65;64;65m██[38;2;84;123;135m██[38;2;65;64;65m████[38;2;120;158;201m████[38;2;0;0;0m██      ██████                  
            ██[38;2;90;129;167m██[38;2;120;158;201m██[38;2;119;158;200m████[38;2;91;130;168m████[38;2;65;64;65m██[38;2;83;122;133m████████[38;2;65;64;65m██[38;2;120;158;201m██[38;2;0;0;0m██    [38;2;8;8;0m██[38;2;44;76;85m██[38;2;44;75;84m████[38;2;0;0;0m██                
          ██[38;2;91;130;168m██[38;2;120;158;201m████[38;2;119;158;200m████[38;2;123;162;206m██[38;2;65;68;65m██[38;2;83;122;133m████[38;2;65;64;65m██[38;2;83;122;133m████[38;2;65;64;65m██[38;2;120;158;201m████[38;2;0;0;0m████[38;2;49;49;57m██[38;2;86;126;137m██[38;2;83;122;133m██[38;2;44;75;84m██[38;2;0;0;0m██                
        ██[38;2;63;98;109m██[38;2;65;64;65m██[38;2;120;158;201m██████[38;2;65;64;65m████[38;2;83;122;133m██[38;2;96;137;148m██[38;2;65;60;65m██[38;2;83;122;133m████[38;2;84;123;135m████[38;2;65;64;65m██[38;2;120;158;201m██[38;2;76;91;106m██[38;2;65;64;65m██[38;2;84;123;135m████[38;2;44;76;85m████[38;2;0;0;0m██                
        ██[38;2;63;98;109m████[38;2;65;64;65m██████[38;2;84;123;135m██[38;2;83;122;133m████[38;2;65;60;65m██[38;2;164;198;197m██[38;2;65;64;65m████[38;2;84;123;135m████[38;2;65;64;65m██[38;2;89;127;165m██[38;2;90;128;166m██[38;2;65;64;65m██[38;2;84;123;135m████[38;2;44;76;85m██[38;2;65;64;65m██[38;2;62;97;108m██[38;2;0;0;0m██              
        ██[38;2;64;100;110m████[38;2;84;123;135m████[38;2;83;122;133m████[38;2;84;84;84m██[38;2;0;0;0m██[38;2;255;255;255m██[38;2;164;214;189m██[38;2;65;64;65m██[38;2;83;122;133m██[38;2;65;64;65m██[38;2;83;122;133m██[38;2;65;64;65m██[38;2;91;130;168m██[38;2;65;64;65m██[38;2;83;122;133m██[38;2;82;121;132m██[38;2;48;80;90m██[38;2;44;76;85m██[38;2;65;64;65m██[38;2;63;98;109m████[38;2;0;0;0m██            
          [38;2;0;4;0m██[38;2;54;58;76m██[38;2;84;123;135m████[38;2;65;64;65m████[38;2;169;169;169m██[38;2;255;255;255m████[38;2;164;214;189m██[38;2;65;64;65m██[38;2;83;122;133m████[38;2;65;64;65m██[38;2;91;130;168m████[38;2;65;64;65m██[38;2;83;122;133m██[38;2;82;121;132m██[38;2;65;60;65m██[38;2;65;64;65m██[38;2;44;76;85m██[38;2;65;64;65m██[38;2;63;98;109m██[38;2;0;0;0m██            
          ██[38;2;62;97;108m██[38;2;65;64;65m████[38;2;83;122;133m████[38;2;131;148;161m██[38;2;164;194;205m██[38;2;164;210;189m██[38;2;60;95;105m██[38;2;65;64;65m██[38;2;87;127;138m██[38;2;86;126;137m██[38;2;65;64;65m██[38;2;91;130;168m██████[38;2;65;64;65m████[38;2;120;158;201m████[38;2;65;64;65m██[38;2;44;76;85m██[38;2;65;64;65m██[38;2;67;103;114m██[38;2;8;4;0m██[38;2;0;0;0m██        
            ██[38;2;62;97;108m██[38;2;87;127;138m██[38;2;83;122;133m██[38;2;65;64;65m██[38;2;65;56;74m██[38;2;94;135;146m██[38;2;88;128;140m██[38;2;60;95;105m██[38;2;62;97;108m██[38;2;65;64;65m████[38;2;90;129;167m██[38;2;91;130;168m██[38;2;65;64;65m████[38;2;91;130;168m██[38;2;120;158;201m████████[38;2;65;64;65m████[38;2;34;63;72m██[38;2;67;103;114m██[38;2;62;97;108m██[38;2;0;0;0m██      
              ██[38;2;83;122;133m██[38;2;65;64;65m██[38;2;63;98;109m████[38;2;65;64;65m██[38;2;86;126;137m██[38;2;62;97;108m██[38;2;65;64;65m██[38;2;91;130;168m██████[38;2;65;64;65m██[38;2;63;98;109m████[38;2;65;64;65m██[38;2;119;158;200m████████[38;2;65;60;65m██[38;2;48;80;90m██[38;2;65;64;65m██[38;2;44;76;85m██[38;2;63;98;109m██[38;2;0;0;0m██      
            ██[38;2;88;126;164m██[38;2;57;68;86m██[38;2;65;64;65m██[38;2;63;98;109m████[38;2;65;64;65m██[38;2;65;64;74m██[38;2;86;126;137m██[38;2;65;64;65m██[38;2;91;130;168m██████[38;2;65;64;65m██[38;2;63;98;109m████[38;2;65;64;65m██[38;2;119;158;200m████████[38;2;118;157;199m██[38;2;65;60;65m██[38;2;65;64;65m██[38;2;44;76;85m██[38;2;63;98;109m██[38;2;0;0;0m██      
        ████[38;2;91;130;168m██████[38;2;66;104;141m██[38;2;65;64;65m████[38;2;91;130;168m████[38;2;65;64;65m██[38;2;91;130;168m████[38;2;90;128;166m██[38;2;65;64;65m██[38;2;63;98;109m████[38;2;44;76;85m██[38;2;65;64;65m██[38;2;91;130;168m██[38;2;123;162;206m██[38;2;119;158;200m████████[38;2;65;64;65m████[38;2;0;0;0m██        
      ██[38;2;91;130;168m██████████[38;2;65;64;65m████[38;2;91;130;168m██████████[38;2;65;64;65m████[38;2;40;71;80m██[38;2;44;75;84m████[38;2;44;76;85m██[38;2;65;64;65m██[38;2;91;130;168m██[38;2;65;68;65m██[38;2;119;158;200m████████[38;2;65;64;65m██[38;2;44;76;85m██[38;2;0;0;0m██        
    ██[38;2;119;158;200m████[38;2;91;130;168m██████[38;2;43;55;63m██[38;2;63;98;109m██[38;2;44;75;84m██[38;2;65;64;65m██[38;2;90;128;166m██[38;2;91;130;168m████[38;2;65;64;65m██[38;2;49;82;92m██[38;2;44;75;84m██[38;2;83;122;133m████[38;2;44;75;84m██[38;2;44;76;85m██[38;2;65;64;65m██[38;2;91;130;168m██[38;2;65;64;65m██[38;2;119;158;200m████[38;2;120;158;201m██████[38;2;65;64;65m██[38;2;0;0;0m██        
  ██[38;2;120;158;201m██[38;2;119;158;200m████[38;2;91;130;168m██████[38;2;16;8;0m██[38;2;63;98;109m████[38;2;40;71;80m██[38;2;65;64;65m██[38;2;90;89;115m████[38;2;65;64;65m██[38;2;81;120;131m██[38;2;83;122;133m████████[38;2;44;76;85m████[38;2;65;64;65m████[38;2;119;158;200m████[38;2;120;158;201m██[38;2;90;129;167m██[38;2;120;158;201m██[38;2;65;64;65m██[38;2;44;75;84m██[38;2;0;0;0m██      
  ██[38;2;120;158;201m████[38;2;90;129;167m██[38;2;91;130;168m████[38;2;0;0;0m██  ██[38;2;66;102;112m██[38;2;44;76;85m██[38;2;65;64;65m██[38;2;164;214;189m████[38;2;65;60;65m██[38;2;96;137;148m██[38;2;83;122;133m████████[38;2;44;76;85m████[38;2;48;80;90m██[38;2;65;60;65m██[38;2;119;158;200m████[38;2;90;129;167m██[38;2;120;158;201m██[38;2;91;130;168m██[38;2;65;68;65m██[38;2;44;75;84m██[38;2;0;0;0m██      
██[38;2;120;158;201m██████[38;2;90;129;167m██[38;2;91;130;168m██[38;2;0;0;0m██    ██[38;2;18;44;51m██[38;2;44;76;85m██[38;2;127;152;152m██[38;2;164;214;189m████[38;2;164;198;197m██[38;2;65;60;65m██[38;2;65;64;65m██[38;2;83;122;133m████[38;2;44;75;84m██[38;2;44;76;85m████[38;2;65;60;65m██[38;2;118;157;199m██[38;2;119;158;200m████[38;2;120;158;201m██[38;2;90;129;167m██[38;2;123;162;206m██[38;2;91;130;168m██[38;2;44;75;84m██[38;2;0;0;0m██      
██[38;2;120;158;201m██████[38;2;90;129;167m██[38;2;91;130;168m██[38;2;0;0;0m██    [38;2;16;8;0m██[38;2;76;107;131m██[38;2;65;68;65m██[38;2;164;222;205m██[38;2;164;214;189m██████[38;2;131;180;180m██[38;2;131;178;180m██[38;2;65;60;65m██[38;2;44;76;85m████[38;2;48;80;90m██[38;2;65;60;65m██[38;2;119;158;200m████[38;2;120;158;201m████[38;2;90;129;167m██[38;2;120;158;201m██[38;2;91;130;168m████[38;2;0;0;0m██        
██[38;2;120;158;201m██[38;2;44;75;84m██[38;2;120;158;201m████[38;2;0;0;0m██    ██[38;2;98;137;176m██[38;2;46;58;65m██[38;2;65;68;65m██[38;2;131;171;159m██[38;2;131;180;180m██████[38;2;164;214;189m██[38;2;65;60;65m██[38;2;49;79;88m██[38;2;44;76;85m████[38;2;65;60;65m██[38;2;118;157;199m██[38;2;119;158;200m████[38;2;120;158;201m██[38;2;90;129;167m██████[38;2;91;130;168m██[38;2;65;64;65m██[38;2;65;103;140m██[38;2;0;0;0m██████  
██[38;2;34;63;72m██[38;2;67;103;114m██[38;2;44;75;84m██[38;2;120;158;201m██[38;2;0;0;0m██    ██[38;2;91;130;168m██[38;2;65;64;65m██[38;2;44;76;85m██[38;2;65;64;65m██[38;2;164;210;189m████[38;2;164;214;189m████[38;2;65;60;74m██[38;2;78;114;125m██[38;2;67;101;111m██[38;2;65;60;65m██[38;2;119;158;200m████[38;2;120;158;201m██[38;2;90;129;167m██[38;2;91;130;168m████████[38;2;87;125;163m██[38;2;65;64;65m██[38;2;66;104;141m████[38;2;65;103;140m████[38;2;0;0;0m██
  [38;2;8;4;0m██[38;2;67;103;114m██[38;2;44;75;84m██[38;2;120;158;201m██[38;2;0;0;0m██    ██[38;2;91;130;168m████[38;2;65;64;65m██[38;2;44;76;85m██[38;2;98;105;106m██[38;2;65;52;65m██[38;2;164;214;189m████[38;2;164;202;197m██[38;2;65;60;74m██[38;2;65;60;65m██[38;2;120;158;201m██[38;2;119;158;200m████[38;2;90;129;167m████[38;2;44;75;84m████[38;2;91;130;168m████[38;2;65;64;65m██[38;2;67;106;143m██[38;2;66;104;141m████[38;2;65;103;140m██[38;2;0;0;0m██  
    ██[38;2;39;70;79m██[38;2;122;161;205m██[38;2;120;158;201m██[38;2;0;0;0m██    ██[38;2;90;129;167m██[38;2;87;125;163m██[38;2;65;64;65m████████[38;2;0;0;0m██[38;2;67;105;142m████[38;2;65;64;65m██[38;2;120;158;201m████[38;2;44;76;85m██[38;2;90;128;166m██[38;2;44;75;84m██[38;2;81;120;131m██[38;2;44;75;84m██[38;2;96;134;173m██[38;2;52;56;63m██[38;2;65;103;140m████[38;2;0;0;0m██████    
      [38;2;8;0;0m████[38;2;120;158;201m██[38;2;0;0;0m██    ██[38;2;53;72;90m██[38;2;65;64;65m██[38;2;67;106;143m██[38;2;66;104;141m██[38;2;65;64;65m██[38;2;0;0;0m██  [38;2;8;4;0m██[38;2;45;60;74m██[38;2;120;158;201m████[38;2;44;76;85m██[38;2;80;118;130m██[38;2;44;75;84m██[38;2;85;125;136m██[38;2;44;75;84m██[38;2;68;104;115m██[38;2;52;56;63m██[38;2;24;8;0m██[38;2;0;0;0m████          
          ██    ██[38;2;90;129;167m██[38;2;44;75;84m████[38;2;90;129;167m██[38;2;65;103;140m████[38;2;0;0;0m██    ██[38;2;120;158;201m██[38;2;44;75;84m██[38;2;81;120;131m██[38;2;49;82;92m██[38;2;81;120;131m██[38;2;49;82;92m██[38;2;65;64;65m████[38;2;0;0;0m██                
                  ████████████      ██[38;2;120;158;201m██[38;2;44;75;84m██[38;2;65;64;65m████████[38;2;66;104;141m████[38;2;0;0;0m██                
                                      ████[38;2;51;89;126m██[38;2;90;129;167m██[38;2;44;75;84m████[38;2;91;130;168m██[38;2;0;0;0m██                  
                                          ██████████                    
[0m