                [38;2;0;0;0m████                
          ██████[38;2;248;158;62m████[38;2;0;0;0m██              
        ██[38;2;248;158;62m██[38;2;185;83;46m██[38;2;248;158;62m██[38;2;255;255;255m██[38;2;255;189;55m██[38;2;248;158;62m██[38;2;0;0;0m██████        
      ██[38;2;255;255;255m██[38;2;248;158;62m██[38;2;185;83;46m██[38;2;248;158;62m██[38;2;255;189;55m████[38;2;248;158;62m██[38;2;185;83;46m██[38;2;248;158;62m████[38;2;0;0;0m██      
    ████[38;2;248;158;62m████[38;2;182;45;82m████[38;2;248;158;62m████[38;2;185;83;46m██[38;2;248;158;62m██[38;2;255;255;255m██[38;2;255;189;55m██[38;2;248;158;62m██[38;2;0;0;0m██    
  ██[38;2;255;255;255m██[38;2;248;158;62m██[38;2;185;83;46m██[38;2;182;45;82m██[38;2;211;54;91m████[38;2;182;45;82m██████[38;2;248;158;62m██[38;2;255;189;55m████[38;2;248;158;62m██[38;2;0;0;0m██    
██[38;2;248;158;62m██████[38;2;182;45;82m██[38;2;211;54;91m████████████[38;2;182;45;82m██[38;2;248;158;62m████[38;2;185;83;46m██[38;2;0;0;0m██    
██[38;2;248;158;62m██████[38;2;182;45;82m██[38;2;211;54;91m██████████████[38;2;182;45;82m██[38;2;185;83;46m██[38;2;248;158;62m████[38;2;0;0;0m██  
  ██[38;2;248;158;62m██[38;2;182;45;82m██[38;2;255;170;146m██[38;2;211;54;91m████████[38;2;234;118;120m██[38;2;211;54;91m████[38;2;182;45;82m██[38;2;248;158;62m██[38;2;255;255;255m██[38;2;248;158;62m████[38;2;0;0;0m██
    ██[38;2;182;45;82m██[38;2;65;65;65m██[38;2;211;54;91m████[38;2;234;118;120m██[38;2;255;170;146m██████[38;2;234;118;120m██[38;2;182;45;82m██[38;2;248;158;62m████████[38;2;0;0;0m██
    ██[38;2;182;45;82m██[38;2;255;170;146m████[38;2;211;54;91m██[38;2;255;170;146m██[38;2;255;255;255m██[38;2;65;65;65m██[38;2;255;170;146m████[38;2;211;54;91m██[38;2;182;45;82m██[38;2;248;158;62m████[38;2;0;0;0m██  
    ██[38;2;208;114;87m██[38;2;182;45;82m██[38;2;255;170;146m██████[38;2;65;65;65m██[38;2;0;0;0m██[38;2;255;170;146m████[38;2;182;45;82m██[38;2;248;158;62m██[38;2;185;83;46m██[38;2;0;0;0m██    
      ████[38;2;211;54;91m████[38;2;234;118;120m██[38;2;255;170;146m██████[38;2;182;45;82m██[38;2;248;158;62m██████[38;2;0;0;0m██    
          ██[38;2;65;65;65m██[38;2;211;54;91m████[38;2;65;65;65m██[38;2;211;54;91m████[38;2;185;83;46m██[38;2;248;158;62m██[38;2;0;0;0m██      
          ██[38;2;235;208;221m██[38;2;65;65;65m████[38;2;211;54;91m██[38;2;218;114;85m██[38;2;65;65;65m████[38;2;0;0;0m██        
        ██[38;2;235;208;221m████████[38;2;142;95;118m██████[38;2;235;208;221m██[38;2;142;95;118m██[38;2;0;0;0m██      
        ██[38;2;235;208;221m██[38;2;197;144;169m██[38;2;235;208;221m████████████████[38;2;0;0;0m██    
        ██[38;2;142;95;118m██[38;2;197;144;169m██[38;2;235;208;221m██████[38;2;197;144;169m██[38;2;235;208;221m██████[38;2;0;0;0m██      
          ████[38;2;197;144;169m██[38;2;235;208;221m██[38;2;197;144;169m██[38;2;0;0;0m██[38;2;197;144;169m██[38;2;235;208;221m██[38;2;0;0;0m████      
              ██████  ████          
[0m