          [38;2;0;0;0m██████                  
      ████[38;2;148;229;230m████[38;2;107;188;189m██[38;2;0;0;0m██                
    ██[38;2;148;229;230m██[38;2;107;188;189m██[38;2;65;65;65m████████[38;2;0;0;0m██████          
  ██[38;2;148;229;230m██[38;2;107;188;189m██[38;2;65;65;65m████[38;2;74;156;131m██[38;2;107;188;189m████████[38;2;74;156;131m██[38;2;0;0;0m████      
  ██[38;2;148;229;230m██[38;2;107;188;189m██[38;2;65;65;65m██[38;2;107;188;189m████[38;2;66;123;85m████████[38;2;107;188;189m██████[38;2;0;0;0m██    
  ██[38;2;107;188;189m██████[38;2;65;65;65m████[38;2;74;156;131m████████[38;2;65;65;65m██[38;2;107;188;189m████[38;2;74;156;131m██[38;2;0;0;0m██  
    ██[38;2;107;188;189m████████[38;2;65;65;65m████████[38;2;107;188;189m████[38;2;148;229;230m██[38;2;107;188;189m██[38;2;0;0;0m██  
  ██[38;2;107;188;189m██[38;2;67;64;175m██[38;2;74;156;131m██[38;2;107;188;189m██████████████████[38;2;74;156;131m██[38;2;0;0;0m██  
██[38;2;74;156;131m██[38;2;107;188;189m██[38;2;90;116;202m██[38;2;67;64;175m████[38;2;74;156;131m██[38;2;107;188;189m██████████[38;2;74;156;131m██[38;2;67;64;175m██[38;2;0;0;0m██    
██[38;2;107;188;189m██[38;2;67;64;175m██[38;2;217;215;76m██[38;2;90;116;202m████[38;2;67;64;175m██████████████[38;2;90;116;202m██[38;2;67;64;175m██[38;2;0;0;0m██  
██[38;2;107;188;189m██[38;2;67;64;175m██[38;2;65;65;65m██[38;2;90;116;202m████[38;2;129;153;135m██[38;2;217;215;76m██████[38;2;129;153;135m██[38;2;90;116;202m██████[38;2;67;64;175m██[38;2;107;188;189m██[38;2;0;0;0m██
  ██[38;2;67;64;175m██[38;2;217;215;76m████[38;2;90;116;202m██[38;2;217;215;76m██[38;2;255;255;255m██[38;2;65;65;65m██[38;2;217;215;76m████[38;2;90;116;202m██████[38;2;67;64;175m██[38;2;74;156;131m██[38;2;0;0;0m██
  ██[38;2;74;156;131m██[38;2;67;64;175m██[38;2;217;215;76m██████[38;2;65;65;65m██[38;2;0;0;0m██[38;2;217;215;76m████[38;2;90;116;202m████[38;2;67;64;175m██[38;2;74;156;131m████[38;2;0;0;0m██
██[38;2;74;156;131m██[38;2;65;65;65m██[38;2;67;64;175m██[38;2;90;116;202m████[38;2;104;128;110m██[38;2;217;215;76m██████[38;2;90;116;202m██████[38;2;67;64;175m██[38;2;74;156;131m██[38;2;0;0;0m██  
██[38;2;74;156;131m██[38;2;65;65;65m██[38;2;107;188;189m██[38;2;67;64;175m██[38;2;65;65;65m██[38;2;90;116;202m████[38;2;65;65;65m██[38;2;90;116;202m██████[38;2;67;64;175m██[38;2;74;156;131m██[38;2;0;0;0m██    
  ██[38;2;107;188;189m████████[38;2;65;65;65m████[38;2;90;116;202m████[38;2;67;64;175m████[38;2;74;156;131m██████[38;2;0;0;0m██  
  ██[38;2;74;156;131m██[38;2;107;188;189m██████████████████[38;2;74;156;131m██████[38;2;0;0;0m██  
    ██[38;2;74;156;131m████[38;2;107;188;189m██[38;2;66;123;85m██[38;2;65;65;65m██[38;2;66;123;85m██[38;2;107;188;189m████[38;2;74;156;131m██[38;2;65;65;65m██[38;2;74;156;131m██[38;2;0;0;0m██    
      ████[38;2;65;65;65m████[38;2;74;156;131m██[38;2;65;65;65m██[38;2;74;156;131m████[38;2;65;65;65m██[38;2;0;0;0m████      
          ██[38;2;74;156;131m██████[38;2;0;0;0m██████          
            ██[38;2;74;156;131m██[38;2;0;0;0m██                
            ██[38;2;74;156;131m██[38;2;0;0;0m██                
              ██                  
[0m