                  [38;2;0;0;0m██████    
              ████[38;2;76;178;210m██████[38;2;0;0;0m██  
          ████[38;2;114;216;248m████[38;2;76;178;210m████[38;2;0;0;0m██    
        ██[38;2;76;178;210m██[38;2;114;216;248m████[38;2;76;178;210m████[38;2;0;0;0m██      
      ██[38;2;76;178;210m██[38;2;0;118;135m██████[38;2;76;178;210m████[38;2;0;0;0m██      
    ██[38;2;0;118;135m████[38;2;34;197;192m██████[38;2;0;118;135m████[38;2;76;178;210m██[38;2;0;0;0m██    
  ██[38;2;0;118;135m██[38;2;34;197;192m██[38;2;53;216;211m████[38;2;34;197;192m████████[38;2;0;118;135m██[38;2;76;178;210m██[38;2;0;0;0m██  
  ██[38;2;34;197;192m████[38;2;53;216;211m████[38;2;34;197;192m██████████[38;2;0;118;135m██[38;2;0;0;0m██  
██[38;2;0;118;135m██[38;2;34;197;192m██████████████████[38;2;0;118;135m██[38;2;76;178;210m██[38;2;0;0;0m██
██[38;2;158;255;144m██[38;2;34;197;192m████████████████████[38;2;0;118;135m██[38;2;0;0;0m██
██[38;2;65;65;65m██[38;2;34;197;192m████[38;2;95;233;164m██[38;2;158;255;144m██████[38;2;95;233;164m██[38;2;34;197;192m██████[38;2;0;118;135m██[38;2;0;0;0m██
██[38;2;158;255;144m████[38;2;34;197;192m██[38;2;158;255;144m██[38;2;255;255;255m██[38;2;65;65;65m██[38;2;158;255;144m████[38;2;34;197;192m████[38;2;11;174;170m██[38;2;0;118;135m██[38;2;0;0;0m██
  ██[38;2;158;255;144m██████[38;2;65;65;65m██[38;2;0;0;0m██[38;2;158;255;144m████[38;2;34;197;192m██[38;2;11;174;170m██[38;2;0;118;135m██[38;2;0;0;0m██  
  ██[38;2;11;174;170m████[38;2;73;211;142m██[38;2;158;255;144m██████[38;2;73;211;142m██[38;2;11;174;170m████[38;2;0;118;135m██[38;2;0;0;0m██  
    ██[38;2;65;65;65m██[38;2;11;174;170m████[38;2;65;65;65m██[38;2;11;174;170m██████[38;2;65;65;65m██[38;2;0;0;0m██    
    ██[38;2;156;199;226m██[38;2;65;65;65m████[38;2;0;118;135m████[38;2;65;65;65m████[38;2;97;140;167m██[38;2;0;0;0m██    
  ██[38;2;156;199;226m████████[38;2;97;140;167m██████[38;2;156;199;226m██[38;2;97;140;167m████[38;2;0;0;0m██  
  ██[38;2;156;199;226m██[38;2;97;140;167m██[38;2;156;199;226m██████████████[38;2;97;140;167m██[38;2;0;0;0m██  
  ██[38;2;65;65;65m██[38;2;97;140;167m██[38;2;156;199;226m██████[38;2;97;140;167m██[38;2;156;199;226m██████[38;2;0;0;0m██    
    ████[38;2;97;140;167m██[38;2;156;199;226m██[38;2;97;140;167m██[38;2;0;0;0m██[38;2;97;140;167m██[38;2;156;199;226m██[38;2;0;0;0m████    
        ██████  ████        
[0m