                                            [38;2;0;0;0m██                                      
                                          ██[38;2;90;206;139m██[38;2;0;0;0m██                                    
                                          ██[38;2;230;222;230m██[38;2;0;0;0m██                                    
                                          ██[38;2;230;222;230m██[38;2;0;0;0m██                                    
                                          ██[38;2;238;242;246m██[38;2;0;4;8m██                                    
                              [38;2;0;0;0m████        ██[38;2;159;163;167m██[38;2;0;4;8m██                                    
                            [38;2;0;0;0m██[38;2;232;254;246m██[38;2;53;99;69m██[38;2;8;0;0m██      [38;2;0;0;0m██[38;2;238;234;238m██[38;2;0;12;8m██              [38;2;0;0;0m██                    
                          ██[38;2;232;254;246m██[38;2;191;242;217m██[38;2;98;198;139m██[38;2;8;0;0m██    [38;2;0;0;0m██[38;2;230;222;230m██[38;2;159;160;161m██[38;2;238;234;238m██[38;2;0;0;0m██          ██[38;2;232;254;246m██[38;2;0;0;0m██                  
                          ██[38;2;191;242;217m██[38;2;82;194;139m██[38;2;222;222;131m██[38;2;74;74;49m██[38;2;0;0;0m██  ██[38;2;98;116;109m██[38;2;230;226;230m██[38;2;98;113;98m██[38;2;0;0;0m██          ██[38;2;232;254;246m██[38;2;0;0;0m██                  
                        ██[38;2;232;254;246m██[38;2;82;194;139m██[38;2;222;210;131m██[38;2;222;222;131m██[38;2;0;0;8m██[38;2;197;194;205m██[38;2;0;0;0m██[38;2;194;252;223m████[38;2;98;113;98m██[38;2;197;247;204m██[38;2;232;254;246m██[38;2;0;0;0m██      ██[38;2;232;254;246m██████[38;2;0;0;0m██                
                        ██[38;2;232;254;246m██[38;2;84;206;142m██[38;2;222;222;131m██[38;2;0;0;0m██  ██[38;2;150;224;138m██[38;2;232;254;246m████████[38;2;243;254;244m██[38;2;150;227;145m██[38;2;0;0;0m██    ██[38;2;232;254;246m██████[38;2;0;0;0m██                
                      ██[38;2;232;254;246m████[38;2;148;228;187m██[38;2;84;206;142m██[38;2;0;0;0m██    ██[38;2;125;253;194m██[38;2;232;254;246m██████[38;2;150;227;145m██[38;2;252;255;253m██[38;2;252;255;252m██[38;2;0;0;0m██  ██[38;2;232;254;246m██████[38;2;0;0;0m██                
                      ██[38;2;232;254;246m██████[38;2;0;0;0m██      ██[38;2;178;247;209m██[38;2;229;255;246m██[38;2;120;252;198m██[38;2;234;254;246m██[38;2;232;254;246m██[38;2;65;64;65m██[38;2;0;0;0m██    ██[38;2;232;254;246m██████[38;2;0;0;0m██                
                    ██[38;2;252;255;252m██[38;2;131;250;215m████[38;2;232;254;246m██[38;2;0;0;0m██    ██[38;2;90;206;139m██[38;2;65;68;65m██[38;2;229;255;246m██[38;2;141;253;220m██[38;2;234;254;246m██[38;2;65;64;65m██[38;2;232;254;246m██[38;2;0;0;0m██    ██[38;2;232;254;246m████████[38;2;0;0;0m██              
                    [38;2;0;8;8m██[38;2;131;250;215m██[38;2;252;255;252m████[38;2;0;0;0m██      ██[38;2;90;206;139m██[38;2;197;194;205m██[38;2;65;64;65m██████[38;2;193;255;247m██[38;2;78;236;177m██[38;2;0;0;0m██      ██[38;2;232;254;246m██████[38;2;0;0;0m██              
                  ██[38;2;232;254;246m████[38;2;131;250;215m████[38;2;0;0;0m██      ██[38;2;90;206;139m██[38;2;65;64;65m██[38;2;197;194;205m████[38;2;65;64;65m██[38;2;125;251;218m██[38;2;78;236;177m██[38;2;232;254;246m██[38;2;0;0;0m██    ██[38;2;232;254;246m████[38;2;131;250;216m██[38;2;0;0;0m██              
                  ██[38;2;232;254;246m██████[38;2;0;0;0m██      ██[38;2;90;206;139m██[38;2;65;64;65m██[38;2;71;121;123m██[38;2;65;64;65m██[38;2;74;72;65m████[38;2;131;252;214m██[38;2;216;255;249m██[38;2;96;238;193m██[38;2;0;0;0m██    ██[38;2;205;248;208m██[38;2;131;250;218m██[38;2;252;255;252m██[38;2;0;0;0m██              
                ██[38;2;252;255;252m██[38;2;232;254;246m██████[38;2;0;0;0m██      ██[38;2;90;206;139m██[38;2;65;64;65m██[38;2;71;121;123m██[38;2;65;64;65m██[38;2;230;222;230m██[38;2;74;72;65m██[38;2;49;85;65m██[38;2;131;252;214m██[38;2;179;254;248m██[38;2;96;238;193m██[38;2;0;0;0m██  ██[38;2;253;255;253m██[38;2;252;255;252m██[38;2;131;250;218m██[38;2;232;254;246m██[38;2;0;0;0m██            
                ██[38;2;131;250;215m██[38;2;252;255;252m████[38;2;0;0;0m██      [38;2;16;0;8m██[38;2;90;206;139m██[38;2;65;64;65m██[38;2;71;121;123m██[38;2;57;68;65m██[38;2;189;198;213m██[38;2;213;206;213m████[38;2;65;60;65m██[38;2;120;253;204m██[38;2;207;255;248m██[38;2;76;238;165m██[38;2;211;254;247m██[38;2;0;0;0m██  ██[38;2;131;250;216m██[38;2;232;254;246m██[38;2;233;255;248m██[38;2;0;4;0m██            
              [38;2;0;0;0m██[38;2;131;250;215m████████[38;2;0;0;0m██    ██[38;2;90;206;139m██[38;2;41;68;52m██[38;2;71;121;123m████[38;2;101;111;115m██[38;2;57;68;65m██[38;2;213;206;213m██[38;2;65;64;65m██[38;2;74;131;106m██[38;2;65;60;65m██[38;2;125;250;218m██[38;2;207;255;248m██[38;2;113;237;188m██[38;2;0;0;0m██  ██[38;2;232;254;246m████[38;2;150;243;194m██[38;2;0;4;0m██            
              [38;2;0;0;0m██[38;2;252;255;252m██[38;2;131;250;215m██[38;2;157;234;171m██[38;2;0;4;0m██      [38;2;0;0;0m██[38;2;82;202;148m██[38;2;65;60;65m██[38;2;71;121;123m████[38;2;76;72;68m██[38;2;197;194;205m██[38;2;194;184;191m████[38;2;65;64;65m████[38;2;131;252;214m██[38;2;216;255;249m██[38;2;80;232;180m██[38;2;232;254;246m██[38;2;8;0;0m██[38;2;60;63;63m██[38;2;131;250;218m████[38;2;254;255;254m██[38;2;0;8;8m██            
            [38;2;0;0;0m██[38;2;232;254;246m██[38;2;131;250;215m██[38;2;252;255;252m██[38;2;253;255;254m██[38;2;0;4;0m██    [38;2;0;0;0m██[38;2;90;206;139m██[38;2;65;60;65m██[38;2;74;131;106m██[38;2;71;121;123m██[38;2;65;64;65m██[38;2;76;72;68m████[38;2;246;234;246m██[38;2;90;85;82m██[38;2;65;64;65m██[38;2;71;121;123m██[38;2;49;85;65m██[38;2;131;252;214m██[38;2;232;254;246m██[38;2;80;232;180m██[38;2;232;254;246m██[38;2;60;63;63m██[38;2;252;255;252m████[38;2;202;250;218m████[38;2;0;0;0m██          
        ██████[38;2;232;254;246m████[38;2;131;250;215m██[38;2;0;0;0m██      ██[38;2;90;206;139m██[38;2;65;64;65m██████[38;2;90;206;139m██[38;2;65;137;123m██[38;2;189;210;205m██[38;2;191;191;202m████[38;2;71;68;68m████[38;2;65;64;65m██[38;2;128;253;196m██[38;2;232;254;246m██[38;2;80;232;180m██[38;2;178;254;241m██[38;2;65;64;65m████[38;2;128;250;216m██[38;2;239;254;246m██[38;2;131;250;218m██[38;2;0;0;0m██          
    ████[38;2;106;182;139m████[38;2;160;216;191m████[38;2;232;254;246m████[38;2;0;0;0m██      ██[38;2;90;206;139m██[38;2;65;64;65m██[38;2;82;78;68m██[38;2;90;206;139m████[38;2;106;161;150m██[38;2;65;137;123m██[38;2;246;226;238m██[38;2;82;121;131m██[38;2;71;68;68m██[38;2;213;253;234m██[38;2;65;64;65m██[38;2;128;253;196m██[38;2;232;254;246m██[38;2;80;232;180m██[38;2;178;254;241m████[38;2;65;64;65m██[38;2;128;250;216m██[38;2;131;250;218m██[38;2;252;255;252m██[38;2;0;0;0m██          
  ██[38;2;84;205;139m████[38;2;74;121;123m████[38;2;95;171;139m██[38;2;106;198;148m██[38;2;160;218;187m██[38;2;0;0;0m██        ██[38;2;57;76;71m██[38;2;131;252;214m██[38;2;213;253;234m██[38;2;57;72;65m██[38;2;117;167;148m██[38;2;205;255;172m████[38;2;65;64;65m████[38;2;131;252;214m██[38;2;213;253;234m████[38;2;65;64;65m██[38;2;123;253;197m██[38;2;180;254;241m██[38;2;82;234;182m██[38;2;181;254;241m██[38;2;57;68;65m██[38;2;253;255;253m██[38;2;252;255;252m██[38;2;131;250;218m██[38;2;0;0;0m██          
██[38;2;90;206;139m██[38;2;84;205;139m██[38;2;74;121;123m██[38;2;84;205;139m████[38;2;74;117;123m████[38;2;106;182;139m██[38;2;0;0;0m██        ██[38;2;131;252;214m██[38;2;213;253;234m██[38;2;131;252;214m██[38;2;213;253;234m██[38;2;57;72;65m██[38;2;74;72;65m████[38;2;131;252;214m██[38;2;213;253;234m████[38;2;131;252;214m██[38;2;213;253;234m██[38;2;65;64;65m██[38;2;123;253;197m██[38;2;180;254;241m██[38;2;82;234;182m██[38;2;181;254;241m██[38;2;57;68;65m██[38;2;194;247;207m██[38;2;131;250;218m██[38;2;239;254;246m██[38;2;232;254;246m██[38;2;0;0;0m██        
██[38;2;90;206;139m██[38;2;74;121;123m██[38;2;84;205;139m████[38;2;74;121;123m██[38;2;84;205;139m████[38;2;74;121;123m██[38;2;84;205;139m██[38;2;0;0;0m██    ██[38;2;131;252;214m██[38;2;213;253;234m██[38;2;131;252;214m██[38;2;213;253;234m██[38;2;49;60;74m██[38;2;205;255;172m██[38;2;65;64;74m██[38;2;196;254;223m██[38;2;213;253;234m██[38;2;131;252;214m██[38;2;213;253;234m████[38;2;131;252;214m██[38;2;65;64;65m██[38;2;123;253;197m██[38;2;180;254;241m██[38;2;96;236;177m██[38;2;176;254;241m██[38;2;65;64;65m████[38;2;232;254;246m████[38;2;150;254;226m██[38;2;0;0;0m██        
  ██[38;2;74;121;123m██[38;2;84;205;139m██[38;2;74;121;123m██[38;2;84;205;139m████[38;2;74;121;123m████[38;2;84;205;139m██[38;2;0;0;0m██    ██[38;2;213;253;234m██[38;2;131;252;214m██[38;2;213;253;234m██[38;2;65;64;65m██[38;2;205;255;172m██[38;2;101;125;106m██[38;2;205;255;197m██[38;2;65;64;74m██[38;2;213;253;234m████[38;2;131;252;214m██[38;2;213;253;234m██[38;2;131;252;214m██[38;2;65;64;65m██[38;2;123;253;197m██[38;2;180;254;241m██[38;2;125;250;216m██[38;2;71;78;76m██[38;2;0;0;0m██[38;2;65;64;65m██[38;2;125;253;194m████[38;2;150;254;226m██[38;2;0;0;0m██        
██[38;2;74;121;123m██[38;2;65;64;65m████[38;2;74;131;106m██[38;2;82;202;148m██[38;2;74;121;123m████[38;2;98;190;139m████[38;2;0;0;0m██  ██[38;2;213;253;234m██[38;2;131;252;214m██[38;2;213;253;234m██[38;2;49;60;74m██[38;2;205;255;172m██[38;2;74;121;123m██[38;2;238;226;230m██[38;2;74;121;123m██[38;2;205;255;172m██[38;2;65;64;65m██[38;2;213;253;234m██[38;2;131;252;214m██[38;2;213;253;234m██[38;2;131;252;214m██[38;2;65;64;65m████[38;2;178;254;241m██[38;2;54;63;63m██[38;2;0;0;0m██  ██[38;2;232;254;246m██[38;2;143;187;178m██[38;2;74;121;123m████[38;2;0;0;0m████    
██[38;2;74;121;123m██[38;2;65;64;65m██[38;2;71;121;123m██[38;2;65;60;65m████[38;2;84;205;139m██[38;2;74;121;123m██[38;2;98;190;139m██[38;2;0;0;0m██    ██[38;2;54;63;63m██[38;2;240;255;250m██[38;2;74;68;74m██[38;2;205;255;172m██[38;2;101;125;106m██[38;2;238;226;230m██[38;2;183;191;194m██[38;2;74;121;123m██[38;2;205;255;172m██[38;2;65;64;65m██[38;2;213;253;234m████[38;2;131;252;214m██[38;2;213;253;234m██[38;2;131;252;214m██[38;2;65;64;65m████[38;2;232;254;246m██[38;2;0;0;0m██  ██[38;2;71;120;123m████[38;2;74;121;123m██[38;2;84;205;139m██[38;2;60;132;104m██[38;2;90;198;156m██[38;2;0;0;0m██  
██[38;2;74;121;123m██[38;2;65;64;65m██[38;2;71;121;123m██[38;2;65;64;65m██[38;2;71;121;123m██[38;2;65;64;65m██████[38;2;0;0;0m██    ██[38;2;90;206;139m██[38;2;57;64;65m████[38;2;205;226;189m██[38;2;74;121;123m██[38;2;197;194;205m██[38;2;235;223;227m██[38;2;189;191;200m██[38;2;74;121;123m██[38;2;205;255;172m██[38;2;65;64;65m██[38;2;213;253;234m██[38;2;131;252;214m██[38;2;213;253;234m██[38;2;131;252;214m██[38;2;213;253;234m██[38;2;249;255;254m██[38;2;65;64;65m██[38;2;90;206;139m██[38;2;0;0;8m██[38;2;90;202;148m██[38;2;74;121;123m██[38;2;84;205;139m██[38;2;74;121;123m██[38;2;84;205;139m██[38;2;74;121;123m██[38;2;84;205;139m██[38;2;90;206;139m██[38;2;0;0;0m██
  ██[38;2;65;64;65m██[38;2;71;121;123m██[38;2;65;64;65m██[38;2;71;121;123m██[38;2;65;64;65m██[38;2;71;121;123m██[38;2;0;0;0m██        ██[38;2;134;191;137m██[38;2;172;255;172m██[38;2;74;121;123m██[38;2;205;226;189m██[38;2;235;223;227m██[38;2;197;194;205m██[38;2;246;226;238m██[38;2;74;121;123m██[38;2;205;255;172m██[38;2;65;64;65m██[38;2;213;253;234m██[38;2;131;252;214m██[38;2;213;253;234m██[38;2;131;252;214m██[38;2;65;64;65m████[38;2;90;206;139m██[38;2;65;64;65m██[38;2;90;202;148m██[38;2;60;134;101m██[38;2;74;121;123m████[38;2;84;205;139m██[38;2;74;121;123m██[38;2;84;205;139m██[38;2;74;121;123m██[38;2;90;206;139m██[38;2;0;0;0m██
    ████[38;2;54;75;76m██[38;2;82;113;115m██[38;2;0;0;0m██[38;2;74;121;123m██[38;2;0;0;0m██        ██[38;2;205;255;172m████[38;2;82;109;115m██[38;2;57;72;76m██[38;2;57;64;65m██[38;2;222;226;230m██[38;2;189;198;213m██[38;2;101;111;115m██[38;2;205;255;172m██[38;2;84;206;139m██[38;2;65;64;65m████████[38;2;87;206;139m████[38;2;156;198;98m██[38;2;52;66;38m██[38;2;84;205;139m██[38;2;74;121;123m██[38;2;84;205;139m██[38;2;74;121;123m██[38;2;84;205;139m██[38;2;74;121;123m██[38;2;82;202;148m██[38;2;74;131;106m██[38;2;0;0;0m██  
        ████  ██            ██[38;2;205;255;172m██[38;2;8;0;0m██[38;2;57;72;76m██[38;2;112;118;120m██[38;2;57;64;65m██[38;2;57;68;65m████[38;2;205;255;172m██[38;2;84;206;139m██[38;2;90;206;139m████████[38;2;150;198;90m████[38;2;0;0;8m████[38;2;84;205;139m██[38;2;74;121;123m██[38;2;84;205;139m██[38;2;74;121;123m██[38;2;84;205;139m██[38;2;74;121;123m██[38;2;65;60;65m████[38;2;0;0;0m██  
                              ██  ██[38;2;71;121;123m██[38;2;65;64;65m██[38;2;71;121;123m██[38;2;65;64;65m██[38;2;208;254;172m████[38;2;205;255;156m████[38;2;148;198;90m████[38;2;65;64;65m██[38;2;0;0;0m██    ██[38;2;54;75;76m██[38;2;65;64;65m██████████[38;2;71;121;123m██[38;2;0;0;0m██  
                                  ██[38;2;71;121;123m██[38;2;65;64;65m██[38;2;71;121;123m██[38;2;65;64;65m██[38;2;208;254;172m████[38;2;159;191;123m██[38;2;65;64;57m██[38;2;65;64;65m████[38;2;0;0;0m██      ██[38;2;82;113;115m██[38;2;65;64;65m██[38;2;71;121;123m██[38;2;65;64;65m██[38;2;71;121;123m██[38;2;65;64;65m██[38;2;71;121;123m██[38;2;0;0;0m██  
                                  ██[38;2;98;206;148m██[38;2;38;68;54m██[38;2;74;121;123m████[38;2;65;64;65m████████[38;2;90;206;139m████[38;2;0;0;0m██      ██[38;2;74;121;123m██[38;2;0;0;0m██[38;2;74;121;123m██[38;2;0;0;0m██[38;2;74;121;123m██[38;2;65;64;65m██[38;2;0;0;0m██    
                                    [38;2;8;0;8m████[38;2;84;205;139m████[38;2;65;64;65m██[38;2;90;206;139m████[38;2;65;64;65m██[38;2;0;0;0m████          ██  ██  ████      
                                        ████████████                                
[0m