    [38;2;0;0;0m████        ██          
  ██[38;2;74;219;81m██[38;2;0;0;0m██    ████[38;2;255;170;195m██[38;2;0;0;0m██        
██[38;2;74;219;81m██[38;2;0;0;0m██    ██[38;2;74;219;81m██[38;2;65;65;65m██[38;2;255;170;195m██[38;2;232;109;144m██[38;2;0;0;0m██      
██[38;2;218;185;193m██[38;2;65;65;65m██[38;2;0;0;0m████[38;2;74;219;81m██[38;2;65;65;65m██[38;2;255;170;195m████[38;2;232;109;144m██[38;2;0;0;0m██      
  ██[38;2;65;65;65m██[38;2;255;227;234m██[38;2;65;65;65m██[38;2;255;227;234m██[38;2;65;65;65m██[38;2;255;227;234m██[38;2;232;109;144m██[38;2;255;170;195m██[38;2;232;109;144m██[38;2;0;0;0m██    
  ██[38;2;255;227;234m██████[38;2;65;65;65m██[38;2;255;227;234m████████[38;2;218;185;193m██[38;2;0;0;0m██    
██[38;2;255;227;234m████████████████[38;2;218;185;193m██[38;2;255;227;234m██[38;2;0;0;0m██    
██[38;2;255;227;234m██████████[38;2;65;65;65m████[38;2;255;227;234m████[38;2;218;185;193m██[38;2;0;0;0m██    
██[38;2;90;107;90m██[38;2;255;227;234m██████[38;2;65;65;65m██[38;2;255;255;255m████[38;2;65;65;65m██[38;2;255;227;234m██[38;2;0;0;0m██      
██[38;2;90;107;90m██[38;2;255;227;234m████[38;2;65;65;65m██[38;2;255;255;255m██[38;2;74;219;81m██[38;2;255;255;255m██[38;2;90;107;90m██[38;2;218;185;193m██[38;2;0;0;0m██████  
  ██[38;2;218;185;193m██[38;2;255;227;234m██[38;2;90;107;90m██[38;2;30;139;51m██[38;2;74;219;81m██[38;2;90;107;90m██[38;2;218;185;193m██[38;2;65;65;65m██[38;2;151;204;139m████[38;2;0;0;0m██  
    ██[38;2;218;185;193m████[38;2;90;107;90m████[38;2;218;185;193m██[38;2;65;65;65m██[38;2;151;204;139m████[38;2;0;0;0m██    
      ██[38;2;65;65;65m██[38;2;218;185;193m████[38;2;193;70;105m████[38;2;65;65;65m████      
    [38;2;0;0;0m██[38;2;255;227;234m██[38;2;218;185;193m██[38;2;65;65;65m██[38;2;232;109;144m████[38;2;193;70;105m██[38;2;255;227;234m████[38;2;0;0;0m████  
      ████[38;2;65;65;65m██[38;2;193;70;105m██[38;2;232;109;144m████[38;2;65;65;65m██[38;2;218;185;193m██[38;2;255;227;234m████[38;2;0;0;0m██
          ██[38;2;255;170;195m██[38;2;65;65;65m██[38;2;193;70;105m██[38;2;232;109;144m██[38;2;0;0;0m██████  
            ████[38;2;232;109;144m██[38;2;255;170;195m██[38;2;0;0;0m██      
                ████        
[0m