                                  [38;2;0;0;0m██                                      
                                ██[38;2;236;99;81m██[38;2;0;0;0m██                                    
                                ██[38;2;236;99;81m██[38;2;0;0;0m██                                    
                                ██[38;2;236;99;81m██[38;2;0;0;0m██                                    
                                ██[38;2;236;99;81m████[38;2;0;0;0m██                                  
                                  ██[38;2;236;99;81m██[38;2;0;0;0m██                                  
                                  ██[38;2;236;99;81m████[38;2;0;0;0m██                                
                                  ██[38;2;236;99;81m████[38;2;0;0;0m██                                
                                ██[38;2;238;126;65m████[38;2;236;99;81m██[38;2;0;0;0m██                                
                              ██[38;2;236;99;81m██[38;2;238;126;65m████[38;2;0;0;0m██                                  
                              ██[38;2;236;99;81m██[38;2;238;126;65m████[38;2;0;0;0m██                                  
                            ██[38;2;236;99;81m████[38;2;238;126;65m████[38;2;0;0;0m██                                  
                            ██[38;2;249;169;0m██[38;2;239;129;62m██[38;2;249;169;0m██[38;2;239;129;62m██[38;2;0;0;0m██                                  
                            ██[38;2;239;129;62m██[38;2;249;169;0m██[38;2;239;129;62m██[38;2;249;169;0m██[38;2;236;99;81m██[38;2;0;0;0m██                                
                            ██[38;2;250;164;0m████[38;2;255;195;102m██[38;2;249;165;0m██[38;2;249;169;0m██[38;2;0;0;0m██                                
                            ██[38;2;250;164;0m████[38;2;255;195;102m██[38;2;249;165;0m██[38;2;249;169;0m██[38;2;0;0;0m██                                
                              [38;2;8;0;0m██[38;2;255;198;125m██[38;2;255;195;102m████[38;2;0;0;0m██                                  
                            ██[38;2;86;103;123m██[38;2;255;198;125m██[38;2;82;81;66m██[38;2;255;195;102m██[38;2;103;103;90m██[38;2;0;0;0m██                                
                ██          ██[38;2;107;105;90m██[38;2;79;78;74m██[38;2;101;102;93m██[38;2;79;79;71m██[38;2;107;105;90m██[38;2;79;78;74m██[38;2;0;0;0m████                            
  ██          ██[38;2;236;99;81m██[38;2;0;0;0m██    ████[38;2;156;255;176m██[38;2;66;65;66m██[38;2;79;78;74m██[38;2;101;102;93m██[38;2;79;79;71m██[38;2;66;65;66m██[38;2;79;78;74m██[38;2;165;247;218m██[38;2;55;69;82m██[38;2;0;0;0m██                      ██  
██[38;2;236;99;81m██[38;2;0;0;0m██        ██[38;2;233;182;66m██[38;2;0;0;0m██  ██[38;2;77;81;85m██[38;2;228;255;235m████[38;2;231;255;239m██[38;2;82;81;66m██[38;2;66;65;66m██[38;2;148;255;186m██[38;2;82;81;66m██[38;2;148;255;178m██[38;2;156;255;175m████[38;2;60;73;85m██[38;2;8;4;0m██          [38;2;0;0;0m██      ██[38;2;236;99;81m██[38;2;0;0;0m██
██[38;2;236;99;81m██[38;2;0;0;0m██      ██[38;2;233;182;66m████[38;2;0;0;0m██  ██[38;2;231;255;239m██[38;2;228;255;235m████[38;2;82;81;66m██[38;2;231;255;239m██[38;2;148;255;186m████[38;2;82;81;66m██[38;2;148;255;178m██[38;2;156;255;175m████[38;2;165;255;223m██[38;2;8;4;0m██        [38;2;0;0;0m██[38;2;236;99;81m██[38;2;0;0;0m██    ██[38;2;236;99;81m██[38;2;0;0;0m██
██[38;2;239;129;62m████[38;2;0;0;0m██    ██[38;2;255;195;102m████[38;2;66;65;66m██[38;2;0;0;0m██[38;2;66;65;66m██[38;2;181;247;219m██[38;2;189;255;227m██[38;2;82;81;66m████[38;2;148;255;186m██[38;2;148;255;241m████[38;2;82;78;68m████[38;2;156;255;184m████[38;2;156;255;176m██[38;2;82;81;66m██[38;2;0;0;0m██      ██[38;2;236;99;81m██[38;2;0;0;0m██  [38;2;8;4;0m██[38;2;255;174;85m██[38;2;255;193;0m██[38;2;0;0;0m██
██[38;2;249;169;0m████[38;2;0;0;0m██  ██[38;2;66;65;66m██[38;2;82;81;66m████[38;2;66;65;66m████[38;2;208;35;151m██[38;2;66;65;66m██[38;2;189;255;227m██[38;2;82;81;66m██[38;2;148;255;186m████[38;2;148;255;241m██[38;2;82;81;66m██[38;2;66;65;66m████[38;2;82;81;66m██[38;2;156;255;184m██[38;2;156;255;176m████[38;2;0;0;0m██      ██[38;2;236;99;81m████[38;2;0;0;0m██[38;2;52;62;79m██[38;2;255;174;85m██[38;2;255;193;0m██[38;2;0;0;0m██
  [38;2;8;4;0m██[38;2;255;201;119m██[38;2;255;193;128m██[38;2;16;0;0m██[38;2;71;70;66m████████[38;2;0;0;0m██[38;2;66;65;66m██[38;2;255;94;202m██[38;2;74;69;66m██[38;2;82;81;66m████[38;2;148;255;241m██[38;2;82;81;66m██[38;2;148;255;241m██[38;2;74;69;66m██[38;2;255;94;202m████[38;2;66;65;66m██[38;2;156;255;176m██████[38;2;0;0;0m██    ██[38;2;52;62;79m██[38;2;255;174;85m██[38;2;205;153;85m██[38;2;74;69;74m██[38;2;82;78;68m████[38;2;82;79;70m██[38;2;0;0;0m██
  [38;2;8;4;0m██[38;2;60;73;85m██[38;2;65;70;82m████[38;2;71;70;66m██[38;2;0;0;0m██[38;2;71;70;66m██[38;2;0;0;0m██  ██[38;2;74;69;66m████[38;2;148;255;241m██[38;2;82;81;66m██████[38;2;74;69;66m████[38;2;255;94;202m████[38;2;66;65;66m██[38;2;156;255;176m████[38;2;66;65;66m██[38;2;0;0;0m██  ██[38;2;66;65;66m██[38;2;8;4;0m██[38;2;255;174;85m██[38;2;255;190;83m██[38;2;74;69;74m██[38;2;66;65;66m██[38;2;82;78;68m██[38;2;0;0;0m██  
  ████[38;2;82;79;70m██[38;2;0;0;0m████  ████    [38;2;8;0;0m██[38;2;148;247;232m██[38;2;148;255;241m██[38;2;82;81;66m██[38;2;148;255;241m██[38;2;82;81;66m██[38;2;145;255;191m████[38;2;74;69;66m████[38;2;156;255;175m████[38;2;165;255;223m██[38;2;8;4;0m██    [38;2;0;0;0m████  ██[38;2;82;78;68m████[38;2;66;65;66m████[38;2;0;0;0m██  
    ████      ████    [38;2;8;0;0m██[38;2;54;82;73m██[38;2;148;255;241m██[38;2;82;81;66m████[38;2;148;255;241m██[38;2;145;255;191m████[38;2;148;255;241m██[38;2;74;69;66m██[38;2;156;255;175m████[38;2;60;73;85m██[38;2;8;4;0m██    [38;2;0;0;0m████  ██[38;2;82;78;68m██[38;2;66;65;66m████[38;2;0;0;0m██    
    ████    ████        ████[38;2;148;255;241m██[38;2;82;78;68m████[38;2;148;255;241m████[38;2;62;82;75m██[38;2;156;247;234m██[38;2;82;79;70m██[38;2;0;0;0m████      ██[38;2;66;65;66m██[38;2;0;0;0m████[38;2;66;65;66m████[38;2;0;0;0m██      
      ████                  ██[38;2;66;65;66m████████[38;2;62;82;75m██[38;2;16;8;0m██[38;2;0;0;0m██            ████  ██[38;2;66;65;66m██[38;2;0;0;0m██      
        ████████      ██████  ██[38;2;82;79;70m██[38;2;82;79;68m████[38;2;0;0;0m██                    ██[38;2;66;65;66m██[38;2;0;0;0m██        
              ██████████        ██[38;2;82;79;68m██[38;2;0;0;0m██  ████████      ██████████          
                                ██[38;2;82;79;70m██[38;2;0;0;0m██        ██████████████              
                                  ██                                      
[0m