              [38;2;0;0;0m████                                  
              ██[38;2;109;115;94m██[38;2;0;0;0m██                                
              ██[38;2;109;115;94m████[38;2;0;0;0m██                        ██████
              ██[38;2;109;115;94m██████[38;2;0;0;0m████████████        ████[38;2;142;184;114m████[38;2;0;0;0m██
              ██[38;2;109;115;94m██[38;2;115;82;58m████[38;2;142;184;114m██[38;2;247;99;48m██████[38;2;201;136;77m██[38;2;142;184;114m██[38;2;0;0;0m████  ██[38;2;142;184;114m████████[38;2;0;0;0m██
              ██[38;2;115;82;58m██[38;2;142;184;114m██[38;2;247;99;48m████[38;2;121;69;68m██████[38;2;247;99;48m████[38;2;201;136;77m██[38;2;142;184;114m██[38;2;0;0;0m██[38;2;142;184;114m████████[38;2;0;0;0m██  
        ██████[38;2;115;82;58m██[38;2;142;184;114m██[38;2;247;99;48m██[38;2;121;69;68m██[38;2;65;65;65m████████[38;2;121;69;68m████[38;2;247;99;48m██[38;2;201;136;77m██[38;2;90;96;70m██[38;2;142;184;114m████████[38;2;0;0;0m██  
        ██[38;2;142;184;114m██[38;2;109;115;94m██[38;2;65;65;65m██[38;2;247;99;48m██[38;2;121;69;68m██[38;2;65;65;65m██[38;2;109;115;94m██[38;2;142;184;114m████[38;2;109;115;94m██[38;2;65;65;65m████[38;2;121;69;68m██[38;2;247;99;48m██[38;2;142;184;114m██[38;2;90;96;70m██[38;2;142;184;114m████[38;2;0;0;0m██    
        ██[38;2;109;115;94m██[38;2;142;184;114m██[38;2;247;99;48m██[38;2;121;69;68m██[38;2;65;65;65m██[38;2;142;184;114m██████[38;2;65;65;65m████[38;2;109;115;94m██[38;2;65;65;65m████[38;2;121;69;68m██[38;2;201;136;77m██[38;2;142;184;114m██[38;2;90;96;70m████[38;2;0;0;0m██    
          ██[38;2;247;99;48m████[38;2;65;65;65m██[38;2;140;99;66m██████[38;2;115;82;58m██[38;2;0;0;0m██[38;2;249;237;224m██[38;2;224;184;140m██[38;2;109;115;94m██[38;2;65;65;65m██[38;2;121;69;68m██[38;2;247;99;48m██[38;2;115;82;58m██[38;2;109;115;94m████[38;2;0;0;0m██    
        ██[38;2;121;69;68m██████[38;2;65;65;65m██[38;2;249;237;224m██[38;2;140;99;66m██[38;2;115;82;58m██[38;2;249;237;224m██[38;2;0;0;0m██[38;2;249;237;224m██[38;2;224;184;140m██[38;2;65;65;65m████[38;2;121;69;68m██[38;2;115;82;58m██[38;2;142;184;114m██[38;2;115;82;58m██[38;2;109;115;94m██[38;2;90;96;70m██[38;2;0;0;0m██  
        ██[38;2;65;65;65m██[38;2;121;69;68m██[38;2;65;65;65m██[38;2;224;184;140m██[38;2;249;237;224m██[38;2;247;99;48m██[38;2;249;237;224m██████[38;2;224;184;140m████████[38;2;65;65;65m██[38;2;142;184;114m██████[38;2;115;82;58m██[38;2;109;115;94m██[38;2;0;0;0m██  
      ██[38;2;121;69;68m██[38;2;65;65;65m██[38;2;97;76;76m██[38;2;78;43;42m██[38;2;97;76;76m████[38;2;249;237;224m██████[38;2;224;184;140m██████[38;2;65;65;65m████[38;2;247;99;48m██[38;2;115;82;58m██[38;2;142;184;114m██[38;2;65;65;65m██[38;2;247;99;48m████[38;2;0;0;0m██  
      ██[38;2;78;43;42m██[38;2;249;237;224m██[38;2;65;65;65m██[38;2;97;76;76m████[38;2;224;184;140m██[38;2;97;76;76m██[38;2;224;184;140m██████[38;2;97;76;76m██[38;2;224;184;140m████[38;2;97;76;76m██[38;2;121;69;68m██[38;2;247;99;48m██[38;2;65;65;65m██[38;2;121;69;68m██████[38;2;0;0;0m██  
    ██[38;2;121;69;68m██[38;2;249;237;224m████[38;2;224;184;140m████[38;2;0;0;0m████[38;2;97;76;76m████[38;2;224;184;140m██[38;2;97;76;76m██[38;2;78;43;42m██[38;2;97;76;76m████[38;2;121;69;68m████████[38;2;65;65;65m████[38;2;121;69;68m██[38;2;0;0;0m██  
    ██[38;2;249;237;224m████[38;2;224;184;140m████[38;2;0;0;0m██    ██[38;2;224;184;140m██[38;2;97;76;76m██[38;2;78;43;42m██[38;2;97;76;76m████[38;2;109;115;94m██[38;2;97;76;76m██[38;2;121;69;68m████[38;2;65;65;65m██[38;2;121;69;68m████[38;2;0;0;0m██    
  ██[38;2;115;82;58m██[38;2;224;184;140m████████[38;2;0;0;0m██      ██[38;2;224;184;140m██[38;2;97;76;76m██[38;2;224;184;140m████[38;2;65;65;65m██[38;2;109;115;94m██[38;2;97;76;76m██[38;2;65;65;65m██[38;2;121;69;68m████[38;2;78;43;42m██[38;2;121;69;68m██[38;2;0;0;0m██  
██[38;2;115;82;58m██[38;2;65;65;65m██[38;2;115;82;58m██[38;2;224;184;140m████[38;2;0;0;0m██      ██[38;2;65;65;65m██[38;2;224;184;140m██████[38;2;65;65;65m██[38;2;109;115;94m████[38;2;90;96;70m██[38;2;65;65;65m██[38;2;78;43;42m██[38;2;121;69;68m████[38;2;65;65;65m██[38;2;0;0;0m██  
██████[38;2;115;82;58m██[38;2;0;0;0m████      ██[38;2;90;96;70m██[38;2;109;115;94m██[38;2;65;65;65m██[38;2;224;184;140m██[38;2;65;65;65m██[38;2;109;115;94m██[38;2;90;96;70m████[38;2;142;184;114m██[38;2;0;0;0m████[38;2;121;69;68m████[38;2;78;43;42m██[38;2;121;69;68m██[38;2;0;0;0m██
    ████        ████[38;2;109;115;94m██[38;2;90;96;70m████[38;2;65;65;65m██[38;2;0;0;0m████[38;2;142;184;114m████[38;2;109;115;94m██[38;2;0;0;0m██  ██[38;2;78;43;42m██[38;2;121;69;68m██[38;2;78;43;42m██[38;2;0;0;0m██
              ██[38;2;115;82;58m████[38;2;65;65;65m██[38;2;109;115;94m██[38;2;0;0;0m████    ██[38;2;90;96;70m████[38;2;142;184;114m██[38;2;0;0;0m██[38;2;140;99;66m██[38;2;65;65;65m████[38;2;0;0;0m██  
                ████████        ██[38;2;142;184;114m████[38;2;109;115;94m██[38;2;65;65;65m██[38;2;140;99;66m██[38;2;0;0;0m██[38;2;140;99;66m██[38;2;0;0;0m██  
                                ██[38;2;140;99;66m██[38;2;115;82;58m██[38;2;140;99;66m██[38;2;0;0;0m████  ██    
                                  ██████            
[0m