                  [38;2;0;0;0m██████          
      ████    ████[38;2;65;65;65m██[38;2;187;68;62m██[38;2;0;0;0m██          
    ██[38;2;140;69;49m██[38;2;0;0;0m██  ██[38;2;187;68;62m██[38;2;65;65;65m██[38;2;187;68;62m██[38;2;140;69;49m██[38;2;65;65;65m██[38;2;0;0;0m██        
    ██[38;2;140;69;49m██[38;2;0;0;0m██  ██[38;2;187;68;62m██[38;2;101;64;51m██[38;2;187;68;62m██[38;2;101;64;51m██[38;2;187;68;62m██[38;2;0;0;0m██        
    ██[38;2;140;69;49m██[38;2;65;65;65m██[38;2;0;0;0m██[38;2;187;68;62m██[38;2;140;69;49m██[38;2;101;64;51m████[38;2;187;68;62m██[38;2;0;0;0m██  ██████  
      ██[38;2;187;68;62m██████████[38;2;140;69;49m████[38;2;0;0;0m████[38;2;187;68;62m████[38;2;0;0;0m██  
    ██[38;2;187;68;62m██████████████[38;2;101;64;51m██[38;2;187;68;62m██████[38;2;0;0;0m██    
    ██[38;2;187;68;62m██[38;2;101;64;51m██████[38;2;187;68;62m██████████[38;2;101;64;51m██[38;2;0;0;0m██      
  ██[38;2;140;69;49m██[38;2;101;64;51m██[38;2;120;85;56m██████[38;2;101;64;51m████[38;2;187;68;62m██[38;2;140;69;49m██[38;2;101;64;51m██[38;2;0;0;0m██        
  ██[38;2;86;55;44m██[38;2;255;255;255m██[38;2;120;85;56m████[38;2;233;171;109m██████[38;2;101;64;51m██[38;2;187;68;62m██████[38;2;0;0;0m██      
  ██[38;2;86;55;44m██[38;2;0;0;0m██[38;2;233;171;109m██████[38;2;255;255;255m██[38;2;233;171;109m████[38;2;140;69;49m██[38;2;187;68;62m████[38;2;0;0;0m██      
██[38;2;140;69;49m██[38;2;0;0;0m██[38;2;233;171;109m██[38;2;249;225;59m████[38;2;233;171;109m██[38;2;0;0;0m██[38;2;233;171;109m██[38;2;120;85;56m██[38;2;86;55;44m██[38;2;187;68;62m██[38;2;140;69;49m██[38;2;0;0;0m██      
████  ██[38;2;197;163;58m████[38;2;233;171;109m████[38;2;120;85;56m████[38;2;86;55;44m██[38;2;65;65;65m██[38;2;0;0;0m██        
        ████[38;2;233;171;109m██████[38;2;86;55;44m██[38;2;140;69;49m██[38;2;0;0;0m██[38;2;187;68;62m██[38;2;0;0;0m██      
      ██[38;2;65;65;65m██[38;2;98;70;50m██[38;2;65;65;65m██[38;2;204;135;81m██[38;2;86;55;44m██[38;2;65;65;65m██[38;2;0;0;0m██  ████      
    ██[38;2;98;70;50m████[38;2;65;65;65m██[38;2;233;171;109m████[38;2;65;65;65m██[38;2;120;85;56m██[38;2;65;65;65m██[38;2;0;0;0m██    ██████
    ██[38;2;98;70;50m██[38;2;65;65;65m██[38;2;233;171;109m██████[38;2;65;65;65m██[38;2;120;85;56m████[38;2;98;70;50m██[38;2;0;0;0m████[38;2;249;225;59m████[38;2;0;0;0m██
      ██[38;2;65;65;65m██[38;2;233;171;109m████████[38;2;65;65;65m██[38;2;120;85;56m████[38;2;65;65;65m██[38;2;187;68;62m██[38;2;140;69;49m██[38;2;0;0;0m██  
    ██[38;2;181;181;181m██[38;2;204;135;81m██[38;2;65;65;65m██[38;2;233;171;109m████[38;2;120;85;56m██[38;2;65;65;65m██[38;2;120;85;56m██[38;2;98;70;50m██[38;2;65;65;65m██[38;2;0;0;0m████    
      ████████[38;2;65;65;65m██[38;2;204;135;81m██[38;2;233;171;109m██[38;2;65;65;65m████[38;2;0;0;0m██        
              ██[38;2;255;255;255m██[38;2;181;181;181m██[38;2;255;255;255m██[38;2;0;0;0m██          
                ██████            
[0m