              [38;2;0;0;0m██                
            ██[38;2;255;95;74m██[38;2;0;0;0m██              
            ██[38;2;255;95;74m██[38;2;0;0;0m██              
          ██[38;2;255;114;85m████[38;2;255;117;90m██[38;2;0;4;16m██            
        [38;2;0;0;0m██[38;2;66;65;66m██[38;2;255;114;85m████[38;2;255;117;90m██[38;2;85;48;40m██[38;2;0;0;0m██          
      ██[38;2;181;79;57m██[38;2;194;121;109m████[38;2;181;79;57m██[38;2;255;110;82m████[38;2;119;109;107m██[38;2;24;0;0m██        
    [38;2;0;0;0m██[38;2;140;239;136m██[38;2;204;221;179m██[38;2;181;79;57m████[38;2;204;221;179m██[38;2;160;77;61m████[38;2;181;215;181m████[38;2;0;0;0m██      
  ██[38;2;142;226;155m██[38;2;61;227;84m██[38;2;140;239;136m████[38;2;155;227;154m████[38;2;146;247;133m████[38;2;64;218;115m██[38;2;140;239;136m████[38;2;0;0;0m██    
  ██[38;2;142;226;155m██[38;2;255;255;255m██[38;2;92;124;132m████[38;2;54;145;103m██[38;2;255;255;255m██[38;2;89;138;139m██[38;2;135;187;149m██[38;2;140;239;136m██████[38;2;0;0;0m██    
[38;2;16;0;0m██[38;2;255;194;189m██[38;2;140;239;136m██[38;2;66;65;66m██[38;2;146;242;135m████[38;2;140;239;136m██[38;2;66;65;66m██[38;2;146;242;135m████████[38;2;140;239;136m████[38;2;0;0;0m██  
[38;2;16;0;0m██[38;2;175;131;126m██[38;2;140;239;136m████[38;2;146;242;135m████[38;2;140;239;136m████[38;2;146;242;135m████████[38;2;255;110;82m██[38;2;140;239;136m██[38;2;0;0;0m██  
██[38;2;255;110;82m██[38;2;86;101;95m██[38;2;120;247;122m████[38;2;103;194;109m██[38;2;203;203;203m██[38;2;99;101;99m██[38;2;86;101;95m████[38;2;255;175;165m██[38;2;211;142;132m██[38;2;255;95;74m██[38;2;0;0;0m██    
  ██[38;2;103;194;109m██[38;2;86;101;95m██████[38;2;99;101;99m██[38;2;255;255;255m██[38;2;57;184;123m██[38;2;49;232;136m██[38;2;123;77;66m██[38;2;211;142;132m██[38;2;255;95;74m██[38;2;0;0;0m██    
    ██[38;2;42;177;122m██[38;2;255;255;255m████[38;2;246;255;249m██[38;2;27;183;105m██[38;2;64;218;112m████[38;2;171;142;127m████[38;2;0;0;0m██      
      ██[38;2;36;184;138m████[38;2;27;183;105m██[38;2;92;212;187m██[38;2;64;218;112m████[38;2;171;142;127m██[38;2;0;0;0m██        
        ██[38;2;71;212;111m██[38;2;64;218;112m████████[38;2;66;65;66m██[38;2;106;167;77m██[38;2;8;1;0m████    
          [38;2;0;0;0m██[38;2;64;218;112m██████[38;2;66;65;66m██[38;2;106;167;77m██[38;2;66;127;37m██[38;2;107;168;78m██[38;2;29;86;1m██[38;2;0;0;0m██  
        ██[38;2;115;107;115m██[38;2;51;78;71m██[38;2;174;146;123m████[38;2;51;78;71m██[38;2;168;37;33m██[38;2;106;167;77m██[38;2;64;125;35m██[38;2;107;168;78m██[38;2;0;0;0m██  
        ██[38;2;115;107;115m██[38;2;227;178;148m██[38;2;51;78;71m████[38;2;227;178;148m██[38;2;168;37;33m████[38;2;206;65;54m██████[38;2;0;0;0m██
      ██[38;2;66;207;106m██[38;2;1;107;31m██[38;2;82;46;43m██[38;2;247;125;115m██[38;2;255;131;115m██[38;2;170;87;76m██[38;2;154;142;127m██[38;2;74;58;57m██[38;2;66;60;66m████[38;2;71;212;111m██[38;2;0;0;0m██
      ██[38;2;208;255;222m██[38;2;66;207;106m██[38;2;0;0;8m████[38;2;0;0;0m████[38;2;74;58;57m██[38;2;239;228;198m██[38;2;71;212;111m██[38;2;84;110;100m██[38;2;71;212;111m██[38;2;0;0;0m██
        ████        ██[38;2;71;212;111m██[38;2;255;255;255m██[38;2;0;0;0m████  
                      ████      
[0m