            [38;2;0;0;0m████                      
            ██[38;2;231;77;113m██[38;2;0;0;0m████                  
              ██[38;2;231;77;113m██[38;2;180;72;108m██[38;2;0;0;0m██                
            ██[38;2;231;77;113m██████[38;2;0;0;0m██                
          ██[38;2;65;65;65m██[38;2;180;72;108m██[38;2;231;77;113m██[38;2;180;72;108m██[38;2;0;0;0m██                
    ██  ██[38;2;231;77;113m████████████[38;2;0;0;0m██              
  ██[38;2;222;197;115m██[38;2;0;0;0m██[38;2;231;77;113m██████[38;2;180;72;108m██[38;2;231;77;113m████████[38;2;0;0;0m██████        
  ██[38;2;222;197;115m██[38;2;65;65;65m██[38;2;231;77;113m██[38;2;180;72;108m████[38;2;247;230;165m██[38;2;180;72;108m██[38;2;231;77;113m██████[38;2;65;65;65m██[38;2;247;230;165m██[38;2;189;156;82m██[38;2;0;0;0m██      
  ██[38;2;189;156;82m██[38;2;247;230;165m██[38;2;180;72;108m██[38;2;222;197;115m██[38;2;247;230;165m████████[38;2;231;77;113m██[38;2;65;65;65m██[38;2;247;230;165m██████[38;2;0;0;0m██      
    ██[38;2;239;107;82m██[38;2;247;230;165m██████[38;2;239;107;82m████[38;2;247;230;165m████[38;2;65;65;65m██[38;2;247;230;165m██[38;2;196;68;52m██[38;2;247;230;165m██[38;2;0;0;0m██      
    ██[38;2;231;77;113m██[38;2;247;230;165m████[38;2;222;197;115m██[38;2;255;255;255m██[38;2;214;214;214m██[38;2;239;107;82m██[38;2;247;230;165m████[38;2;136;47;37m██[38;2;196;68;52m██[38;2;247;230;165m██[38;2;0;0;0m██    [38;2;197;74;58m██
      [38;2;0;0;0m██[38;2;247;230;165m████[38;2;222;197;115m██[38;2;65;65;65m██[38;2;255;255;255m██[38;2;231;77;113m██[38;2;247;230;165m████[38;2;136;47;37m██[38;2;247;230;165m██[38;2;0;0;0m██  [38;2;197;74;58m████  
      [38;2;0;0;0m██[38;2;247;230;165m██████[38;2;0;0;0m██[38;2;255;255;255m██[38;2;222;197;115m████[38;2;189;156;82m██[38;2;0;0;0m████  [38;2;197;74;58m██[38;2;255;90;58m██[38;2;197;74;58m██  
      [38;2;0;0;0m██[38;2;65;65;65m██[38;2;247;230;165m████[38;2;189;156;82m████[38;2;222;197;115m██[38;2;65;65;65m██[38;2;0;0;0m██      [38;2;197;74;58m██[38;2;255;90;58m████[38;2;197;74;58m██
  [38;2;0;0;0m████[38;2;180;72;108m████[38;2;65;65;65m██[38;2;222;197;115m████[38;2;65;65;65m████[38;2;180;72;108m██[38;2;231;77;113m██[38;2;0;0;0m████[38;2;197;74;58m██[38;2;255;90;58m██[38;2;255;148;58m██[38;2;255;90;58m██[38;2;197;74;58m██
[38;2;0;0;0m██[38;2;189;156;82m██[38;2;222;197;115m██[38;2;180;72;108m██[38;2;0;0;0m██████[38;2;65;65;65m██[38;2;180;72;108m██[38;2;222;197;115m██[38;2;65;65;65m████[38;2;231;77;113m██[38;2;180;72;108m██[38;2;0;0;0m██[38;2;255;148;58m██[38;2;247;206;66m██[38;2;197;74;58m██  
[38;2;0;0;0m██[38;2;222;197;115m██[38;2;189;156;82m██[38;2;0;0;0m██      ██[38;2;65;65;65m██[38;2;247;230;165m██[38;2;222;197;115m██[38;2;231;77;113m██[38;2;65;65;65m██[38;2;231;77;113m████[38;2;0;0;0m██[38;2;247;206;66m██[38;2;197;74;58m██  
  [38;2;0;0;0m████      ██[38;2;180;72;108m██[38;2;65;65;65m██[38;2;222;197;115m██[38;2;247;230;165m██[38;2;222;197;115m██[38;2;180;72;108m██[38;2;65;65;65m██[38;2;247;230;165m██[38;2;189;156;82m██[38;2;0;0;0m██    
            ██[38;2;65;65;65m██[38;2;180;72;108m██[38;2;65;65;65m██[38;2;247;230;165m██[38;2;180;72;108m██[38;2;231;77;113m██[38;2;65;65;65m██[38;2;222;197;115m██[38;2;247;230;165m██[38;2;0;0;0m██    
              ████████[38;2;180;72;108m██[38;2;231;77;113m████[38;2;65;65;65m██[38;2;0;0;0m██      
                      ██[38;2;247;230;165m██[38;2;189;156;82m██[38;2;247;230;165m██[38;2;0;0;0m██      
                        ██████        
[0m