              [38;2;0;0;0m██████████████                
          ████              ████            
      ████                      ██          
    ██[38;2;154;231;0m██[38;2;0;0;0m██                        ██        
  ██[38;2;154;231;0m████[38;2;0;0;0m██                        ██        
██[38;2;154;231;0m██[38;2;213;255;88m████[38;2;154;231;0m██[38;2;0;0;0m██        ██████████  ██  ██      
██[38;2;213;255;88m██[38;2;245;255;181m████[38;2;213;255;88m██[38;2;0;0;0m██    ████[38;2;97;215;255m██████████[38;2;0;0;0m████  ██      
██[38;2;213;255;88m██[38;2;245;255;181m████[38;2;213;255;88m██[38;2;0;0;0m██  ██[38;2;213;255;88m██[38;2;97;215;255m██████████████[38;2;65;65;65m██[38;2;0;0;0m████      
  ██[38;2;245;255;181m████[38;2;0;0;0m██[38;2;121;220;239m██[38;2;0;0;0m██[38;2;213;255;88m████[38;2;97;215;255m██████[38;2;213;255;88m██████[38;2;32;162;244m██[38;2;65;65;65m██[38;2;32;162;244m██[38;2;0;0;0m██      
    ██████[38;2;121;220;239m██[38;2;65;65;65m██[38;2;0;0;0m██[38;2;213;255;88m██[38;2;97;215;255m████[38;2;213;255;88m████[38;2;0;0;0m██[38;2;213;255;88m██[38;2;154;231;0m██[38;2;65;65;65m██[38;2;32;162;244m████[38;2;0;0;0m██    
          ████[38;2;213;255;88m██[38;2;97;215;255m██[38;2;32;162;244m██[38;2;97;215;255m██[38;2;213;255;88m██[38;2;0;0;0m██[38;2;65;65;65m████[38;2;213;255;88m██[38;2;65;65;65m██[38;2;32;162;244m████[38;2;0;0;0m██    
            ██[38;2;32;162;244m██[38;2;97;215;255m██[38;2;247;99;82m██[38;2;97;215;255m██[38;2;213;255;88m████[38;2;65;65;65m██[38;2;213;255;88m██[38;2;65;65;65m████[38;2;32;162;244m██[38;2;65;65;65m██[38;2;0;0;0m████  
              ██[38;2;32;162;244m██[38;2;97;215;255m██████[38;2;154;231;0m██[38;2;213;255;88m████[38;2;65;65;65m██[38;2;154;231;0m██[38;2;65;65;65m████[38;2;166;240;255m████[38;2;0;0;0m██
                ████[38;2;32;162;244m████████[38;2;65;65;65m██[38;2;154;231;0m████[38;2;65;65;65m██[38;2;121;220;239m████[38;2;166;240;255m██[38;2;0;0;0m██
                    ██████[38;2;65;65;65m██[38;2;154;231;0m██[38;2;213;255;88m████[38;2;154;231;0m██[38;2;65;65;65m██[38;2;0;0;0m████  
                          ██[38;2;213;255;88m██[38;2;245;255;181m████[38;2;213;255;88m██[38;2;0;0;0m██      
                          ██[38;2;213;255;88m██[38;2;245;255;181m████[38;2;213;255;88m██[38;2;0;0;0m██      
                            ██[38;2;245;255;181m████[38;2;0;0;0m██        
                              ████          
[0m