      [38;2;0;0;0m██                            
    ██[38;2;22;189;41m██[38;2;0;0;0m██  ██████                  
    ██[38;2;22;189;41m████[38;2;0;0;0m██[38;2;255;206;206m██████[38;2;0;0;0m██                
    ██[38;2;255;206;206m██[38;2;65;65;65m██[38;2;255;206;206m██████████[38;2;0;0;0m████████████    
    ██[38;2;255;206;206m██[38;2;65;65;65m██[38;2;238;142;142m██[38;2;255;206;206m██[38;2;65;65;65m██[38;2;255;206;206m████[38;2;238;142;142m██[38;2;255;206;206m████[38;2;22;189;41m████[38;2;0;0;0m██    
    ██[38;2;255;206;206m████[38;2;65;65;65m████[38;2;238;142;142m██[38;2;255;206;206m██████████[38;2;22;189;41m██[38;2;65;65;65m██[38;2;0;0;0m████  
  ██[38;2;238;142;142m██[38;2;255;255;255m██[38;2;255;206;206m██████████████████[38;2;65;65;65m████[38;2;238;142;142m████[38;2;0;0;0m██
  ██[38;2;255;206;206m██[38;2;0;0;0m██[38;2;255;206;206m██████[38;2;255;255;255m██[38;2;255;206;206m██[38;2;238;142;142m██[38;2;255;206;206m████[38;2;65;65;65m██████[38;2;238;142;142m██[38;2;0;0;0m██  
██[38;2;238;142;142m██[38;2;255;206;206m██████████[38;2;0;0;0m██[38;2;255;206;206m██[38;2;238;142;142m██[38;2;255;206;206m██[38;2;65;65;65m██████[38;2;217;105;105m████[38;2;0;0;0m██  
██[38;2;255;255;255m██[38;2;255;206;206m████[38;2;65;65;65m████[38;2;255;206;206m████[38;2;238;142;142m██[38;2;255;206;206m██████[38;2;238;142;142m██[38;2;65;65;65m██[38;2;217;105;105m██████[38;2;0;0;0m██
██[38;2;217;105;105m██[38;2;255;206;206m████[38;2;238;142;142m██[38;2;217;105;105m██[38;2;255;206;206m████████████[38;2;238;142;142m████[38;2;65;65;65m██████[38;2;0;0;0m██
  ██[38;2;255;206;206m████████████[38;2;217;105;105m██[38;2;255;206;206m██████[38;2;238;142;142m████[38;2;65;65;65m██[38;2;217;105;105m██[38;2;0;0;0m██  
  ██[38;2;238;142;142m██[38;2;255;206;206m████████[38;2;65;65;65m██[38;2;255;255;255m██[38;2;255;206;206m████[38;2;238;142;142m██████[38;2;65;65;65m██[38;2;217;105;105m██[38;2;0;0;0m██  
    ██[38;2;238;142;142m██[38;2;255;206;206m████████[38;2;65;65;65m████[38;2;238;142;142m██████[38;2;65;65;65m██[38;2;217;105;105m████[38;2;0;0;0m██  
  ██[38;2;189;189;189m██[38;2;65;65;65m██[38;2;238;142;142m██████████████████[38;2;65;65;65m██[38;2;217;105;105m██[38;2;0;0;0m██    
    ██████[38;2;65;65;65m██[38;2;238;142;142m████████████[38;2;65;65;65m██[38;2;217;105;105m██[38;2;65;65;65m██[38;2;0;0;0m██    
          ████[38;2;238;142;142m████████[38;2;65;65;65m██[38;2;0;0;0m██████      
              ██[38;2;255;255;255m████[38;2;0;0;0m████            
                ████                
[0m