                      [38;2;24;24;24m████                                        
                  ████[38;2;60;127;78m████[38;2;24;24;24m██  ██████    ██████                    
                ██[38;2;61;127;79m████[38;2;30;68;41m██[38;2;37;94;53m██[38;2;42;93;58m██[38;2;24;24;24m██[38;2;61;127;79m████[38;2;60;127;78m██[38;2;24;24;24m██[38;2;34;21;19m██[38;2;67;127;86m██[38;2;61;127;79m████[38;2;24;24;24m██                  
              ██[38;2;255;208;66m██[38;2;30;68;41m████[38;2;37;94;53m████[38;2;24;24;24m██[38;2;52;128;75m██[38;2;61;127;79m████[38;2;60;127;78m████[38;2;67;127;86m██[38;2;50;74;60m██[38;2;61;127;79m██[38;2;30;68;41m██[38;2;65;66;65m██[38;2;24;24;24m████████          
            ██[38;2;255;180;49m██[38;2;37;92;44m██[38;2;37;94;52m████[38;2;41;78;52m██[38;2;66;65;66m██[38;2;255;218;107m██[38;2;53;111;71m██[38;2;61;127;81m████████[38;2;52;126;70m██[38;2;56;66;60m██[38;2;30;68;41m██[38;2;37;94;53m██[38;2;66;65;66m██[38;2;255;208;66m██[38;2;61;127;81m████[38;2;60;127;78m██[38;2;24;24;24m██████    
            ██[38;2;193;142;50m██[38;2;37;92;44m██[38;2;37;94;52m████[38;2;29;86;45m██[38;2;66;65;66m██[38;2;53;111;71m██[38;2;255;218;107m██████[38;2;255;208;66m████[38;2;54;96;65m██[38;2;56;66;60m██[38;2;37;94;53m████[38;2;66;65;66m██[38;2;255;208;66m██████[38;2;60;127;78m████[38;2;255;208;66m████[38;2;24;24;24m██  
              [38;2;14;43;32m██[38;2;200;144;45m██[38;2;36;94;54m████[38;2;66;65;66m████[38;2;37;94;53m██[38;2;212;145;26m██[38;2;255;219;107m██[38;2;164;132;73m██[38;2;37;94;52m████[38;2;37;94;53m██[38;2;66;65;66m██[38;2;64;86;66m████[38;2;255;208;66m████████[38;2;255;218;107m██[38;2;61;127;81m██[38;2;60;127;79m████[38;2;255;205;57m██[38;2;24;24;24m██
              [38;2;14;43;32m██[38;2;75;63;43m██[38;2;36;94;54m██[38;2;65;64;65m██[38;2;212;145;26m██[38;2;66;65;66m██[38;2;37;94;53m████[38;2;164;132;73m██[38;2;66;63;48m██[38;2;37;94;52m████[38;2;66;65;66m████[38;2;64;86;66m██[38;2;255;208;66m████████[38;2;255;228;140m██[38;2;255;218;107m██[38;2;61;127;81m██[38;2;37;94;53m████[38;2;189;133;34m██[38;2;24;24;24m██
                ██[38;2;64;95;69m██[38;2;255;208;66m██[38;2;255;214;90m████[38;2;75;62;54m██[38;2;168;137;80m██[38;2;37;94;53m████[38;2;66;65;66m████[38;2;255;208;66m████[38;2;61;127;81m████[38;2;114;117;97m██[38;2;242;219;145m████[38;2;47;76;60m██[38;2;56;66;60m██[38;2;54;96;65m██[38;2;37;94;52m████[38;2;200;144;45m██[38;2;14;43;32m██
                [38;2;24;24;24m██[38;2;255;208;66m██[38;2;64;95;69m██[38;2;61;127;81m██[38;2;255;214;90m██[38;2;255;221;115m██[38;2;75;62;54m██[38;2;66;65;66m████[38;2;255;208;66m████[38;2;61;127;81m██[38;2;255;208;66m████[38;2;61;127;81m██[38;2;47;76;60m██████[38;2;114;117;97m██[38;2;52;126;70m██[38;2;56;66;60m██[38;2;37;94;52m████[38;2;75;63;43m██[38;2;14;43;32m██
              [38;2;24;24;24m██[38;2;60;127;78m██[38;2;61;127;79m████████[38;2;255;214;90m████[38;2;61;127;79m████[38;2;61;129;77m████[38;2;66;65;66m██[38;2;255;208;66m██[38;2;211;145;26m████[38;2;255;208;66m██[38;2;61;127;81m██[38;2;61;127;79m██████[38;2;66;65;66m██[38;2;37;94;53m████[38;2;36;94;51m██[38;2;24;24;24m██
              ██[38;2;60;127;78m██[38;2;61;127;79m████████[38;2;255;214;90m██[38;2;61;127;81m██[38;2;61;127;79m████[38;2;58;89;64m██[38;2;56;70;56m██[38;2;255;208;66m██████████[38;2;61;127;81m██[38;2;61;127;79m██████[38;2;66;65;66m██[38;2;255;208;66m██[38;2;37;94;53m██[38;2;36;94;51m██[38;2;24;24;24m██
            ██[38;2;255;221;115m████[38;2;61;127;81m██████[38;2;255;208;66m██[38;2;20;78;41m██[38;2;98;90;75m██[38;2;16;16;16m████[38;2;255;255;255m██[38;2;255;208;66m██[38;2;61;127;81m██[38;2;255;208;66m██████[38;2;60;127;79m████[38;2;61;127;79m████[38;2;55;75;61m██[38;2;255;208;66m████[38;2;37;94;53m██[38;2;36;94;51m██[38;2;24;24;24m██
          ██[38;2;212;145;26m██[38;2;61;127;81m██[38;2;255;221;115m██[38;2;255;208;66m██[38;2;61;127;81m████[38;2;255;208;66m██[38;2;255;209;74m██[38;2;20;78;41m██[38;2;93;93;93m██[38;2;247;247;247m██[38;2;255;208;66m██████[38;2;61;127;81m██[38;2;66;65;66m██[38;2;255;208;66m██[38;2;37;94;53m████[38;2;61;127;79m████[38;2;55;75;61m████[38;2;255;208;66m████[38;2;36;94;51m██[38;2;24;24;24m██
        ██[38;2;61;127;81m████[38;2;61;127;79m████[38;2;255;208;66m██[38;2;61;127;81m██[38;2;255;208;66m██████████████[38;2;64;86;66m██[38;2;60;127;79m████[38;2;51;130;70m██[38;2;47;70;50m██[38;2;36;94;54m████████[38;2;46;84;57m████[38;2;37;94;52m████[38;2;24;24;24m██  
      ██[38;2;255;208;66m██[38;2;255;218;107m████[38;2;61;127;79m████[38;2;61;127;81m████[38;2;255;208;66m██[38;2;211;145;26m██[38;2;37;94;53m████[38;2;64;95;69m████[38;2;64;86;66m████[38;2;60;127;79m██[38;2;37;94;53m██[38;2;48;90;57m████[38;2;65;64;65m██[38;2;36;94;54m████[38;2;65;64;65m██[38;2;255;208;66m██[38;2;46;84;57m██[38;2;37;94;52m████[38;2;24;24;24m██  
    ██[38;2;212;145;26m██[38;2;61;127;81m████[38;2;255;228;140m██[38;2;255;208;66m██[38;2;61;127;81m██[38;2;62;121;75m██[38;2;255;205;57m██[38;2;196;128;9m██[38;2;93;102;83m██[38;2;56;66;60m██[38;2;59;99;65m██[38;2;66;65;66m██[38;2;187;208;191m██[38;2;187;207;191m██[38;2;154;174;168m██[38;2;66;65;66m██[38;2;37;94;53m██[38;2;37;94;52m████[38;2;36;94;54m██[38;2;65;64;65m████[38;2;36;94;54m██[38;2;37;94;53m██[38;2;255;208;66m██[38;2;255;180;49m██[38;2;37;92;44m██[38;2;24;24;24m██  
    ██[38;2;61;127;81m████████[38;2;255;208;66m██[38;2;61;127;81m██[38;2;255;205;57m██[38;2;201;152;66m██[38;2;93;102;83m██[38;2;43;122;117m██[38;2;67;169;149m██[38;2;56;66;60m██[38;2;187;208;191m████[38;2;154;174;168m████[38;2;66;65;66m██[38;2;37;94;53m██[38;2;37;94;52m████[38;2;36;94;54m████████[38;2;37;94;53m████[38;2;37;92;44m██[38;2;193;142;50m██[38;2;24;24;24m██  
  ██[38;2;36;94;51m██[38;2;60;127;79m████[38;2;61;127;79m████[38;2;60;127;79m████[38;2;196;128;9m██[38;2;93;102;83m██[38;2;75;171;148m████[38;2;66;65;66m██[38;2;255;255;255m██[38;2;154;174;168m██████[38;2;55;75;59m██[38;2;37;94;53m██[38;2;30;68;41m██[38;2;37;94;52m████████[38;2;37;94;53m████[38;2;36;105;48m████[38;2;30;68;40m████[38;2;24;24;24m██  
  ██[38;2;36;94;51m██[38;2;37;94;53m██[38;2;60;127;79m██[38;2;61;127;79m████[38;2;60;127;79m██[38;2;37;94;53m██[38;2;93;102;83m██[38;2;43;122;117m██[38;2;75;171;148m████[38;2;66;65;66m██[38;2;255;255;255m██[38;2;154;174;168m██[38;2;66;65;66m██[38;2;55;75;59m████[38;2;30;68;41m██[38;2;37;94;53m██[38;2;37;94;52m████████[38;2;37;94;53m██[38;2;44;227;181m██[38;2;45;218;173m██[38;2;31;59;49m██[38;2;30;68;40m████[38;2;24;24;24m██  
██[38;2;37;94;53m████████[38;2;37;94;52m████████[38;2;65;66;65m██[38;2;75;172;148m██████[38;2;75;171;148m██[38;2;66;65;66m██[38;2;47;67;59m██[38;2;54;97;64m██[38;2;30;68;41m████[38;2;37;94;52m████[38;2;54;97;64m████[38;2;37;94;52m████[38;2;62;230;189m██[38;2;56;158;135m██[38;2;66;65;66m██[38;2;30;68;41m██[38;2;30;68;40m████[38;2;24;24;24m██  
██[38;2;187;208;191m██[38;2;37;94;53m██[38;2;255;255;255m██[38;2;37;94;53m██[38;2;37;94;52m████████[38;2;65;66;65m██[38;2;75;172;148m██[38;2;65;66;65m████[38;2;75;171;148m████[38;2;67;169;149m██[38;2;54;97;64m██[38;2;37;94;53m████[38;2;37;94;52m████[38;2;47;67;59m██[38;2;67;169;149m██[38;2;75;170;148m████[38;2;42;16;14m██[38;2;49;85;54m██[38;2;30;68;41m████[38;2;30;68;40m████[38;2;29;68;38m██[38;2;24;24;24m██
██[38;2;187;208;191m██[38;2;29;80;39m██[38;2;255;255;255m██[38;2;37;94;53m██[38;2;37;94;52m████[38;2;255;255;255m██[38;2;37;94;53m██[38;2;29;89;41m██[38;2;54;60;56m██[38;2;75;171;148m████[38;2;66;65;66m██[38;2;58;172;142m██[38;2;54;60;56m██[38;2;29;89;41m██[38;2;45;105;59m████[38;2;37;94;53m████[38;2;56;68;57m██[38;2;84;167;148m██[38;2;24;24;24m████  ██[38;2;30;68;41m████████[38;2;29;68;38m██[38;2;24;24;24m██
██[38;2;187;208;191m██[38;2;29;80;39m██[38;2;255;255;255m██[38;2;37;94;53m██[38;2;37;94;52m████[38;2;255;255;255m██[38;2;37;94;53m██[38;2;42;74;49m████[38;2;66;65;66m██[38;2;75;171;148m██[38;2;54;226;180m██[38;2;66;65;66m██[38;2;42;74;49m████[38;2;255;208;66m██[38;2;45;105;59m██[38;2;37;94;53m██[38;2;30;68;41m██[38;2;56;68;57m██[38;2;42;25;18m██      [38;2;24;24;24m██[38;2;212;145;26m██[38;2;30;68;41m██[38;2;212;145;26m██[38;2;30;68;41m██[38;2;29;68;38m██[38;2;24;24;24m██
██[38;2;187;208;191m██[38;2;31;53;33m██[38;2;187;207;191m██[38;2;255;255;255m██[38;2;30;68;40m████[38;2;255;255;255m████[38;2;30;68;40m████[38;2;75;172;148m██[38;2;47;67;51m██[38;2;75;172;148m██[38;2;65;66;65m██[38;2;114;79;16m██[38;2;150;121;69m██[38;2;255;177;40m████[38;2;212;145;26m██[38;2;30;68;41m██[38;2;24;24;24m██        ██[38;2;204;178;134m██[38;2;147;127;93m██[38;2;204;178;134m██[38;2;147;127;93m██[38;2;24;24;24m██  
  [38;2;31;53;33m████[38;2;187;207;191m████[38;2;30;68;40m████[38;2;187;207;191m████[38;2;30;68;40m████[38;2;47;67;51m██[38;2;75;172;148m████[38;2;65;66;65m██[38;2;150;121;69m██[38;2;224;207;177m██[38;2;255;177;40m██[38;2;187;208;191m██[38;2;212;145;26m██[38;2;30;68;41m██[38;2;29;68;38m██[38;2;24;24;24m██        [38;2;34;26;13m████████    
  [38;2;24;24;24m██[38;2;29;68;38m██[38;2;20;77;27m██[38;2;178;217;187m██[38;2;187;208;191m██[38;2;30;68;41m██[38;2;20;77;27m██[38;2;178;217;187m████[38;2;20;77;27m██[38;2;75;172;148m████[38;2;24;24;24m████[38;2;155;168;173m██[38;2;68;67;68m██[38;2;187;216;198m██[38;2;66;65;66m██[38;2;170;217;195m██[38;2;212;145;26m██[38;2;29;68;38m██[38;2;24;24;24m██                    
    ██[38;2;98;147;106m██[38;2;20;77;27m██[38;2;30;68;41m████[38;2;98;147;106m██[38;2;20;77;27m████[38;2;98;147;106m██[38;2;75;172;148m██[38;2;24;24;24m██    [38;2;24;21;14m██[38;2;68;67;68m██[38;2;147;165;154m██[38;2;66;65;66m██[38;2;183;173;154m██[38;2;212;145;26m██[38;2;24;24;24m██                      
      ██████[38;2;75;172;148m████████[38;2;24;24;24m████        ██████████                        
            ████████                                              
[0m