                  [38;2;0;0;0m██                      
                ██[38;2;237;133;162m██[38;2;0;0;0m██                    
          ████  ██[38;2;237;133;162m██[38;2;0;0;0m██    ████            
          ██[38;2;208;94;123m██[38;2;0;0;0m██[38;2;185;70;98m██[38;2;237;133;162m██[38;2;0;0;0m██  ██[38;2;237;133;162m██[38;2;0;0;0m██            
    ██████  ██[38;2;65;65;65m██[38;2;237;133;162m████[38;2;208;94;123m██[38;2;0;0;0m██[38;2;237;133;162m██[38;2;0;0;0m██              
  ██[38;2;208;94;123m██████[38;2;0;0;0m████[38;2;65;65;65m██[38;2;237;133;162m██[38;2;185;70;98m████[38;2;65;65;65m██[38;2;237;133;162m██[38;2;0;0;0m██              
██[38;2;208;94;123m██████████[38;2;65;65;65m██[38;2;237;133;162m██[38;2;185;70;98m██[38;2;237;133;162m██████[38;2;0;0;0m██                
██[38;2;208;94;123m██[38;2;185;70;98m██[38;2;208;94;123m██[38;2;185;70;98m██[38;2;65;65;65m██[38;2;237;133;162m██████████[38;2;255;255;255m██[38;2;237;133;162m██[38;2;0;0;0m██    ██████    
  ██[38;2;234;205;134m██[38;2;185;70;98m██[38;2;234;205;134m██[38;2;65;65;65m██[38;2;237;133;162m██[38;2;65;65;65m██[38;2;237;133;162m████[38;2;255;255;255m██[38;2;0;0;0m██[38;2;255;255;255m██[38;2;208;94;123m██[38;2;0;0;0m████[38;2;237;133;162m██████[38;2;0;0;0m██  
  ██[38;2;234;205;134m████[38;2;65;65;65m██[38;2;237;133;162m██[38;2;65;65;65m██[38;2;253;234;173m██[38;2;65;65;65m██[38;2;237;133;162m██[38;2;255;255;255m██████[38;2;208;94;123m██[38;2;65;65;65m██[38;2;237;133;162m██████████[38;2;0;0;0m██
    ██[38;2;234;205;134m██[38;2;65;65;65m██[38;2;237;133;162m██[38;2;199;164;89m██[38;2;253;234;173m████[38;2;65;65;65m██[38;2;208;94;123m██[38;2;255;255;255m██[38;2;208;94;123m██[38;2;65;65;65m██[38;2;237;133;162m████[38;2;185;70;98m██[38;2;237;133;162m████[38;2;208;94;123m██[38;2;0;0;0m██
      ████[38;2;65;65;65m██[38;2;253;234;173m██[38;2;199;164;89m████[38;2;65;65;65m██[38;2;208;94;123m██████[38;2;65;65;65m██[38;2;237;133;162m██[38;2;185;70;98m██[38;2;253;234;173m██[38;2;208;94;123m████[38;2;253;234;173m██[38;2;0;0;0m██
        ██[38;2;65;65;65m██[38;2;199;164;89m██[38;2;253;234;173m██████[38;2;65;65;65m██[38;2;208;94;123m████[38;2;65;65;65m██[38;2;237;133;162m██[38;2;185;70;98m██[38;2;253;234;173m██████[38;2;0;0;0m██  
      ██[38;2;208;94;123m██[38;2;65;65;65m██[38;2;253;234;173m██[38;2;199;164;89m██████[38;2;65;65;65m██[38;2;208;94;123m██████[38;2;65;65;65m██[38;2;253;234;173m████[38;2;65;65;65m██[38;2;0;0;0m██    
    ██[38;2;208;94;123m██[38;2;234;205;134m██[38;2;0;0;0m████[38;2;253;234;173m██████[38;2;234;205;134m██[38;2;65;65;65m██[38;2;208;94;123m██[38;2;65;65;65m██[38;2;208;94;123m██[38;2;65;65;65m██████[38;2;208;94;123m██[38;2;0;0;0m██  
    ██[38;2;208;94;123m██[38;2;0;0;0m██  ████[38;2;234;205;134m████████[38;2;65;65;65m██[38;2;237;133;162m██[38;2;65;65;65m████[38;2;208;94;123m██[38;2;65;65;65m██[38;2;0;0;0m████  
    ████        ██████████[38;2;237;133;162m████[38;2;65;65;65m██[38;2;0;0;0m████      
                        ██[38;2;65;65;65m██[38;2;237;133;162m██[38;2;0;0;0m██          
                          ██████          
[0m