            [38;2;0;0;0m██                              
      ██  ██[38;2;66;65;66m██[38;2;0;0;0m████    ████                  
    ██[38;2;66;65;66m██[38;2;0;0;0m██[38;2;66;65;66m████████[38;2;0;0;0m████[38;2;107;108;107m██[38;2;0;0;0m██              ██  
    ██[38;2;66;64;66m██[38;2;66;65;66m██[38;2;181;165;154m██[38;2;196;192;181m██[38;2;66;65;66m██[38;2;108;107;108m██[38;2;66;65;66m██[38;2;108;107;108m████[38;2;0;0;0m██            ██[38;2;195;191;180m██[38;2;0;0;0m██
    ██[38;2;66;64;66m██[38;2;194;190;179m████[38;2;66;65;66m██[38;2;90;89;90m██[38;2;108;107;108m██████[38;2;66;65;66m██[38;2;0;0;0m██      ██  ██[38;2;195;191;180m████[38;2;0;0;0m██
  ██[38;2;66;65;66m██[38;2;196;192;181m██[38;2;195;191;180m██[38;2;68;68;73m██[38;2;108;108;108m████████[38;2;66;65;66m██[38;2;108;107;108m██[38;2;97;96;97m██[38;2;0;0;0m██  ██[38;2;145;123;111m██[38;2;8;4;0m██[38;2;196;192;181m████[38;2;0;0;0m██  
  ██[38;2;66;65;66m██[38;2;196;192;181m██[38;2;68;68;73m██[38;2;93;93;100m██[38;2;108;108;108m████████[38;2;108;107;108m████[38;2;97;96;97m████[38;2;0;0;0m██[38;2;66;65;66m██[38;2;145;123;111m██[38;2;191;176;166m██[38;2;66;65;66m██[38;2;196;192;181m██[38;2;0;0;0m██  
  ██[38;2;66;65;66m████[38;2;108;107;108m████[38;2;175;89;104m██[38;2;140;32;41m██[38;2;74;69;74m████[38;2;108;107;108m██[38;2;66;65;66m██[38;2;194;190;179m████[38;2;196;192;181m██[38;2;175;157;146m██[38;2;176;159;148m██[38;2;66;65;66m██[38;2;112;111;112m██[38;2;54;55;54m██[38;2;0;0;0m██  
██[38;2;66;65;66m████[38;2;108;107;108m████[38;2;66;65;66m██[38;2;175;89;104m██[38;2;247;203;231m██[38;2;214;219;239m██[38;2;74;69;74m██[38;2;108;107;108m████[38;2;66;65;66m██[38;2;181;165;154m██[38;2;196;192;181m████[38;2;176;159;148m██[38;2;66;65;66m██[38;2;112;111;112m██[38;2;0;4;0m██    
  [38;2;0;0;0m██[38;2;140;162;198m██[38;2;66;65;66m████[38;2;206;215;247m██[38;2;214;219;239m████[38;2;66;65;66m██[38;2;108;107;108m██[38;2;93;93;100m██[38;2;68;68;73m██[38;2;192;187;176m██[38;2;66;65;66m██████[38;2;74;69;57m██[38;2;156;136;123m██[38;2;108;108;108m██[38;2;0;0;0m██    
██[38;2;140;162;198m██████[38;2;159;165;186m██[38;2;66;65;66m██████[38;2;108;107;108m████[38;2;68;68;73m██[38;2;195;191;180m██[38;2;180;163;153m████[38;2;196;192;181m████[38;2;177;160;150m██[38;2;156;136;123m██[38;2;108;108;108m██[38;2;0;0;0m██    
██[38;2;140;162;198m██[38;2;66;64;66m████[38;2;68;70;71m██[38;2;140;162;198m████[38;2;68;70;71m██[38;2;100;96;93m██[38;2;73;70;68m██[38;2;66;65;66m██[38;2;196;192;181m██[38;2;175;157;146m██[38;2;196;192;181m████[38;2;175;157;146m██[38;2;195;191;180m██[38;2;79;79;79m██[38;2;0;0;0m██      
  ██████[38;2;68;70;71m████████[38;2;100;96;93m██[38;2;218;215;207m██[38;2;66;65;66m██[38;2;196;192;181m██████████[38;2;79;79;79m██[38;2;195;191;180m██[38;2;0;0;0m██      
        ██[38;2;107;108;107m██[38;2;108;107;108m████[38;2;66;65;66m██[38;2;217;214;206m██[38;2;66;65;66m██[38;2;207;203;194m██[38;2;196;192;181m████[38;2;195;191;180m██████[38;2;0;0;0m██        
          ██[38;2;66;65;66m████[38;2;217;214;206m████[38;2;207;203;194m██[38;2;66;65;66m██[38;2;196;192;181m████[38;2;195;191;180m██[38;2;0;0;0m████          
          ██[38;2;148;170;206m██[38;2;98;114;137m██[38;2;53;62;70m██[38;2;199;195;185m██[38;2;202;198;188m██[38;2;66;65;66m██[38;2;61;65;74m████[38;2;0;0;0m██              
            [38;2;0;4;0m████[38;2;8;4;0m██[38;2;53;62;70m██[38;2;66;65;66m██[38;2;99;123;148m██[38;2;115;130;148m██[38;2;8;0;0m██                
                  [38;2;0;0;0m██[38;2;148;162;198m██[38;2;54;56;66m██[38;2;140;162;198m██[38;2;0;0;0m██                
                    [38;2;8;4;0m████[38;2;0;0;0m██                  
[0m