                  [38;2;0;0;0m██                                                
                ██[38;2;136;121;113m██[38;2;0;0;0m██                                              
              ██[38;2;136;121;113m████[38;2;0;0;0m██  ████                                        
            ██[38;2;136;121;113m██[38;2;134;120;112m████[38;2;78;64;55m██[38;2;8;8;0m██[38;2;138;124;115m██[38;2;8;8;0m██                                        
          [38;2;0;0;0m██[38;2;136;121;113m████[38;2;134;120;112m██[38;2;102;79;81m██[38;2;138;124;115m██████[38;2;78;64;55m██[38;2;0;0;0m██                              ██      
          ██[38;2;136;121;113m████[38;2;66;65;66m██[38;2;138;124;115m██[38;2;136;121;113m████[38;2;138;124;115m██[38;2;66;65;66m██[38;2;165;151;143m██[38;2;0;0;0m██                        [38;2;0;4;0m████[38;2;136;121;113m██[38;2;0;0;0m██    
  ████  ██[38;2;136;121;113m████[38;2;66;65;66m██[38;2;162;149;140m██[38;2;66;65;66m██[38;2;136;121;113m████[38;2;66;65;66m██[38;2;162;149;140m██[38;2;165;151;143m██[38;2;0;0;0m██                      ██[38;2;77;62;54m██[38;2;142;127;119m██[38;2;136;121;113m██[38;2;0;0;0m██    
  ██[38;2;165;151;143m██[38;2;0;0;0m██[38;2;66;65;66m██[38;2;138;124;115m████[38;2;66;65;66m██[38;2;165;151;143m████[38;2;66;65;66m████[38;2;161;147;139m██[38;2;140;126;118m██[38;2;134;120;112m██[38;2;165;151;143m██[38;2;0;0;0m████                [38;2;8;8;0m██[38;2;138;124;115m██[38;2;118;97;95m██[38;2;136;121;113m████[38;2;66;65;66m██[38;2;0;0;0m██  
    ██[38;2;165;151;143m██[38;2;162;149;140m██[38;2;66;65;66m████[38;2;162;149;140m██[38;2;134;120;112m████[38;2;165;151;143m████[38;2;97;74;76m██[38;2;118;97;95m██[38;2;134;120;112m████[38;2;136;121;113m████[38;2;0;0;0m██            ██[38;2;78;64;55m██[38;2;138;124;115m██[38;2;118;97;95m██[38;2;136;121;113m██[38;2;66;65;66m██[38;2;136;121;113m██[38;2;0;0;0m██  
    [38;2;8;4;8m██[38;2;171;158;150m██[38;2;134;120;112m██[38;2;165;151;143m████[38;2;134;120;112m██[38;2;138;124;115m████[38;2;41;39;49m████[38;2;118;97;95m██[38;2;136;121;113m██████[38;2;138;124;115m██[38;2;8;8;0m██            [38;2;0;0;0m██[38;2;136;121;113m██[38;2;118;97;95m██[38;2;136;121;113m██[38;2;134;120;112m██[38;2;102;79;81m██[38;2;134;120;112m████[38;2;77;62;54m██[38;2;0;4;0m██
  [38;2;0;0;0m██[38;2;171;158;150m██[38;2;121;107;98m██[38;2;134;120;112m████████[38;2;41;37;49m██[38;2;8;8;0m████[38;2;140;126;118m██[38;2;136;121;113m████████[38;2;66;65;66m██[38;2;138;124;115m██[38;2;0;0;0m██          ██[38;2;136;121;113m██[38;2;118;97;95m██[38;2;136;121;113m██[38;2;118;97;95m██[38;2;134;120;112m████[38;2;102;79;81m██[38;2;142;127;119m██[38;2;0;4;0m██
    [38;2;8;8;0m██[38;2;138;124;115m██[38;2;68;64;74m██[38;2;138;124;115m████[38;2;8;4;0m██[38;2;255;231;239m██[38;2;16;0;0m██[38;2;0;0;0m██[38;2;136;121;113m██████[38;2;133;119;110m██[38;2;66;65;66m██[38;2;118;97;95m██[38;2;133;119;110m██[38;2;138;124;115m██[38;2;8;8;0m██[38;2;0;0;0m██    ██[38;2;136;121;113m████████████[38;2;118;97;95m██[38;2;136;121;113m████[38;2;0;0;0m██
  ██[38;2;138;124;115m██[38;2;78;64;55m██[38;2;138;124;115m██[38;2;66;65;66m██[38;2;41;35;49m██[38;2;8;4;0m██[38;2;135;115;119m██[38;2;16;0;0m██[38;2;136;121;113m████[38;2;66;65;66m██████[38;2;118;97;95m██[38;2;66;65;66m██████[38;2;138;124;115m██[38;2;136;121;113m██[38;2;0;0;0m██████[38;2;136;121;113m██[38;2;66;65;66m██████[38;2;136;121;113m████████[38;2;0;0;0m██  
  ██[38;2;66;60;66m██[38;2;134;120;112m██[38;2;66;65;66m██[38;2;136;121;113m████████████[38;2;33;32;33m██[38;2;74;66;61m██[38;2;66;65;66m██[38;2;116;96;94m████[38;2;66;65;66m██[38;2;165;151;143m████[38;2;66;65;66m████[38;2;136;121;113m██[38;2;116;96;94m████[38;2;66;65;66m██[38;2;116;96;94m██[38;2;118;97;95m██[38;2;66;65;66m██[38;2;136;121;113m██████[38;2;0;0;0m██    
██[38;2;165;151;143m██[38;2;159;145;137m██[38;2;134;120;112m██[38;2;136;121;113m██████[38;2;66;65;66m██████[38;2;33;32;33m████[38;2;74;66;61m████[38;2;66;65;66m██████[38;2;165;151;143m████[38;2;110;90;88m██[38;2;136;121;113m██[38;2;66;65;66m████[38;2;116;96;94m██████[38;2;66;65;66m██[38;2;133;119;110m██[38;2;66;65;66m████[38;2;0;0;0m██      
██[38;2;151;137;128m██[38;2;136;121;113m████[38;2;143;128;120m██[38;2;66;65;66m████[38;2;149;134;126m██[38;2;144;130;121m██[38;2;33;32;33m██[38;2;74;66;61m████████████[38;2;66;65;66m██[38;2;165;151;143m████[38;2;101;78;81m██[38;2;134;120;112m██[38;2;167;153;145m██[38;2;136;121;113m██[38;2;66;65;66m██[38;2;116;96;94m████[38;2;118;97;95m██[38;2;66;65;66m██[38;2;136;121;113m██[38;2;0;0;0m██        
██[38;2;151;137;128m██[38;2;136;121;113m██[38;2;66;65;66m████[38;2;143;128;120m██[38;2;149;134;126m██[38;2;33;32;33m████[38;2;68;60;55m██[38;2;74;66;61m██████████[38;2;33;32;33m██[38;2;165;151;143m████[38;2;101;78;81m████[38;2;102;79;81m██[38;2;134;120;112m██[38;2;136;121;113m████[38;2;66;65;66m██████[38;2;133;119;110m██[38;2;136;121;113m██[38;2;0;0;0m██        
██[38;2;136;121;113m██[38;2;0;0;0m██[38;2;149;134;126m████[38;2;0;0;0m██[38;2;33;32;33m██[38;2;66;58;53m██[38;2;64;56;51m██[38;2;72;64;60m██[38;2;74;66;61m████[38;2;64;56;51m██[38;2;72;64;60m██[38;2;33;32;33m██[38;2;165;151;143m██████[38;2;102;79;81m██[38;2;116;96;94m██[38;2;134;120;112m██[38;2;102;79;81m██████[38;2;131;116;108m██[38;2;66;65;66m██[38;2;136;121;113m████[38;2;118;97;95m██[38;2;0;0;0m██        
  ██  ████  [38;2;0;4;0m██[38;2;33;32;33m██[38;2;64;56;51m██[38;2;33;32;33m██[38;2;74;66;61m██[38;2;64;56;51m██[38;2;33;32;33m████[38;2;165;151;143m██████[38;2;101;78;81m██[38;2;102;79;81m████[38;2;134;120;112m██[38;2;167;153;145m██[38;2;134;120;112m████[38;2;110;90;88m██[38;2;66;65;66m██[38;2;120;106;97m██[38;2;66;65;66m██[38;2;0;0;0m██          
            ██[38;2;64;56;51m██[38;2;33;32;33m██[38;2;61;53;48m██[38;2;64;56;51m██[38;2;33;32;33m██[38;2;74;66;61m██[38;2;33;32;33m██[38;2;165;151;143m████[38;2;102;79;81m██[38;2;116;96;94m██[38;2;136;121;113m████[38;2;101;78;81m████[38;2;136;121;113m████[38;2;66;65;66m██[38;2;120;106;97m██[38;2;126;112;103m██[38;2;0;0;0m██            
              ██[38;2;89;81;76m██[38;2;61;53;48m██[38;2;33;32;33m██[38;2;72;64;60m██[38;2;74;66;61m██[38;2;33;32;33m██[38;2;133;119;110m██[38;2;118;97;95m██[38;2;116;96;94m██[38;2;102;79;81m██[38;2;136;121;113m████[38;2;165;151;143m██[38;2;133;119;110m██[38;2;66;65;66m████[38;2;136;121;113m████[38;2;126;112;103m██[38;2;0;0;0m██            
              ██[38;2;89;81;77m██[38;2;33;32;33m██[38;2;64;56;51m██[38;2;72;64;60m██[38;2;55;48;43m████[38;2;33;32;33m██[38;2;136;121;113m██████[38;2;101;78;81m████[38;2;102;79;81m██[38;2;134;120;112m██[38;2;131;116;108m██[38;2;66;65;66m██[38;2;102;79;81m████[38;2;0;0;0m██              
                ██[38;2;89;81;77m██[38;2;64;56;51m██[38;2;55;48;43m██████[38;2;33;32;33m██[38;2;66;65;66m████[38;2;136;121;113m██[38;2;133;119;110m██[38;2;165;151;143m██[38;2;134;120;112m██[38;2;102;79;81m██[38;2;66;65;66m██[38;2;110;90;88m██[38;2;0;0;0m████                
                  ████[38;2;55;48;43m██████[38;2;33;32;33m██[38;2;163;150;142m██[38;2;134;120;112m██[38;2;66;60;66m██[38;2;66;65;66m██████████[38;2;0;0;0m██                    
                      ██[38;2;33;32;33m██████[38;2;8;0;0m██[38;2;159;145;137m██[38;2;134;120;112m██[38;2;116;96;94m████[38;2;33;32;33m██[38;2;74;63;66m██[38;2;0;0;0m██                      
                    [38;2;8;4;0m██[38;2;124;109;101m██[38;2;74;64;66m████[38;2;0;0;0m██  ██[38;2;136;121;113m██[38;2;137;122;114m██[38;2;33;32;33m██[38;2;74;63;66m████[38;2;0;0;0m██                      
                  ██[38;2;175;162;154m██[38;2;124;109;101m██[38;2;0;0;0m██[38;2;74;64;66m██[38;2;118;97;95m██[38;2;0;0;0m██  ██[38;2;8;4;0m██[38;2;72;63;81m██[38;2;74;63;66m██[38;2;33;32;33m██[38;2;136;121;113m██[38;2;0;0;0m██                    
                    ████  ████  [38;2;16;12;0m██[38;2;76;61;53m██[38;2;80;70;65m██[38;2;33;32;33m██[38;2;68;62;63m██[38;2;33;32;33m██[38;2;0;0;0m██                      
                              ██[38;2;177;163;155m██[38;2;127;113;104m██[38;2;33;32;33m██[38;2;143;128;120m██[38;2;33;32;33m██[38;2;0;0;0m██                        
                                ████[38;2;165;151;143m██[38;2;0;0;0m██[38;2;165;151;143m██[38;2;0;0;0m██                        
                                    ██  ██                          
[0m