                  [38;2;0;0;0m████                    
        ████    ██[38;2;189;172;98m██[38;2;246;238;131m██[38;2;0;0;0m██                  
      ██[38;2;246;238;131m████[38;2;0;0;0m████[38;2;74;74;82m██[38;2;246;238;131m████[38;2;189;172;98m██[38;2;0;0;0m██                
    ██[38;2;246;238;131m██████[38;2;189;172;98m██[38;2;74;74;82m██[38;2;246;238;131m████████[38;2;0;0;0m██                
    ██[38;2;246;238;131m████[38;2;189;172;98m██[38;2;246;238;131m██[38;2;74;74;82m██[38;2;246;238;131m██████[38;2;189;172;98m██[38;2;74;74;82m██[38;2;0;0;0m██  [38;2;74;74;82m██[38;2;0;0;0m██        
  ██[38;2;74;74;82m██[38;2;246;238;131m██████[38;2;74;74;82m██[38;2;246;238;131m██████[38;2;189;172;98m██[38;2;246;238;131m████[38;2;74;74;82m██[38;2;0;0;0m██[38;2;246;238;131m████[38;2;0;0;0m██      
  ██[38;2;189;172;98m██[38;2;246;238;131m████[38;2;109;39;61m██[38;2;123;55;106m██[38;2;246;238;131m██████[38;2;74;74;82m████[38;2;246;238;131m██[38;2;189;172;98m██[38;2;246;238;131m██████[38;2;0;0;0m██      
██[38;2;189;172;98m████[38;2;74;74;82m██[38;2;246;238;131m██[38;2;123;55;106m████[38;2;246;238;131m████[38;2;74;74;82m██████[38;2;189;172;98m██[38;2;246;238;131m██████[38;2;74;74;82m██[38;2;0;0;0m██      
██[38;2;246;238;131m██[38;2;189;172;98m██[38;2;74;74;82m██[38;2;246;238;131m██[38;2;123;55;106m██[38;2;74;74;82m██[38;2;246;238;131m██[38;2;74;74;82m████████[38;2;246;238;131m██████[38;2;74;74;82m██[38;2;246;238;131m████[38;2;0;0;0m██    
██[38;2;246;238;131m██████[38;2;109;39;61m██[38;2;123;55;106m██[38;2;74;74;82m██[38;2;246;238;131m██[38;2;90;172;255m██[38;2;74;74;82m████[38;2;246;238;131m████[38;2;74;74;82m████[38;2;189;172;98m████[38;2;246;238;131m████[38;2;0;0;0m██  
  ██[38;2;246;238;131m████[38;2;109;39;61m██[38;2;123;55;106m██[38;2;106;82;57m██[38;2;74;74;82m██[38;2;90;172;255m██[38;2;74;74;82m██[38;2;246;238;131m██[38;2;74;74;82m████████[38;2;189;172;98m██████[38;2;246;238;131m██[38;2;0;0;0m██  
    ██[38;2;189;172;98m██[38;2;246;238;131m██[38;2;109;39;61m██[38;2;123;55;106m████[38;2;74;74;82m██[38;2;123;55;106m██[38;2;74;74;82m██████[38;2;109;39;61m██[38;2;74;74;82m██[38;2;189;172;98m████████[38;2;246;238;131m██[38;2;0;0;0m██
      ██[38;2;74;74;82m██[38;2;123;55;106m██[38;2;109;39;61m██[38;2;123;55;106m██[38;2;246;123;123m██[38;2;74;74;82m██[38;2;106;82;57m████[38;2;123;55;106m████[38;2;246;238;131m████[38;2;189;172;98m██████[38;2;246;238;131m██[38;2;0;0;0m██
    ██[38;2;74;74;82m██[38;2;189;172;98m████[38;2;123;55;106m██[38;2;109;39;61m██[38;2;123;55;106m████████[38;2;246;238;131m████████████[38;2;189;172;98m████[38;2;0;0;0m██
    ██[38;2;189;172;98m████[38;2;0;0;0m██[38;2;74;74;82m██[38;2;123;55;106m██[38;2;109;39;61m████[38;2;123;55;106m██████[38;2;189;172;98m██[38;2;246;238;131m██████████[38;2;0;0;0m██  
      ████  ██[38;2;246;238;131m██[38;2;123;55;106m██[38;2;74;74;82m██[38;2;246;238;131m██████[38;2;74;74;82m████████[38;2;0;0;0m████    
            ██[38;2;189;172;98m██[38;2;246;238;131m██[38;2;189;172;98m██[38;2;74;74;82m██[38;2;246;238;131m██████[38;2;189;172;98m██████[38;2;0;0;0m██      
              ██[38;2;189;172;98m████[38;2;0;0;0m████[38;2;189;172;98m██[38;2;246;238;131m██████[38;2;0;0;0m██        
                ████    ████████          
[0m