                [38;2;0;0;0m████████                  
          ██████[38;2;245;247;193m████████[38;2;0;0;0m████              
        ██[38;2;245;247;193m██████████████████[38;2;0;0;0m██            
████    ██[38;2;245;247;193m████[38;2;203;205;151m██[38;2;245;247;193m████[38;2;203;205;151m██[38;2;245;247;193m██████[38;2;203;205;151m██[38;2;0;0;0m██          
██[38;2;239;149;1m██[38;2;0;0;0m████[38;2;245;247;193m████[38;2;163;165;111m██[38;2;245;247;193m████████[38;2;163;165;111m██[38;2;245;247;193m██████[38;2;0;0;0m██          
██[38;2;239;149;1m████[38;2;121;122;91m██[38;2;245;247;193m████[38;2;121;122;91m██[38;2;245;247;193m██████[38;2;121;122;91m██[38;2;245;247;193m████[38;2;203;205;151m██[38;2;245;247;193m██[38;2;203;205;151m██[38;2;0;0;0m██        
██[38;2;194;121;1m██[38;2;239;149;1m██[38;2;255;255;255m██[38;2;121;122;91m████[38;2;255;255;255m██[38;2;121;122;91m██████[38;2;163;165;111m██[38;2;245;247;193m██[38;2;203;205;151m██[38;2;121;122;91m██[38;2;203;205;151m██[38;2;163;165;111m██[38;2;0;0;0m██        
  ██[38;2;194;121;1m████[38;2;203;205;151m██[38;2;255;255;255m██[38;2;97;175;1m██[38;2;255;255;255m████████[38;2;121;122;91m████[38;2;255;255;255m██[38;2;121;122;91m████[38;2;194;121;1m██[38;2;0;0;0m████████
    ████[38;2;163;165;111m██[38;2;255;255;255m██[38;2;123;209;17m██[38;2;255;255;255m██████[38;2;97;175;1m██[38;2;255;255;255m██[38;2;203;205;151m██[38;2;255;255;255m████[38;2;194;121;1m██[38;2;239;149;1m████████[38;2;0;0;0m██
      ██[38;2;245;247;193m██[38;2;163;165;111m██[38;2;245;247;193m██[38;2;163;165;111m████[38;2;255;255;255m██[38;2;123;209;17m██[38;2;255;255;255m██[38;2;121;122;91m████[38;2;239;149;1m████████████[38;2;0;0;0m██
        ██[38;2;245;247;193m██[38;2;163;165;111m██[38;2;245;247;193m████[38;2;163;165;111m██[38;2;203;205;151m██[38;2;121;122;91m██[38;2;245;247;193m████[38;2;121;122;91m██[38;2;239;149;1m██[38;2;0;0;0m██[38;2;239;149;1m██[38;2;194;121;1m██[38;2;0;0;0m██  
        ██[38;2;203;205;151m████[38;2;245;247;193m████[38;2;203;205;151m██[38;2;245;247;193m██████[38;2;203;205;151m████[38;2;0;0;0m██  ████    
          ████[38;2;203;205;151m██████[38;2;0;0;0m██[38;2;203;205;151m████[38;2;0;0;0m████            
              ██████  ████                
[0m