                          [38;2;0;0;0m████                                    
                        ██[38;2;247;215;66m██[38;2;0;0;0m██                                    
                ██████  [38;2;0;4;8m██[38;2;255;219;74m██[38;2;0;0;0m██                                    
                ██[38;2;247;215;66m████[38;2;0;0;0m██[38;2;255;219;74m██[38;2;170;147;52m██[38;2;66;65;66m██[38;2;0;0;0m██████                              
                  ██[38;2;247;215;66m██████[38;2;181;156;66m████[38;2;247;215;66m██[38;2;255;219;74m████[38;2;0;0;0m██                            
                  ██[38;2;181;156;66m██[38;2;247;215;66m██[38;2;181;156;66m████[38;2;247;215;66m██[38;2;181;156;66m██[38;2;170;147;52m██[38;2;0;4;8m██                              
                    [38;2;8;4;8m██[38;2;172;150;57m██[38;2;181;156;66m████[38;2;181;157;66m████[38;2;79;39;32m██[38;2;0;16;16m██                              
                  [38;2;0;0;0m██[38;2;255;223;82m██[38;2;172;150;57m██[38;2;247;215;66m██[38;2;181;156;66m██[38;2;181;157;66m██[38;2;66;65;66m██[38;2;239;137;66m████[38;2;0;0;0m██                            
                  ██[38;2;247;211;66m██[38;2;186;160;66m██[38;2;247;215;66m████[38;2;181;157;66m██[38;2;66;65;66m██[38;2;239;133;66m████[38;2;239;137;66m██[38;2;0;16;16m██                          
                [38;2;0;0;0m██[38;2;247;215;66m██[38;2;186;160;66m██[38;2;66;60;66m██[38;2;66;65;66m██[38;2;247;215;66m██[38;2;181;157;66m██[38;2;66;65;66m██[38;2;239;133;66m██[38;2;66;65;66m██[38;2;79;39;32m██[38;2;239;137;66m██[38;2;0;0;0m██                        
                ████[38;2;79;39;32m██[38;2;239;137;66m██[38;2;239;133;66m██[38;2;66;65;66m██[38;2;247;215;66m██[38;2;66;65;66m██[38;2;66;65;74m██[38;2;160;160;164m██[38;2;255;251;255m██[38;2;85;83;85m██[38;2;239;142;74m██[38;2;0;8;8m██                      
    [38;2;0;0;0m██████████      [38;2;0;16;16m██[38;2;239;137;66m██[38;2;239;133;66m████[38;2;66;65;66m████[38;2;66;65;74m██[38;2;255;255;255m██[38;2;0;0;0m██[38;2;255;251;255m██[38;2;79;36;30m██[38;2;0;8;8m██                      
  [38;2;0;0;0m██[38;2;170;93;41m████████[38;2;173;92;41m██[38;2;0;0;0m████  ██[38;2;247;135;66m██[38;2;238;135;62m████[38;2;239;133;66m████[38;2;66;65;66m██[38;2;198;125;123m██[38;2;222;243;255m██[38;2;203;179;183m██[38;2;66;65;66m██[38;2;239;133;66m██[38;2;0;0;0m██      ██████        
██[38;2;173;92;41m██[38;2;170;93;41m████████[38;2;173;92;41m██████[38;2;0;0;0m██[38;2;164;90;44m████[38;2;238;135;62m████[38;2;173;92;41m██[38;2;239;133;66m██[38;2;198;125;123m██[38;2;66;65;66m██[38;2;165;89;41m████[38;2;66;65;66m██[38;2;239;133;66m██[38;2;0;0;0m██    ██[38;2;239;133;66m██████[38;2;0;0;0m██      
██[38;2;173;92;41m██[38;2;164;99;57m██[38;2;82;52;32m██[38;2;173;92;41m██████████[38;2;66;65;66m██[38;2;173;92;41m██[38;2;231;215;181m██[38;2;173;92;41m████[38;2;231;215;181m██[38;2;173;92;41m██[38;2;239;133;66m████[38;2;66;65;66m████[38;2;238;135;62m████[38;2;239;137;66m██[38;2;0;16;16m██[38;2;0;0;0m██[38;2;239;133;66m██[38;2;247;167;107m██[38;2;236;133;63m██[38;2;239;133;66m██[38;2;173;92;41m██[38;2;0;0;0m██    
██[38;2;173;92;41m██[38;2;0;8;8m████[38;2;173;92;41m██[38;2;0;0;0m████[38;2;173;92;41m████[38;2;66;65;66m██[38;2;173;92;41m██[38;2;231;215;181m██████████[38;2;173;92;41m██[38;2;239;133;66m██████[38;2;238;135;62m████[38;2;79;53;32m██[38;2;239;137;66m██[38;2;159;88;44m██[38;2;239;133;66m██[38;2;236;133;63m████[38;2;239;133;66m██[38;2;173;92;41m██[38;2;0;0;0m██    
  ██    ██    ██[38;2;128;92;79m██[38;2;82;52;57m██[38;2;115;73;56m██[38;2;172;90;255m██[38;2;231;215;181m████[38;2;222;223;198m██[38;2;167;112;220m██[38;2;163;112;183m██[38;2;156;86;41m██[38;2;239;133;66m██████[38;2;66;65;66m██[38;2;239;133;66m██[38;2;66;65;66m██[38;2;238;135;62m████████[38;2;170;93;41m████[38;2;0;0;0m██    
    ████  ████[38;2;66;65;66m██[38;2;82;52;57m██[38;2;222;174;123m██[38;2;115;73;56m██[38;2;154;98;189m██[38;2;186;107;255m████[38;2;167;112;220m██[38;2;151;57;231m██[38;2;172;90;255m████[38;2;173;92;41m██[38;2;239;133;66m████[38;2;66;65;66m██████[38;2;238;135;62m████████[38;2;170;93;41m████[38;2;173;92;41m██[38;2;0;0;0m██  
    ██[38;2;214;186;132m██[38;2;0;0;8m██[38;2;71;62;49m██[38;2;66;65;66m██[38;2;214;186;132m██████[38;2;66;65;66m██[38;2;188;140;235m██[38;2;133;71;189m██[38;2;186;107;255m██[38;2;133;71;189m██[38;2;186;107;255m████[38;2;231;215;181m████[38;2;173;92;41m██[38;2;239;133;66m██[38;2;173;92;41m██[38;2;137;99;87m██[38;2;82;57;48m██[38;2;239;133;66m██████[38;2;173;92;41m████[38;2;66;65;66m██[38;2;173;92;41m██[38;2;0;0;0m██  
      ██[38;2;214;186;132m██████████[38;2;0;0;0m██[38;2;66;65;66m██[38;2;173;183;214m██[38;2;186;107;255m██[38;2;133;71;189m██[38;2;186;107;255m████[38;2;231;215;181m██████[38;2;173;92;41m██[38;2;239;133;66m██[38;2;173;92;41m██[38;2;82;57;48m██[38;2;247;203;165m██[38;2;66;65;66m██[38;2;239;133;66m██[38;2;173;92;41m████[38;2;66;65;66m████[38;2;173;92;41m██[38;2;0;0;0m██  
        ██████████  ██[38;2;66;65;66m██[38;2;231;215;181m██████████[38;2;173;92;41m██[38;2;231;215;181m████[38;2;173;92;41m████[38;2;66;65;66m██[38;2;231;215;181m██[38;2;66;65;66m████████[38;2;173;92;41m██[38;2;0;0;0m████    
                      ██[38;2;173;92;41m██[38;2;231;215;181m██[38;2;173;92;41m████[38;2;231;215;181m██[38;2;173;92;41m████[38;2;231;215;181m██[38;2;173;92;41m██[38;2;66;65;66m██[38;2;231;215;181m██[38;2;66;65;66m████████[38;2;181;159;115m██[38;2;0;0;0m██        
                      ██[38;2;173;92;41m████████[38;2;170;93;41m████████[38;2;136;95;78m██[38;2;74;54;52m██[38;2;231;215;181m████[38;2;66;65;66m████[38;2;198;138;99m██[38;2;74;54;52m██[38;2;0;0;0m██        
                    ██[38;2;66;65;66m████[38;2;173;92;41m██[38;2;66;65;66m████[38;2;170;93;41m████████[38;2;74;54;52m██[38;2;198;138;99m██[38;2;66;65;66m██[38;2;231;215;181m██[38;2;181;159;115m████[38;2;74;54;52m██[38;2;136;95;78m██[38;2;173;92;41m██[38;2;0;0;0m████    
                  ██[38;2;231;124;49m██[38;2;176;102;51m██[38;2;173;92;41m██[38;2;66;65;66m██[38;2;181;159;115m████[38;2;74;54;52m██[38;2;136;95;78m██[38;2;66;65;66m████[38;2;181;159;115m████[38;2;66;60;66m████[38;2;66;65;66m████[38;2;165;95;49m██[38;2;82;51;32m██[38;2;173;92;41m██████[38;2;0;0;0m██  
                ██[38;2;239;133;66m██[38;2;176;102;51m██[38;2;66;56;57m██[38;2;66;65;66m██[38;2;173;92;41m██[38;2;66;65;66m██[38;2;181;159;115m██[38;2;198;138;99m██[38;2;74;54;52m██[38;2;239;133;66m██[38;2;66;65;66m██[38;2;181;159;115m██[38;2;66;65;66m██[38;2;176;105;54m██[38;2;231;128;49m██[38;2;239;133;66m██[38;2;66;65;66m██[38;2;165;95;49m██[38;2;0;12;16m██[38;2;0;0;0m████[38;2;173;92;41m████[38;2;0;0;0m██
                ██[38;2;239;133;66m██[38;2;0;4;0m██[38;2;52;58;63m██[38;2;173;92;41m████[38;2;165;95;49m██[38;2;82;51;32m██[38;2;66;65;66m██[38;2;239;133;66m██[38;2;239;137;66m██[38;2;79;53;32m██[38;2;66;65;66m██[38;2;239;133;66m██[38;2;173;92;41m██[38;2;239;133;66m████[38;2;173;92;41m██[38;2;0;0;0m██      ██████
                  ██[38;2;0;4;0m██[38;2;156;166;189m██[38;2;66;65;66m██[38;2;173;92;41m██[38;2;165;95;49m██[38;2;0;12;16m██[38;2;66;65;66m██[38;2;239;133;66m██[38;2;159;95;49m██[38;2;0;16;16m██[38;2;66;65;66m██[38;2;239;133;66m██[38;2;173;92;41m██[38;2;239;133;66m████[38;2;173;92;41m██[38;2;0;0;0m██            
                      ████████  ██[38;2;239;133;66m██[38;2;0;0;0m██  ██[38;2;239;133;66m████[38;2;173;92;41m████[38;2;239;133;66m██[38;2;0;0;0m██            
                                  ██    ██[38;2;239;133;66m██████████[38;2;0;0;0m██            
                                          ██[38;2;255;255;255m██[38;2;0;0;0m████[38;2;255;255;255m██[38;2;0;0;0m██            
                                            ██    ██              
[0m