                                      [38;2;0;4;0m████████                          
                              ████████[38;2;189;166;123m████████[38;2;0;4;0m████████                  
                        ██████[38;2;189;166;123m██[38;2;194;163;123m████[38;2;192;164;123m████████████[38;2;193;164;123m████[38;2;140;113;82m██[38;2;8;8;0m██████[38;2;0;4;0m██          
                    ████[38;2;189;166;123m████████[38;2;167;120;90m████[38;2;192;164;123m████████████[38;2;193;164;123m██[38;2;165;121;90m██[38;2;206;166;123m████[38;2;145;116;82m██[38;2;214;170;123m██[38;2;189;166;123m██[38;2;0;4;0m████      
                  ██[38;2;167;120;90m██[38;2;194;163;123m██[38;2;192;164;123m████[38;2;193;164;123m██[38;2;165;121;90m██[38;2;194;163;123m████[38;2;165;121;90m██[38;2;193;164;123m██████[38;2;192;164;123m████████[38;2;167;120;90m████[38;2;192;164;123m████████[38;2;206;166;123m██[38;2;8;8;0m██    
                [38;2;0;4;0m██[38;2;189;166;123m██[38;2;194;163;123m██[38;2;167;120;90m██[38;2;192;164;123m████[38;2;193;164;123m████[38;2;167;120;90m████[38;2;193;164;123m████[38;2;165;121;90m██[38;2;193;164;123m██[38;2;192;164;123m████████[38;2;194;163;123m████[38;2;192;164;123m████████[38;2;140;113;82m██[38;2;206;166;123m██[38;2;0;4;0m██  
              ██[38;2;131;99;96m████[38;2;132;101;90m██[38;2;198;162;123m██[38;2;165;121;90m████[38;2;167;120;90m██[38;2;194;163;123m██████[38;2;193;164;123m████[38;2;192;164;123m████████████[38;2;193;164;123m████[38;2;194;163;123m████[38;2;167;120;90m████[38;2;192;165;123m████[38;2;88;68;66m██[38;2;0;4;0m██
              ██[38;2;165;121;90m████[38;2;154;121;101m██[38;2;132;101;90m██[38;2;131;99;96m████[38;2;194;163;123m██[38;2;167;120;90m██████[38;2;165;121;90m██[38;2;193;164;123m██[38;2;192;164;123m████████████[38;2;193;164;123m██[38;2;165;121;90m██[38;2;167;120;90m████[38;2;194;163;123m████[38;2;99;73;74m████[38;2;132;101;99m██[38;2;0;4;0m██
              ██[38;2;131;99;96m██[38;2;165;121;90m██████[38;2;167;121;90m████[38;2;131;99;96m████[38;2;192;163;120m████[38;2;198;162;123m██[38;2;154;121;101m██[38;2;167;120;90m████[38;2;194;163;123m██████[38;2;167;120;90m██[38;2;165;131;98m██[38;2;198;162;115m██[38;2;192;165;123m████[38;2;99;73;74m████[38;2;131;100;95m████[38;2;132;101;99m██[38;2;0;4;0m██
              ██[38;2;131;99;96m██████[38;2;165;121;90m██[38;2;167;121;90m████[38;2;165;121;90m████[38;2;129;99;93m████[38;2;132;101;90m████[38;2;194;163;123m████[38;2;167;120;90m██████[38;2;194;163;123m██[38;2;198;162;115m██[38;2;99;69;66m██[38;2;99;73;74m████[38;2;132;99;94m████[38;2;131;100;95m████[38;2;88;68;66m██[38;2;0;4;0m██
                ██[38;2;148;109;93m██[38;2;131;99;96m████[38;2;131;100;95m████[38;2;165;121;90m████[38;2;167;121;90m████[38;2;168;121;90m████[38;2;131;99;96m████[38;2;192;163;120m████[38;2;192;165;123m████[38;2;99;73;74m██[38;2;132;99;94m██[38;2;131;100;95m████[38;2;132;99;94m██████[38;2;99;73;74m██[38;2;88;68;66m██[38;2;0;4;0m██
                ██[38;2;148;109;93m██[38;2;165;121;90m████[38;2;131;100;95m████[38;2;131;99;96m████[38;2;167;121;90m████[38;2;211;234;45m████[38;2;165;121;90m████[38;2;129;99;93m████[38;2;192;165;123m██[38;2;99;73;74m██[38;2;132;99;94m████[38;2;131;100;95m████[38;2;99;73;74m██████[38;2;132;99;94m██[38;2;132;101;99m██[38;2;0;4;0m██
                ██[38;2;211;234;45m██[38;2;168;121;90m████[38;2;165;121;90m████[38;2;167;121;90m████[38;2;131;99;96m██████[38;2;165;121;90m██████████[38;2;132;99;94m████[38;2;132;101;99m██[38;2;94;74;74m██████[38;2;90;69;82m██[38;2;190;205;81m██[38;2;131;99;94m████[38;2;0;4;0m██  
                ██[38;2;211;234;45m██████[38;2;131;99;96m████[38;2;167;121;90m████[38;2;165;121;90m██████[38;2;131;99;96m██████████[38;2;132;99;94m██[38;2;99;73;74m██[38;2;94;74;74m██████[38;2;132;101;99m██[38;2;139;104;93m████[38;2;131;99;94m██[38;2;189;205;73m██[38;2;0;4;0m██  
                  ██[38;2;168;121;90m██[38;2;211;234;45m██████[38;2;173;131;88m██[38;2;132;93;99m██[38;2;168;121;90m████[38;2;167;121;90m████[38;2;165;121;90m██[38;2;131;99;96m██████[38;2;129;98;90m██[38;2;93;75;82m██[38;2;99;73;74m██[38;2;132;99;94m██[38;2;131;99;94m██████[38;2;189;205;73m██████[38;2;0;4;0m██  
                  ██[38;2;168;121;90m████████[38;2;211;234;45m████████[38;2;167;121;90m████[38;2;165;121;90m████████[38;2;165;121;99m██[38;2;129;98;90m██[38;2;132;99;94m████[38;2;131;99;94m██[38;2;189;205;73m████████[38;2;131;99;94m██[38;2;0;4;0m██  
                [38;2;0;0;0m██[38;2;85;79;74m██[38;2;132;99;94m████[38;2;165;121;90m████[38;2;167;121;90m████[38;2;168;121;90m██[38;2;211;234;45m██████[38;2;210;233;41m████[38;2;211;234;45m██[38;2;190;206;79m██[38;2;131;99;94m██████[38;2;189;205;73m██████[38;2;131;100;95m████[38;2;132;101;99m██[38;2;0;4;0m██    
    ██████    ██[38;2;255;239;222m██[38;2;170;159;148m██[38;2;66;65;66m██[38;2;132;99;94m██[38;2;131;99;96m████[38;2;167;121;90m████[38;2;168;121;90m████████[38;2;210;233;41m████[38;2;211;234;45m████[38;2;189;205;73m████████[38;2;131;99;94m████[38;2;131;100;95m████[38;2;88;68;66m██[38;2;0;4;0m██    
  ██[38;2;170;191;21m████[38;2;171;192;19m██[38;2;0;4;0m██[38;2;0;0;0m██[38;2;255;255;214m██[38;2;0;4;0m██[38;2;242;243;63m██[38;2;224;207;47m██[38;2;66;65;66m██[38;2;132;99;94m████[38;2;74;65;49m████[38;2;132;102;88m██[38;2;165;121;99m██[38;2;209;232;43m██[38;2;173;132;88m██[38;2;165;121;90m████[38;2;211;234;45m████[38;2;189;205;73m████[38;2;131;100;95m████[38;2;132;99;94m████[38;2;94;75;74m████[38;2;94;73;74m██[38;2;0;4;0m██    
██[38;2;171;192;19m██[38;2;170;191;21m████[38;2;171;192;19m████[38;2;85;85;71m██[38;2;170;170;142m██[38;2;0;4;0m██[38;2;242;243;63m██[38;2;224;207;47m██[38;2;66;65;66m██[38;2;132;99;94m██[38;2;66;65;66m██[38;2;255;255;198m██[38;2;194;191;148m██[38;2;65;65;65m██[38;2;66;65;66m██[38;2;132;97;99m████[38;2;131;99;96m██[38;2;165;121;90m██[38;2;168;121;90m████[38;2;131;99;94m████[38;2;131;100;95m████[38;2;99;73;74m████[38;2;94;75;74m██[38;2;66;65;66m██[38;2;0;4;0m██      
[38;2;0;4;8m██[38;2;170;188;40m██[38;2;99;73;74m████████[38;2;171;192;19m██[38;2;82;69;74m██[38;2;233;226;55m████[38;2;66;65;66m████[38;2;74;65;49m██[38;2;255;255;198m██[38;2;248;250;246m██[38;2;0;0;0m██[38;2;237;233;61m██[38;2;66;65;66m██[38;2;103;109;59m██[38;2;66;69;74m██[38;2;66;65;66m████[38;2;132;102;90m██[38;2;165;121;99m██[38;2;132;99;94m████[38;2;94;75;74m████████[38;2;66;65;66m████[38;2;140;156;24m██[38;2;0;12;16m██    
[38;2;0;4;8m██[38;2;86;95;25m██[38;2;132;99;94m████████[38;2;82;69;74m██[38;2;171;192;19m██[38;2;66;65;66m████[38;2;171;192;19m████[38;2;74;65;49m██[38;2;194;191;148m██[38;2;0;0;0m██[38;2;83;83;82m██[38;2;237;233;61m████[38;2;66;69;74m██[38;2;172;192;27m██[38;2;171;192;19m████[38;2;66;65;74m██[38;2;132;102;90m██[38;2;99;73;74m████[38;2;94;75;74m██[38;2;66;65;66m██████[38;2;134;151;11m██[38;2;66;65;66m██[38;2;140;156;24m██[38;2;96;106;23m██[38;2;0;4;0m██  
██[38;2;132;98;93m██[38;2;131;99;96m██[38;2;165;121;90m██[38;2;131;100;95m████[38;2;132;99;94m██[38;2;99;73;74m██[38;2;63;68;23m██[38;2;172;192;27m██[38;2;171;192;19m██████[38;2;66;65;66m██[38;2;242;243;63m████[38;2;155;141;48m██[38;2;66;60;57m██[38;2;171;192;19m██████████[38;2;66;65;66m██[38;2;94;75;74m████[38;2;68;47;32m██[38;2;136;153;13m████[38;2;66;69;74m██[38;2;140;155;31m██[38;2;106;113;59m██[38;2;82;66;66m██[38;2;123;97;99m██[38;2;0;4;0m██  
██[38;2;132;98;93m██[38;2;131;99;96m████[38;2;131;100;95m████[38;2;132;99;94m████[38;2;0;12;16m██[38;2;172;192;27m██[38;2;105;119;1m████[38;2;171;192;19m████[38;2;66;65;66m████[38;2;66;60;57m██[38;2;163;185;4m██[38;2;95;75;71m████████[38;2;171;192;19m████[38;2;66;65;66m██[38;2;94;75;74m██[38;2;136;153;13m██[38;2;0;16;16m██[38;2;136;153;13m██[38;2;103;111;45m██[38;2;66;73;82m██[38;2;106;113;59m██[38;2;0;4;0m████    
  ██[38;2;132;101;99m██[38;2;66;54;53m██[38;2;0;4;0m██[38;2;66;64;66m██[38;2;132;98;93m██[38;2;0;4;0m██  ██[38;2;171;192;19m████[38;2;105;119;1m██[38;2;171;192;19m██[38;2;166;187;14m████[38;2;74;65;66m██[38;2;93;75;74m██[38;2;131;99;96m████[38;2;131;100;95m████[38;2;95;75;71m██[38;2;171;192;19m██[38;2;66;64;66m██[38;2;0;4;0m████  ██[38;2;127;99;94m██[38;2;66;64;66m██[38;2;0;4;0m██        
  ██[38;2;132;101;99m██[38;2;0;8;8m██  [38;2;0;4;0m██[38;2;132;98;93m██[38;2;0;4;0m██    ████[38;2;171;192;19m██[38;2;105;119;1m██[38;2;112;124;29m██[38;2;74;52;57m██[38;2;93;75;74m██[38;2;132;97;90m██[38;2;165;121;90m██[38;2;131;99;96m██[38;2;131;100;95m████[38;2;95;75;71m██[38;2;171;192;19m██[38;2;0;4;0m██        ████          
    ██      ██          ██████[38;2;66;64;66m██[38;2;131;100;95m████[38;2;132;98;93m████[38;2;131;100;95m████[38;2;132;98;93m██[38;2;0;4;0m██                        
                              ██[38;2;131;100;95m████[38;2;0;4;0m████[38;2;131;100;95m████[38;2;132;98;93m██[38;2;0;4;0m██                        
                                ████    ██[38;2;132;98;93m██[38;2;0;4;0m██                          
                                        ████                            
[0m