            [38;2;0;0;0m██                        
          ██[38;2;197;197;197m██[38;2;0;0;0m██                      
          ██[38;2;197;197;197m████[38;2;0;0;0m██          ██████    
          ██[38;2;131;106;65m██[38;2;197;197;197m██[38;2;0;0;0m██      ████[38;2;255;255;255m██████[38;2;0;0;0m██  
          ██[38;2;197;197;197m██[38;2;131;106;65m██[38;2;197;197;197m██[38;2;0;0;0m██  ██[38;2;255;255;255m████████████[38;2;0;0;0m██
            ██[38;2;131;106;65m██[38;2;65;65;65m██[38;2;0;0;0m████[38;2;255;255;255m██[38;2;197;172;131m██████[38;2;255;255;255m██████[38;2;0;0;0m██
        ██████[38;2;65;65;65m██[38;2;255;255;255m██[38;2;65;65;65m██[38;2;255;255;255m██[38;2;197;172;131m████[38;2;255;255;255m████[38;2;197;172;131m██[38;2;255;255;255m██[38;2;0;0;0m██  
      ██[38;2;255;255;255m████[38;2;240;185;193m██████[38;2;197;172;131m██[38;2;255;255;255m██[38;2;197;172;131m██[38;2;255;255;255m████[38;2;197;172;131m██[38;2;0;0;0m████    
  ████[38;2;255;255;255m████████[38;2;131;106;65m██[38;2;240;185;193m████[38;2;197;172;131m██[38;2;65;65;65m████[38;2;0;0;0m████        
██[38;2;131;106;65m██████[38;2;255;255;255m████[38;2;0;0;0m████[38;2;240;185;193m██████[38;2;255;255;255m██[38;2;0;0;0m██            
  ████[38;2;65;65;65m██[38;2;255;255;255m████[38;2;65;65;65m██[38;2;131;106;65m██[38;2;240;185;193m██████[38;2;255;255;255m██[38;2;0;0;0m██            
    ██[38;2;240;185;193m██[38;2;255;255;255m██████[38;2;240;185;193m████████[38;2;255;255;255m████[38;2;0;0;0m██          
    ██[38;2;65;65;65m██[38;2;240;185;193m████████████[38;2;255;255;255m██[38;2;65;65;65m██[38;2;0;0;0m██            
      ████[38;2;240;185;193m████████[38;2;255;255;255m██████[38;2;0;0;0m██            
        ██████[38;2;255;255;255m██[38;2;0;0;0m██[38;2;255;255;255m██[38;2;0;0;0m████              
        ██    ██████  ██              
        ████    ██    ████            
        ████    ██    ████            
                ████                  
                ████                  
[0m