                            [38;2;0;0;0m████    ████
                  ████    ██[38;2;239;90;41m██[38;2;0;0;0m██  ██[38;2;239;90;41m██[38;2;0;0;0m██
        ████████  ██[38;2;239;90;41m██[38;2;0;0;0m████[38;2;239;90;41m████[38;2;0;0;0m████[38;2;239;90;41m████[38;2;0;0;0m██
      ██[38;2;165;110;68m████████[38;2;0;0;0m██[38;2;65;65;65m██[38;2;239;90;41m████[38;2;65;65;65m██[38;2;239;90;41m██████████[38;2;0;0;0m██  
    ██[38;2;165;110;68m██████[38;2;125;94;57m████[38;2;165;110;68m██[38;2;65;65;65m██[38;2;239;90;41m██[38;2;255;156;41m██[38;2;239;90;41m██[38;2;255;214;41m██[38;2;239;90;41m████████[38;2;0;0;0m██  
    ██[38;2;165;110;68m████[38;2;125;94;57m██[38;2;250;239;140m████[38;2;237;217;104m██[38;2;165;110;68m██[38;2;65;65;65m██[38;2;255;214;41m██[38;2;239;90;41m██[38;2;255;214;41m██[38;2;239;90;41m██[38;2;255;214;41m██[38;2;239;90;41m██[38;2;65;65;65m██[38;2;0;0;0m████
  ██[38;2;165;110;68m████[38;2;125;94;57m██[38;2;250;239;140m████████[38;2;237;217;104m██[38;2;65;65;65m██[38;2;255;214;41m████████[38;2;239;90;41m████████[38;2;0;0;0m██
  ██[38;2;165;110;68m████[38;2;125;94;57m██[38;2;250;239;140m████[38;2;0;0;0m██[38;2;65;65;65m██[38;2;237;217;104m██[38;2;165;110;68m██[38;2;255;156;41m██[38;2;255;214;41m████████[38;2;255;156;41m██[38;2;239;90;41m██[38;2;0;0;0m██  
██[38;2;165;110;68m██████[38;2;250;239;140m████[38;2;0;0;0m██[38;2;250;239;140m████[38;2;237;217;104m██[38;2;125;94;57m████[38;2;255;156;41m██[38;2;255;214;41m████[38;2;255;156;41m██[38;2;239;90;41m██[38;2;65;65;65m██[38;2;0;0;0m██  
██[38;2;165;110;68m████[38;2;250;239;140m██████████[38;2;237;217;104m██[38;2;178;150;57m██[38;2;165;110;68m██[38;2;125;94;57m██████[38;2;255;214;41m████[38;2;255;156;41m██[38;2;239;90;41m████[38;2;0;0;0m██
██[38;2;165;110;68m██[38;2;250;239;140m██[38;2;0;0;0m████[38;2;65;65;65m██[38;2;178;150;57m████[38;2;237;217;104m████████[38;2;165;110;68m██[38;2;125;94;57m██[38;2;65;65;65m██[38;2;239;90;41m██[38;2;65;65;65m██[38;2;0;0;0m██████
  ████  ██[38;2;237;217;104m██[38;2;65;65;65m██[38;2;250;239;140m████[38;2;65;65;65m██[38;2;178;150;57m██[38;2;237;217;104m████[38;2;125;94;57m██[38;2;0;0;0m██████      
          ████[38;2;250;239;140m██[38;2;65;65;65m██[38;2;250;239;140m██[38;2;237;217;104m██[38;2;65;65;65m██[38;2;237;217;104m████[38;2;0;0;0m██          
            ██[38;2;178;150;57m██[38;2;250;239;140m██[38;2;65;65;65m████[38;2;237;217;104m██████[38;2;0;0;0m██          
          ██[38;2;255;255;255m██[38;2;237;217;104m██[38;2;178;150;57m██[38;2;237;217;104m██[38;2;178;150;57m██[38;2;237;217;104m████[38;2;0;0;0m██            
            ████████[38;2;65;65;65m████[38;2;178;150;57m██[38;2;0;0;0m██            
                    ██[38;2;255;255;255m██[38;2;237;217;104m██[38;2;0;0;0m██            
                      ████              
[0m