            [38;2;0;0;0m████          [38;2;0;4;0m██[38;2;0;0;0m████████                
            ██[38;2;220;196;255m██[38;2;0;0;0m████  [38;2;0;4;0m████[38;2;85;133;229m██████████[38;2;0;0;0m████            
            ██[38;2;220;196;255m██[38;2;169;140;228m██[38;2;220;196;255m██[38;2;8;0;0m██[38;2;88;133;222m██[38;2;88;136;230m████[38;2;66;65;66m████[38;2;88;136;230m████████[38;2;0;0;0m██          
              ██[38;2;220;196;255m██[38;2;169;140;228m██[38;2;46;68;109m██[38;2;88;133;222m██[38;2;88;136;230m██[38;2;66;65;66m██[38;2;220;196;255m████[38;2;66;65;66m██████[38;2;88;136;230m██[38;2;85;133;229m██[38;2;0;0;0m██        
        [38;2;8;4;0m████[38;2;8;8;8m██[38;2;144;218;243m██[38;2;66;65;66m████[38;2;58;88;145m██[38;2;89;136;226m██[38;2;66;65;74m██[38;2;220;196;255m████[38;2;169;140;228m████[38;2;219;195;255m██[38;2;226;206;255m██[38;2;52;71;110m██[38;2;86;134;230m████[38;2;0;0;0m██      
      ██[38;2;144;169;177m██[38;2;54;58;60m██[38;2;57;75;90m████[38;2;255;255;255m██[38;2;66;65;66m██[38;2;58;88;145m████[38;2;66;65;74m██[38;2;169;140;228m██[38;2;220;196;255m████[38;2;219;195;255m██[38;2;66;65;82m██[38;2;52;71;110m██[38;2;91;97;186m██[38;2;86;134;230m████[38;2;0;0;0m██      
      ██[38;2;128;165;177m██[38;2;57;65;74m██[38;2;142;216;241m██[38;2;49;56;66m██[38;2;255;255;255m██[38;2;66;77;82m██[38;2;143;217;242m████[38;2;142;216;241m██[38;2;66;65;66m████████[38;2;142;216;241m██[38;2;55;86;146m██[38;2;87;134;226m██[38;2;86;134;230m████[38;2;85;133;229m██[38;2;0;0;0m██    
  ████[38;2;134;165;175m██[38;2;57;65;74m██[38;2;82;97;109m██[38;2;77;111;122m██[38;2;142;216;241m██[38;2;66;77;82m████[38;2;143;217;242m████[38;2;142;216;241m██[38;2;66;65;66m██[38;2;255;255;255m████[38;2;66;65;66m██[38;2;142;216;241m██[38;2;55;86;146m██[38;2;87;134;226m██[38;2;86;134;230m████[38;2;85;133;229m██[38;2;0;0;0m██    
[38;2;0;4;0m██[38;2;93;118;126m██[38;2;139;165;173m████[38;2;66;65;66m██[38;2;88;136;230m██[38;2;80;130;228m██[38;2;66;107;121m██[38;2;86;134;230m████[38;2;54;88;155m██[38;2;140;220;247m██[38;2;142;216;241m██[38;2;66;65;66m██[38;2;255;255;255m████[38;2;66;65;66m██[38;2;142;216;241m████[38;2;56;87;147m██[38;2;86;134;230m████████[38;2;0;0;0m██  
[38;2;0;4;0m██[38;2;138;175;187m██[38;2;139;165;173m██[38;2;66;65;66m██[38;2;88;136;230m████[38;2;66;60;66m████[38;2;86;134;230m████[38;2;85;124;201m██[38;2;54;88;155m██[38;2;142;216;241m████[38;2;66;65;66m████[38;2;142;216;241m██████[38;2;56;87;147m██[38;2;86;134;230m████████[38;2;0;0;0m██  
[38;2;0;4;0m██[38;2;93;118;126m██[38;2;107;131;139m██[38;2;66;65;66m██[38;2;87;134;226m████[38;2;86;134;230m████[38;2;66;65;66m██[38;2;88;136;230m██████[38;2;55;86;146m████[38;2;54;88;155m██[38;2;140;220;247m██[38;2;142;216;241m██████[38;2;56;87;147m██[38;2;87;134;226m████[38;2;54;88;155m██[38;2;85;124;201m██[38;2;0;0;0m██  
[38;2;0;4;0m██[38;2;138;175;187m██[38;2;128;165;177m██[38;2;66;65;66m██[38;2;87;134;226m██[38;2;55;86;146m██[38;2;86;134;230m████[38;2;88;136;230m██[38;2;66;65;66m██████[38;2;87;134;226m████[38;2;85;124;201m██[38;2;54;88;155m██[38;2;56;87;147m████████[38;2;87;134;226m██[38;2;55;86;146m██[38;2;140;220;247m██[38;2;54;88;155m██[38;2;83;106;153m██[38;2;0;0;0m██
  ██[38;2;105;131;140m██[38;2;57;65;66m██[38;2;77;111;122m██[38;2;142;216;241m██[38;2;83;106;153m██[38;2;87;135;231m██[38;2;79;106;162m██[38;2;102;136;205m██[38;2;87;135;231m████[38;2;66;65;66m████[38;2;88;136;230m████[38;2;86;134;230m████████[38;2;89;136;226m██[38;2;58;88;145m██[38;2;142;216;241m████[38;2;56;87;147m██[38;2;0;0;0m██
  ██[38;2;128;165;177m████[38;2;49;56;66m██[38;2;142;216;241m██[38;2;83;106;153m████[38;2;138;218;245m██[38;2;79;106;162m██[38;2;87;135;231m██[38;2;83;106;153m██[38;2;88;136;230m████[38;2;66;65;66m████[38;2;86;134;230m████████[38;2;58;88;145m████[38;2;136;165;174m██[38;2;142;216;241m██[38;2;56;87;147m██[38;2;0;0;0m██
    ████[38;2;63;73;85m██[38;2;163;225;245m██[38;2;86;106;148m██[38;2;118;165;180m██[38;2;150;218;240m██[38;2;89;106;145m██[38;2;83;106;153m██[38;2;142;216;241m██[38;2;68;106;181m██[38;2;98;132;201m██[38;2;86;134;230m████[38;2;66;65;66m██[38;2;88;136;230m██[38;2;91;136;225m██[38;2;57;88;148m██[38;2;142;216;241m████[38;2;143;217;242m████[38;2;163;225;245m██[38;2;0;4;0m██
        [38;2;8;0;0m██[38;2;111;150;163m██[38;2;86;106;148m██[38;2;153;215;235m██[38;2;150;218;240m██[38;2;119;166;182m██[38;2;83;106;153m██[38;2;142;216;241m██[38;2;123;173;189m██[38;2;98;132;201m██[38;2;86;134;230m████[38;2;88;136;230m████[38;2;68;103;174m██[38;2;57;88;148m██[38;2;91;132;146m████[38;2;143;217;242m████[38;2;110;151;165m██[38;2;0;4;0m██
      [38;2;0;0;0m██[38;2;81;105;155m████[38;2;66;65;66m████[38;2;150;218;240m████[38;2;86;106;148m██[38;2;153;215;235m████[38;2;86;106;148m██[38;2;87;135;231m██[38;2;83;106;153m██[38;2;81;105;155m████[38;2;83;106;153m██[38;2;57;88;148m██[38;2;142;216;241m████[38;2;152;220;242m██[38;2;122;161;174m██[38;2;134;165;175m██[38;2;0;0;0m██
      ██[38;2;81;105;155m██[38;2;66;65;66m██[38;2;142;216;241m████[38;2;66;65;66m██[38;2;122;167;182m██[38;2;86;106;148m██[38;2;118;165;180m████[38;2;86;106;148m██[38;2;83;106;153m████[38;2;66;65;66m████[38;2;83;106;153m████[38;2;59;87;140m██[38;2;84;137;155m██[38;2;109;134;142m██[38;2;122;161;174m██[38;2;0;0;0m██  
        ██[38;2;142;216;241m██[38;2;92;131;144m██[38;2;135;164;174m██[38;2;60;66;65m██[38;2;97;110;138m██[38;2;81;105;155m██[38;2;66;65;66m██[38;2;57;69;66m██[38;2;88;109;149m██[38;2;81;105;155m██[38;2;66;65;66m██[38;2;81;105;155m████[38;2;66;65;66m██[38;2;81;105;155m██[38;2;57;88;148m██[38;2;139;164;172m██[38;2;126;163;175m████[38;2;0;0;0m██  
        ██[38;2;142;216;241m██[38;2;135;164;174m████[38;2;130;167;179m██[38;2;60;66;65m██[38;2;81;105;155m██[38;2;66;65;66m██[38;2;138;218;245m██[38;2;57;69;66m██[38;2;66;65;66m██[38;2;81;105;155m██████████[38;2;83;109;161m██[38;2;57;88;148m██[38;2;88;105;120m██[38;2;0;0;0m██    
          ██[38;2;134;165;175m██████[38;2;0;0;0m██[38;2;57;69;85m██[38;2;142;216;241m██[38;2;91;132;146m██[38;2;142;216;241m██[38;2;65;92;149m████[38;2;81;105;155m████████[38;2;83;106;153m████[38;2;0;0;0m██      
            ██████  [38;2;8;0;0m██[38;2;142;216;241m████████[38;2;65;92;149m██[38;2;81;105;155m████████[38;2;0;0;0m████        
                      ██[38;2;142;216;241m████████[38;2;0;0;0m████████            
                        ████████                    
[0m