                        [38;2;0;0;0m████████████                      
                    ████[38;2;255;255;255m████████████[38;2;0;0;0m██████                
                ████[38;2;255;255;255m██████████████████████[38;2;0;0;0m██              
              ██[38;2;255;255;255m████████████████████████████[38;2;0;0;0m██            
            ██[38;2;255;255;255m████████████████████████████████[38;2;0;0;0m██          
            ██[38;2;255;255;255m██████████████████████████████████[38;2;0;0;0m██        
          ██[38;2;255;255;255m████████████████████████████████████[38;2;0;0;0m██        
          ██[38;2;255;255;255m██████████████████████████████████████[38;2;0;0;0m██      
          ██[38;2;255;255;255m████████[38;2;85;130;161m██[38;2;255;255;255m████████████████████████████[38;2;0;0;0m██      
        ██[38;2;131;176;207m██[38;2;85;130;161m██[38;2;255;255;255m██[38;2;247;255;255m██[38;2;82;127;158m██[38;2;255;255;255m██[38;2;85;130;161m██[38;2;255;255;255m████████████████████████[38;2;231;235;239m██[38;2;0;0;0m██      
        ██[38;2;75;120;151m██[38;2;255;255;255m████[38;2;82;127;158m██[38;2;127;172;203m██[38;2;255;255;255m████[38;2;85;130;161m██[38;2;255;255;255m██████[38;2;85;130;161m██[38;2;255;255;255m██████████████[38;2;231;235;239m██[38;2;0;0;0m██      
          ██[38;2;255;255;255m██████[38;2;85;130;161m██[38;2;127;172;203m██[38;2;82;127;158m██[38;2;255;255;255m██████[38;2;85;130;161m██[38;2;127;172;203m██[38;2;82;127;158m██[38;2;255;255;255m██████████[38;2;201;216;222m██[38;2;198;215;222m██[38;2;0;0;0m██      
          ██[38;2;201;216;222m██[38;2;255;255;255m██████[38;2;82;127;158m██[38;2;247;255;255m██[38;2;255;255;255m████████[38;2;82;127;158m██[38;2;247;255;255m██[38;2;255;255;255m██████[38;2;201;216;222m██████[38;2;0;0;0m██        
            ██[38;2;198;215;222m██[38;2;201;216;222m██[38;2;255;255;255m██████████████████[38;2;200;216;222m████████[38;2;198;215;222m████[38;2;0;0;0m██        
            ██[38;2;198;215;222m██[38;2;201;216;222m████████████████████[38;2;200;216;222m████████[38;2;198;215;222m██[38;2;0;0;0m██          
              ██[38;2;189;215;222m██[38;2;134;180;189m██[38;2;201;230;236m██[38;2;200;216;219m██████[38;2;198;215;222m████[38;2;200;216;222m████████[38;2;198;215;222m████[38;2;123;139;145m██[38;2;255;255;255m██[38;2;0;0;0m██        
              ██[38;2;146;185;130m██[38;2;0;0;0m██[38;2;123;138;148m██[38;2;201;230;236m██[38;2;200;216;219m██[38;2;129;178;187m██[38;2;142;182;124m████[38;2;202;231;237m██[38;2;200;216;222m██████[38;2;120;139;145m████[38;2;255;255;255m██████[38;2;0;0;0m██      
            [38;2;0;4;0m██[38;2;127;129;127m██[38;2;172;229;146m██[38;2;8;0;0m██[38;2;206;215;214m██[38;2;132;192;104m██[38;2;126;185;99m██[38;2;198;215;231m██[38;2;0;0;0m██[38;2;66;64;66m██[38;2;127;140;144m██[38;2;147;181;132m██[38;2;115;138;148m██[38;2;203;216;219m██[38;2;255;255;255m██████████[38;2;0;0;0m██      
            [38;2;0;4;0m██[38;2;255;255;255m██[38;2;92;122;79m██[38;2;172;229;146m██[38;2;89;168;46m████[38;2;166;215;144m██[38;2;198;215;231m██[38;2;0;0;0m██[38;2;66;64;66m██[38;2;198;215;222m██[38;2;94;121;82m██[38;2;203;216;219m██[38;2;247;255;255m██[38;2;255;255;255m████████████[38;2;0;0;0m██    
          ██[38;2;66;69;74m██[38;2;255;255;255m████[38;2;205;219;198m██[38;2;255;255;255m████[38;2;85;171;46m████[38;2;255;255;255m████[38;2;85;171;46m██[38;2;255;255;255m██[38;2;129;131;134m██[38;2;255;255;255m██████████████[38;2;0;0;0m██    
        ██[38;2;198;215;222m██[38;2;66;69;74m██[38;2;129;131;134m██[38;2;255;255;255m████[38;2;66;65;66m██[38;2;255;255;255m██████[38;2;150;173;137m██[38;2;100;125;87m██[38;2;255;255;255m████[38;2;66;69;74m██[38;2;255;255;255m████[38;2;201;216;222m██[38;2;123;139;145m██[38;2;255;255;255m██████[38;2;123;138;148m██[38;2;0;0;0m██  
      ██[38;2;200;216;222m████[38;2;198;215;222m██[38;2;66;65;66m██[38;2;129;131;134m██[38;2;66;69;74m██[38;2;192;194;194m██[38;2;66;73;74m██[38;2;255;255;255m██████████[38;2;66;69;74m██[38;2;255;255;255m██████████[38;2;66;65;66m██[38;2;255;255;255m████[38;2;123;138;148m██[38;2;200;216;219m██[38;2;0;0;0m██
    ██[38;2;255;255;255m██[38;2;200;216;222m████[38;2;198;215;222m██[38;2;66;65;66m██[38;2;255;255;255m████████[38;2;66;65;66m████[38;2;201;216;222m████[38;2;66;69;74m██[38;2;129;131;134m██[38;2;255;255;255m████[38;2;123;139;145m██[38;2;255;255;255m████[38;2;66;65;66m██[38;2;201;216;222m████[38;2;200;216;219m████[38;2;0;0;0m██
    ██[38;2;255;255;255m████[38;2;201;216;222m██[38;2;198;215;222m██[38;2;0;0;0m██[38;2;154;159;164m██[38;2;231;239;247m██[38;2;255;255;255m████████[38;2;123;139;145m████[38;2;255;255;255m██[38;2;66;65;66m██[38;2;255;255;255m████[38;2;129;131;134m██[38;2;255;255;255m██████[38;2;66;65;66m██[38;2;198;215;222m██████[38;2;0;0;0m██
  ██[38;2;255;255;255m████████[38;2;0;0;0m██  ██[38;2;77;79;82m██[38;2;123;139;145m██[38;2;255;255;255m██████████[38;2;66;65;66m██[38;2;255;255;255m██████[38;2;66;69;74m██[38;2;255;255;255m██████[38;2;66;65;66m██[38;2;198;215;222m████[38;2;0;0;0m██  
  ██[38;2;255;255;255m████████[38;2;0;0;0m██  ██[38;2;198;215;222m██████[38;2;101;141;145m████[38;2;66;65;66m████[38;2;255;255;255m██████[38;2;201;216;222m██[38;2;66;65;66m██[38;2;255;255;255m████████[38;2;66;65;66m██[38;2;198;215;222m██[38;2;0;0;0m██  
██[38;2;255;255;255m████████████[38;2;0;0;0m██  ██[38;2;198;215;222m██[38;2;85;130;161m██[38;2;94;139;170m██[38;2;255;255;255m████████[38;2;201;216;222m██████[38;2;66;65;66m██[38;2;255;255;255m████████[38;2;66;65;66m██[38;2;0;0;0m██    
██[38;2;123;138;148m██[38;2;255;255;255m██[38;2;192;193;192m██[38;2;255;255;255m██[38;2;129;133;134m██[38;2;198;215;222m██[38;2;0;0;0m████[38;2;156;170;181m██[38;2;66;65;66m██[38;2;130;175;206m██[38;2;255;255;255m██[38;2;85;130;161m██[38;2;200;216;222m████████[38;2;198;215;222m██[38;2;66;65;66m██[38;2;255;255;255m██████████[38;2;0;0;0m██      
  ██[38;2;66;69;66m████[38;2;192;194;194m██[38;2;66;73;74m██[38;2;0;0;0m██  ██[38;2;156;170;181m██[38;2;126;181;186m██[38;2;66;65;66m██[38;2;85;130;161m██[38;2;189;218;219m██[38;2;200;216;222m████████[38;2;198;215;222m██[38;2;66;65;66m██[38;2;255;255;255m██████████[38;2;0;0;0m██      
  ██[38;2;81;172;46m████[38;2;77;121;56m██[38;2;93;172;46m██[38;2;0;0;0m██    ██[38;2;156;170;181m████[38;2;83;122;65m████[38;2;94;119;119m██[38;2;189;231;231m██[38;2;198;215;222m████[38;2;66;69;74m██[38;2;255;255;255m██████████████[38;2;0;0;0m██    
    ████[38;2;8;4;0m████    [38;2;0;0;0m██[38;2;161;233;118m██[38;2;78;172;46m████[38;2;98;172;47m██[38;2;16;8;0m██[38;2;0;8;8m████[38;2;0;0;0m██[38;2;66;71;74m██[38;2;66;69;74m██[38;2;129;131;134m██[38;2;255;255;255m████████████[38;2;0;0;0m██    
                  ████████        ██[38;2;161;233;118m██[38;2;74;81;99m██[38;2;255;251;247m██[38;2;134;145;159m██[38;2;255;251;247m██[38;2;134;145;159m██[38;2;239;243;247m██[38;2;159;162;164m██[38;2;0;0;0m██    
                                  ██[38;2;105;168;75m██[38;2;161;233;118m██[38;2;99;150;74m████████[38;2;79;81;82m██[38;2;0;0;0m██      
                                    ██[38;2;161;233;118m██[38;2;154;231;102m██[38;2;88;171;46m██[38;2;154;231;102m██[38;2;88;171;46m██[38;2;161;233;118m██[38;2;0;0;0m██      
                                      ████████████        
[0m