        [38;2;0;0;0m████                      
      ██[38;2;131;219;226m████[38;2;0;0;0m██                    
    ██[38;2;131;219;226m██████[38;2;79;167;174m██[38;2;0;0;0m██  ██████          
  ██[38;2;131;219;226m████[38;2;65;65;65m██[38;2;79;167;174m██[38;2;131;219;226m██[38;2;0;0;0m████[38;2;131;219;226m██████[38;2;0;0;0m████      
  ██[38;2;131;219;226m██[38;2;79;167;174m██[38;2;65;65;65m████[38;2;79;167;174m██[38;2;65;65;65m██[38;2;131;219;226m██[38;2;65;65;65m████[38;2;131;219;226m████[38;2;65;65;65m██[38;2;0;0;0m██    
██[38;2;131;219;226m████[38;2;65;65;65m██[38;2;197;197;197m██[38;2;65;65;65m████████[38;2;255;255;255m████[38;2;65;65;65m██[38;2;131;219;226m██[38;2;65;65;65m██[38;2;0;0;0m██    
██[38;2;131;219;226m██[38;2;65;65;65m██[38;2;197;197;197m██[38;2;65;65;65m██[38;2;255;255;255m████[38;2;65;65;65m██[38;2;255;255;255m██████[38;2;65;65;65m██[38;2;131;219;226m██[38;2;65;65;65m██[38;2;70;110;115m██[38;2;0;0;0m██  
██[38;2;131;219;226m██[38;2;65;65;65m████[38;2;255;255;255m██████[38;2;139;139;139m██[38;2;0;0;0m████[38;2;139;139;139m██[38;2;65;65;65m██[38;2;131;219;226m██[38;2;65;65;65m██[38;2;70;110;115m██[38;2;0;0;0m██  
  ████[38;2;65;65;65m██[38;2;224;67;68m██████[38;2;65;65;65m██[38;2;255;255;255m██████[38;2;171;202;213m██[38;2;65;65;65m██[38;2;70;110;115m██████[38;2;0;0;0m██
    ██[38;2;65;65;65m██[38;2;255;102;103m████[38;2;65;65;65m██[38;2;255;255;255m████████[38;2;70;110;115m████[38;2;65;65;65m████[38;2;70;110;115m██[38;2;0;0;0m██
    ██[38;2;70;110;115m██[38;2;65;65;65m████[38;2;255;255;255m████████[38;2;70;110;115m████[38;2;65;65;65m██[38;2;255;255;255m████[38;2;65;65;65m██[38;2;0;0;0m██
    ██[38;2;79;167;174m████[38;2;255;255;255m████[38;2;171;202;213m██[38;2;70;110;115m██████[38;2;65;65;65m██[38;2;255;255;255m████████[38;2;0;0;0m██
  ██[38;2;79;167;174m██[38;2;131;219;226m████[38;2;79;167;174m██████[38;2;70;110;115m██████[38;2;65;65;65m██[38;2;255;255;255m████████[38;2;0;0;0m██
    ██[38;2;79;167;174m██████[38;2;131;219;226m████[38;2;79;167;174m██[38;2;70;110;115m████[38;2;65;65;65m██[38;2;255;255;255m████[38;2;171;202;213m██[38;2;255;255;255m██[38;2;0;0;0m██
      ██[38;2;70;110;115m████[38;2;79;167;174m██████[38;2;70;110;115m██[38;2;42;82;87m██[38;2;65;65;65m██[38;2;255;255;255m████[38;2;171;202;213m██[38;2;197;197;197m██[38;2;0;0;0m██
      ██[38;2;42;82;87m██[38;2;70;110;115m██[38;2;42;82;87m██[38;2;70;110;115m██[38;2;42;82;87m████[38;2;197;197;197m██[38;2;65;65;65m██[38;2;197;197;197m██[38;2;255;255;255m████[38;2;0;0;0m██  
        ██[38;2;42;82;87m██████[38;2;197;197;197m████████[38;2;65;65;65m██[38;2;255;255;255m██[38;2;197;197;197m██[38;2;0;0;0m██  
          ██[38;2;65;65;65m██████[38;2;197;197;197m██████[38;2;65;65;65m██[38;2;197;197;197m██[38;2;0;0;0m██    
        ██[38;2;224;67;68m██████[38;2;0;0;0m██[38;2;65;65;65m██[38;2;197;197;197m██████[38;2;0;0;0m██      
          ██████  ██[38;2;224;67;68m████[38;2;0;0;0m██        
                ██[38;2;255;102;103m██[38;2;65;65;65m██[38;2;255;102;103m██[38;2;0;0;0m██        
                  ██████          
[0m