          [38;2;0;0;0m████                                                      
        ██[38;2;102;103;102m████[38;2;0;0;0m████                                                  
      ██[38;2;106;97;82m██[38;2;202;162;15m████[38;2;106;97;82m██[38;2;0;0;0m██            ████████                              
      ██[38;2;202;162;15m██[38;2;252;203;14m████[38;2;202;162;15m██[38;2;102;103;102m██[38;2;0;0;0m██        ██[38;2;102;103;102m████████[38;2;0;0;0m████                          
      ██[38;2;252;213;25m████████[38;2;102;103;102m██[38;2;0;0;0m██      ██[38;2;101;103;104m████[38;2;219;156;7m████[38;2;202;162;15m██[38;2;106;97;82m██[38;2;0;0;0m██                          
      ██[38;2;252;213;25m████████[38;2;102;103;102m██[38;2;0;0;0m██      ██[38;2;101;103;104m██[38;2;252;213;25m██████[38;2;252;203;14m██[38;2;202;162;15m██[38;2;102;103;102m██[38;2;0;0;0m██                        
        [38;2;0;0;8m██[38;2;243;206;28m██[38;2;252;213;25m████[38;2;112;89;65m██[38;2;65;68;82m██[38;2;0;0;0m██████[38;2;98;101;98m██[38;2;219;156;7m██[38;2;252;213;25m██████████[38;2;102;103;102m██[38;2;0;0;0m██                        
        [38;2;0;0;8m██[38;2;122;103;15m██[38;2;252;213;25m██[38;2;101;103;104m██[38;2;65;68;82m██[38;2;144;108;88m██[38;2;172;135;114m████[38;2;65;67;65m██[38;2;98;101;98m██[38;2;252;213;25m████████████[38;2;102;103;102m██[38;2;0;0;0m██      ██████            
          ██[38;2;65;64;65m████[38;2;172;135;114m████████[38;2;65;64;74m██[38;2;117;98;63m██[38;2;252;213;25m██████████[38;2;101;103;104m██[38;2;102;103;102m██[38;2;0;0;0m██  ████[38;2;102;103;102m██████[38;2;0;0;0m████        
          ██[38;2;172;135;114m████████████[38;2;174;137;115m██[38;2;65;64;74m██[38;2;252;213;25m██████[38;2;101;103;104m██████[38;2;0;0;0m██  ██[38;2;102;103;102m████[38;2;0;0;0m██████[38;2;102;103;102m████[38;2;0;0;0m██████  
  ██    ██[38;2;172;135;114m██████████████[38;2;158;121;101m██[38;2;65;64;65m██[38;2;102;103;102m████[38;2;112;89;65m██[38;2;65;68;82m██[38;2;68;45;21m██[38;2;0;4;16m██    [38;2;0;0;0m██[38;2;102;103;102m██[38;2;0;0;0m██      ██[38;2;102;103;102m████████[38;2;0;0;0m██
  ██    ██[38;2;172;135;114m██████████████[38;2;158;121;101m████[38;2;65;64;65m████[38;2;65;68;82m██[38;2;144;108;88m████[38;2;0;4;16m██  [38;2;0;0;0m██[38;2;102;103;102m██[38;2;0;0;0m██        ██[38;2;102;103;102m████[38;2;65;64;65m██[38;2;0;0;0m██  
████  ██[38;2;174;137;115m██[38;2;74;58;30m██[38;2;255;250;164m██[38;2;141;105;86m██[38;2;172;135;114m██████████████████[38;2;138;102;83m████[38;2;0;0;0m██  ██[38;2;102;103;102m██[38;2;0;0;0m██        ██[38;2;102;103;102m██[38;2;65;67;65m██[38;2;98;101;98m██[38;2;0;0;0m██  
    ████[38;2;174;137;115m██[38;2;0;4;24m██[38;2;16;0;0m██[38;2;141;105;86m██[38;2;172;135;114m██████████████████[38;2;138;102;83m██████[38;2;0;0;0m██  ██[38;2;102;103;102m██[38;2;0;0;0m██        ██[38;2;65;67;65m██[38;2;0;0;0m████  
      ██[38;2;255;255;238m██[38;2;107;75;57m██[38;2;0;0;0m██[38;2;158;121;101m██[38;2;172;135;114m████[38;2;141;105;86m██[38;2;255;250;164m██[38;2;74;58;30m██[38;2;174;137;115m██[38;2;172;135;114m████[38;2;158;121;101m████[38;2;65;64;65m██[38;2;138;102;83m██[38;2;0;0;0m██  ██[38;2;102;103;102m██[38;2;0;0;0m██          ██      
  ██████[38;2;65;76;65m██[38;2;255;255;238m██[38;2;158;121;101m████[38;2;172;135;114m████[38;2;141;105;86m██[38;2;16;0;0m██[38;2;0;4;24m██[38;2;174;137;115m██[38;2;172;135;114m████[38;2;65;64;65m██[38;2;158;121;101m██[38;2;65;64;65m████[38;2;0;0;0m██    ██[38;2;102;103;102m██[38;2;0;0;0m██                
      ██[38;2;138;102;83m████[38;2;106;87;79m██[38;2;32;4;0m██[38;2;172;135;114m██████[38;2;107;75;57m██[38;2;0;16;24m██[38;2;255;255;238m██[38;2;213;195;176m██[38;2;65;64;65m██████[38;2;138;102;83m██[38;2;65;64;65m██[38;2;138;102;83m██[38;2;0;0;0m██    ██[38;2;102;103;102m██[38;2;0;0;0m██              
        ██[38;2;138;102;83m██[38;2;106;87;79m██[38;2;255;255;238m██[38;2;65;64;65m████[38;2;172;135;114m████[38;2;255;255;238m██[38;2;76;36;32m██[38;2;65;64;65m██[38;2;213;195;176m██[38;2;172;135;114m██[38;2;65;64;65m██[38;2;138;102;83m██████[38;2;0;0;0m██    ██[38;2;102;103;102m██[38;2;0;0;0m██              
      ██[38;2;138;102;83m██[38;2;65;64;65m██[38;2;199;152;14m██[38;2;98;60;32m██[38;2;172;135;114m████████[38;2;213;195;176m██[38;2;255;255;238m██[38;2;213;195;176m██[38;2;82;48;65m██[38;2;65;64;65m██[38;2;172;135;114m██[38;2;138;102;83m████[38;2;141;105;86m██[38;2;0;12;24m██  [38;2;0;0;0m██[38;2;102;103;102m████[38;2;0;0;0m██              
      ██[38;2;138;102;83m██[38;2;65;64;65m██[38;2;150;121;49m██[38;2;252;203;18m██[38;2;138;102;83m████[38;2;172;135;114m████████[38;2;168;131;110m████[38;2;172;135;114m██[38;2;65;64;65m████[38;2;138;102;83m██[38;2;141;105;86m██[38;2;68;49;24m██[38;2;0;0;0m██[38;2;102;103;102m████[38;2;0;0;0m██                
        ████[38;2;252;213;25m████████[38;2;142;106;87m████[38;2;65;64;65m██[38;2;172;135;114m██[38;2;158;121;101m████[38;2;139;103;84m████████[38;2;65;67;65m██[38;2;98;101;98m██[38;2;102;103;102m██[38;2;0;0;0m████                  
            ██[38;2;252;213;25m██████[38;2;252;196;15m██[38;2;90;44;24m██[38;2;172;135;114m████[38;2;65;64;65m██[38;2;158;121;101m██[38;2;139;103;84m████████[38;2;0;0;0m██████                      
          ██[38;2;144;108;88m██[38;2;95;64;47m██[38;2;147;97;5m██[38;2;219;145;9m██[38;2;221;156;7m████[38;2;65;64;65m████[38;2;139;103;84m████[38;2;138;102;83m██████[38;2;0;0;0m██                            
            [38;2;0;0;8m████[38;2;0;0;0m████[38;2;221;156;7m████[38;2;219;156;7m████[38;2;139;103;84m████[38;2;65;64;65m████[38;2;0;0;0m██                              
                    ██████[38;2;65;64;65m██████[38;2;95;64;47m██[38;2;0;0;8m██                                
                          [38;2;0;0;0m██[38;2;140;104;85m██[38;2;102;70;53m██[38;2;144;108;88m██[38;2;0;0;8m██                                
                            [38;2;0;0;0m██████                                  
[0m