                  [38;2;0;0;0m████          
                ██[38;2;132;115;115m██[38;2;0;0;0m██          
              ██[38;2;132;115;115m████[38;2;0;0;0m██          
        ██████[38;2;132;115;115m████[38;2;0;0;0m██            
    ████[38;2;90;74;74m██[38;2;107;90;90m██[38;2;132;115;115m████[38;2;90;74;74m██[38;2;0;0;0m██            
  ██[38;2;132;115;115m██████████████[38;2;107;90;90m██[38;2;0;0;0m██          
  ██[38;2;156;140;140m████[38;2;132;115;115m████████████[38;2;107;90;90m██[38;2;0;0;0m██        
██[38;2;132;115;115m████[38;2;156;140;140m████████[38;2;132;115;115m████████[38;2;0;0;0m██        
██[38;2;132;115;115m██[38;2;107;90;90m██[38;2;132;115;115m████[38;2;90;74;74m██[38;2;132;115;115m██[38;2;156;140;140m██████[38;2;132;115;115m██[38;2;0;0;0m██        
██[38;2;90;74;74m██[38;2;107;90;90m██[38;2;132;115;115m██[38;2;90;74;74m██[38;2;127;176;100m██[38;2;107;90;90m██[38;2;90;74;74m██[38;2;107;90;90m██[38;2;132;115;115m████[38;2;0;0;0m██        
  ██[38;2;127;176;100m██[38;2;107;90;90m██[38;2;127;176;100m████[38;2;90;74;74m██[38;2;127;176;100m██[38;2;107;90;90m██[38;2;132;115;115m██[38;2;0;0;0m██    ████  
  ██[38;2;127;176;100m██████████[38;2;107;90;90m████[38;2;65;65;65m██[38;2;0;0;0m██████[38;2;127;176;100m██[38;2;0;0;0m████
    ██[38;2;156;115;206m████[38;2;127;176;100m██[38;2;90;141;67m██[38;2;90;74;74m████[38;2;132;115;115m██[38;2;107;90;90m██[38;2;90;74;74m██[38;2;127;176;100m██[38;2;90;141;67m██[38;2;127;176;100m██[38;2;0;0;0m██
      ████[38;2;90;74;74m████[38;2;107;90;90m██[38;2;132;115;115m████[38;2;177;48;255m██[38;2;107;90;90m██[38;2;90;74;74m██[38;2;127;176;100m██[38;2;0;0;0m██  
        ██[38;2;177;48;255m██[38;2;107;90;90m██[38;2;132;115;115m██[38;2;177;48;255m██[38;2;132;115;115m██[38;2;90;74;74m████[38;2;127;176;100m████[38;2;90;141;67m██[38;2;0;0;0m██
        ██[38;2;90;74;74m██[38;2;107;90;90m██[38;2;90;74;74m██[38;2;107;90;90m██[38;2;90;74;74m██[38;2;90;141;67m████[38;2;127;176;100m██████[38;2;0;0;0m██
      ██[38;2;127;176;100m████[38;2;0;0;0m██[38;2;90;141;67m██[38;2;90;74;74m████[38;2;90;141;67m██[38;2;0;0;0m████[38;2;127;176;100m████[38;2;0;0;0m██
        ████  ██[38;2;90;141;67m██[38;2;127;176;100m██[38;2;0;0;0m██    ████  
              ██[38;2;127;176;100m████[38;2;0;0;0m██          
                ████            
[0m