  [38;2;0;0;0m████  ██                                  
  ██[38;2;255;147;120m██[38;2;0;0;0m██[38;2;255;147;120m██[38;2;0;0;0m██                  ██  ████      
  ██[38;2;246;101;65m██[38;2;255;147;120m████[38;2;0;0;0m██                ██[38;2;255;147;120m██[38;2;0;0;0m██[38;2;255;147;120m██[38;2;0;0;0m██      
██[38;2;255;147;120m██[38;2;246;101;65m████████[38;2;0;0;0m██          ████[38;2;246;101;65m██[38;2;255;147;120m████[38;2;0;0;0m██        
  ████[38;2;246;101;65m████[38;2;255;147;120m████[38;2;0;0;0m██████████[38;2;246;101;65m████[38;2;255;147;120m██[38;2;246;101;65m██████[38;2;0;0;0m██      
    ██[38;2;65;65;65m██[38;2;246;101;65m██[38;2;255;147;120m████████████[38;2;246;101;65m██████████[38;2;0;0;0m████        
      ██[38;2;65;65;65m██[38;2;246;101;65m██[38;2;255;147;120m██████[38;2;246;101;65m██████████[38;2;65;65;65m████[38;2;0;0;0m██          
        ██[38;2;246;101;65m██████████████[38;2;65;65;65m██████[38;2;0;0;0m██    ██  ██  
      ██[38;2;162;84;0m██[38;2;65;65;65m██[38;2;246;101;65m████████[38;2;203;58;22m██[38;2;65;65;65m██[38;2;201;131;2m██[38;2;65;65;65m██[38;2;0;0;0m██    ██[38;2;246;101;65m██[38;2;0;0;0m██[38;2;246;101;65m██[38;2;0;0;0m██
    ██[38;2;229;192;27m██[38;2;162;84;0m██[38;2;255;255;255m██[38;2;65;65;65m████████[38;2;162;84;0m████[38;2;229;192;27m██[38;2;201;131;2m██[38;2;0;0;0m██    ██[38;2;246;101;65m██████[38;2;0;0;0m██
      ██[38;2;229;192;27m██[38;2;0;0;0m██[38;2;255;253;81m██████[38;2;162;84;0m██[38;2;255;255;255m██[38;2;0;0;0m██[38;2;229;192;27m██████[38;2;0;0;0m██    ██[38;2;246;101;65m██[38;2;0;0;0m██  
        ██[38;2;255;253;81m██[38;2;229;192;27m██[38;2;255;253;81m████[38;2;0;0;0m████[38;2;229;192;27m████[38;2;65;65;65m██[38;2;0;0;0m████    [38;2;65;65;65m██[38;2;0;0;0m██    
          ██[38;2;65;65;65m██[38;2;255;253;81m██[38;2;229;192;27m██████[38;2;65;65;65m████[38;2;0;0;0m██      ██[38;2;229;192;27m██[38;2;0;0;0m██    
      ████[38;2;203;58;22m██[38;2;246;101;65m██[38;2;65;65;65m████████[38;2;246;101;65m██[38;2;203;58;22m██[38;2;229;192;27m██[38;2;0;0;0m██████[38;2;229;192;27m██[38;2;0;0;0m██      
    ██[38;2;255;147;120m██[38;2;65;65;65m██[38;2;246;101;65m████[38;2;65;65;65m██[38;2;229;192;27m██[38;2;203;58;22m██[38;2;246;101;65m██████[38;2;203;58;22m██[38;2;229;192;27m██[38;2;65;65;65m██[38;2;201;131;2m██[38;2;0;0;0m██        
    ██[38;2;65;65;65m████[38;2;246;101;65m██[38;2;203;58;22m██[38;2;229;192;27m██[38;2;203;58;22m██[38;2;246;101;65m████████[38;2;203;58;22m██[38;2;65;65;65m██[38;2;229;192;27m██[38;2;0;0;0m██          
      ██[38;2;255;147;120m██[38;2;65;65;65m██[38;2;201;131;2m██[38;2;229;192;27m██[38;2;203;58;22m██[38;2;246;101;65m████[38;2;203;58;22m██[38;2;65;65;65m██[38;2;255;147;120m██[38;2;65;65;65m██[38;2;229;192;27m██[38;2;0;0;0m██          
        ██████[38;2;201;131;2m████[38;2;203;58;22m██[38;2;65;65;65m██[38;2;255;147;120m██[38;2;0;0;0m████[38;2;229;192;27m██[38;2;0;0;0m██            
            ██[38;2;201;131;2m██[38;2;229;192;27m██[38;2;201;131;2m██[38;2;0;0;0m████  ██[38;2;229;192;27m██[38;2;0;0;0m██            
              ██[38;2;255;253;81m██[38;2;0;0;0m██      ████              
              ████                          
[0m