    [38;2;0;4;0m██                                              
  ██[38;2;255;255;255m██[38;2;0;4;0m██  ██                ██        ████          
  ██[38;2;255;255;255m██[38;2;255;251;255m██[38;2;0;0;0m██[38;2;198;195;189m██[38;2;0;4;0m██            ██[38;2;255;255;255m██[38;2;0;4;0m██  ████[38;2;255;255;255m████[38;2;0;4;0m██        
  ██[38;2;255;255;255m██[38;2;255;251;255m██[38;2;127;125;127m██[38;2;198;195;189m██[38;2;0;4;0m██            ██[38;2;255;255;255m████[38;2;0;4;0m██[38;2;255;255;255m██████[38;2;0;4;0m██          
  ██[38;2;255;255;255m████[38;2;117;117;117m██[38;2;198;195;189m██[38;2;0;4;0m██          ██[38;2;255;255;255m████████████[38;2;0;4;0m██            
    ██[38;2;255;255;255m████[38;2;198;195;189m██[38;2;0;4;0m██          ██[38;2;255;255;255m██████████[38;2;0;4;0m██              
    ██[38;2;255;255;255m██████[38;2;0;4;0m██    ████[38;2;0;0;0m██[38;2;255;251;255m██[38;2;255;255;255m████████████[38;2;0;4;0m██            
      ██[38;2;255;255;255m██████[38;2;0;4;0m████[38;2;239;49;235m████[38;2;85;83;85m██[38;2;255;251;255m██[38;2;255;255;255m████████[38;2;0;4;0m████              
      ██[38;2;255;255;255m██████[38;2;67;62;56m██[38;2;145;109;144m████[38;2;67;62;56m██[38;2;255;255;255m████████[38;2;51;50;51m██[38;2;0;16;24m██                  
        [38;2;0;4;0m██[38;2;255;255;255m████[38;2;249;244;238m██[38;2;67;62;56m████[38;2;249;244;238m██[38;2;255;255;255m██████[38;2;66;65;66m██[38;2;238;57;247m██[38;2;156;46;164m██[38;2;0;4;0m██                
        ██[38;2;255;255;255m████████████████[38;2;78;73;67m████[38;2;155;44;181m██[38;2;201;196;190m██[38;2;198;195;189m██[38;2;0;4;0m██              
      ██[38;2;198;195;189m██[38;2;66;65;66m██[38;2;255;255;255m██████[38;2;66;65;66m██████[38;2;255;255;255m██████[38;2;247;255;255m████[38;2;198;195;189m████[38;2;0;4;0m██            
      ██[38;2;198;195;189m██[38;2;3;2;1m██[38;2;252;247;241m██[38;2;255;250;244m██[38;2;67;62;56m██[38;2;0;4;0m██[38;2;255;255;255m██[38;2;66;65;66m████[38;2;255;255;255m██████[38;2;200;195;189m██[38;2;198;195;189m██[38;2;0;4;0m██              
      ██[38;2;198;195;189m██[38;2;8;0;0m██[38;2;131;123;115m██[38;2;134;123;112m██[38;2;67;62;56m██[38;2;255;255;255m██[38;2;0;4;0m██[38;2;255;255;255m██[38;2;66;65;66m████[38;2;255;255;255m██████[38;2;198;195;189m████[38;2;0;4;0m██            
        ██[38;2;247;219;107m████[38;2;255;215;99m██[38;2;165;109;57m██[38;2;0;0;0m████[38;2;255;255;255m██[38;2;66;65;66m████[38;2;255;255;255m██████[38;2;247;251;247m██[38;2;0;0;0m██              
      [38;2;0;4;0m██[38;2;247;219;107m████[38;2;159;110;63m██[38;2;165;109;57m██[38;2;225;179;85m██[38;2;82;83;82m██[38;2;247;251;247m██[38;2;66;65;66m████[38;2;255;255;255m████[38;2;200;195;189m████[38;2;82;83;82m██[38;2;0;0;0m██              
        [38;2;0;4;0m██[38;2;66;65;66m██[38;2;214;186;123m████[38;2;75;70;64m██[38;2;128;123;117m██[38;2;57;60;57m██[38;2;66;65;66m██[38;2;255;255;255m████[38;2;66;65;66m██[38;2;195;190;184m██[38;2;76;48;82m██[38;2;0;4;0m██                
    ████[38;2;198;195;189m██[38;2;191;186;180m██[38;2;66;65;66m██[38;2;75;70;64m██[38;2;255;250;244m██[38;2;255;255;255m████████████[38;2;76;48;82m██[38;2;123;90;128m██[38;2;0;4;0m██                
  ██[38;2;162;44;189m██[38;2;163;43;186m██[38;2;66;65;66m██[38;2;200;195;189m██████[38;2;255;255;255m████████[38;2;200;195;189m██[38;2;66;65;66m████[38;2;161;43;189m████[38;2;239;49;235m██[38;2;0;4;0m██              
██[38;2;162;44;189m████[38;2;163;43;186m██[38;2;66;65;66m██[38;2;200;195;189m████████[38;2;255;255;255m████████[38;2;66;65;66m██[38;2;163;43;186m██[38;2;161;43;189m██[38;2;239;49;235m██████[38;2;0;4;0m██            
  ████[38;2;66;67;63m██[38;2;198;195;189m██████[38;2;200;195;189m██████[38;2;255;255;255m██[38;2;66;65;66m██[38;2;198;195;189m██[38;2;198;193;187m██[38;2;70;65;59m██[38;2;239;49;235m████[38;2;239;46;234m████[38;2;0;4;0m██            
      ██[38;2;198;195;189m██[38;2;66;65;66m██[38;2;198;195;189m██[38;2;200;195;189m████████[38;2;198;195;189m██[38;2;66;65;66m██[38;2;70;65;59m██[38;2;162;104;156m██[38;2;161;43;189m██[38;2;239;49;235m██[38;2;239;46;234m████[38;2;239;49;235m██[38;2;0;4;0m████        
        ██[38;2;66;67;63m██[38;2;198;195;189m██████[38;2;70;65;59m██[38;2;198;193;187m██[38;2;198;195;189m██[38;2;66;65;66m██[38;2;239;49;235m████[38;2;66;65;66m████[38;2;239;49;235m██████[38;2;66;65;66m██[38;2;255;255;255m██[38;2;0;4;0m████    
          ██[38;2;66;67;63m██[38;2;198;195;189m██[38;2;69;64;58m██[38;2;162;104;156m██[38;2;70;65;59m██[38;2;198;195;189m██[38;2;66;65;66m██[38;2;239;49;235m██[38;2;66;65;66m██[38;2;198;195;189m████[38;2;66;65;66m██[38;2;239;49;235m████[38;2;66;65;66m██[38;2;255;255;255m██████[38;2;0;4;0m██  
        ██[38;2;163;43;186m██[38;2;66;65;66m██[38;2;195;190;184m██[38;2;64;59;53m██[38;2;239;46;234m████[38;2;66;65;66m██[38;2;239;49;235m██[38;2;145;109;144m██[38;2;67;62;56m██[38;2;140;146;148m██[38;2;200;194;186m██[38;2;192;191;192m██[38;2;66;65;66m██[38;2;162;104;156m██[38;2;70;65;59m██[38;2;255;255;255m████████[38;2;0;4;0m██
        ██[38;2;163;43;186m████[38;2;64;59;53m██[38;2;164;43;189m██[38;2;239;46;234m████[38;2;239;49;235m████[38;2;67;62;56m██[38;2;255;243;231m██[38;2;200;194;186m████[38;2;255;255;255m██[38;2;66;65;66m██[38;2;70;65;59m██[38;2;198;193;187m██[38;2;200;195;189m██[38;2;255;255;255m████[38;2;200;195;189m██[38;2;0;4;0m██
      ██[38;2;162;44;189m██[38;2;164;43;189m██████[38;2;64;59;53m██[38;2;174;49;186m██[38;2;235;41;247m██[38;2;239;46;234m████[38;2;239;49;235m██[38;2;66;65;66m██[38;2;67;62;56m██[38;2;255;243;231m██[38;2;66;65;66m████[38;2;200;195;189m████████[38;2;198;195;189m████[38;2;0;4;0m██
      ██[38;2;162;44;189m██[38;2;164;43;189m████[38;2;64;59;53m██[38;2;222;178;173m██[38;2;66;56;66m██[38;2;174;49;186m██[38;2;239;46;234m████[38;2;239;49;235m████[38;2;145;109;144m██[38;2;67;62;56m██[38;2;163;43;186m██[38;2;66;65;66m██[38;2;200;195;189m████████[38;2;198;195;189m██[38;2;0;4;0m██  
        ██[38;2;162;44;189m████[38;2;161;56;181m██[38;2;58;53;47m██[38;2;162;44;189m████[38;2;164;43;189m████[38;2;239;49;235m████[38;2;233;41;239m██[38;2;175;49;181m██[38;2;66;67;63m██[38;2;198;195;189m████████[38;2;0;4;0m████    
          ████[38;2;0;12;8m████[38;2;0;4;0m██[38;2;162;44;189m██[38;2;164;43;189m████[38;2;66;65;66m████[38;2;66;60;66m████[38;2;66;67;63m██[38;2;0;4;0m████████        
                    ██████[38;2;247;219;107m████[38;2;164;135;71m██[38;2;247;203;107m██[38;2;0;4;0m██                
                          ████[38;2;0;0;0m████                  
[0m