                                                      [38;2;0;0;0m████                
                                                ██████[38;2;255;255;255m████[38;2;0;0;0m██              
                                              ██[38;2;255;255;255m██████████[38;2;0;0;0m██              
                                              ██[38;2;255;255;255m██████[38;2;168;169;158m██[38;2;255;255;255m████[38;2;0;0;0m██            
                                              ██[38;2;255;255;255m████████[38;2;168;169;158m██[38;2;255;255;255m██[38;2;0;0;0m██            
                                          ████[38;2;233;235;220m██[38;2;120;121;111m████[38;2;255;255;255m██████[38;2;168;169;158m██[38;2;0;0;0m██            
                      ██                ██[38;2;233;235;220m██████████[38;2;120;121;111m████[38;2;255;255;255m████[38;2;120;121;111m██[38;2;0;0;0m██          
                    ██[38;2;255;255;255m██[38;2;0;0;0m██            ██[38;2;233;235;220m████████████████[38;2;120;121;111m██[38;2;233;235;220m██[38;2;255;255;255m██[38;2;0;0;0m██          
                  ██[38;2;255;255;255m████[38;2;0;0;0m██            ██[38;2;233;235;220m██████████████████[38;2;168;169;158m██[38;2;233;235;220m██[38;2;0;0;0m██          
                ██[38;2;65;65;65m██[38;2;255;255;255m██[38;2;233;235;220m████[38;2;0;0;0m██            ██[38;2;233;235;220m████[38;2;120;121;111m████████[38;2;233;235;220m████████[38;2;0;0;0m██          
            ████[38;2;233;235;220m██████████[38;2;65;65;65m██[38;2;0;0;0m██            ██[38;2;168;169;158m██████████[38;2;120;121;111m████[38;2;233;235;220m██████[38;2;0;0;0m██        
          ██[38;2;255;255;255m██████[38;2;233;235;220m████████████[38;2;0;0;0m██          ██[38;2;168;169;158m████████████████[38;2;233;235;220m████[38;2;0;0;0m██        
        ██[38;2;255;255;255m██████████[38;2;233;235;220m████████████[38;2;0;0;0m██        ██[38;2;168;169;158m████[38;2;0;0;0m██████████[38;2;168;169;158m██[38;2;120;121;111m██[38;2;233;235;220m████[38;2;0;0;0m██      
        ██[38;2;233;235;220m██[38;2;255;255;255m██████[38;2;233;235;220m██████████████[38;2;0;0;0m██          ████          ██[38;2;168;169;158m██[38;2;233;235;220m██████[38;2;0;0;0m██    
      ██[38;2;233;235;220m██████████████████████████[38;2;0;0;0m██                        ██[38;2;233;235;220m██████[38;2;0;0;0m██    
      ██[38;2;233;235;220m████████████[38;2;55;56;49m██[38;2;65;65;65m██[38;2;233;235;220m██████████[38;2;0;0;0m██                        ██[38;2;233;235;220m████████[38;2;0;0;0m██  
      ██[38;2;233;235;220m██████████[38;2;55;56;49m██[38;2;255;255;255m██[38;2;0;0;0m██[38;2;65;65;65m██[38;2;233;235;220m██████████[38;2;0;0;0m██                    ██[38;2;233;235;220m██████████[38;2;0;0;0m██  
    ██[38;2;233;235;220m████████████[38;2;0;0;0m██████[38;2;65;65;65m██[38;2;233;235;220m██████████[38;2;120;121;111m██[38;2;0;0;0m██                ██[38;2;233;235;220m██████████████[38;2;0;0;0m██
  ██[38;2;233;235;220m████[38;2;65;65;65m████[38;2;233;235;220m██████[38;2;65;65;65m██[38;2;156;131;74m██[38;2;131;115;90m██[38;2;65;65;65m██[38;2;233;235;220m██████████[38;2;120;121;111m██[38;2;255;255;255m██[38;2;0;0;0m██        ██████[38;2;233;235;220m████████████████[38;2;0;0;0m██
  ██[38;2;233;235;220m██████████████████████████████████[38;2;255;255;255m████[38;2;0;0;0m████████[38;2;255;255;255m████[38;2;233;235;220m██████████████████[38;2;0;0;0m██
  ██[38;2;168;169;158m██[38;2;233;235;220m██████████████████████████████████[38;2;255;255;255m████████████████[38;2;233;235;220m████████████████[38;2;0;0;0m██
    ██[38;2;168;169;158m██[38;2;55;56;49m██████[38;2;233;235;220m██████████████████████████████[38;2;255;255;255m██████████[38;2;233;235;220m██████████████████[38;2;0;0;0m██
      ██[38;2;233;235;220m██[38;2;65;65;65m██[38;2;168;169;158m██[38;2;55;56;49m████[38;2;233;235;220m████████[38;2;55;56;49m██[38;2;233;235;220m██████████████████████████████████████████[38;2;0;0;0m██  
        ██[38;2;55;56;49m██[38;2;168;169;158m██████[38;2;55;56;49m████████[38;2;233;235;220m████████████████████████████████████████████[38;2;0;0;0m██  
          ██[38;2;65;65;65m██[38;2;168;169;158m████[38;2;55;56;49m██[38;2;255;255;255m██[38;2;65;65;65m██[38;2;233;235;220m████████████████████[38;2;55;56;49m██[38;2;233;235;220m██████████████████████[38;2;0;0;0m██    
          ██[38;2;233;235;220m██[38;2;65;65;65m██[38;2;168;169;158m████[38;2;65;65;65m██[38;2;168;169;158m██████[38;2;233;235;220m██████████████████[38;2;55;56;49m██[38;2;233;235;220m████████████████████[38;2;0;0;0m██    
        ██[38;2;233;235;220m██[38;2;120;121;111m██[38;2;65;65;65m██[38;2;168;169;158m██████████████[38;2;233;235;220m██[38;2;168;169;158m██[38;2;233;235;220m██[38;2;55;56;49m██[38;2;233;235;220m████[38;2;120;121;111m██[38;2;233;235;220m████[38;2;55;56;49m████[38;2;233;235;220m████████████[38;2;168;169;158m██[38;2;0;0;0m██      
      ██[38;2;233;235;220m██[38;2;120;121;111m██[38;2;168;169;158m████[38;2;65;65;65m██[38;2;168;169;158m██████████[38;2;233;235;220m██[38;2;168;169;158m██[38;2;233;235;220m██[38;2;168;169;158m████[38;2;55;56;49m██[38;2;233;235;220m████[38;2;120;121;111m██[38;2;233;235;220m████[38;2;120;121;111m██[38;2;55;56;49m████[38;2;233;235;220m████[38;2;168;169;158m████[38;2;0;0;0m██        
  ████[38;2;233;235;220m████[38;2;168;169;158m██████[38;2;0;0;0m██[38;2;65;65;65m██[38;2;168;169;158m██████████[38;2;233;235;220m██[38;2;168;169;158m██[38;2;233;235;220m██[38;2;168;169;158m████[38;2;55;56;49m██[38;2;233;235;220m████[38;2;120;121;111m██[38;2;233;235;220m████[38;2;120;121;111m██[38;2;255;255;255m██[38;2;55;56;49m██████[38;2;0;0;0m██          
██[38;2;233;235;220m██████[38;2;120;121;111m██[38;2;168;169;158m████[38;2;0;0;0m██  ██[38;2;168;169;158m████████████████████[38;2;55;56;49m██[38;2;233;235;220m████[38;2;168;169;158m████[38;2;233;235;220m████[38;2;168;169;158m██[38;2;255;255;255m████████[38;2;0;0;0m██        
██[38;2;233;235;220m████[38;2;120;121;111m██[38;2;0;0;0m██████      ██[38;2;168;169;158m████████████████████[38;2;55;56;49m██[38;2;233;235;220m████[38;2;120;121;111m██[38;2;233;235;220m████████[38;2;255;255;255m██████[38;2;0;0;0m██        
  ██████              ██[38;2;168;169;158m██████████████████[38;2;55;56;49m██[38;2;233;235;220m██████[38;2;120;121;111m████[38;2;233;235;220m████████[38;2;0;0;0m██          
                        ████[38;2;168;169;158m████████████████[38;2;55;56;49m██[38;2;233;235;220m████████[38;2;168;169;158m██████[38;2;233;235;220m██[38;2;0;0;0m██          
                            ██████[38;2;168;169;158m████████████[38;2;0;0;0m██[38;2;233;235;220m████████████████[38;2;0;0;0m██        
                                  ████████████  ████[38;2;233;235;220m██████████████[38;2;0;0;0m██      
                                                    ████[38;2;233;235;220m██████████[38;2;0;0;0m██      
                                                        ██████████        
[0m