            [38;2;0;0;0m████                                          
          ██[38;2;166;166;166m████[38;2;0;0;0m██      ██                                
          ██[38;2;110;110;110m██[38;2;166;166;166m██[38;2;0;0;0m██    ██[38;2;230;28;47m██[38;2;0;0;0m██                              
            ██[38;2;170;170;170m████[38;2;0;0;0m██  [38;2;8;0;0m██[38;2;226;35;54m██[38;2;63;56;60m██[38;2;8;0;0m██[38;2;0;0;0m████                        
              [38;2;0;0;16m██[38;2;56;56;56m██[38;2;162;95;112m██[38;2;0;0;0m██[38;2;103;20;29m██[38;2;226;35;54m██[38;2;63;56;60m██[38;2;210;143;159m██[38;2;206;139;155m████[38;2;0;0;0m████                    
              [38;2;4;0;4m██[38;2;205;138;154m██[38;2;206;139;155m██[38;2;75;52;58m██[38;2;230;28;47m████[38;2;74;65;66m██[38;2;95;95;95m██[38;2;103;103;103m██[38;2;190;123;139m██[38;2;206;139;155m████[38;2;0;0;0m██  ████            
      ████  ██[38;2;205;138;154m██[38;2;126;101;98m██[38;2;75;52;58m██[38;2;142;118;126m██[38;2;230;28;47m██[38;2;66;65;66m██[38;2;166;166;166m████[38;2;188;188;188m██[38;2;103;103;103m██[38;2;95;95;95m██[38;2;206;139;155m████[38;2;0;0;0m██[38;2;230;28;47m████[38;2;0;0;0m██          
      ██[38;2;230;28;47m██[38;2;13;0;4m██[38;2;212;145;161m██[38;2;95;95;95m██[38;2;166;166;166m██[38;2;103;20;29m██[38;2;226;35;54m████[38;2;103;20;29m██[38;2;0;0;0m████[38;2;101;101;101m██[38;2;166;166;166m████[38;2;93;93;93m██[38;2;66;65;66m██[38;2;230;28;47m████[38;2;0;0;0m██            
        ██[38;2;129;106;104m██[38;2;73;50;54m██[38;2;166;166;166m██[38;2;74;65;66m██[38;2;8;0;0m██[38;2;226;35;54m████[38;2;8;0;0m██    [38;2;0;0;16m██[38;2;54;54;54m██[38;2;66;65;66m████[38;2;230;28;47m████[38;2;0;0;0m████            
        ██[38;2;230;28;47m████[38;2;94;26;29m██[38;2;8;0;0m██  [38;2;0;0;0m██[38;2;231;36;45m██[38;2;16;4;8m██      [38;2;0;0;0m██[38;2;229;27;44m████████[38;2;66;65;66m██[38;2;163;96;113m██[38;2;0;0;0m██          
  ██████[38;2;142;142;142m██[38;2;66;65;66m██[38;2;230;28;47m██[38;2;216;45;55m██[38;2;8;0;0m██  [38;2;0;0;0m██[38;2;141;35;39m██[38;2;71;30;28m██[38;2;0;0;0m██  ██[38;2;169;34;50m██[38;2;169;32;48m██[38;2;229;27;44m██████[38;2;66;65;66m██[38;2;163;96;113m██[38;2;0;0;0m██          
██[38;2;170;170;170m██[38;2;66;65;66m██[38;2;142;142;142m██[38;2;66;65;66m██[38;2;74;60;66m██[38;2;198;83;98m██[38;2;230;28;47m████[38;2;4;4;4m██[38;2;236;36;53m██[38;2;230;28;47m████[38;2;163;26;39m██[38;2;4;4;4m██[38;2;169;34;50m████[38;2;151;49;53m████[38;2;228;49;97m██[38;2;70;69;69m██[38;2;66;65;66m████[38;2;167;100;116m██[38;2;4;0;4m██        
[38;2;0;0;0m██[38;2;138;138;138m██[38;2;66;65;66m██[38;2;142;142;142m██[38;2;66;65;66m██[38;2;143;76;92m██[38;2;74;60;66m██[38;2;155;40;50m██[38;2;71;59;59m██[38;2;163;26;39m████[38;2;66;65;66m██[38;2;230;28;47m██[38;2;236;36;53m██[38;2;163;26;39m██[38;2;169;34;50m██[38;2;0;0;0m██[38;2;8;0;0m██[38;2;89;35;39m██[38;2;70;69;69m██[38;2;111;76;105m██[38;2;170;170;170m██[38;2;138;138;138m██[38;2;74;58;57m██[38;2;4;0;4m██        
  [38;2;0;0;0m████[38;2;147;147;147m██[38;2;49;49;49m██[38;2;167;100;116m██[38;2;4;0;4m██[38;2;71;59;59m██[38;2;155;40;50m██[38;2;230;28;47m██████[38;2;71;59;59m██[38;2;234;23;41m██[38;2;159;39;53m██[38;2;0;0;0m██  ██[38;2;104;104;104m██[38;2;255;243;173m████[38;2;94;94;94m██[38;2;162;162;162m██[38;2;147;147;147m██[38;2;0;1;16m██        
      ██[38;2;147;147;147m██[38;2;74;58;57m██[38;2;4;0;4m██[38;2;230;28;47m████[38;2;66;65;66m██[38;2;230;28;47m████[38;2;155;40;50m██[38;2;70;64;70m██[38;2;159;39;53m██[38;2;66;65;66m██[38;2;0;0;0m██[38;2;104;104;104m██[38;2;255;239;165m██[38;2;231;65;57m██[38;2;255;243;173m██[38;2;255;255;239m██[38;2;94;94;94m██[38;2;147;147;147m██[38;2;49;49;49m██[38;2;0;0;0m██████  
      ██[38;2;66;65;66m██[38;2;142;142;142m██[38;2;82;51;49m██[38;2;230;28;47m████[38;2;232;24;38m██[38;2;66;65;66m██[38;2;169;34;50m████[38;2;66;65;66m██[38;2;169;34;50m██[38;2;0;0;0m████[38;2;94;94;94m██[38;2;214;209;183m██[38;2;231;65;57m██[38;2;255;255;255m██[38;2;255;255;247m██[38;2;94;94;94m██[38;2;66;65;66m██[38;2;201;134;150m██[38;2;90;90;90m██[38;2;152;152;152m██[38;2;179;179;179m██[38;2;4;0;4m██
        [38;2;0;0;0m██[38;2;82;51;49m██[38;2;89;89;89m██[38;2;66;65;66m██[38;2;230;28;47m██[38;2;154;41;49m██[38;2;66;65;66m██[38;2;169;34;50m████[38;2;66;65;66m██[38;2;169;34;50m████[38;2;0;0;0m██[38;2;94;94;94m██[38;2;255;255;247m██[38;2;231;65;57m██[38;2;255;255;255m██[38;2;214;209;183m██[38;2;94;94;94m██[38;2;66;65;66m██[38;2;170;103;119m██[38;2;0;0;0m██[38;2;152;152;152m██[38;2;119;119;119m██[38;2;4;0;4m██
    [38;2;0;0;0m██  ██[38;2;151;49;53m████[38;2;53;53;53m████[38;2;0;0;0m██[38;2;169;34;50m████[38;2;66;65;66m██[38;2;169;34;50m██[38;2;0;0;0m██[38;2;169;34;50m████[38;2;83;32;32m██[38;2;146;146;146m██[38;2;255;243;173m████[38;2;94;94;94m██[38;2;142;142;142m████[38;2;0;0;8m██  [38;2;0;0;0m████  
  ██[38;2;107;83;57m██[38;2;0;0;0m██  [38;2;8;0;0m██[38;2;89;35;39m██[38;2;151;151;151m██[38;2;6;0;24m██  [38;2;0;0;0m██[38;2;66;65;66m██[38;2;169;34;50m██[38;2;0;0;0m██  ██[38;2;169;34;50m██[38;2;96;96;96m██[38;2;83;32;32m██[38;2;93;93;93m████[38;2;142;142;142m████[38;2;65;65;65m██[38;2;0;0;8m██        
  [38;2;0;0;0m██[38;2;107;83;57m██[38;2;0;0;0m██  ██[38;2;162;95;112m██[38;2;66;60;82m██[38;2;157;157;157m██[38;2;6;0;24m██[38;2;53;53;53m██[38;2;169;34;50m████[38;2;0;0;0m██    ██[38;2;66;65;66m██[38;2;142;142;142m██[38;2;151;151;151m██[38;2;66;65;74m██[38;2;66;65;66m██[38;2;0;0;0m████[38;2;156;113;66m██[38;2;0;0;0m██      
  ██[38;2;107;83;57m████[38;2;0;0;0m██  ██[38;2;160;93;110m██[38;2;131;131;131m██[38;2;151;151;151m██[38;2;53;53;53m██[38;2;169;34;50m████[38;2;66;65;66m██[38;2;0;0;0m████[38;2;142;142;142m████[38;2;66;65;66m██[38;2;66;65;74m██[38;2;156;89;106m██[38;2;0;0;0m██  ██[38;2;156;113;66m██[38;2;0;0;0m██      
  ██[38;2;107;83;57m██[38;2;0;0;0m██      ████[38;2;167;100;116m██[38;2;74;58;63m██[38;2;229;27;44m██[38;2;169;32;48m██[38;2;82;51;49m██[38;2;142;142;142m██[38;2;157;157;157m██[38;2;66;60;82m██[38;2;66;65;66m██[38;2;163;96;113m██[38;2;162;95;112m██[38;2;0;0;0m██  ██[38;2;156;114;65m████[38;2;0;0;0m██      
  ██[38;2;107;83;57m████[38;2;0;0;0m██        [38;2;7;0;8m██[38;2;74;58;63m██[38;2;229;27;44m██[38;2;169;32;48m██[38;2;89;89;89m██[38;2;82;51;49m██[38;2;160;93;110m████[38;2;163;96;113m██[38;2;66;65;66m██[38;2;0;0;0m██  ██[38;2;156;113;66m██[38;2;156;114;65m██[38;2;107;81;57m██[38;2;0;0;0m██      
    ██[38;2;156;117;66m██[38;2;0;0;0m██          ██[38;2;229;27;44m██[38;2;169;32;48m██[38;2;151;49;53m██[38;2;89;35;39m██[38;2;0;0;0m████[38;2;49;49;49m██[38;2;147;147;147m██[38;2;0;0;0m██    ██[38;2;74;65;57m██[38;2;101;81;60m██[38;2;0;0;0m██      
    ██[38;2;104;78;44m██[38;2;156;117;66m██[38;2;0;0;0m██      ██[38;2;230;28;47m██[38;2;229;27;44m██[38;2;169;32;48m██[38;2;151;49;53m██[38;2;8;0;0m██    [38;2;0;1;16m██[38;2;147;147;147m██[38;2;142;142;142m██[38;2;0;0;0m██  ██[38;2;156;113;66m██[38;2;101;81;60m██[38;2;0;0;0m██      
      [38;2;8;0;0m██[38;2;159;24;40m██[38;2;230;28;47m██[38;2;0;0;0m████  [38;2;8;0;0m██[38;2;226;35;54m██[38;2;229;27;44m██[38;2;169;32;48m██[38;2;169;34;50m██[38;2;0;0;0m██      ██[38;2;142;142;142m██[38;2;66;65;66m██[38;2;0;0;0m██[38;2;156;117;66m██[38;2;107;83;57m████[38;2;0;0;0m██      
      [38;2;8;0;0m██[38;2;190;55;71m██[38;2;230;28;47m████[38;2;85;61;35m██[38;2;0;0;0m██[38;2;103;20;29m██[38;2;226;35;54m██[38;2;229;27;44m██[38;2;169;32;48m██[38;2;169;34;50m████[38;2;0;0;0m██████[38;2;230;28;47m██[38;2;66;65;66m████[38;2;156;117;66m██[38;2;104;78;44m██[38;2;107;83;57m██[38;2;0;0;0m██        
    ██[38;2;169;34;50m████[38;2;92;68;42m██[38;2;233;17;34m██[38;2;102;56;54m██[38;2;156;117;66m██[38;2;229;27;44m████[38;2;169;34;50m████████[38;2;161;84;60m██[38;2;156;117;66m██[38;2;230;28;47m████[38;2;229;27;44m████[38;2;66;65;66m██[38;2;107;82;57m██[38;2;107;83;57m██[38;2;0;0;0m██        
    ██[38;2;169;34;50m██[38;2;0;0;0m██[38;2;92;68;42m██[38;2;144;55;63m██[38;2;161;84;60m██[38;2;102;56;54m██[38;2;169;32;48m██[38;2;229;27;44m██[38;2;169;34;50m████████[38;2;196;16;20m██[38;2;156;117;66m██[38;2;230;28;47m██[38;2;156;117;66m██[38;2;229;27;44m██[38;2;169;32;48m██[38;2;66;65;66m██[38;2;107;82;57m██[38;2;0;0;0m██          
      ██  ██[38;2;169;34;50m██████[38;2;89;65;39m██[38;2;165;35;47m██[38;2;169;34;50m██████[38;2;85;61;35m██[38;2;169;32;48m████[38;2;169;34;50m██[38;2;85;61;35m██[38;2;98;56;34m██[38;2;164;78;60m██[38;2;173;38;54m██[38;2;8;0;0m██            
            [38;2;0;0;0m██[38;2;85;61;35m██[38;2;169;34;50m██[38;2;89;65;39m████[38;2;169;34;50m██████[38;2;85;61;35m██[38;2;102;78;52m██[38;2;169;32;48m██[38;2;169;34;50m██[38;2;85;61;35m██[38;2;98;56;34m██[38;2;16;0;0m██[38;2;89;35;40m██[38;2;173;38;54m██[38;2;0;0;0m██          
              ██[38;2;169;34;50m██[38;2;0;0;0m██[38;2;85;61;35m██[38;2;169;34;50m████[38;2;84;49;52m████[38;2;0;0;0m██[38;2;169;34;50m██████[38;2;0;0;0m██  ██[38;2;169;34;50m██[38;2;0;0;0m██          
                ██  ██[38;2;169;34;50m████[38;2;128;68;74m██[38;2;8;0;0m██  [38;2;0;0;0m██[38;2;169;34;50m██[38;2;0;0;0m██      ██            
                      ██[38;2;169;34;50m████[38;2;0;0;0m██  ██[38;2;169;34;50m██[38;2;0;0;0m██                    
                    ██[38;2;169;34;50m████[38;2;0;0;0m██      ██                      
                      ████                                
[0m