              [38;2;0;0;0m████            
          ████[38;2;65;65;65m██[38;2;255;246;164m██[38;2;0;0;0m████        
          ██[38;2;255;246;164m██[38;2;65;65;65m██[38;2;255;246;164m██[38;2;65;65;65m██[38;2;255;246;164m██[38;2;0;0;0m██      
            ██[38;2;255;246;164m██████[38;2;0;0;0m████      
            ████[38;2;255;246;164m██[38;2;0;0;0m██          
          ██[38;2;172;77;51m██████[38;2;145;50;24m██[38;2;0;0;0m██        
        ██[38;2;172;77;51m██████████[38;2;145;50;24m██[38;2;0;0;0m██      
        ██[38;2;145;50;24m██[38;2;172;77;51m██[38;2;0;0;0m██[38;2;172;77;51m██████[38;2;0;0;0m██      
      ██[38;2;53;145;228m██[38;2;168;213;255m██[38;2;145;50;24m██[38;2;0;0;0m██[38;2;172;77;51m██████[38;2;0;0;0m██      
      ██[38;2;65;65;65m██[38;2;50;98;172m████[38;2;145;50;24m██[38;2;172;77;51m██████[38;2;0;0;0m██      
    ██[38;2;65;65;65m██[38;2;172;77;51m██[38;2;65;65;65m████[38;2;172;77;51m██████[38;2;145;50;24m██[38;2;0;0;0m████    
  ██[38;2;131;131;131m██[38;2;65;65;65m██[38;2;145;50;24m██[38;2;172;77;51m██████[38;2;145;50;24m██████[38;2;65;65;65m██[38;2;131;131;131m██[38;2;0;0;0m██  
██[38;2;115;115;98m██[38;2;82;82;74m████[38;2;65;65;65m████[38;2;145;50;24m██████████[38;2;65;65;65m██[38;2;82;82;74m██[38;2;131;131;131m██[38;2;0;0;0m██
██[38;2;82;82;74m████[38;2;65;65;65m██[38;2;131;131;131m████[38;2;65;65;65m██[38;2;145;50;24m████[38;2;65;65;65m████[38;2;131;131;131m██[38;2;82;82;74m████[38;2;0;0;0m██
  ████[38;2;131;131;131m██████[38;2;65;65;65m██[38;2;131;131;131m████[38;2;82;82;74m██[38;2;115;115;98m██[38;2;131;131;131m████[38;2;0;0;0m██  
      ██[38;2;115;115;98m██[38;2;131;131;131m██[38;2;82;82;74m████[38;2;131;131;131m████[38;2;0;0;0m██[38;2;115;115;98m██[38;2;65;65;65m██[38;2;0;0;0m██  
        ████[38;2;82;82;74m████[38;2;0;0;0m████  ████    
            ████              
[0m