          [38;2;0;0;0m████                  
        ██[38;2;132;227;247m██[38;2;94;198;249m██[38;2;0;0;0m██  ██████        
    ████[38;2;94;198;249m████████[38;2;0;0;0m██[38;2;36;146;211m██[38;2;132;227;247m██[38;2;94;198;249m██[38;2;0;0;0m██      
  ██[38;2;94;198;249m██[38;2;65;65;65m██[38;2;94;198;249m██[38;2;0;0;0m██[38;2;94;198;249m██████████████[38;2;0;0;0m██    
  ██[38;2;94;198;249m██████████████[38;2;0;0;0m██[38;2;94;198;249m██████[38;2;0;0;0m██    
  ██[38;2;94;198;249m████[38;2;65;65;65m████[38;2;94;198;249m████████████████[38;2;0;0;0m██  
██[38;2;36;146;211m██[38;2;94;198;249m████████[38;2;65;65;65m██████████[38;2;94;198;249m██████[38;2;0;0;0m██  
██[38;2;36;146;211m████[38;2;94;198;249m██[38;2;36;146;211m██[38;2;94;198;249m████████████████[38;2;36;146;211m████[38;2;0;0;0m██
██[38;2;65;65;65m██[38;2;36;146;211m████████[38;2;94;198;249m██████[38;2;36;146;211m████[38;2;94;198;249m██[38;2;36;146;211m██████[38;2;0;0;0m██
  ████[38;2;65;65;65m██[38;2;36;146;211m██████████████████████[38;2;0;0;0m██
      ████[38;2;65;65;65m██[38;2;36;146;211m████████[38;2;65;65;65m██[38;2;36;146;211m██[38;2;65;65;65m██[38;2;0;0;0m████  
          ██[38;2;65;65;65m██[38;2;36;146;211m████[38;2;65;65;65m██[38;2;0;0;0m██████      
            ████████            
[0m