                          [38;2;0;0;0m██                                                    
                        ██[38;2;74;90;106m██[38;2;0;0;0m██    ██                              ██████        
                      ██[38;2;74;90;106m████[38;2;0;0;0m██  ██[38;2;139;139;131m██[38;2;0;0;0m██        ████          ██████[38;2;156;106;57m██[38;2;252;246;125m██[38;2;156;106;57m██[38;2;0;0;0m██      
                      ██[38;2;74;90;106m██[38;2;0;0;0m██    ██[38;2;139;139;131m██[38;2;0;0;0m██      ██[38;2;139;139;131m██[38;2;0;0;0m██    ██  ██[38;2;252;246;125m████[38;2;156;106;57m██[38;2;252;246;125m██████[38;2;0;0;0m██      
                    ██[38;2;74;90;106m████[38;2;0;0;0m██    ██[38;2;139;139;131m██[38;2;0;0;0m██    ██[38;2;139;139;131m██[38;2;0;0;0m██    ██[38;2;139;139;131m██[38;2;0;0;0m██[38;2;255;164;148m██[38;2;252;246;125m██[38;2;156;106;57m██[38;2;255;131;98m████[38;2;252;246;125m████[38;2;156;106;57m██[38;2;0;0;0m████  
                    ██[38;2;74;90;106m██[38;2;0;0;0m██    ██[38;2;139;139;131m████[38;2;0;0;0m██  ██[38;2;139;139;131m████[38;2;0;0;0m██    ██[38;2;139;139;131m██[38;2;65;65;65m██[38;2;255;131;98m████[38;2;65;65;65m████[38;2;255;131;98m████[38;2;156;106;57m██[38;2;252;246;125m████[38;2;156;106;57m██[38;2;0;0;0m██
                    ██[38;2;74;90;106m██[38;2;65;65;65m██[38;2;0;0;0m██████[38;2;139;139;131m████[38;2;65;65;65m██[38;2;0;0;0m██[38;2;139;139;131m████[38;2;0;0;0m██    ██[38;2;139;139;131m████[38;2;65;65;65m██[38;2;255;131;98m██[38;2;65;65;65m██[38;2;139;139;131m██[38;2;65;65;65m██[38;2;255;131;98m████[38;2;156;106;57m██[38;2;255;131;98m██[38;2;255;164;148m██[38;2;252;246;125m██[38;2;0;0;0m██
                  ██[38;2;74;90;106m██[38;2;65;65;65m██[38;2;171;202;24m██████[38;2;65;65;65m██[38;2;139;139;131m████[38;2;65;65;65m██[38;2;139;139;131m████[38;2;0;0;0m██      ██[38;2;139;139;131m████[38;2;65;65;65m████[38;2;139;139;131m██[38;2;65;65;65m██[38;2;255;131;98m████[38;2;156;106;57m██[38;2;255;131;98m████████[38;2;0;0;0m██
                  ██[38;2;65;65;65m██[38;2;171;202;24m████████[38;2;65;65;65m██[38;2;139;139;131m██[38;2;65;65;65m██[38;2;139;139;131m████[38;2;65;65;65m██[38;2;0;0;0m██      ██[38;2;139;139;131m██[38;2;65;65;65m████[38;2;139;139;131m████[38;2;65;65;65m██[38;2;255;131;98m████[38;2;156;106;57m██[38;2;255;131;98m██████[38;2;0;0;0m██  
                ██[38;2;171;202;24m██████████[38;2;65;65;65m██[38;2;171;202;24m██[38;2;139;139;131m██[38;2;65;65;65m██[38;2;139;139;131m██[38;2;65;65;65m██[38;2;171;202;24m████[38;2;0;0;0m██  ██[38;2;139;139;131m████[38;2;65;65;65m██[38;2;139;139;131m████[38;2;65;65;65m██[38;2;255;131;98m████[38;2;156;106;57m██[38;2;255;131;98m████████[38;2;0;0;0m██  
                ██[38;2;171;202;24m████[38;2;107;131;1m████[38;2;65;65;65m██[38;2;171;202;24m████[38;2;65;65;65m██[38;2;139;139;131m██[38;2;65;65;65m██[38;2;171;202;24m██████[38;2;0;0;0m██  ██[38;2;139;139;131m██[38;2;65;65;65m██[38;2;139;139;131m████[38;2;65;65;65m████[38;2;255;131;98m██[38;2;156;106;57m██[38;2;255;131;98m████████[38;2;0;0;0m██    
                ██[38;2;107;131;1m██[38;2;0;0;0m██[38;2;255;255;255m████[38;2;65;65;65m██[38;2;171;202;24m██████[38;2;65;65;65m██[38;2;171;202;24m██████████[38;2;0;0;0m██[38;2;65;65;65m██[38;2;139;139;131m██[38;2;65;65;65m██[38;2;139;139;131m██[38;2;65;65;65m████[38;2;203;229;59m██[38;2;107;131;1m████[38;2;255;131;98m██████[38;2;0;0;0m██      
                ██[38;2;219;201;100m██[38;2;0;0;0m██[38;2;255;255;255m██[38;2;65;65;65m██[38;2;107;131;1m██[38;2;171;202;24m████████████████[38;2;65;65;65m██[38;2;171;202;24m██[38;2;65;65;65m████[38;2;139;139;131m██[38;2;65;65;65m████[38;2;171;202;24m██[38;2;65;65;65m██[38;2;203;229;59m████[38;2;107;131;1m██[38;2;255;131;98m██[38;2;0;0;0m██        
            ████[38;2;219;201;100m████[38;2;107;131;1m██[38;2;171;202;24m██[38;2;65;65;65m██[38;2;255;255;255m██[38;2;107;131;1m██[38;2;171;202;24m██████████[38;2;107;131;1m██[38;2;65;65;65m██[38;2;171;202;24m████[38;2;65;65;65m██████[38;2;171;202;24m████████[38;2;65;65;65m██[38;2;203;229;59m████[38;2;0;0;0m██          
        ████[38;2;219;201;100m██████[38;2;150;134;68m██[38;2;0;0;0m██[38;2;171;202;24m██[38;2;65;65;65m██[38;2;255;255;255m██[38;2;107;131;1m████[38;2;171;202;24m██[38;2;0;0;0m██[38;2;107;131;1m██[38;2;255;255;255m████[38;2;65;65;65m██[38;2;171;202;24m██████[38;2;65;65;65m██[38;2;171;202;24m██████████[38;2;65;65;65m██[38;2;203;229;59m████[38;2;171;202;24m██[38;2;0;0;0m██        
    ████[38;2;219;201;100m██████[38;2;150;134;68m██[38;2;0;0;0m████  ████[38;2;65;65;65m██[38;2;107;131;1m██[38;2;252;246;125m██[38;2;107;131;1m██[38;2;0;0;0m██[38;2;255;255;255m████[38;2;65;65;65m██[38;2;171;202;24m██[38;2;107;131;1m██[38;2;171;202;24m██████████████████[38;2;65;65;65m██[38;2;171;202;24m████[38;2;0;0;0m██        
  ██[38;2;219;201;100m██████[38;2;0;0;0m██████          ██[38;2;252;246;125m██████[38;2;107;131;1m██[38;2;171;202;24m██████[38;2;65;65;65m██[38;2;255;255;255m██[38;2;0;0;0m██[38;2;171;202;24m██[38;2;107;131;1m██[38;2;171;202;24m████[38;2;107;131;1m████[38;2;171;202;24m██[38;2;65;65;65m██[38;2;171;202;24m██████[38;2;0;0;0m██        
██[38;2;219;201;100m████[38;2;0;0;0m████              ██[38;2;252;246;125m██████████[38;2;107;131;1m██[38;2;171;202;24m██[38;2;65;65;65m████[38;2;255;255;255m██[38;2;0;0;0m██[38;2;107;131;1m████[38;2;0;0;0m██[38;2;107;131;1m██[38;2;255;255;255m████[38;2;171;202;24m████[38;2;65;65;65m██[38;2;171;202;24m████[38;2;0;0;0m██        
  ████                ██[38;2;252;246;125m██████[38;2;150;134;68m██[38;2;0;0;0m████[38;2;65;65;65m██████████[38;2;252;246;125m████[38;2;107;131;1m██[38;2;0;0;0m██[38;2;255;255;255m████[38;2;171;202;24m████[38;2;65;65;65m██[38;2;171;202;24m████[38;2;0;0;0m██          
                    ██[38;2;252;246;125m██████[38;2;150;134;68m██[38;2;0;0;0m██    ██[38;2;65;65;65m████████[38;2;252;246;125m██████[38;2;107;131;1m██[38;2;171;202;24m██████[38;2;65;65;65m██[38;2;107;131;1m████[38;2;171;202;24m██[38;2;0;0;0m██          
                  ██[38;2;252;246;125m██████[38;2;0;0;0m████        ████[38;2;65;65;65m██[38;2;252;246;125m██████[38;2;150;134;68m██[38;2;219;201;100m██[38;2;65;65;65m██████[38;2;107;131;1m████[38;2;65;65;65m██[38;2;0;0;0m██            
                ██[38;2;252;246;125m████[38;2;0;0;0m████                ██[38;2;252;246;125m████[38;2;150;134;68m██[38;2;65;65;65m████████████████[38;2;0;0;0m██            
                ██[38;2;252;246;125m██[38;2;0;0;0m██                  ██[38;2;252;246;125m████[38;2;65;65;65m████████[38;2;0;0;0m████[38;2;65;65;65m██████[38;2;0;0;0m██              
                  ██                    ██[38;2;252;246;125m████[38;2;65;65;65m████[38;2;219;201;100m██[38;2;0;0;0m██    ████[38;2;65;65;65m██[38;2;0;0;0m██              
                                      ██[38;2;252;246;125m████[38;2;65;65;65m████[38;2;219;201;100m████[38;2;0;0;0m██        ██[38;2;219;201;100m██[38;2;0;0;0m██            
                                      ██[38;2;252;246;125m██[38;2;65;65;65m██[38;2;219;201;100m████[38;2;150;144;23m██[38;2;219;201;100m████[38;2;0;0;0m██  ████[38;2;219;201;100m████[38;2;0;0;0m██            
                                      ██[38;2;65;65;65m██[38;2;219;201;100m██[38;2;150;144;23m████[38;2;219;201;100m████[38;2;65;65;65m████[38;2;0;0;0m██[38;2;252;246;125m██████[38;2;0;0;0m██              
                                    ██[38;2;238;238;238m██[38;2;219;201;100m██[38;2;150;144;23m██[38;2;219;201;100m██████[38;2;65;65;65m██[38;2;219;201;100m██[38;2;150;144;23m██[38;2;252;246;125m████[38;2;150;144;23m██[38;2;252;246;125m██[38;2;0;0;0m██              
                                      ████[38;2;238;238;238m██[38;2;219;201;100m██[38;2;0;0;0m████[38;2;255;255;255m██[38;2;150;144;23m██[38;2;252;246;125m████[38;2;150;144;23m██[38;2;252;246;125m████[38;2;0;0;0m██              
                                          ████    ██[38;2;150;144;23m██[38;2;252;246;125m██[38;2;0;0;0m██[38;2;150;144;23m██[38;2;252;246;125m██[38;2;0;0;0m██                
                                                  ██[38;2;255;255;255m██[38;2;0;0;0m██  ██[38;2;255;255;255m██[38;2;0;0;0m██                
                                                    ██      ██                  
[0m