                        [38;2;0;4;0m██████                    
                    ████[38;2;74;85;148m██[38;2;76;88;142m████[38;2;0;4;0m████                
                ████[38;2;184;186;239m████[38;2;82;85;148m██[38;2;74;85;148m████[38;2;144;153;230m████[38;2;0;4;0m████            
            ████[38;2;184;186;239m██████[38;2;162;164;189m██[38;2;184;186;239m██████[38;2;125;132;174m██[38;2;144;153;230m██████[38;2;0;4;0m████        
          [38;2;3;3;7m██[38;2;164;169;234m██[38;2;184;186;239m██████[38;2;162;164;189m██[38;2;181;182;238m████████[38;2;184;186;239m██[38;2;127;133;175m██[38;2;144;153;230m████████[38;2;0;4;0m██      
        ██[38;2;164;169;234m██[38;2;111;114;158m██[38;2;184;186;239m██[38;2;74;85;148m██[38;2;82;85;148m██[38;2;184;186;239m██[38;2;181;182;238m████████[38;2;184;186;239m████[38;2;74;85;148m████[38;2;144;153;230m██[38;2;92;92;133m██[38;2;95;95;136m██[38;2;0;4;0m██    
        ██[38;2;143;152;230m████[38;2;77;87;145m████████[38;2;125;132;174m████████[38;2;128;127;180m██[38;2;74;85;140m██[38;2;77;87;145m████[38;2;78;87;144m██[38;2;95;95;136m██[38;2;93;94;135m██[38;2;0;4;0m██    
      ██[38;2;144;153;230m██[38;2;143;152;230m████[38;2;77;87;145m████████[38;2;144;153;230m████████[38;2;138;144;230m██[38;2;74;85;140m██[38;2;77;87;145m████[38;2;78;87;144m██[38;2;95;95;136m██[38;2;93;94;135m████[38;2;0;4;0m██  
      ██[38;2;144;153;230m████[38;2;125;132;174m██[38;2;144;153;230m██[38;2;74;85;148m██[38;2;74;85;140m██[38;2;140;153;229m██[38;2;143;152;230m████████████[38;2;74;85;140m████[38;2;84;82;97m██[38;2;101;104;135m██[38;2;92;92;133m████[38;2;0;4;0m██  
    ██[38;2;144;153;230m████[38;2;125;132;174m██[38;2;144;153;230m██████[38;2;140;153;229m██[38;2;129;134;179m██[38;2;143;152;230m████████████[38;2;111;114;141m██[38;2;112;118;171m██[38;2;122;129;174m██[38;2;84;82;97m██[38;2;92;92;133m████[38;2;0;4;0m██  
    ██[38;2;73;86;142m██[38;2;127;133;175m██[38;2;143;152;230m████████████[38;2;125;132;174m██[38;2;144;153;230m██[38;2;143;152;230m████[38;2;144;153;230m██[38;2;92;92;133m██[38;2;125;132;174m████████[38;2;83;79;99m██[38;2;97;99;134m██[38;2;104;103;109m██[38;2;0;4;0m██
  ██[38;2;95;95;136m██[38;2;73;86;142m████[38;2;143;152;230m████████████[38;2;125;132;174m██[38;2;144;153;230m██[38;2;143;152;230m████[38;2;144;153;230m██[38;2;92;92;133m██[38;2;125;132;174m████████[38;2;118;124;173m██[38;2;97;99;134m██[38;2;104;103;109m██[38;2;0;4;0m██
  ██[38;2;95;95;136m██[38;2;66;65;66m████[38;2;107;56;57m████[38;2;144;153;230m██████████[38;2;125;132;174m██[38;2;140;153;229m████[38;2;114;117;142m██[38;2;118;124;173m██[38;2;125;132;174m████[38;2;127;133;175m████[38;2;112;118;171m██[38;2;74;85;140m██[38;2;74;85;148m██[38;2;0;4;0m██
    ██[38;2;66;65;66m██[38;2;192;145;66m██[38;2;107;56;57m██[38;2;115;207;255m██[38;2;66;65;66m████████[38;2;144;153;230m████[38;2;129;134;179m██[38;2;74;85;140m██[38;2;74;85;132m██[38;2;118;124;173m██[38;2;125;132;174m████[38;2;92;92;133m████[38;2;111;114;141m██[38;2;74;85;140m██[38;2;0;4;0m██  
  [38;2;16;12;0m██[38;2;49;56;77m██[38;2;66;81;107m██[38;2;255;166;82m██[38;2;189;60;41m██[38;2;148;227;247m██[38;2;165;223;255m████[38;2;132;40;57m██[38;2;115;207;255m██[38;2;57;69;74m████[38;2;74;52;66m████[38;2;78;87;144m████[38;2;92;92;133m████[38;2;91;91;133m████[38;2;69;68;91m██[38;2;100;101;137m██[38;2;0;4;0m██  
██[38;2;115;146;231m████[38;2;66;81;107m████[38;2;175;115;109m██[38;2;189;60;41m██[38;2;165;223;255m██[38;2;132;40;57m████[38;2;115;207;255m██[38;2;222;255;255m██[38;2;167;193;194m██[38;2;115;79;63m██[38;2;198;134;57m██[38;2;66;65;66m██[38;2;78;87;144m██[38;2;92;92;133m████[38;2;86;84;98m████[38;2;100;101;137m██[38;2;0;8;8m██    
  [38;2;0;4;0m██[38;2;115;146;231m██[38;2;107;146;239m████[38;2;66;73;90m██[38;2;255;166;82m██[38;2;181;44;41m████[38;2;132;32;49m████[38;2;115;207;255m██[38;2;173;40;49m██[38;2;107;56;57m████[38;2;77;76;87m████[38;2;91;91;133m██[38;2;86;84;98m██[38;2;92;91;132m████[38;2;0;4;0m██      
██[38;2;115;146;231m████[38;2;90;119;184m██[38;2;57;65;74m██[38;2;66;73;90m████[38;2;219;130;68m██[38;2;239;174;82m██[38;2;255;158;82m██[38;2;173;74;60m██[38;2;173;40;49m████[38;2;107;56;57m██[38;2;115;146;231m████[38;2;77;76;87m██[38;2;86;84;98m██[38;2;91;91;133m██[38;2;66;65;66m████[38;2;74;85;148m██[38;2;0;4;0m██    
  ████████[38;2;76;88;142m████[38;2;82;93;140m██[38;2;45;52;70m██[38;2;189;146;66m██████[38;2;68;72;93m██[38;2;115;146;231m████[38;2;66;60;66m██[38;2;86;99;148m██[38;2;66;64;66m██[38;2;0;4;0m██[38;2;76;88;142m████[38;2;74;85;148m██[38;2;0;4;0m██    
          ████[38;2;9;4;10m██  [38;2;0;4;0m████[38;2;68;72;93m████[38;2;66;65;66m██[38;2;115;146;231m██[38;2;107;138;231m██[38;2;66;60;66m██[38;2;0;4;0m██  ██████      
                      ██[38;2;74;85;148m██[38;2;82;89;132m██[38;2;54;60;88m██[38;2;0;4;0m████                
                        ██████                    
[0m