            [38;2;0;0;0m██████                                            
          ██[38;2;111;69;132m██████[38;2;0;0;0m██                                          
          ██[38;2;111;69;132m██[38;2;0;0;0m████████                      ████              
        ██[38;2;111;69;132m██[38;2;0;0;0m██  ██[38;2;131;117;54m████[38;2;0;0;0m██      ████      ████[38;2;137;95;158m████[38;2;0;0;0m██            
        ██[38;2;111;69;132m██[38;2;0;0;0m██  ██[38;2;131;117;54m██[38;2;65;65;65m██[38;2;131;117;54m██[38;2;0;0;0m██████[38;2;182;184;177m████[38;2;0;0;0m██████[38;2;135;135;127m██[38;2;182;184;177m██[38;2;0;0;0m████[38;2;137;95;158m██[38;2;0;0;0m██          
      ██[38;2;111;69;132m██[38;2;0;0;0m██      ██[38;2;240;240;106m██[38;2;65;65;65m████[38;2;131;117;54m██[38;2;0;0;0m██[38;2;182;184;177m██████[38;2;65;65;65m██[38;2;135;135;127m██[38;2;182;184;177m██[38;2;135;135;127m██[38;2;0;0;0m██  ██[38;2;137;95;158m██[38;2;0;0;0m██        
      ██[38;2;111;69;132m██[38;2;0;0;0m██      ██[38;2;65;65;65m████[38;2;160;80;87m██[38;2;65;65;65m██[38;2;0;0;0m██[38;2;161;150;97m██[38;2;182;184;177m██[38;2;161;150;97m████[38;2;182;184;177m██[38;2;135;135;127m██[38;2;0;0;0m██      ██[38;2;137;95;158m██[38;2;0;0;0m██      
    ██[38;2;111;69;132m██[38;2;0;0;0m██        ██[38;2;160;80;87m██[38;2;65;65;65m████[38;2;0;0;0m██[38;2;158;66;74m██[38;2;197;80;91m██[38;2;161;150;97m██[38;2;243;232;109m██[38;2;232;214;64m██[38;2;161;150;97m██[38;2;0;0;0m██        ██[38;2;137;95;158m████[38;2;0;0;0m██    
  ██[38;2;111;69;132m████[38;2;0;0;0m██      ██[38;2;131;117;54m██[38;2;65;65;65m██[38;2;131;117;54m████[38;2;0;0;0m██[38;2;197;80;91m██[38;2;158;66;74m██[38;2;131;117;54m██[38;2;232;214;64m██[38;2;243;232;109m██[38;2;131;117;54m██[38;2;0;0;0m██          ██[38;2;137;95;158m████[38;2;0;0;0m██  
██[38;2;111;69;132m████[38;2;0;0;0m██        ██[38;2;131;117;54m██[38;2;0;0;0m██[38;2;131;117;54m████[38;2;0;0;0m██[38;2;131;117;54m████[38;2;161;150;97m██[38;2;131;117;54m████[38;2;161;150;97m██[38;2;135;135;127m██[38;2;0;0;0m██        ██[38;2;137;95;158m████[38;2;0;0;0m██  
██[38;2;111;69;132m████[38;2;0;0;0m██        ████  ████[38;2;197;80;91m██[38;2;161;150;97m████[38;2;158;66;74m██[38;2;197;80;91m██[38;2;161;150;97m██[38;2;182;184;177m████[38;2;0;0;0m██          ██[38;2;137;95;158m████[38;2;0;0;0m██
██[38;2;111;69;132m██████[38;2;0;0;0m██            ██[38;2;200;188;125m██[38;2;65;65;65m██[38;2;197;80;91m██[38;2;131;117;54m██[38;2;197;80;91m██[38;2;158;66;74m██[38;2;131;117;54m██[38;2;182;184;177m████[38;2;0;0;0m██          ██[38;2;137;95;158m████[38;2;0;0;0m██
  ██[38;2;111;69;132m████[38;2;0;0;0m██          ██[38;2;200;188;125m██[38;2;131;117;54m██[38;2;200;188;125m██[38;2;161;150;97m██[38;2;0;0;0m██████████[38;2;182;184;177m██[38;2;0;0;0m██          ██[38;2;137;95;158m████[38;2;0;0;0m██
  ██[38;2;111;69;132m██████[38;2;0;0;0m██      ██[38;2;200;188;125m██████[38;2;161;150;97m██[38;2;0;0;0m██[38;2;131;117;54m██[38;2;161;150;97m██[38;2;0;0;0m██  ██[38;2;182;184;177m██[38;2;0;0;0m██        ██[38;2;137;95;158m██████[38;2;0;0;0m██
    ██[38;2;111;69;132m██████[38;2;0;0;0m██  ██[38;2;200;188;125m██[38;2;161;150;97m██[38;2;200;188;125m██[38;2;161;150;97m██[38;2;0;0;0m████[38;2;161;150;97m██[38;2;131;117;54m██[38;2;161;150;97m██[38;2;0;0;0m██  ██          ██[38;2;137;95;158m██████[38;2;0;0;0m██
    ██[38;2;111;69;132m██[38;2;204;204;17m██[38;2;111;69;132m████[38;2;0;0;0m██[38;2;200;188;125m██[38;2;161;150;97m██[38;2;200;188;125m██[38;2;161;150;97m██[38;2;0;0;0m██[38;2;131;117;54m████[38;2;0;0;0m██[38;2;161;150;97m██[38;2;131;117;54m██[38;2;161;150;97m██[38;2;0;0;0m██          ██[38;2;240;240;106m██[38;2;137;95;158m██[38;2;240;240;106m██[38;2;0;0;0m██  
      ██[38;2;111;69;132m██[38;2;204;204;17m████[38;2;0;0;0m██[38;2;200;188;125m████[38;2;161;150;97m██[38;2;0;0;0m██  ██[38;2;131;117;54m██[38;2;0;0;0m████[38;2;161;150;97m██[38;2;131;117;54m██[38;2;161;150;97m██[38;2;0;0;0m██        ██[38;2;137;95;158m██[38;2;240;240;106m████[38;2;0;0;0m██  
      ██[38;2;204;204;17m██████[38;2;0;0;0m████████    ██[38;2;131;117;54m████[38;2;0;0;0m████[38;2;161;150;97m████[38;2;0;0;0m██      ██[38;2;240;240;106m████████[38;2;0;0;0m██  
      ██[38;2;204;204;17m██████████[38;2;0;0;0m██        ██[38;2;131;117;54m██[38;2;0;0;0m██  ██████      ██[38;2;240;240;106m████████[38;2;0;0;0m██  
        ██[38;2;204;204;17m████[38;2;0;0;0m████            ██              ██[38;2;240;240;106m██[38;2;137;95;158m██[38;2;240;240;106m██[38;2;137;95;158m██[38;2;240;240;106m██[38;2;0;0;0m██  
          ████                              ██[38;2;240;240;106m██[38;2;65;65;65m██[38;2;240;240;106m██[38;2;65;65;65m██[38;2;240;240;106m██[38;2;0;0;0m██    
                                              ████[38;2;240;240;106m██[38;2;65;65;65m██[38;2;240;240;106m██[38;2;0;0;0m██    
                                                  ██████      
[0m