                                [38;2;0;0;0m██                ██                                                    
                    ██        ██[38;2;192;67;124m██[38;2;0;0;0m██            ██[38;2;228;148;174m██[38;2;0;0;0m██                                                  
                  ██[38;2;244;164;190m██[38;2;0;0;0m██    [38;2;0;8;0m██[38;2;190;75;128m██[38;2;57;75;78m██[38;2;8;0;0m██  [38;2;0;0;0m██████████[38;2;228;148;174m████[38;2;0;0;0m██                                ████      ████    
                ██[38;2;244;164;190m██████[38;2;0;0;0m████[38;2;190;75;128m██[38;2;86;39;59m██[38;2;107;150;156m██[38;2;57;75;78m██[38;2;0;0;0m██[38;2;244;164;190m██████████████[38;2;66;65;66m██[38;2;0;0;0m████      ██                  ██[38;2;255;255;255m██[38;2;0;0;0m██      ██[38;2;255;255;255m██[38;2;0;0;0m██  
            ██  ██[38;2;240;160;186m██[38;2;244;164;190m████[38;2;66;65;66m██[38;2;197;66;127m██[38;2;66;65;66m██[38;2;93;157;164m██[38;2;56;70;64m██[38;2;242;162;188m██████[38;2;244;164;190m████[38;2;242;162;188m████[38;2;255;184;207m██[38;2;53;63;78m██[38;2;93;157;164m██[38;2;66;65;66m██[38;2;244;164;190m██[38;2;0;0;0m██  ██[38;2;200;65;128m██[38;2;0;0;0m██              ██[38;2;255;255;255m██[38;2;0;0;0m██          ██[38;2;255;255;255m██[38;2;0;0;0m██
          ██[38;2;192;67;124m██[38;2;0;0;0m██[38;2;132;67;102m██[38;2;240;160;186m██[38;2;244;164;190m██[38;2;66;65;66m██[38;2;197;66;127m████[38;2;66;65;66m██[38;2;93;157;164m██[38;2;56;70;64m██[38;2;124;98;110m██[38;2;242;162;188m████[38;2;244;164;190m██[38;2;101;110;101m██[38;2;242;162;188m████[38;2;53;63;78m██[38;2;123;119;148m██[38;2;93;157;164m██[38;2;66;65;66m██[38;2;244;164;190m████[38;2;0;0;0m██[38;2;192;67;124m██[38;2;200;65;128m██[38;2;0;0;0m██              ██[38;2;255;255;255m██[38;2;0;0;0m██  ████████[38;2;255;255;255m████[38;2;0;0;0m██
          ██[38;2;200;65;128m████[38;2;150;47;105m██[38;2;239;159;185m██[38;2;244;164;190m██[38;2;66;65;66m██[38;2;197;66;127m██[38;2;66;65;66m██[38;2;255;255;255m██[38;2;66;65;66m██[38;2;244;164;190m██[38;2;101;110;101m██[38;2;242;162;188m████[38;2;101;110;101m██[38;2;244;164;190m██[38;2;128;97;117m██[38;2;244;164;190m██[38;2;66;65;66m██[38;2;93;157;164m██[38;2;120;133;134m██[38;2;53;63;78m██[38;2;244;164;190m████[38;2;66;65;66m██[38;2;197;66;127m██[38;2;196;69;127m████[38;2;0;0;0m██  ████      ██[38;2;255;255;255m████[38;2;0;0;0m██[38;2;197;102;190m██[38;2;96;156;164m████[38;2;173;104;136m██[38;2;255;249;252m██[38;2;255;255;255m██[38;2;0;0;0m██
            ██[38;2;200;65;128m██[38;2;190;78;142m██[38;2;150;47;105m██[38;2;244;164;190m██[38;2;66;65;66m██[38;2;197;66;127m██[38;2;66;65;66m██[38;2;255;255;255m██[38;2;66;65;66m██[38;2;244;164;190m████[38;2;242;162;188m████[38;2;101;110;101m██[38;2;244;164;190m████[38;2;56;70;64m██[38;2;93;157;164m████[38;2;252;254;255m██[38;2;53;63;78m██[38;2;244;164;190m██[38;2;66;65;66m██[38;2;197;66;127m████[38;2;196;69;127m████[38;2;66;65;66m██[38;2;0;0;0m██[38;2;244;164;190m████[38;2;0;0;0m██      ██[38;2;255;255;255m██[38;2;197;102;190m████[38;2;96;156;164m██[38;2;196;69;121m██[38;2;173;104;136m██[38;2;101;24;56m██[38;2;0;0;0m██  
        ████[38;2;150;47;105m██[38;2;190;78;142m██[38;2;196;69;127m████[38;2;133;55;88m██[38;2;63;35;47m██[38;2;197;66;127m████[38;2;66;65;66m██[38;2;244;164;190m██████████[38;2;242;162;188m████[38;2;244;164;190m██[38;2;66;65;66m██[38;2;255;255;255m██[38;2;0;0;0m██[38;2;255;255;255m██[38;2;66;65;66m██[38;2;235;155;181m██[38;2;66;60;66m██[38;2;196;69;127m████[38;2;190;78;142m██[38;2;150;47;105m██[38;2;242;162;188m████[38;2;244;164;190m██[38;2;0;8;0m██          [38;2;0;0;0m████[38;2;192;67;124m██[38;2;198;67;121m████[38;2;192;67;124m██[38;2;0;0;0m██    
      ██[38;2;244;164;190m████[38;2;239;159;185m██[38;2;150;47;105m██[38;2;196;69;127m████[38;2;200;77;135m██[38;2;5;17;12m██[38;2;197;66;127m██[38;2;66;65;66m████[38;2;244;164;190m██[38;2;66;65;66m████████[38;2;242;162;188m████[38;2;244;164;190m██[38;2;66;65;66m██[38;2;255;255;255m██████[38;2;66;65;66m██[38;2;66;60;66m██[38;2;176;101;136m██[38;2;196;69;127m████[38;2;150;47;105m██[38;2;239;159;185m██[38;2;242;162;188m████[38;2;244;164;190m██[38;2;78;51;69m██[38;2;0;0;0m████          ██[38;2;143;51;110m████[38;2;0;0;0m██      
        [38;2;0;4;0m██[38;2;235;155;181m██[38;2;242;162;188m████[38;2;140;55;114m██[38;2;0;0;0m████  ██[38;2;255;255;255m████[38;2;66;65;66m██[38;2;212;190;212m██[38;2;82;60;57m██[38;2;143;53;116m████[38;2;71;53;62m██[38;2;236;156;182m██[38;2;66;65;66m██[38;2;143;51;114m██[38;2;93;63;91m██[38;2;255;255;255m██[38;2;66;65;66m██[38;2;244;164;190m██[38;2;66;65;66m██[38;2;197;66;127m██[38;2;196;69;127m████[38;2;147;53;124m██[38;2;244;164;190m██████[38;2;147;53;124m██[38;2;197;70;128m██[38;2;200;65;128m████[38;2;0;0;0m██      ██[38;2;244;164;190m██[38;2;242;162;188m████[38;2;0;0;0m██      
      ██[38;2;179;92;132m██[38;2;81;45;60m██[38;2;242;162;188m████[38;2;0;0;0m██        ██[38;2;255;255;255m████[38;2;82;60;57m██[38;2;125;101;106m██[38;2;143;53;116m████[38;2;142;82;114m██[38;2;71;53;62m██[38;2;143;51;114m████[38;2;93;63;91m████[38;2;244;164;190m████[38;2;66;65;66m██[38;2;197;66;127m██[38;2;196;69;127m████[38;2;147;53;124m██[38;2;244;164;190m████[38;2;147;53;124m██[38;2;197;70;128m████[38;2;200;65;128m██[38;2;0;0;0m██          ██[38;2;242;162;188m████[38;2;0;0;0m██      
    ██[38;2;200;65;128m██[38;2;170;87;166m██[38;2;150;47;89m██[38;2;81;45;69m██[38;2;0;4;0m██        [38;2;0;0;0m██[38;2;255;255;255m████[38;2;0;0;0m██[38;2;239;152;212m██[38;2;75;48;73m██[38;2;66;65;66m████[38;2;71;53;62m██[38;2;142;82;114m██[38;2;136;66;124m████[38;2;66;65;66m██[38;2;255;255;255m██[38;2;66;65;66m████[38;2;84;47;63m██[38;2;162;125;143m██[38;2;196;69;127m████[38;2;197;70;128m██[38;2;147;53;124m██[38;2;241;128;190m██[38;2;139;69;110m██[38;2;197;70;128m████[38;2;142;79;124m██[38;2;70;48;72m██[38;2;0;0;0m████    ██[38;2;140;55;114m████[38;2;0;0;0m██        
    ██[38;2;200;65;128m██[38;2;150;47;89m██[38;2;107;154;173m██[38;2;132;67;110m██[38;2;0;4;0m██          [38;2;0;0;0m████  [38;2;0;8;0m██[38;2;239;152;212m██[38;2;244;161;206m██[38;2;66;65;66m██[38;2;241;150;200m██[38;2;71;53;62m██[38;2;73;44;57m██[38;2;229;130;208m██[38;2;66;65;66m██[38;2;255;255;255m██████[38;2;255;251;253m██[38;2;84;47;63m██[38;2;196;69;127m████[38;2;197;70;128m████[38;2;73;44;72m██[38;2;201;97;152m██[38;2;197;70;128m██[38;2;147;53;124m██[38;2;240;160;186m████[38;2;244;164;190m████[38;2;0;0;0m████[38;2;140;55;114m██████[38;2;0;0;0m██        
  ██[38;2;139;38;94m██[38;2;194;118;164m██[38;2;147;53;124m██[38;2;94;158;168m██[38;2;140;55;114m██[38;2;0;0;0m██                  ████[38;2;226;143;206m██[38;2;227;143;202m████[38;2;229;141;208m██[38;2;66;65;66m██[38;2;81;57;82m██[38;2;255;251;253m██[38;2;255;255;255m██[38;2;66;65;66m██[38;2;77;69;83m██[38;2;244;161;206m██[38;2;71;53;62m████[38;2;66;65;66m████[38;2;142;79;124m██[38;2;70;48;72m██[38;2;142;79;124m██[38;2;240;160;186m██[38;2;242;162;188m████[38;2;244;164;190m██[38;2;147;53;124m██[38;2;228;148;174m████[38;2;136;66;124m████[38;2;140;55;114m██[38;2;0;0;0m██        
██[38;2;255;255;255m██[38;2;255;251;253m██[38;2;139;38;94m██[38;2;147;53;124m████[38;2;0;0;0m██                        ██[38;2;8;8;0m██[38;2;69;47;62m██[38;2;66;65;66m██[38;2;229;141;208m██[38;2;196;175;190m██[38;2;81;57;82m██[38;2;255;255;255m████[38;2;77;69;83m████[38;2;241;150;200m██[38;2;142;82;114m██[38;2;200;62;138m██[38;2;138;64;101m██[38;2;243;155;203m████[38;2;70;48;72m██[38;2;240;160;186m██[38;2;242;162;188m████[38;2;147;53;124m████[38;2;228;148;174m████[38;2;221;141;167m██[38;2;73;44;57m██[38;2;0;0;0m██          
██[38;2;255;255;255m██[38;2;66;65;66m██[38;2;0;0;0m██[38;2;125;94;116m████[38;2;232;229;223m██[38;2;0;0;0m██                          ██[38;2;116;69;125m████[38;2;82;66;117m████[38;2;66;65;66m████[38;2;72;66;97m████[38;2;244;161;206m██[38;2;147;53;124m██[38;2;196;69;127m████[38;2;147;53;124m██[38;2;244;161;206m██[38;2;241;150;193m██[38;2;66;60;66m██[38;2;66;65;66m██████[38;2;197;66;127m██[38;2;146;60;118m██[38;2;217;97;187m██[38;2;228;148;174m██[38;2;0;0;0m██            
██[38;2;255;255;255m██[38;2;0;0;0m██  [38;2;0;0;8m██[38;2;234;205;219m██[38;2;232;229;223m██[38;2;0;0;0m██                            ██[38;2;116;69;125m██[38;2;147;53;124m████[38;2;143;51;114m████[38;2;72;66;97m██[38;2;226;143;206m██[38;2;244;161;206m██[38;2;147;53;124m██[38;2;196;69;127m████[38;2;147;53;124m██[38;2;244;161;206m██[38;2;66;60;66m██[38;2;176;101;136m██[38;2;197;66;127m██████[38;2;66;65;66m██[38;2;217;97;187m██[38;2;0;0;0m████              
  ██      ██[38;2;232;229;223m██[38;2;0;0;0m██                            ██[38;2;226;143;206m██[38;2;91;71;118m████████[38;2;229;142;206m████[38;2;102;64;120m██[38;2;193;62;121m██[38;2;197;70;128m████[38;2;93;63;91m████[38;2;255;255;255m██[38;2;66;65;66m██[38;2;196;69;121m██[38;2;96;156;164m████[38;2;196;69;121m██[38;2;0;0;0m██                  
            ██                                ██[38;2;229;142;206m██████████[38;2;91;71;118m██[38;2;146;63;131m████[38;2;197;70;128m██[38;2;147;53;124m██[38;2;93;63;91m██[38;2;255;255;255m████[38;2;66;65;66m██[38;2;196;69;121m██[38;2;96;156;164m████[38;2;196;69;121m██[38;2;66;65;66m██[38;2;0;0;0m██                
                                            [38;2;8;0;8m██[38;2;233;143;210m██[38;2;57;60;66m██[38;2;120;82;128m██[38;2;82;66;117m██████[38;2;147;53;124m██████[38;2;67;64;92m██[38;2;228;145;208m██[38;2;66;65;66m██[38;2;255;255;255m██[38;2;66;65;66m██[38;2;197;66;127m██[38;2;196;69;127m████[38;2;197;66;127m████[38;2;66;65;66m██[38;2;232;229;223m██[38;2;0;0;0m██              
                                          ██[38;2;127;59;121m██[38;2;233;143;210m██[38;2;226;138;205m██[38;2;57;60;66m██[38;2;147;53;124m████[38;2;82;66;117m████████[38;2;228;145;208m██[38;2;67;64;92m██[38;2;66;65;66m██[38;2;255;255;255m██[38;2;66;65;66m████[38;2;196;69;127m████[38;2;197;66;127m██[38;2;66;65;66m██[38;2;232;229;223m████[38;2;0;0;0m██              
                                          ██[38;2;229;141;208m██[38;2;147;53;124m██[38;2;226;143;206m████[38;2;66;65;66m████[38;2;227;143;202m████[38;2;229;142;208m████[38;2;229;141;208m██[38;2;66;65;66m██[38;2;227;143;202m██[38;2;69;47;62m██[38;2;229;141;208m██[38;2;147;53;124m██[38;2;66;65;66m██████[38;2;228;148;174m██[38;2;87;65;88m██[38;2;243;220;239m██[38;2;0;0;0m██              
                                        ██[38;2;226;143;206m██[38;2;229;141;208m████[38;2;0;0;0m████[38;2;66;65;66m██[38;2;102;108;105m██[38;2;69;47;62m██[38;2;8;8;0m██[38;2;229;142;208m████[38;2;229;141;208m████[38;2;8;8;0m██[38;2;227;143;202m██[38;2;147;53;124m██[38;2;228;148;174m████[38;2;66;65;66m████[38;2;228;148;174m██[38;2;182;150;178m██[38;2;0;0;8m██                
                                        [38;2;0;0;0m██[38;2;140;55;114m██[38;2;232;229;223m██[38;2;0;0;0m██    ██[38;2;102;108;105m██[38;2;0;0;0m██  ████████  ████[38;2;228;148;174m██[38;2;219;171;212m██[38;2;150;47;121m██[38;2;66;65;66m████[38;2;255;255;255m██[38;2;0;0;0m██                
                                          ██[38;2;232;229;223m██[38;2;0;0;0m██      ██                  ██[38;2;150;47;121m██[38;2;254;252;255m██[38;2;66;65;66m██[38;2;0;0;0m██[38;2;255;255;255m██[38;2;0;0;0m██                
                                            ██                              ██[38;2;255;255;255m██[38;2;0;0;0m██  ██                  
                                                                              ██                        
[0m