      [38;2;0;0;0m████                              
    ██[38;2;189;189;189m██[38;2;0;0;0m██                              
    ██[38;2;189;189;189m██[38;2;0;0;0m██                ████          
  ██[38;2;189;189;189m████[38;2;65;65;65m██[38;2;0;0;0m██████        ██[38;2;255;255;255m██[38;2;0;0;0m██          
  ██[38;2;189;189;189m██[38;2;65;65;65m██[38;2;255;255;255m██[38;2;194;95;166m██[38;2;238;139;210m████[38;2;0;0;0m██    ██[38;2;255;255;255m██[38;2;189;189;189m██[38;2;0;0;0m██          
    ██[38;2;194;95;166m████[38;2;238;139;210m████████[38;2;0;0;0m████[38;2;255;255;255m████[38;2;0;0;0m██            
    ██[38;2;238;139;210m██████[38;2;255;255;255m██[38;2;153;87;134m██[38;2;238;139;210m████[38;2;65;65;65m██[38;2;189;189;189m████[38;2;0;0;0m██            
  ██[38;2;255;255;255m██[38;2;194;95;166m████[38;2;238;139;210m██[38;2;0;0;0m████[38;2;238;139;210m██[38;2;65;65;65m██[38;2;255;255;255m████████[38;2;0;0;0m██          
██[38;2;255;255;255m████████[38;2;194;95;166m██[38;2;153;87;134m██[38;2;0;0;0m██[38;2;238;139;210m██[38;2;65;65;65m██[38;2;189;189;189m██[38;2;132;132;115m████[38;2;0;0;0m██            
██[38;2;255;255;255m██████████[38;2;194;95;166m██[38;2;238;139;210m██████[38;2;65;65;65m██[38;2;189;189;189m██[38;2;0;0;0m██[38;2;65;65;65m██[38;2;0;0;0m██          
  ██[38;2;255;255;255m██████[38;2;194;95;166m████████[38;2;0;0;0m██  ██[38;2;65;65;65m██[38;2;238;139;210m████[38;2;0;0;0m████      
    ████[38;2;194;95;166m██████████[38;2;0;0;0m██  ██[38;2;238;139;210m██████[38;2;194;95;166m████[38;2;0;0;0m██    
        ██[38;2;189;189;189m████[38;2;194;95;166m██████[38;2;0;0;0m██[38;2;238;139;210m██████[38;2;194;95;166m████████[38;2;0;0;0m██  
        ██[38;2;189;189;189m██[38;2;255;255;255m████[38;2;194;95;166m████[38;2;153;87;134m██[38;2;65;65;65m██[38;2;153;87;134m██[38;2;194;95;166m████[38;2;0;0;0m████[38;2;194;95;166m████[38;2;0;0;0m██
          ██[38;2;255;255;255m██████[38;2;194;95;166m████████[38;2;189;189;189m██[38;2;0;0;0m██    ████  
          ██[38;2;189;189;189m██[38;2;255;255;255m████[38;2;189;189;189m████████[38;2;0;0;0m██            
            ██[38;2;189;189;189m████████[38;2;0;0;0m████              
              ████████                  
[0m