                            [38;2;0;0;0m████████                        
            ████      ████[38;2;8;8;8m██[38;2;255;255;255m████████[38;2;0;0;0m██                      
            ██[38;2;255;255;255m██[38;2;0;0;0m██  ██[38;2;255;255;255m████[38;2;172;172;172m██[38;2;255;255;255m██████████[38;2;0;0;0m██                    
            ██[38;2;172;172;172m██[38;2;255;255;255m██[38;2;8;8;8m██[38;2;172;172;172m██[38;2;255;255;255m██████████████[38;2;198;199;189m██[38;2;0;0;0m██                    
              [38;2;8;8;8m██[38;2;255;255;255m██████████████████████[38;2;198;199;189m██[38;2;0;0;0m██                  
                ██[38;2;255;255;255m████████████[38;2;198;199;189m██[38;2;255;255;255m████[38;2;198;199;189m██[38;2;198;198;189m████[38;2;0;0;0m██                
                ██[38;2;66;65;66m████[38;2;198;199;189m██[38;2;255;255;255m██████[38;2;198;199;189m████████[38;2;198;198;189m████[38;2;0;0;0m██                
              ██[38;2;208;184;0m██[38;2;200;159;0m████[38;2;66;60;74m██[38;2;198;186;214m██[38;2;198;199;189m██[38;2;66;65;66m██[38;2;198;199;189m████████[38;2;189;186;214m██[38;2;63;62;76m██[38;2;0;0;0m██                
            ██[38;2;208;184;0m████[38;2;229;217;0m██[38;2;125;105;37m██[38;2;237;226;0m██[38;2;66;60;74m██[38;2;66;65;66m██████[38;2;198;199;189m████[38;2;66;65;66m██[38;2;63;62;76m██[38;2;165;131;1m██[38;2;198;158;0m██[38;2;0;0;0m██              
          ██[38;2;236;226;0m██████[38;2;125;105;33m██[38;2;238;227;0m██[38;2;245;235;0m██[38;2;233;221;0m██[38;2;236;226;0m██[38;2;125;105;33m██[38;2;236;226;0m██[38;2;125;105;33m████[38;2;236;226;0m██[38;2;125;105;33m██[38;2;236;226;0m██[38;2;233;222;0m████[38;2;0;0;0m██            
          ██[38;2;236;226;0m████[38;2;125;105;33m██[38;2;238;227;0m████[38;2;245;235;0m██[38;2;233;221;0m██[38;2;125;105;33m██[38;2;236;226;0m████████████[38;2;125;105;33m██[38;2;233;222;0m████[38;2;0;0;0m██            
        ██[38;2;233;222;0m████[38;2;236;226;0m██[38;2;125;105;33m██[38;2;233;222;0m████████[38;2;125;105;33m██[38;2;236;226;0m██[38;2;233;222;0m████████[38;2;236;226;0m██[38;2;125;105;33m██[38;2;233;222;0m████[38;2;236;226;0m██[38;2;0;0;0m██          
        ██[38;2;233;222;0m██[38;2;198;158;0m██[38;2;125;105;33m██[38;2;236;226;0m██[38;2;233;222;0m████████[38;2;125;105;33m██[38;2;236;226;0m██[38;2;233;222;0m████████[38;2;236;226;0m██[38;2;125;105;33m██[38;2;233;222;0m████[38;2;236;226;0m██[38;2;0;0;0m██          
        ██[38;2;198;158;0m██[38;2;19;255;51m██[38;2;95;80;20m██[38;2;196;187;1m██[38;2;233;222;0m████[38;2;236;226;0m██[38;2;125;105;33m██[38;2;233;222;0m████████████████[38;2;125;105;33m██[38;2;236;226;0m████[38;2;0;0;0m██          
        ██[38;2;212;187;0m██[38;2;19;255;51m██[38;2;95;80;20m██[38;2;121;225;247m██[38;2;233;222;0m████[38;2;236;226;0m██[38;2;125;105;33m██[38;2;233;222;0m████[38;2;198;158;0m██[38;2;233;222;0m██████████[38;2;125;105;33m██[38;2;236;226;0m████[38;2;0;0;0m██          
        ██[38;2;233;222;0m██[38;2;212;187;0m██[38;2;95;80;20m██[38;2;121;225;247m██[38;2;229;217;0m████[38;2;102;221;247m██[38;2;125;105;33m██[38;2;233;222;0m██[38;2;198;158;0m██[38;2;19;255;51m██[38;2;212;187;0m██[38;2;233;222;0m████████[38;2;125;105;33m██[38;2;229;217;0m██[38;2;198;158;0m██[38;2;0;0;0m██          
        ██[38;2;233;222;0m████[38;2;95;80;20m██[38;2;196;187;1m██[38;2;77;215;247m██[38;2;42;183;217m██[38;2;102;221;247m██[38;2;125;105;33m██[38;2;233;222;0m██[38;2;198;158;0m██[38;2;19;255;51m██[38;2;198;158;0m██[38;2;233;222;0m████████[38;2;125;105;33m██[38;2;198;158;0m████[38;2;0;0;0m██          
          ██[38;2;236;226;0m██[38;2;197;155;0m██[38;2;102;221;247m██[38;2;42;183;217m██[38;2;77;215;247m██[38;2;196;187;1m██[38;2;95;80;20m██[38;2;233;222;0m████[38;2;198;158;0m██[38;2;233;222;0m██████[38;2;229;217;0m██[38;2;125;105;33m██[38;2;198;158;0m████[38;2;0;0;0m██            
          ██[38;2;236;226;0m██[38;2;197;155;0m██[38;2;102;221;247m██[38;2;229;217;0m████[38;2;121;225;247m██[38;2;95;80;20m██[38;2;233;222;0m████████████[38;2;198;158;0m██[38;2;125;105;33m██[38;2;198;158;0m████[38;2;0;0;0m██            
            ██[38;2;229;217;0m██[38;2;200;159;0m██[38;2;198;158;0m████[38;2;131;226;247m██[38;2;124;100;20m██[38;2;200;159;0m██[38;2;229;217;0m██[38;2;233;222;0m██[38;2;198;158;0m██[38;2;201;160;0m████[38;2;125;105;33m██[38;2;212;187;0m██[38;2;248;227;0m██[38;2;0;0;8m██              
            [38;2;0;0;0m██[38;2;125;105;37m██[38;2;200;159;0m██[38;2;255;255;255m████[38;2;227;218;1m██[38;2;149;115;0m██[38;2;125;105;37m██[38;2;200;159;0m██[38;2;198;158;0m██[38;2;255;255;255m████[38;2;242;233;0m██[38;2;125;105;33m██[38;2;234;223;0m██[38;2;172;147;0m██[38;2;248;227;0m██[38;2;0;0;0m████          
        ████[38;2;245;235;0m██[38;2;251;231;0m██[38;2;55;54;71m██[38;2;0;0;0m██[38;2;255;255;255m██████[38;2;101;83;0m██[38;2;255;255;255m████[38;2;242;233;0m██[38;2;245;235;0m██[38;2;199;158;0m██[38;2;87;71;0m██[38;2;0;4;0m██[38;2;0;0;0m██[38;2;245;235;0m██████[38;2;0;0;0m████████  
████████[38;2;245;235;0m██████[38;2;0;4;0m████  [38;2;0;0;0m██[38;2;246;236;0m████[38;2;192;152;0m██[38;2;243;234;0m██[38;2;242;233;0m██[38;2;201;160;0m██[38;2;245;235;0m████[38;2;205;165;0m██[38;2;0;4;0m██  [38;2;0;0;0m████[38;2;245;235;0m██[38;2;181;166;132m████[38;2;64;189;213m████[38;2;0;0;0m██
██[38;2;69;195;219m████[38;2;64;189;213m██████[38;2;0;0;0m██        ██[38;2;176;168;1m██[38;2;230;218;0m████[38;2;215;190;0m██[38;2;57;54;1m██[38;2;0;0;0m██[38;2;255;255;255m████[38;2;246;236;0m██[38;2;0;0;0m██    ████[38;2;64;189;213m████[38;2;0;0;0m██  
  [38;2;8;4;8m██[38;2;10;159;185m██[38;2;64;189;213m██[38;2;0;0;0m████          ██[38;2;108;193;50m██[38;2;39;255;104m████[38;2;100;96;1m██[38;2;16;12;0m██  [38;2;0;0;0m██[38;2;255;255;255m██████[38;2;0;0;0m██      ████    
    ████            ██[38;2;39;255;104m██[38;2;0;210;46m██[38;2;39;255;104m██[38;2;0;210;46m██[38;2;39;255;104m██[38;2;0;210;46m██[38;2;0;0;0m████[38;2;35;186;208m████[38;2;21;171;196m██[38;2;155;239;255m██[38;2;8;0;0m████          
                      [38;2;0;0;0m████[38;2;39;255;104m██[38;2;0;210;46m██[38;2;0;0;0m████    [38;2;0;0;8m██[38;2;119;233;255m██[38;2;155;239;255m████[38;2;184;243;255m██[38;2;44;166;189m██[38;2;0;0;0m████      
                          ████          ██[38;2;155;239;255m██[38;2;64;188;212m██[38;2;155;239;255m████[38;2;184;243;255m██[38;2;44;166;189m██[38;2;0;0;0m██    
                                        ██[38;2;155;239;255m████[38;2;64;188;212m██[38;2;155;239;255m██[38;2;8;0;0m████      
                                          [38;2;0;0;0m██[38;2;155;239;255m██[38;2;0;0;0m████          
                                            ██              
[0m