            [38;2;0;0;0m████              
        ████[38;2;255;255;255m████[38;2;0;0;0m████          
      ██[38;2;255;255;255m██[38;2;189;189;181m██[38;2;255;255;255m████████[38;2;0;0;0m██        
      ██[38;2;255;255;255m██████[38;2;189;189;181m██[38;2;255;255;255m██[38;2;0;0;0m██          
    ████[38;2;65;65;65m██[38;2;255;255;255m████[38;2;65;65;65m████[38;2;0;0;0m██          
  ██[38;2;231;188;0m██[38;2;253;245;0m████[38;2;65;65;65m████[38;2;253;245;0m████[38;2;231;188;0m██[38;2;0;0;0m██        
  ██[38;2;253;245;0m██[38;2;255;255;255m██[38;2;253;245;0m████████████[38;2;0;0;0m██        
██[38;2;253;245;0m████████████████████[38;2;0;0;0m██      
██[38;2;253;245;0m██[38;2;0;0;0m██[38;2;253;245;0m████████████████[38;2;0;0;0m██      
██[38;2;253;245;0m████[38;2;73;185;255m██[38;2;253;245;0m██[38;2;73;185;255m██[38;2;253;245;0m██████████[38;2;0;0;0m██      
  ██[38;2;253;245;0m████[38;2;73;185;255m██[38;2;253;245;0m████[38;2;0;0;0m██[38;2;253;245;0m████[38;2;0;0;0m██        
  ██[38;2;231;188;0m██[38;2;73;185;255m██[38;2;253;245;0m██[38;2;73;185;255m██[38;2;253;245;0m██████[38;2;231;188;0m██[38;2;0;0;0m██        
    ████[38;2;253;245;0m████████[38;2;65;65;65m████[38;2;0;0;0m████      
        ████[38;2;65;65;65m████[38;2;231;188;0m██████[38;2;0;0;0m████    
      ██  ██[38;2;231;188;0m██████[38;2;65;65;65m██[38;2;0;0;0m████  ██  
    ██    ████[38;2;65;65;65m██[38;2;231;188;0m██[38;2;0;0;0m██      ██  
    ██        ██████        ██
      ████                  ██
    ██[38;2;1;150;243m████[38;2;0;0;0m██                ██
      ████              ████  
                      ██[38;2;73;185;255m████[38;2;0;0;0m██
                        ████  
[0m