                [38;2;0;0;0m██████                    
            ████[38;2;140;123;107m██████[38;2;0;0;0m████                
          ██[38;2;107;99;82m██[38;2;140;123;107m████████████[38;2;0;0;0m██              
          ██[38;2;140;123;107m██████████████[38;2;107;99;82m██[38;2;0;0;0m██            
        ██[38;2;189;189;189m██[38;2;255;255;255m██[38;2;140;123;107m██████████████[38;2;0;0;0m██            
        ██[38;2;255;255;255m██████[38;2;189;189;189m██[38;2;255;255;255m██[38;2;189;189;189m██[38;2;140;123;107m██████[38;2;107;99;82m██[38;2;0;0;0m██          
      ██[38;2;255;255;255m██████████[38;2;0;0;0m██[38;2;255;255;255m██[38;2;140;123;107m████████[38;2;0;0;0m██          
    ██[38;2;139;200;255m██[38;2;87;153;203m██[38;2;255;255;255m██████[38;2;189;189;189m██[38;2;255;255;255m████[38;2;140;123;107m██████[38;2;107;99;82m██[38;2;162;83;108m██[38;2;0;0;0m████      
  ██[38;2;65;65;65m██[38;2;48;105;156m██[38;2;87;153;203m██[38;2;189;189;189m██[38;2;255;255;255m████[38;2;181;82;107m██[38;2;189;189;189m██[38;2;65;65;65m██[38;2;107;99;82m██[38;2;140;123;107m████[38;2;190;111;136m████[38;2;140;123;107m██[38;2;107;99;82m██[38;2;0;0;0m██    
  ██[38;2;255;255;255m██[38;2;65;65;65m██████[38;2;0;0;0m████[38;2;65;65;65m████[38;2;190;111;136m████[38;2;65;65;65m██[38;2;190;111;136m████[38;2;140;123;107m████[38;2;190;111;136m██[38;2;162;83;108m██[38;2;0;0;0m██  
██[38;2;255;255;255m██[38;2;189;189;189m██[38;2;162;83;108m██[38;2;0;0;0m████  ██[38;2;107;99;82m██[38;2;190;111;136m██████[38;2;65;65;65m██[38;2;190;111;136m██[38;2;140;123;107m████[38;2;190;111;136m████[38;2;107;99;82m██[38;2;0;0;0m██  
██[38;2;255;255;255m██[38;2;0;0;0m████    ██[38;2;107;99;82m██[38;2;190;111;136m██████[38;2;107;99;82m████[38;2;65;65;65m██[38;2;140;123;107m████[38;2;107;99;82m████[38;2;189;189;189m██[38;2;255;255;255m██[38;2;0;0;0m██
████        ██[38;2;65;65;65m██[38;2;190;111;136m████[38;2;107;99;82m██████[38;2;65;65;65m██[38;2;107;99;82m████[38;2;189;189;189m██[38;2;255;255;255m██[38;2;189;189;189m██[38;2;255;255;255m██[38;2;0;0;0m██
            ██[38;2;140;123;107m██[38;2;107;99;82m██[38;2;0;0;0m████[38;2;107;99;82m██[38;2;190;111;136m████[38;2;65;65;65m██[38;2;255;255;255m██[38;2;189;189;189m██[38;2;255;255;255m██[38;2;189;189;189m██[38;2;255;255;255m██[38;2;0;0;0m██
              ████    ██[38;2;65;65;65m████████[38;2;255;255;255m██[38;2;189;189;189m██[38;2;255;255;255m██[38;2;0;0;0m██  
                        ██[38;2;107;99;82m██[38;2;140;123;107m██[38;2;0;0;0m████[38;2;140;123;107m██[38;2;255;255;255m██[38;2;0;0;0m██  
                          ████    ████    
[0m