                                      [38;2;0;0;0m██████████                
                                  ████[38;2;164;126;98m██[38;2;167;128;99m████████[38;2;0;0;0m████            
                                ██[38;2;165;130;99m██[38;2;164;126;98m████[38;2;167;128;99m████████[38;2;164;126;98m████[38;2;0;0;0m██          
                              ██[38;2;167;128;101m████[38;2;167;128;99m████████████████[38;2;164;126;98m██[38;2;0;0;0m██        
                              ██[38;2;255;255;255m██[38;2;167;128;101m██[38;2;167;128;99m████████████████[38;2;164;126;98m██[38;2;0;0;0m██        
                            ██[38;2;164;126;98m██[38;2;66;65;66m██[38;2;164;127;98m██[38;2;145;128;115m██[38;2;255;255;247m██[38;2;167;128;99m████████████████[38;2;0;0;0m██      
                            ██[38;2;164;126;98m██[38;2;66;65;66m██[38;2;164;127;98m██[38;2;145;128;115m██[38;2;90;65;49m██[38;2;167;128;99m████████████████[38;2;0;0;0m██      
              ██████████    [38;2;41;0;0m██[38;2;112;82;82m██[38;2;49;71;163m██[38;2;181;102;101m██[38;2;173;121;99m██[38;2;79;53;60m██[38;2;167;128;99m████████████[38;2;167;128;101m████[38;2;0;0;0m██      
          ████[38;2;165;130;99m██[38;2;164;126;98m████████[38;2;0;0;0m████[38;2;112;82;82m██[38;2;235;239;255m██[38;2;136;158;250m██[38;2;49;71;163m██[38;2;52;74;166m██[38;2;173;121;99m██[38;2;167;128;99m████████████[38;2;167;128;101m██[38;2;140;93;90m██[38;2;0;0;0m██      
        ██[38;2;164;126;98m██[38;2;167;128;99m████████████[38;2;164;127;98m██[38;2;66;65;66m██[38;2;138;160;252m████████[38;2;112;134;226m██[38;2;47;69;161m██[38;2;167;128;99m████████[38;2;167;128;101m████[38;2;137;94;88m██[38;2;0;0;0m██        
        ██[38;2;164;126;98m██[38;2;167;128;99m████████████[38;2;164;127;98m████[38;2;66;65;66m██[38;2;138;160;252m████[38;2;112;134;226m██[38;2;47;69;161m████[38;2;167;128;99m████████[38;2;167;128;101m██[38;2;140;93;90m██[38;2;137;94;88m██[38;2;0;0;0m██        
      ██[38;2;167;128;101m████[38;2;167;128;99m████████████████[38;2;66;60;66m██[38;2;58;80;172m██[38;2;47;69;161m████[38;2;44;66;158m██[38;2;156;125;107m██[38;2;167;128;101m██████[38;2;140;93;90m██[38;2;139;95;90m████[38;2;137;94;88m██[38;2;0;0;0m██        
      ██[38;2;255;255;255m██[38;2;167;128;101m██[38;2;167;128;99m████████████████[38;2;181;109;90m██[38;2;66;60;66m██[38;2;140;94;88m████[38;2;150;94;87m████[38;2;140;93;90m████████[38;2;139;95;90m████[38;2;137;94;88m██[38;2;0;0;0m██        
      ██[38;2;66;65;66m██[38;2;164;127;98m██[38;2;145;128;115m██[38;2;255;255;247m██[38;2;167;128;99m████████████[38;2;173;121;99m██[38;2;66;65;66m██[38;2;139;95;90m████████████████████[38;2;0;0;0m██          
      ██[38;2;66;65;66m██[38;2;164;127;98m██[38;2;145;128;115m██[38;2;90;65;49m██[38;2;167;128;99m████████████[38;2;137;102;88m██[38;2;66;65;66m██[38;2;139;95;90m████████████████████[38;2;0;0;0m██          
      ██[38;2;47;69;161m████[38;2;72;94;186m██[38;2;74;52;57m██[38;2;167;128;99m████████[38;2;173;121;99m██[38;2;137;102;88m██[38;2;66;65;66m██████████[38;2;137;102;88m██[38;2;140;95;90m████[38;2;140;93;90m██[38;2;167;128;101m██[38;2;140;93;90m██[38;2;167;128;101m██[38;2;0;0;0m██          
    ██[38;2;255;255;255m██[38;2;138;160;252m████[38;2;54;76;168m████[38;2;167;128;99m████████[38;2;66;65;66m████[38;2;164;127;98m████████[38;2;173;121;99m██[38;2;66;65;66m████[38;2;140;95;90m██[38;2;167;128;101m██[38;2;140;93;90m██[38;2;167;128;101m██[38;2;140;93;90m██[38;2;0;0;0m██          
    ██[38;2;138;160;252m██████[38;2;141;163;255m██[38;2;106;128;220m██[38;2;44;66;158m██[38;2;156;125;107m██[38;2;140;95;90m██[38;2;66;65;66m██[38;2;167;128;99m████████████████[38;2;164;127;98m██[38;2;66;65;66m██[38;2;137;100;88m██[38;2;173;121;99m██[38;2;140;95;90m██[38;2;66;65;66m██[38;2;63;62;60m██[38;2;0;4;0m██        
      [38;2;0;0;0m██[38;2;138;160;252m████[38;2;106;128;220m██[38;2;52;74;166m██[38;2;150;94;87m████[38;2;140;95;90m██[38;2;66;65;66m██[38;2;167;128;99m████████████████[38;2;164;127;98m████[38;2;66;60;66m██[38;2;137;100;88m██[38;2;140;95;90m██[38;2;66;65;66m██[38;2;126;120;120m████[38;2;0;0;0m██      
        [38;2;8;0;0m██[38;2;128;105;110m██[38;2;47;69;161m██[38;2;140;94;88m██[38;2;139;95;90m████[38;2;66;65;66m██[38;2;164;127;98m██[38;2;167;128;101m████[38;2;167;128;99m████████████████[38;2;66;65;66m██[38;2;140;95;90m██[38;2;66;65;66m████[38;2;126;117;118m████[38;2;173;178;189m██[38;2;0;0;0m████  
      ██[38;2;189;158;165m██[38;2;68;52;55m██[38;2;140;94;88m████[38;2;139;95;90m████[38;2;66;65;66m██[38;2;164;127;98m██[38;2;255;255;255m██[38;2;167;128;101m██[38;2;167;128;99m████████████████[38;2;66;65;66m██████[38;2;126;117;118m██[38;2;87;93;104m████[38;2;173;178;189m████[38;2;86;93;103m██[38;2;0;0;0m██
    ██[38;2;173;170;181m██[38;2;123;117;123m██[38;2;63;65;68m██[38;2;140;95;90m████████[38;2;66;65;66m██[38;2;173;121;99m██[38;2;66;65;66m██[38;2;164;127;98m██[38;2;167;128;99m████[38;2;255;255;247m██[38;2;145;128;115m██[38;2;167;128;99m████████[38;2;140;95;90m██[38;2;66;65;66m██[38;2;126;117;120m████[38;2;87;93;104m██[38;2;126;117;118m██[38;2;115;113;120m██[38;2;173;170;181m██[38;2;173;178;189m██[38;2;0;0;0m██
  ██[38;2;115;113;120m████[38;2;93;91;95m██[38;2;123;117;123m██[38;2;66;65;66m██████[38;2;140;95;90m██[38;2;66;65;66m██[38;2;137;102;88m██[38;2;66;65;66m██[38;2;164;127;98m██[38;2;167;128;99m████[38;2;90;65;49m██[38;2;145;128;115m██[38;2;167;128;99m████████[38;2;140;95;90m██[38;2;66;65;66m██[38;2;126;117;120m████[38;2;126;117;118m██[38;2;87;93;104m██[38;2;115;113;120m██[38;2;0;0;0m████  
  ██[38;2;123;116;117m████[38;2;181;178;189m██[38;2;120;118;129m██[38;2;86;91;102m██[38;2;173;178;189m██[38;2;181;178;189m██[38;2;66;65;66m████[38;2;148;81;76m██[38;2;49;71;163m██████[38;2;75;97;189m██[38;2;79;53;60m██[38;2;173;121;99m██[38;2;167;128;101m██████[38;2;140;93;90m██[38;2;140;95;90m██[38;2;66;65;66m██[38;2;87;93;104m████[38;2;126;117;118m██[38;2;87;93;104m██[38;2;0;0;0m██      
██[38;2;127;117;119m██[38;2;123;116;117m██[38;2;173;178;189m██[38;2;181;178;189m██[38;2;90;89;99m██[38;2;173;178;189m████[38;2;181;178;189m██[38;2;123;121;127m██[38;2;66;65;66m██[38;2;54;76;168m██[38;2;246;247;255m██[38;2;116;138;230m██[38;2;136;158;250m██[38;2;49;71;163m██[38;2;52;74;166m██[38;2;173;121;99m██[38;2;167;128;101m██[38;2;140;93;90m██████[38;2;140;95;90m██[38;2;66;65;66m██[38;2;126;117;118m████[38;2;87;93;104m██[38;2;126;117;118m██[38;2;0;0;0m██      
  ████[38;2;173;178;189m██[38;2;126;117;118m██[38;2;87;93;104m██[38;2;181;178;189m████[38;2;90;93;99m████[38;2;176;181;192m██[38;2;66;65;66m██[38;2;138;160;252m████████[38;2;47;69;161m██[38;2;140;94;88m██[38;2;139;95;90m████████[38;2;132;105;104m██[38;2;66;65;66m██[38;2;86;91;102m████[38;2;127;117;119m██[38;2;0;0;0m██        
      ██[38;2;126;117;118m████[38;2;120;118;129m██[38;2;90;89;99m██[38;2;120;121;129m██[38;2;181;178;189m██[38;2;176;181;192m██[38;2;66;65;66m██[38;2;47;69;161m████████[38;2;140;94;88m████[38;2;139;95;90m████████[38;2;66;65;66m██[38;2;132;105;104m██[38;2;173;178;189m██[38;2;86;91;102m██[38;2;127;117;119m████[38;2;0;0;0m██      
        ██████[38;2;127;117;119m██[38;2;123;116;117m██[38;2;173;178;189m██[38;2;176;180;192m████[38;2;66;65;66m████[38;2;140;95;90m████████████[38;2;66;65;66m████[38;2;126;117;118m██[38;2;87;93;104m██[38;2;173;179;192m████[38;2;82;82;84m██[38;2;123;121;123m██[38;2;0;0;0m██      
              ██[38;2;123;116;117m████[38;2;176;180;192m████[38;2;176;181;192m████[38;2;66;65;66m████████████[38;2;126;117;118m██████[38;2;87;93;104m██[38;2;123;117;115m██[38;2;173;179;192m██[38;2;123;121;123m██[38;2;0;4;8m██        
                [38;2;0;0;0m██[38;2;127;117;119m██[38;2;123;116;117m██[38;2;173;178;189m██[38;2;181;178;189m██[38;2;90;93;99m██[38;2;126;117;118m██████[38;2;87;93;104m██[38;2;181;178;189m██[38;2;90;93;99m██[38;2;126;117;120m████████[38;2;82;82;84m██[38;2;123;121;123m██[38;2;0;0;0m██          
                ██[38;2;127;117;119m██[38;2;123;116;117m████[38;2;90;93;99m██[38;2;120;121;129m██[38;2;87;93;104m██[38;2;126;117;118m████[38;2;87;93;104m██[38;2;120;121;129m██[38;2;90;93;99m██[38;2;126;117;120m████████[38;2;123;121;123m██[38;2;0;4;8m██            
                  [38;2;0;0;0m████[38;2;127;117;119m██[38;2;86;93;103m██[38;2;0;0;0m██[38;2;82;82;84m██[38;2;123;121;123m██[38;2;126;117;120m████[38;2;87;93;104m██[38;2;126;117;118m██[38;2;127;117;119m██[38;2;0;0;0m██[38;2;127;117;119m████[38;2;66;65;66m██[38;2;0;0;0m██            
                      ████  [38;2;0;4;8m██[38;2;123;121;123m██[38;2;126;117;120m████[38;2;126;117;118m████[38;2;0;0;0m██  ██████              
                              ██████████                        
[0m