                    [38;2;0;0;0m██████    ██████                
                  ██[38;2;107;107;99m██[38;2;221;222;197m████[38;2;0;0;0m████[38;2;107;107;99m██[38;2;195;197;165m██[38;2;0;0;0m██                
                  ██[38;2;221;222;197m██████████[38;2;195;197;165m██[38;2;0;0;0m██                  
                    ██[38;2;221;222;197m████[38;2;140;140;123m████[38;2;0;0;0m██                    
                  ██[38;2;255;152;138m████████[38;2;0;0;0m██                      
                  ██[38;2;157;53;52m████████[38;2;0;0;0m██                      
                ██[38;2;157;53;52m██[38;2;252;126;114m████████[38;2;157;53;52m██[38;2;0;0;0m██                    
              ██[38;2;252;126;114m██[38;2;200;82;69m██[38;2;157;53;52m████████[38;2;200;82;69m████[38;2;0;0;0m██                  
              ██[38;2;65;65;65m██[38;2;255;255;255m████[38;2;200;82;69m██[38;2;252;126;114m████[38;2;200;82;69m██[38;2;65;65;65m██[38;2;0;0;0m██                  
            ██[38;2;200;82;69m██[38;2;255;255;255m██[38;2;247;99;66m████[38;2;255;255;255m██[38;2;157;53;52m██████[38;2;200;82;69m████[38;2;0;0;0m██                
            ██[38;2;252;126;114m██[38;2;221;222;197m██[38;2;206;90;66m████[38;2;221;222;197m██[38;2;200;82;69m██[38;2;252;126;114m████[38;2;200;82;69m██[38;2;65;65;65m██[38;2;195;197;165m██[38;2;0;0;0m██              
        ████[38;2;139;140;123m██[38;2;157;53;52m██[38;2;200;82;69m██[38;2;221;222;197m████[38;2;200;82;69m██[38;2;252;126;114m████[38;2;200;82;69m██[38;2;157;53;52m██[38;2;65;65;65m██[38;2;195;197;165m████[38;2;0;0;0m██            
      ████[38;2;189;189;181m██[38;2;139;140;123m██[38;2;65;65;65m██[38;2;157;53;52m██████████████[38;2;200;82;69m██[38;2;65;65;65m██[38;2;195;197;165m████[38;2;221;222;197m██[38;2;0;0;0m██          
    ████[38;2;189;189;181m██[38;2;139;140;123m██[38;2;65;65;65m████[38;2;252;126;114m████[38;2;200;82;69m██[38;2;252;126;114m██████[38;2;200;82;69m████[38;2;157;53;52m██[38;2;65;65;65m██[38;2;221;222;197m██████[38;2;0;0;0m██        
████[38;2;221;222;197m██[38;2;139;140;123m██[38;2;65;65;65m██████[38;2;252;126;114m████[38;2;200;82;69m██[38;2;65;65;65m██[38;2;252;126;114m██████[38;2;65;65;65m██[38;2;157;53;52m██[38;2;65;65;65m████[38;2;221;222;197m██████[38;2;0;0;0m██        
██[38;2;221;222;197m██[38;2;65;65;65m██[38;2;139;140;123m██[38;2;221;222;197m██[38;2;65;65;65m██████[38;2;200;82;69m██[38;2;65;65;65m████[38;2;200;82;69m██████[38;2;65;65;65m████[38;2;221;222;197m██[38;2;65;65;65m████[38;2;221;222;197m██████[38;2;0;0;0m████    
  ██[38;2;65;65;65m██[38;2;221;222;197m██[38;2;0;0;0m████[38;2;200;82;69m██[38;2;65;65;65m██████[38;2;200;82;69m██[38;2;65;65;65m████████[38;2;221;222;197m██[38;2;139;140;123m██[38;2;221;222;197m██[38;2;139;140;123m██[38;2;65;65;65m██[38;2;221;222;197m██[38;2;195;197;165m██[38;2;65;65;65m██[38;2;195;197;165m██[38;2;0;0;0m██  
    ████  ██[38;2;157;53;52m████[38;2;200;82;69m██████████[38;2;157;53;52m██[38;2;65;65;65m████[38;2;107;107;99m██[38;2;221;222;197m██[38;2;107;107;99m██[38;2;195;197;165m██[38;2;65;65;65m██[38;2;195;197;165m██████[38;2;0;0;0m██  
        ██[38;2;157;53;52m██[38;2;65;65;65m██[38;2;200;82;69m██[38;2;157;53;52m████████[38;2;65;65;65m██[38;2;200;82;69m████[38;2;65;65;65m██[38;2;107;107;99m██████[38;2;195;197;165m██[38;2;0;0;0m████[38;2;195;197;165m██[38;2;0;0;0m██[38;2;195;197;165m██[38;2;0;0;0m██
        ██[38;2;157;53;52m████[38;2;65;65;65m████[38;2;200;82;69m████[38;2;65;65;65m██[38;2;157;53;52m██████[38;2;65;65;65m██[38;2;195;197;165m██[38;2;65;65;65m████[38;2;0;0;0m██    ██  ████
          ██[38;2;157;53;52m██████[38;2;0;0;0m██████[38;2;200;82;69m██████[38;2;65;65;65m████[38;2;200;82;69m██[38;2;0;0;0m██              
            ██████    ██[38;2;157;53;52m██████████████[38;2;0;0;0m██            
                        ██[38;2;200;82;69m██████████[38;2;0;0;0m██              
                          ██████████                
[0m