                                      [38;2;0;0;0m████[38;2;8;4;0m████                                  
                                  [38;2;0;0;0m████[38;2;255;234;66m████[38;2;248;255;206m██[38;2;168;172;137m██[38;2;0;0;0m████                              
                                ██[38;2;170;170;49m██[38;2;255;254;74m██[38;2;255;234;66m████████[38;2;255;254;74m██[38;2;170;170;49m██[38;2;0;0;0m██                            
                                  [38;2;0;4;0m████[38;2;187;193;66m████████[38;2;0;4;0m████                              
                                      [38;2;0;4;33m██[38;2;85;120;146m████[38;2;0;4;33m██                                  
                                    [38;2;0;0;0m██[38;2;85;120;146m██[38;2;247;233;99m████[38;2;85;120;146m██[38;2;0;0;0m██                                
                                  [38;2;0;0;24m██[38;2;154;143;68m██[38;2;168;203;229m████████[38;2;123;116;49m██[38;2;0;0;8m██                              
                              [38;2;0;0;0m████[38;2;77;65;46m██[38;2;231;195;90m██[38;2;83;118;144m████████[38;2;247;234;90m██[38;2;0;0;8m██                              
                        [38;2;0;0;0m██████[38;2;147;182;208m████[38;2;66;65;66m██[38;2;81;116;142m██[38;2;255;234;66m████████[38;2;75;110;136m██[38;2;8;4;0m██    [38;2;0;0;0m████████                  
                      ██[38;2;62;97;123m██[38;2;168;203;229m████[38;2;72;107;133m██[38;2;66;60;57m██[38;2;66;65;66m██[38;2;168;203;229m██[38;2;83;118;144m████████[38;2;173;208;234m████[38;2;0;0;0m████[38;2;147;182;208m████[38;2;149;184;210m██[38;2;61;96;122m██[38;2;0;0;0m████              
                      ██[38;2;168;203;229m████████[38;2;74;73;74m██[38;2;169;204;230m████████████[38;2;168;203;229m████[38;2;66;60;57m██[38;2;143;178;204m██[38;2;62;97;123m██████[38;2;168;203;229m██[38;2;169;204;230m████[38;2;0;0;0m██            
                      ██[38;2;168;203;229m██[38;2;62;97;123m████[38;2;74;73;74m████[38;2;169;204;230m████████████[38;2;83;118;144m██[38;2;168;203;229m██[38;2;66;60;57m██[38;2;71;106;132m██[38;2;168;203;229m████████[38;2;169;204;230m████[38;2;0;0;0m██            
                        ██[38;2;169;204;230m████[38;2;168;203;229m██[38;2;66;65;66m██[38;2;74;85;82m██[38;2;131;91;76m██[38;2;83;118;144m████[38;2;84;119;145m██[38;2;61;96;122m██[38;2;169;204;230m████[38;2;74;73;74m██[38;2;168;203;229m██[38;2;62;97;123m██████[38;2;168;203;229m██[38;2;167;202;228m██[38;2;70;105;131m██[38;2;0;0;0m██            
                        ██[38;2;169;204;230m████[38;2;168;203;229m████[38;2;74;85;82m██[38;2;247;105;66m██[38;2;255;150;66m████[38;2;66;65;66m██[38;2;61;96;122m██[38;2;169;204;230m████[38;2;74;73;74m████[38;2;168;203;229m██████[38;2;62;97;123m██[38;2;0;0;0m████              
    ████████              ██[38;2;71;70;66m██[38;2;170;205;231m██[38;2;83;118;144m██[38;2;74;73;74m████[38;2;255;234;66m██[38;2;74;73;74m██[38;2;66;65;66m██[38;2;168;203;229m████[38;2;56;91;117m██[38;2;169;204;230m████████[38;2;158;193;219m██[38;2;0;0;0m██                  
  ██[38;2;82;79;70m██[38;2;168;203;229m██████[38;2;0;0;0m██████    ████[38;2;78;113;139m██[38;2;71;70;66m██[38;2;66;69;57m██[38;2;83;118;144m██[38;2;168;203;229m██[38;2;74;73;74m██████[38;2;168;203;229m████[38;2;93;128;154m██[38;2;168;203;229m██[38;2;169;204;230m████████[38;2;63;62;57m██[38;2;97;132;158m██[38;2;0;0;0m██                
██[38;2;85;120;146m████[38;2;82;78;68m██[38;2;84;119;145m██[38;2;83;118;144m██[38;2;168;203;229m██[38;2;66;65;66m██[38;2;51;86;112m██[38;2;0;0;0m████[38;2;255;234;66m██[38;2;83;118;144m██[38;2;255;234;66m██[38;2;83;118;144m██[38;2;66;65;66m██[38;2;168;203;229m██[38;2;83;118;144m██[38;2;168;203;229m██████[38;2;83;118;144m████[38;2;168;203;229m████[38;2;66;65;66m████[38;2;66;65;74m████[38;2;255;234;66m████[38;2;127;116;49m██[38;2;0;4;24m██              
  [38;2;0;0;0m██[38;2;76;75;66m██[38;2;84;119;145m██[38;2;82;78;68m██[38;2;83;118;144m██[38;2;168;203;229m██[38;2;66;65;66m██[38;2;51;86;112m██[38;2;74;71;68m██[38;2;45;80;106m██[38;2;83;118;144m██[38;2;255;234;66m██[38;2;83;118;144m██[38;2;255;234;66m██[38;2;81;116;142m██[38;2;66;65;66m██[38;2;168;203;229m██[38;2;83;118;144m██████[38;2;168;203;229m████[38;2;66;65;66m████[38;2;84;119;145m████[38;2;86;121;147m██[38;2;255;233;74m██[38;2;83;118;144m████[38;2;255;233;74m████[38;2;0;0;0m██            
██[38;2;83;118;144m████████[38;2;84;119;145m████[38;2;168;203;229m██[38;2;66;65;66m██[38;2;51;86;112m██[38;2;66;65;66m██[38;2;85;120;146m██[38;2;176;181;99m██[38;2;85;120;146m██[38;2;76;75;66m██[38;2;84;119;145m████[38;2;66;65;66m██[38;2;168;203;229m██████[38;2;66;65;66m████[38;2;84;119;145m████████[38;2;182;189;74m██[38;2;84;119;145m██[38;2;87;122;148m██[38;2;255;242;66m██[38;2;66;65;66m████[38;2;71;70;66m██[38;2;0;0;0m████        
  ██████[38;2;83;118;144m██[38;2;84;119;145m████[38;2;81;116;142m██[38;2;66;65;66m██[38;2;51;86;112m██[38;2;66;65;66m██[38;2;85;120;146m██[38;2;0;0;16m██[38;2;0;0;0m██[38;2;85;120;146m██[38;2;84;119;145m████[38;2;81;116;142m██[38;2;66;65;66m██████[38;2;84;119;145m████████████[38;2;55;90;116m██[38;2;84;119;145m██[38;2;189;184;68m██[38;2;57;69;74m██[38;2;51;86;112m██[38;2;38;73;99m██[38;2;43;78;104m████[38;2;66;65;66m██[38;2;0;0;0m██      
        ██[38;2;83;118;144m████[38;2;97;132;158m██[38;2;63;62;57m██[38;2;52;87;113m██[38;2;0;0;0m████    ██[38;2;84;119;145m████████████████[38;2;83;118;144m██[38;2;54;89;115m██[38;2;84;119;145m████[38;2;51;86;112m██[38;2;84;119;145m██[38;2;66;65;66m██[38;2;38;73;99m██[38;2;74;73;66m██[38;2;168;203;229m██[38;2;170;205;231m██[38;2;66;69;57m██[38;2;168;203;229m████[38;2;0;4;0m████  
          [38;2;0;0;0m██[38;2;83;118;144m██[38;2;158;193;219m██[38;2;0;0;0m████      ██[38;2;181;189;66m██[38;2;51;86;112m██[38;2;84;119;145m████████████[38;2;51;86;112m██[38;2;54;89;115m██[38;2;182;189;74m██[38;2;51;86;112m██[38;2;84;119;145m████[38;2;51;86;112m██[38;2;66;65;66m██[38;2;168;203;229m████[38;2;74;73;66m██[38;2;83;118;144m████[38;2;82;78;68m████[38;2;75;110;136m██[38;2;175;210;236m██[38;2;0;0;0m██
        ██[38;2;75;110;136m██[38;2;175;210;236m██[38;2;0;0;0m██          ██[38;2;255;234;66m██[38;2;51;86;112m██[38;2;84;119;145m██████████[38;2;55;90;116m██[38;2;197;190;66m██[38;2;255;239;66m██[38;2;197;188;66m██[38;2;54;89;115m██[38;2;85;120;146m██[38;2;62;97;123m██[38;2;52;87;113m██[38;2;66;65;66m████[38;2;84;119;145m████[38;2;82;78;68m██[38;2;84;119;145m██[38;2;82;78;68m██[38;2;84;119;145m██[38;2;82;78;68m██[38;2;84;119;145m██[38;2;0;0;0m██
          [38;2;0;4;0m████              [38;2;0;0;0m██[38;2;51;86;112m██[38;2;84;119;145m████████[38;2;51;86;112m██[38;2;255;242;66m██[38;2;197;190;66m██[38;2;255;239;66m██[38;2;55;90;116m██[38;2;64;99;125m████[38;2;62;97;123m████[38;2;66;65;66m██[38;2;51;86;112m██[38;2;66;65;66m██[38;2;84;119;145m████████[38;2;82;78;68m██[38;2;84;119;145m████[38;2;0;0;0m██
                              ██[38;2;83;118;144m██[38;2;86;121;147m████[38;2;62;97;123m████[38;2;55;90;116m████[38;2;58;93;119m████[38;2;190;194;65m██[38;2;62;97;123m██[38;2;60;95;121m██[38;2;179;189;74m██[38;2;0;0;0m██[38;2;52;87;113m██[38;2;66;65;66m██[38;2;81;116;142m██[38;2;83;118;144m████[38;2;84;119;145m████[38;2;83;118;144m██[38;2;0;0;0m██  
                                ██[38;2;182;189;74m██[38;2;58;93;119m██[38;2;62;97;123m██[38;2;190;194;65m██[38;2;181;189;66m██[38;2;55;90;116m██[38;2;58;93;119m██[38;2;181;189;66m██[38;2;62;97;123m██[38;2;190;194;65m██[38;2;179;189;74m██[38;2;0;0;16m██  [38;2;0;0;0m██[38;2;66;65;66m██[38;2;168;203;229m████[38;2;83;118;144m██[38;2;84;119;145m████[38;2;0;0;0m██    
                                  ████[38;2;181;174;82m██[38;2;57;92;118m██[38;2;69;104;130m██[38;2;181;189;66m██[38;2;190;194;65m██[38;2;62;97;123m████[38;2;66;65;66m██[38;2;0;0;0m██    ██[38;2;168;203;229m████[38;2;0;0;0m████████      
                                      [38;2;0;0;16m██[38;2;57;92;118m██[38;2;57;60;66m████[38;2;62;97;123m██████████[38;2;0;0;0m██    ████              
                                    ██[38;2;84;119;145m████[38;2;83;118;144m██[38;2;62;97;123m██████[38;2;64;99;125m████[38;2;0;0;0m██                        
                                  ██[38;2;83;118;144m██[38;2;84;119;145m████[38;2;62;97;123m████████[38;2;60;62;54m██[38;2;0;0;0m██                          
                                    ████[38;2;62;97;123m██████[38;2;66;65;66m████[38;2;0;0;0m██                            
                                        ██[38;2;66;65;66m██[38;2;62;97;123m████████[38;2;0;0;0m██                          
                                        ██[38;2;62;97;123m██████[38;2;0;0;0m████                            
                                          ██████                                
[0m