                            [38;2;0;0;0m██            
                            ██            
                            ██            
                        ██████            
                      ██                  
            ██████████[38;2;66;67;66m██[38;2;0;0;0m██                
        ████[38;2;255;255;255m████████[38;2;66;65;66m██[38;2;255;255;255m████[38;2;0;0;0m████████        
    ████[38;2;255;255;255m████████████[38;2;66;65;66m██[38;2;255;255;255m████████████[38;2;0;0;0m████    
  [38;2;16;0;10m██[38;2;255;255;255m██████████████████████████████████[38;2;0;0;0m██  
██[38;2;255;255;255m██[38;2;235;156;210m██[38;2;236;155;209m██████[38;2;255;255;255m████████████████████████[38;2;236;155;209m██[38;2;235;156;210m██[38;2;0;0;0m██
██[38;2;255;255;255m██[38;2;236;155;209m██[38;2;235;156;209m████████████[38;2;235;156;210m██[38;2;255;255;255m██████████[38;2;255;247;254m██[38;2;224;167;204m██[38;2;235;156;210m██[38;2;176;97;150m██[38;2;178;97;153m██[38;2;0;0;0m██
██[38;2;255;255;255m██[38;2;236;155;209m██[38;2;235;156;209m████████████[38;2;235;156;210m████[38;2;236;155;209m████████[38;2;224;167;204m██[38;2;188;85;152m██[38;2;176;97;150m████[38;2;178;97;153m██[38;2;0;0;0m██
██[38;2;255;247;254m██[38;2;235;156;210m██[38;2;66;65;66m████[38;2;235;156;210m████[38;2;235;156;209m████████[38;2;235;156;210m██[38;2;255;255;255m██████[38;2;235;156;210m██[38;2;176;97;150m██[38;2;178;97;150m████[38;2;178;97;153m██[38;2;0;0;0m██
██[38;2;255;247;254m██[38;2;74;57;68m██[38;2;235;156;210m████[38;2;107;49;85m██[38;2;235;156;210m██[38;2;235;156;209m████████[38;2;235;156;210m████[38;2;255;255;255m████[38;2;235;156;210m██[38;2;176;97;150m██[38;2;178;97;150m████[38;2;178;97;153m██[38;2;0;0;0m██
██[38;2;255;255;255m██[38;2;66;65;66m██[38;2;235;156;209m████[38;2;107;49;85m██[38;2;235;156;210m██[38;2;235;156;209m████[38;2;235;156;210m██[38;2;66;65;66m██[38;2;84;55;75m██[38;2;235;156;210m████[38;2;255;255;255m██[38;2;235;156;210m██[38;2;176;97;150m██[38;2;178;97;150m████[38;2;178;97;153m██[38;2;0;0;0m██
██[38;2;255;255;255m██[38;2;66;65;66m██[38;2;235;156;209m████[38;2;107;49;85m██[38;2;235;156;210m██[38;2;235;156;209m████[38;2;66;65;66m██[38;2;235;156;210m████[38;2;84;55;75m██[38;2;235;156;210m██████[38;2;176;97;150m██[38;2;178;97;150m████[38;2;178;97;153m██[38;2;0;0;0m██
██[38;2;255;255;255m██[38;2;236;155;209m██[38;2;84;55;75m████[38;2;235;156;210m████[38;2;235;156;209m████[38;2;66;65;66m██[38;2;235;156;210m████[38;2;107;49;85m██[38;2;235;156;209m████[38;2;235;156;210m██[38;2;176;97;150m██[38;2;178;97;150m████[38;2;178;97;153m██[38;2;0;0;0m██
██[38;2;255;255;255m██[38;2;236;155;209m██[38;2;235;156;210m████[38;2;107;49;85m████[38;2;235;156;209m████[38;2;66;65;66m██[38;2;235;156;210m████[38;2;107;49;85m██[38;2;235;156;209m████[38;2;176;97;150m████[38;2;178;97;150m████[38;2;178;97;153m██[38;2;0;0;0m██
██[38;2;255;255;255m██[38;2;236;155;209m██[38;2;235;156;210m██[38;2;84;55;75m██[38;2;255;255;255m████[38;2;90;57;79m██[38;2;235;156;210m████[38;2;66;65;66m██[38;2;107;49;85m██[38;2;235;156;210m██[38;2;235;156;209m████[38;2;178;97;150m████████[38;2;178;97;153m██[38;2;0;0;0m██
██[38;2;255;255;255m████[38;2;235;156;210m██[38;2;84;55;75m██[38;2;236;155;209m████[38;2;166;104;147m██[38;2;90;57;79m██[38;2;235;156;210m████████[38;2;235;156;209m████[38;2;178;97;150m████████[38;2;0;0;0m██  
  ██[38;2;255;255;255m████[38;2;235;156;210m██[38;2;66;65;66m██████[38;2;235;156;210m██[38;2;235;156;209m████████████[38;2;176;97;150m████[38;2;164;103;142m██[38;2;246;155;214m██[38;2;0;0;0m██  
    ██[38;2;16;0;11m██[38;2;235;156;210m██████████[38;2;235;156;209m████████████[38;2;176;97;150m██[38;2;235;156;210m██[38;2;0;0;0m████    
        ████[38;2;107;49;85m██[38;2;90;57;79m████[38;2;235;156;210m████████████[38;2;0;0;0m████        
            ██[38;2;90;57;79m██[38;2;255;255;255m██[38;2;107;49;85m████████[38;2;84;55;72m██[38;2;16;0;10m██            
          [38;2;0;0;0m██[38;2;133;26;94m██[38;2;255;255;255m██████████[38;2;214;107;175m██[38;2;133;26;94m████[38;2;0;0;0m██          
        ██[38;2;133;26;94m████[38;2;255;255;255m████████[38;2;214;107;175m████[38;2;0;0;0m██[38;2;133;26;94m██[38;2;134;27;95m██[38;2;0;0;0m██        
          ████[38;2;255;255;255m████████████[38;2;178;97;153m██[38;2;0;0;0m██[38;2;133;26;94m████[38;2;0;0;0m██      
              ██[38;2;255;255;255m██████[38;2;210;181;200m██[38;2;178;97;153m████[38;2;0;0;0m████████      
              ██[38;2;207;189;207m██[38;2;206;189;205m████████[38;2;207;189;207m██[38;2;0;0;0m██            
          ████[38;2;68;63;69m████[38;2;206;189;205m████████[38;2;207;189;207m██[38;2;68;63;69m██[38;2;0;0;0m██          
        ██[38;2;189;141;49m████████[38;2;0;0;0m████[38;2;82;63;43m████[38;2;85;63;35m██[38;2;0;0;16m██            
          [38;2;0;0;0m████████    [38;2;0;0;24m██[38;2;247;190;82m██[38;2;255;189;74m████[38;2;0;0;0m██          
                    ██[38;2;255;194;66m██[38;2;170;130;44m██[38;2;255;194;66m██[38;2;172;130;44m██[38;2;255;189;66m██[38;2;0;0;0m██        
                      ████[38;2;255;194;66m██[38;2;8;4;0m██[38;2;0;0;0m██          
                          ██              
[0m