              [38;2;0;0;0m██████                
          ████[38;2;170;173;34m██████[38;2;0;0;0m████            
        ██[38;2;170;173;34m██████████████[38;2;0;0;0m██          
      ██[38;2;100;102;1m██[38;2;133;136;1m██[38;2;170;173;34m██████[38;2;133;136;1m████[38;2;170;173;34m████[38;2;0;0;0m██        
    ██[38;2;170;173;34m████[38;2;100;102;1m██████[38;2;133;136;1m██[38;2;193;157;61m██[38;2;255;240;176m██[38;2;133;136;1m██[38;2;170;173;34m██[38;2;0;0;0m██        
    ██[38;2;65;65;65m██[38;2;170;173;34m██████[38;2;133;136;1m██[38;2;255;240;176m██[38;2;160;132;42m██[38;2;255;240;176m██[38;2;100;102;1m██[38;2;133;136;1m████[38;2;0;0;0m██      
  ██  ██[38;2;65;65;65m██████[38;2;170;173;34m████[38;2;100;102;1m████[38;2;133;136;1m██████[38;2;0;0;0m██      
██[38;2;255;240;176m██[38;2;0;0;0m██  ██[38;2;197;99;82m████[38;2;65;65;65m████[38;2;133;136;1m██████████[38;2;0;0;0m██      
██[38;2;229;201;84m██[38;2;0;0;0m██    ██[38;2;197;99;82m██████[38;2;100;102;1m██[38;2;133;136;1m██████[38;2;0;0;0m██        
██[38;2;255;240;176m████[38;2;0;0;0m██    ████[38;2;65;65;65m██[38;2;229;201;84m██[38;2;133;136;1m██████[38;2;0;0;0m██        
  ██[38;2;229;201;84m████[38;2;0;0;0m██    ██[38;2;255;240;176m██[38;2;229;201;84m██████[38;2;0;0;0m██          
  ██[38;2;255;240;176m████[38;2;133;136;1m██[38;2;0;0;0m████[38;2;170;173;34m████[38;2;255;240;176m██[38;2;229;201;84m██[38;2;65;65;65m████[38;2;0;0;0m██        
    ██[38;2;133;136;1m██[38;2;65;65;65m██[38;2;100;102;1m██[38;2;170;173;34m████████[38;2;65;65;65m██[38;2;133;136;1m██████[38;2;0;0;0m████    
      ██[38;2;65;65;65m██[38;2;170;173;34m████████[38;2;65;65;65m██[38;2;133;136;1m████[38;2;100;102;1m██[38;2;133;136;1m████[38;2;65;65;65m██[38;2;0;0;0m██  
    ██[38;2;133;136;1m██[38;2;65;65;65m██[38;2;170;173;34m████████[38;2;100;102;1m██████[38;2;133;136;1m██████[38;2;65;65;65m██[38;2;133;136;1m██[38;2;0;0;0m██
    ██[38;2;133;136;1m████[38;2;65;65;65m██[38;2;170;173;34m████████[38;2;133;136;1m██[38;2;170;173;34m██[38;2;133;136;1m████[38;2;65;65;65m██[38;2;133;136;1m████[38;2;0;0;0m██
    ██[38;2;100;102;1m██[38;2;133;136;1m████[38;2;65;65;65m████[38;2;170;173;34m████[38;2;133;136;1m██[38;2;170;173;34m██[38;2;65;65;65m████[38;2;133;136;1m████[38;2;100;102;1m██[38;2;0;0;0m██
      ██[38;2;133;136;1m██[38;2;100;102;1m██[38;2;133;136;1m██[38;2;170;173;34m██[38;2;65;65;65m████████[38;2;170;173;34m██[38;2;133;136;1m██[38;2;100;102;1m██[38;2;133;136;1m██[38;2;0;0;0m██  
        ██[38;2;100;102;1m██[38;2;170;173;34m████████████████[38;2;100;102;1m██[38;2;0;0;0m██    
          ████[38;2;133;136;1m██[38;2;170;173;34m████████[38;2;133;136;1m██[38;2;0;0;0m████      
              ████████████          
[0m