            [38;2;0;0;0m████████            
        ████[38;2;255;255;255m████████[38;2;0;0;0m████        
    ████[38;2;255;255;255m████████████████[38;2;0;0;0m████    
    ██[38;2;255;255;255m████████████████████[38;2;0;0;0m██    
  ██[38;2;255;255;255m████████████████████████[38;2;0;0;0m██  
  ██[38;2;65;65;65m██[38;2;255;255;255m██████████████████████[38;2;0;0;0m██  
██[38;2;255;255;255m████████████[38;2;65;65;65m████[38;2;255;255;255m██████████[38;2;189;189;189m██[38;2;0;0;0m██
██[38;2;255;255;255m██[38;2;0;0;0m██[38;2;255;255;255m██[38;2;65;65;65m██[38;2;255;255;255m██[38;2;65;65;65m██[38;2;255;255;255m████[38;2;65;65;65m██[38;2;255;255;255m██████[38;2;189;189;189m████[38;2;0;0;0m██
██[38;2;182;200;255m██[38;2;0;0;0m██[38;2;255;255;255m████[38;2;65;65;65m██[38;2;255;255;255m██████████████[38;2;189;189;189m██[38;2;142;156;199m██[38;2;0;0;0m██
██[38;2;65;100;255m██[38;2;182;200;255m██[38;2;255;255;255m████████[38;2;0;0;0m██[38;2;255;255;255m████████[38;2;189;189;189m██[38;2;142;156;199m██[38;2;57;94;255m██[38;2;0;0;0m██
  ██[38;2;65;100;255m██[38;2;182;200;255m██[38;2;255;255;255m██████[38;2;0;0;0m██[38;2;255;255;255m████[38;2;189;189;189m████[38;2;142;156;199m██[38;2;57;94;255m██[38;2;0;0;0m██  
  ██[38;2;65;100;255m██[38;2;65;65;65m██[38;2;65;100;255m██[38;2;182;200;255m██████[38;2;142;156;199m██████[38;2;57;94;255m██████[38;2;0;0;0m██  
    ██[38;2;255;255;255m██[38;2;65;65;65m██████████[38;2;57;94;255m████████[38;2;0;0;0m██    
    ████[38;2;255;255;255m██[38;2;189;189;189m██[38;2;255;255;255m██[38;2;189;189;189m██[38;2;255;255;255m██[38;2;65;65;65m██[38;2;57;94;255m████[38;2;0;0;0m████    
        ████[38;2;255;255;255m██[38;2;189;189;189m██[38;2;65;65;65m██[38;2;57;94;255m██[38;2;0;0;0m████        
            ████████            
[0m