                            [38;2;0;0;0m██                                    
                          ██[38;2;255;217;180m██[38;2;0;0;0m██                                  
                          ██[38;2;255;156;65m██[38;2;0;0;0m██                                  
          ████          ██[38;2;65;64;65m██[38;2;255;156;65m██[38;2;0;0;0m██                                  
        ██[38;2;255;163;82m██[38;2;189;116;82m██[38;2;0;0;0m██      ██[38;2;95;84;126m██[38;2;255;156;65m██[38;2;189;116;82m██[38;2;0;4;16m██              [38;2;0;0;0m████                
        ██[38;2;169;109;54m██[38;2;189;116;82m██[38;2;0;0;0m██    ██[38;2;255;217;180m██[38;2;95;84;126m██[38;2;255;156;65m██[38;2;189;116;82m██[38;2;63;46;38m██[38;2;0;0;0m██          ██[38;2;255;217;180m██[38;2;255;156;65m██[38;2;0;0;0m██              
          ████[38;2;189;116;82m██[38;2;0;0;0m██  [38;2;65;64;65m██[38;2;255;156;65m██[38;2;98;85;123m██[38;2;255;152;57m██[38;2;178;121;87m██[38;2;101;84;117m██[38;2;255;156;65m██[38;2;0;0;0m████      ██[38;2;255;163;82m██[38;2;255;156;65m██[38;2;0;0;0m██              
              ██[38;2;189;116;82m██[38;2;0;0;0m██[38;2;65;64;65m██[38;2;255;156;65m██[38;2;176;124;90m██[38;2;98;85;123m██[38;2;178;121;87m██[38;2;255;152;57m██[38;2;255;156;65m██████[38;2;0;0;0m██  ██[38;2;169;109;54m██[38;2;0;0;0m████                
              ██[38;2;189;116;82m████[38;2;65;60;74m██[38;2;191;120;74m██[38;2;178;121;87m██[38;2;101;84;117m██[38;2;255;156;65m██[38;2;254;217;180m████[38;2;255;156;65m██████[38;2;65;60;65m██[38;2;255;152;65m██[38;2;0;0;0m██                    
                [38;2;0;4;16m██[38;2;63;46;38m██[38;2;255;148;74m██[38;2;191;120;74m██[38;2;178;121;87m██[38;2;255;152;57m██[38;2;254;217;180m████[38;2;255;156;65m██████[38;2;65;64;65m██[38;2;255;152;65m██[38;2;191;122;65m██[38;2;0;0;0m██                    
                [38;2;8;4;65m██[38;2;90;80;76m██[38;2;255;178;106m████[38;2;255;196;139m████[38;2;255;217;180m██[38;2;95;86;120m██[38;2;95;84;126m██[38;2;255;156;65m██[38;2;254;156;63m████[38;2;255;160;74m██[38;2;8;0;8m██                      
              [38;2;0;0;0m██[38;2;255;170;98m██[38;2;90;80;76m██[38;2;95;86;123m██[38;2;255;178;106m██[38;2;255;196;139m██[38;2;95;84;123m██[38;2;95;86;120m████[38;2;255;156;65m████[38;2;254;156;63m████[38;2;172;107;52m██[38;2;255;160;74m██[38;2;0;0;0m██                    
            [38;2;0;0;24m██[38;2;115;96;90m██[38;2;255;156;65m██[38;2;106;76;115m██[38;2;95;84;126m██[38;2;255;156;65m██[38;2;95;84;123m████[38;2;95;84;126m██[38;2;255;156;65m██████████[38;2;254;156;63m████[38;2;255;156;65m██[38;2;0;0;0m████                
          ██[38;2;172;137;123m██[38;2;115;96;90m██[38;2;156;115;98m██[38;2;255;156;65m██[38;2;95;84;126m████[38;2;95;84;123m████[38;2;255;156;65m██████[38;2;95;84;126m████[38;2;255;156;65m██[38;2;254;156;63m████[38;2;255;156;65m████[38;2;189;116;82m██[38;2;0;0;0m██              
          ██[38;2;180;124;98m██[38;2;120;86;71m██[38;2;255;255;255m██[38;2;0;0;0m██[38;2;95;84;126m██████[38;2;255;156;65m██████[38;2;95;84;123m████[38;2;254;156;63m████████████[38;2;255;156;65m████[38;2;0;0;0m██            
            [38;2;0;0;16m██[38;2;180;124;98m██[38;2;255;255;255m██[38;2;0;0;0m██[38;2;255;156;65m██[38;2;95;84;126m██[38;2;255;156;65m████[38;2;0;0;16m██[38;2;84;56;32m██[38;2;255;255;255m██[38;2;95;84;123m██[38;2;254;156;63m████████████[38;2;255;156;65m██[38;2;189;114;79m██[38;2;0;0;0m██            
              ██[38;2;255;188;131m████[38;2;95;84;126m██[38;2;255;156;65m████[38;2;65;64;65m██[38;2;0;0;0m██[38;2;255;188;131m████[38;2;95;83;126m██[38;2;255;156;65m████████[38;2;189;116;82m████[38;2;0;0;0m████              
              ████[38;2;255;188;131m██[38;2;255;156;65m████████[38;2;255;188;131m████████[38;2;255;156;65m██[38;2;189;114;79m██████[38;2;63;46;38m██[38;2;0;4;16m██                  
            [38;2;0;0;24m██[38;2;115;96;90m██[38;2;189;116;82m██[38;2;57;60;90m██[38;2;255;156;65m██[38;2;74;72;82m██[38;2;255;156;65m████[38;2;65;64;65m████[38;2;65;61;57m██[38;2;213;174;156m██[38;2;191;191;191m██[38;2;65;64;65m██[38;2;191;112;76m██[38;2;65;64;65m██[38;2;191;115;79m████[38;2;0;0;0m██                
      ██  ██[38;2;172;137;123m██[38;2;115;96;90m██[38;2;101;91;87m██[38;2;189;116;82m██[38;2;74;72;82m████[38;2;95;84;126m████[38;2;191;112;76m████[38;2;164;136;123m██[38;2;65;61;57m██[38;2;255;255;255m██[38;2;65;64;65m████[38;2;191;112;76m██[38;2;191;115;79m██[38;2;98;85;123m██[38;2;94;85;123m██[38;2;0;0;0m██              
    ██[38;2;189;116;82m██[38;2;0;0;16m██[38;2;120;86;71m██[38;2;189;116;82m████[38;2;94;85;123m██[38;2;65;64;65m██[38;2;255;156;65m██[38;2;65;64;65m████████████████[38;2;191;112;76m██[38;2;189;114;79m████[38;2;65;60;82m██[38;2;106;90;84m██[38;2;191;115;79m████[38;2;0;0;0m██  ██        
    ██[38;2;189;116;82m██[38;2;180;124;98m████[38;2;94;85;123m████[38;2;65;64;65m████[38;2;255;156;65m████[38;2;255;152;74m██[38;2;191;123;71m██[38;2;94;85;123m████████[38;2;191;112;76m████[38;2;255;156;65m██[38;2;189;114;79m██[38;2;189;121;90m██[38;2;65;60;82m██[38;2;191;115;79m██[38;2;98;85;123m██[38;2;94;85;123m██[38;2;0;0;0m██[38;2;255;156;65m██[38;2;0;0;0m██      
    [38;2;0;0;16m██[38;2;120;86;71m██[38;2;189;116;82m████[38;2;180;134;115m██[38;2;60;53;54m██[38;2;65;64;65m██[38;2;255;156;65m██[38;2;255;152;57m██[38;2;176;124;90m██[38;2;95;84;123m████[38;2;98;85;123m████[38;2;189;114;79m██[38;2;255;156;65m██[38;2;254;156;63m████[38;2;255;152;57m██[38;2;178;121;87m██[38;2;94;85;123m██[38;2;0;0;0m████[38;2;94;85;123m██[38;2;189;114;79m████[38;2;255;170;98m██[38;2;8;4;65m██      
  [38;2;0;0;0m██[38;2;180;124;98m████[38;2;94;85;123m████[38;2;120;94;84m██[38;2;0;4;24m██[38;2;65;64;65m██[38;2;255;156;65m██[38;2;98;85;123m████[38;2;95;84;123m████[38;2;176;124;90m██[38;2;255;152;57m██[38;2;255;156;65m████[38;2;254;156;63m████[38;2;178;121;87m██[38;2;101;84;117m██[38;2;94;85;123m██[38;2;0;0;0m██  ██[38;2;255;156;65m██[38;2;189;114;79m██[38;2;90;80;76m████[38;2;0;0;0m██    
  ██[38;2;94;85;123m██[38;2;189;116;82m██████[38;2;0;0;0m██  ██[38;2;94;85;123m██[38;2;95;84;123m████████[38;2;95;84;126m████[38;2;255;152;57m████[38;2;189;116;82m██[38;2;94;85;123m██████[38;2;189;122;90m██[38;2;0;4;8m██  [38;2;0;0;0m██[38;2;101;84;117m██[38;2;255;152;57m██[38;2;255;156;65m████[38;2;0;0;0m██    
██[38;2;189;116;82m████[38;2;94;85;123m██████[38;2;0;0;0m██    ██[38;2;95;84;123m████████[38;2;255;156;65m████[38;2;178;121;87m██[38;2;101;84;117m██[38;2;94;85;123m████[38;2;189;116;82m████[38;2;63;46;35m██[38;2;0;4;8m██  [38;2;0;0;0m██[38;2;255;152;57m██[38;2;178;121;87m██[38;2;95;84;126m████[38;2;94;85;123m██[38;2;0;0;0m██  
██[38;2;189;116;82m██[38;2;191;112;76m████████[38;2;0;0;0m██      ██[38;2;94;85;123m██[38;2;191;112;76m████[38;2;189;116;82m████████[38;2;191;115;79m████[38;2;189;116;82m██[38;2;0;0;0m████      [38;2;8;4;41m██[38;2;90;68;57m██[38;2;254;156;63m████[38;2;255;156;65m██[38;2;0;0;0m██  
██[38;2;189;116;82m██[38;2;191;112;76m██[38;2;65;64;65m██[38;2;191;112;76m██[38;2;65;64;65m██          [38;2;0;0;0m██[38;2;65;64;65m██[38;2;191;112;76m██[38;2;189;116;82m██[38;2;0;0;0m████[38;2;189;116;82m██[38;2;191;115;79m██[38;2;98;85;123m██[38;2;0;0;0m██        ██[38;2;172;118;74m██[38;2;255;167;90m██[38;2;254;156;63m████[38;2;255;156;65m████[38;2;0;0;0m██
  ██[38;2;189;116;82m████[38;2;65;64;65m██[38;2;0;0;0m██          ██[38;2;189;116;82m████[38;2;0;0;0m██    ██[38;2;115;96;90m████[38;2;172;126;106m██[38;2;0;0;8m██      [38;2;0;0;0m██[38;2;255;156;65m████[38;2;255;152;65m████[38;2;255;156;65m██[38;2;189;114;79m██[38;2;0;0;0m██
    ██████        ████[38;2;189;116;82m██[38;2;94;85;123m████[38;2;0;0;0m██      [38;2;0;0;24m██[38;2;172;137;123m██[38;2;115;86;74m██[38;2;0;0;8m██      [38;2;0;0;0m██[38;2;65;64;65m██[38;2;255;156;65m██[38;2;65;60;65m██[38;2;191;122;65m██[38;2;189;114;79m████[38;2;0;0;0m██
              ██[38;2;8;0;8m██[38;2;255;167;90m██[38;2;255;156;65m██[38;2;95;84;126m██[38;2;98;85;123m██[38;2;191;115;79m██[38;2;63;46;35m██[38;2;0;4;8m██    [38;2;8;4;41m██[38;2;90;66;52m██[38;2;101;84;117m██[38;2;178;121;87m██[38;2;0;0;0m██      ████[38;2;189;116;82m██████[38;2;0;0;0m██  
            ██[38;2;255;255;255m██[38;2;172;112;63m████[38;2;255;156;65m████[38;2;191;115;79m████[38;2;189;122;90m██[38;2;0;4;8m██  [38;2;0;0;0m██[38;2;255;160;74m████[38;2;255;152;57m████[38;2;255;156;65m██[38;2;0;0;0m██        ██████    
              ████[38;2;255;255;255m██[38;2;189;116;82m██████[38;2;0;0;0m████    ██[38;2;255;203;156m██[38;2;172;135;104m██[38;2;169;109;54m██[38;2;255;163;82m██[38;2;172;149;131m████[38;2;0;0;0m██                
                  ████████          [38;2;8;0;0m██[38;2;255;203;156m██[38;2;0;0;0m████[38;2;8;0;0m██[38;2;255;225;197m██[38;2;0;0;0m██                
                                      ██      ██                  
[0m