              [38;2;0;0;0m██                                        
            ██[38;2;109;140;254m██[38;2;0;0;0m██  ██                                  
            ██[38;2;109;140;254m████[38;2;0;0;0m██[38;2;101;89;89m██[38;2;0;0;0m██        ██            ██        
          ██[38;2;109;140;254m██████[38;2;0;0;0m██[38;2;101;89;89m██[38;2;0;0;0m██████  ██[38;2;101;89;89m██[38;2;0;0;0m██        ██[38;2;109;140;254m██[38;2;0;0;0m██      
        ██[38;2;109;140;254m██████[38;2;0;0;0m██[38;2;101;89;89m████[38;2;65;65;65m██[38;2;219;117;1m████[38;2;0;0;0m██[38;2;65;65;65m██[38;2;101;89;89m██[38;2;0;0;0m██    ████[38;2;109;140;254m████[38;2;0;0;0m██      
        ██[38;2;109;140;254m██████[38;2;65;65;65m██[38;2;101;89;89m████[38;2;219;117;1m██[38;2;255;142;14m██[38;2;65;65;65m██[38;2;101;89;89m██████[38;2;0;0;0m██  ██[38;2;109;140;254m████████[38;2;0;0;0m██      
        ██[38;2;109;140;254m██████[38;2;165;90;49m██[38;2;65;65;65m██[38;2;101;89;89m██[38;2;255;142;14m██[38;2;65;65;65m██[38;2;101;89;89m██████[38;2;65;65;65m██[38;2;219;117;1m██[38;2;0;0;0m████[38;2;109;140;254m██████[38;2;0;0;0m██        
          ██[38;2;109;140;254m██[38;2;165;90;49m██[38;2;65;65;65m██[38;2;255;255;255m██[38;2;101;89;89m████████[38;2;65;65;65m████[38;2;255;142;14m████[38;2;109;140;254m██[38;2;65;65;65m██[38;2;109;140;254m██[38;2;168;230;255m██[38;2;109;140;254m████[38;2;0;0;0m██      
          ██[38;2;168;230;255m██[38;2;165;90;49m██[38;2;255;255;255m██[38;2;255;142;14m██[38;2;111;133;215m████[38;2;101;89;89m██[38;2;0;0;0m██[38;2;255;255;255m██[38;2;214;107;66m██[38;2;255;142;14m██[38;2;219;117;1m██[38;2;65;65;65m██[38;2;109;140;254m██[38;2;168;230;255m████[38;2;109;140;254m████[38;2;0;0;0m██      
      ████[38;2;219;117;1m██[38;2;168;230;255m██[38;2;219;117;1m██[38;2;255;255;255m██[38;2;111;133;215m████[38;2;88;110;192m██[38;2;214;107;66m██[38;2;255;142;14m████[38;2;255;255;255m██[38;2;219;117;1m██[38;2;101;89;89m██[38;2;168;230;255m████████[38;2;109;140;254m██[38;2;0;0;0m██        
    ██[38;2;101;89;89m██[38;2;142;198;247m██[38;2;219;117;1m██[38;2;168;230;255m████[38;2;255;142;14m██[38;2;165;90;49m██[38;2;255;142;14m██████[38;2;219;117;1m██[38;2;165;90;49m██[38;2;255;255;255m██[38;2;101;89;89m████[38;2;168;230;255m████[38;2;101;89;89m██[38;2;65;65;65m██[38;2;109;140;254m██[38;2;0;0;0m██        
  ██[38;2;109;140;254m██████[38;2;101;89;89m██[38;2;219;117;1m██[38;2;168;230;255m████[38;2;255;142;14m██[38;2;165;90;49m████████[38;2;255;142;14m██[38;2;168;230;255m████████[38;2;219;117;1m████[38;2;183;241;255m██[38;2;0;0;0m██          
  ██[38;2;101;89;89m██████[38;2;109;140;254m██[38;2;65;65;65m████[38;2;168;230;255m████[38;2;109;140;254m██[38;2;168;230;255m████████████[38;2;109;140;254m██[38;2;65;65;65m██[38;2;219;117;1m██[38;2;183;241;255m██[38;2;101;89;89m████[38;2;0;0;0m██        
██[38;2;101;89;89m██[38;2;189;189;189m██[38;2;255;255;255m██[38;2;101;89;89m████[38;2;65;65;65m██[38;2;142;198;247m██[38;2;101;89;89m████████[38;2;255;142;14m██[38;2;168;230;255m██████[38;2;101;89;89m██████[38;2;65;65;65m██[38;2;109;140;254m████[38;2;101;89;89m██[38;2;65;65;65m██[38;2;0;0;0m██      
██[38;2;101;89;89m██[38;2;255;255;255m██████[38;2;65;65;65m██[38;2;142;198;247m██[38;2;101;89;89m████[38;2;183;241;255m██[38;2;142;198;247m██[38;2;101;89;89m████████████[38;2;142;198;247m██[38;2;65;65;65m██[38;2;101;89;89m██████[38;2;109;140;254m██[38;2;101;89;89m██[38;2;0;0;0m██      
██[38;2;101;89;89m████████[38;2;65;65;65m██[38;2;142;198;247m██[38;2;101;89;89m██[38;2;183;241;255m██[38;2;142;198;247m██[38;2;183;241;255m██[38;2;101;89;89m██[38;2;183;241;255m████[38;2;101;89;89m████[38;2;142;198;247m██[38;2;65;65;65m██[38;2;101;89;89m██████████[38;2;109;140;254m██[38;2;0;0;0m██████  
  ██[38;2;255;255;255m████[38;2;0;0;0m██[38;2;65;65;65m██[38;2;101;89;89m████[38;2;183;241;255m██[38;2;142;198;247m██████████[38;2;183;241;255m██[38;2;101;89;89m██[38;2;142;198;247m██[38;2;65;65;65m██[38;2;101;89;89m██[38;2;255;255;255m████[38;2;101;89;89m████[38;2;109;140;254m██[38;2;65;65;65m████[38;2;0;0;0m██  
    ████  ██[38;2;109;140;254m████[38;2;101;89;89m██[38;2;183;241;255m████[38;2;101;89;89m██[38;2;183;241;255m██[38;2;142;198;247m██[38;2;183;241;255m██[38;2;101;89;89m████[38;2;65;65;65m██[38;2;255;255;255m████[38;2;189;189;189m██[38;2;101;89;89m████[38;2;109;140;254m██[38;2;65;65;65m██████[38;2;0;0;0m██
          ██[38;2;101;89;89m██[38;2;109;140;254m██████████[38;2;142;198;247m██[38;2;183;241;255m██[38;2;101;89;89m████[38;2;109;140;254m████[38;2;65;65;65m████[38;2;101;89;89m████[38;2;109;140;254m██[38;2;0;0;0m██[38;2;65;65;65m██[38;2;0;0;0m████  
        ██[38;2;101;89;89m████████[38;2;65;65;65m██[38;2;0;0;0m████[38;2;109;140;254m████████████[38;2;65;65;65m██[38;2;189;189;189m████[38;2;65;65;65m██[38;2;0;0;0m██  ████    
        ██[38;2;255;255;255m██[38;2;189;189;189m██[38;2;255;255;255m██[38;2;65;65;65m██[38;2;0;0;0m██    ████████[38;2;109;140;254m██[38;2;101;89;89m██[38;2;109;140;254m██[38;2;65;65;65m████[38;2;101;89;89m██[38;2;0;0;0m██          
          ████████              ██[38;2;65;65;65m██[38;2;101;89;89m████████[38;2;0;0;0m██          
                                  ██[38;2;101;89;89m██████[38;2;0;0;0m██            
                                  ██[38;2;255;255;255m██[38;2;189;189;189m██[38;2;255;255;255m██[38;2;0;0;0m██            
                                    ██████              
[0m