                  [38;2;0;0;0m██                          
                ██[38;2;243;255;58m██[38;2;0;0;0m██                        
              ██[38;2;189;187;58m██[38;2;243;255;58m██[38;2;0;0;0m██                        
          ████[38;2;243;255;58m██████[38;2;189;187;58m██[38;2;0;0;0m██                      
        ██[38;2;189;187;58m██[38;2;53;53;53m██[38;2;189;187;58m██[38;2;243;255;58m██████[38;2;0;0;0m██                      
        ██[38;2;189;187;58m████[38;2;53;53;53m██[38;2;243;255;58m██[38;2;189;187;58m██[38;2;0;0;0m██    ████                
        ██[38;2;189;187;58m██[38;2;58;88;115m██[38;2;53;53;53m██[38;2;243;255;58m██[38;2;53;53;53m██[38;2;58;88;115m██[38;2;0;0;0m████[38;2;243;255;58m██[38;2;0;0;0m██                
      ██[38;2;189;187;58m████[38;2;53;53;53m██[38;2;189;187;58m██[38;2;243;255;58m██[38;2;53;53;53m██[38;2;58;88;115m██[38;2;53;53;53m██[38;2;189;187;58m██[38;2;243;255;58m██[38;2;0;0;0m██                
      ██[38;2;189;187;58m██[38;2;58;88;115m██[38;2;53;53;53m██[38;2;243;255;58m██[38;2;189;187;58m██[38;2;53;53;53m██[38;2;58;88;115m██[38;2;53;53;53m██[38;2;243;255;58m████[38;2;58;88;115m██[38;2;0;0;0m██              
      ██[38;2;189;187;58m██[38;2;58;88;115m██[38;2;53;53;53m██[38;2;243;255;58m██[38;2;53;53;53m██[38;2;91;212;220m██[38;2;58;88;115m████[38;2;53;53;53m██[38;2;243;255;58m██[38;2;58;88;115m██[38;2;0;0;0m██████          
      ██[38;2;189;187;58m██[38;2;53;53;53m██[38;2;189;187;58m██[38;2;243;255;58m██[38;2;53;53;53m██[38;2;91;212;220m██[38;2;58;88;115m██[38;2;91;212;220m██[38;2;243;255;58m████[38;2;58;88;115m████[38;2;80;170;194m██[38;2;91;212;220m██[38;2;0;0;0m██        
      ██[38;2;189;187;58m████[38;2;243;255;58m████[38;2;53;53;53m██[38;2;80;170;194m████[38;2;91;212;220m██[38;2;243;255;58m██[38;2;58;88;115m██[38;2;80;170;194m██[38;2;91;212;220m████[38;2;0;0;0m██          
        ██[38;2;189;187;58m██[38;2;243;255;58m████[38;2;255;255;255m██[38;2;0;0;0m██[38;2;255;255;255m██[38;2;243;255;58m████[38;2;80;170;194m██[38;2;91;212;220m████[38;2;0;0;0m██            
    ████[38;2;53;53;53m██[38;2;58;88;115m██[38;2;243;255;58m██[38;2;189;187;58m██[38;2;243;255;58m████████[38;2;80;170;194m██[38;2;91;212;220m████[38;2;53;53;53m██[38;2;0;0;0m██            
  ██[38;2;53;53;53m████████[38;2;243;255;58m██████[38;2;189;187;58m██[38;2;80;170;194m████[38;2;91;212;220m██[38;2;53;53;53m████[38;2;58;88;115m██[38;2;53;53;53m██[38;2;0;0;0m██          
██[38;2;80;170;194m██████[38;2;0;0;0m████[38;2;58;88;115m██[38;2;80;170;194m██████[38;2;91;212;220m██[38;2;53;53;53m████[38;2;58;88;115m██████████[38;2;0;0;0m████      
  ██████  ██[38;2;189;189;189m██[38;2;80;170;194m██[38;2;91;212;220m██[38;2;255;255;255m████[38;2;101;139;161m██[38;2;58;88;115m██[38;2;53;53;53m██[38;2;58;88;115m████████████[38;2;0;0;0m██    
        ██[38;2;189;189;189m████[38;2;80;170;194m██[38;2;91;212;220m██[38;2;255;255;255m██[38;2;101;139;161m██[38;2;58;88;115m████[38;2;53;53;53m██████[38;2;58;88;115m████████[38;2;0;0;0m██    
        ██[38;2;189;189;189m██[38;2;80;170;194m██[38;2;91;212;220m██[38;2;80;170;194m██[38;2;255;255;255m████[38;2;101;139;161m██[38;2;58;88;115m████[38;2;53;53;53m██[38;2;91;212;220m██[38;2;53;53;53m██[38;2;58;88;115m████████[38;2;0;0;0m██  
      ██[38;2;189;187;58m██[38;2;53;53;53m██[38;2;91;212;220m████[38;2;189;189;189m██[38;2;255;255;255m██[38;2;58;88;115m██[38;2;255;255;255m██[38;2;58;88;115m████[38;2;53;53;53m██[38;2;91;212;220m████[38;2;53;53;53m██[38;2;58;88;115m██████[38;2;0;0;0m██  
        ██[38;2;91;212;220m██████[38;2;255;255;255m██[38;2;101;139;161m██[38;2;255;255;255m██[38;2;101;139;161m██[38;2;58;88;115m██████[38;2;53;53;53m██[38;2;91;212;220m██████[38;2;58;88;115m████[38;2;91;212;220m██[38;2;0;0;0m██
          ██[38;2;80;170;194m██[38;2;91;212;220m██[38;2;58;88;115m████████████████[38;2;0;0;0m██[38;2;91;212;220m██████████[38;2;0;0;0m██
            ██████[38;2;58;88;115m████████████[38;2;0;0;0m██  ████[38;2;91;212;220m██████[38;2;0;0;0m██
                  ████[38;2;243;255;58m██[38;2;189;187;58m██[38;2;243;255;58m██[38;2;0;0;0m██        ████████
                      ██████                  
[0m