      [38;2;0;0;0m████    ████              
    ██[38;2;211;182;194m████[38;2;0;0;0m████[38;2;236;207;219m██[38;2;0;0;0m██              
  ██[38;2;211;182;194m████[38;2;135;106;118m██[38;2;236;207;219m██[38;2;135;106;118m██[38;2;236;207;219m██[38;2;135;106;118m██[38;2;0;0;0m██  ██████    
  ██[38;2;211;182;194m████[38;2;135;106;118m██[38;2;236;207;219m██████[38;2;189;160;172m██[38;2;236;207;219m██[38;2;0;0;0m██[38;2;189;160;172m██[38;2;236;207;219m████[38;2;0;0;0m██  
██[38;2;197;206;197m████[38;2;135;106;118m██[38;2;189;160;172m██[38;2;135;106;118m██[38;2;236;207;219m██████[38;2;135;106;118m██[38;2;236;207;219m██████████[38;2;0;0;0m██
████[38;2;135;106;118m██[38;2;236;207;219m████████████[38;2;135;106;118m██[38;2;236;207;219m████████[38;2;197;206;197m██[38;2;0;0;0m██
  ██[38;2;255;255;255m██[38;2;197;90;247m██[38;2;236;207;219m██████████████[38;2;135;106;118m██[38;2;197;206;197m██[38;2;255;255;255m████[38;2;0;0;0m██
    ██[38;2;197;90;247m██[38;2;236;207;219m██████[38;2;255;255;255m██[38;2;197;90;247m██[38;2;236;207;219m██████[38;2;135;106;118m██[38;2;0;0;0m████  
  ██[38;2;189;160;172m██[38;2;236;207;219m██[38;2;189;160;172m██[38;2;236;207;219m████[38;2;0;0;0m██[38;2;107;74;132m██[38;2;197;90;247m██[38;2;236;207;219m██████[38;2;0;0;0m██    
    ██[38;2;236;207;219m██████████[38;2;197;90;247m██[38;2;236;207;219m████[38;2;135;106;118m████[38;2;0;0;0m██    
      ████[38;2;236;207;219m████████[38;2;135;106;118m██[38;2;189;160;172m██[38;2;236;207;219m██[38;2;0;0;0m██      
          ██[38;2;189;160;172m████[38;2;135;106;118m████[38;2;0;0;0m████        
        ██[38;2;189;160;172m████████[38;2;0;0;0m██            
          ██[38;2;236;207;219m██[38;2;189;160;172m██[38;2;236;207;219m██[38;2;255;255;255m██[38;2;0;0;0m██          
        ██[38;2;236;207;219m██████[38;2;135;106;118m██[38;2;0;0;0m████          
        ██[38;2;189;160;172m██[38;2;236;207;219m██████[38;2;0;0;0m██            
          ████[38;2;255;255;255m██[38;2;189;160;172m██[38;2;0;0;0m██            
              ████              
[0m