                                          [38;2;0;0;0m████                ████                                                                    
                      ██              ████[38;2;66;64;66m████[38;2;0;0;0m██          ████[38;2;66;64;66m████[38;2;0;0;0m██        ████                                                      
                    ██[38;2;66;64;66m██[38;2;0;0;0m██        ████[38;2;66;65;66m████████[38;2;0;0;0m██    ██████[38;2;66;65;66m████████[38;2;0;0;0m██████████[38;2;66;65;66m██[38;2;66;64;66m██[38;2;0;0;0m██                                                    
                  ██[38;2;66;65;66m██[38;2;66;64;66m██[38;2;0;0;0m██      ██[38;2;66;64;66m████[38;2;66;65;66m██████████[38;2;0;0;0m████[38;2;66;65;66m██[38;2;66;64;66m████[38;2;66;65;66m████████[38;2;66;64;66m████████[38;2;66;65;66m████[38;2;66;64;66m██[38;2;0;0;0m██                                                    
                  ██[38;2;66;65;66m██[38;2;66;64;66m██[38;2;0;0;0m██  ████[38;2;66;65;66m██████████████[38;2;66;64;66m████████████████[38;2;66;65;66m██[38;2;0;0;0m████[38;2;66;65;66m██[38;2;66;64;66m████████████[38;2;0;0;0m██████                                              
                ██[38;2;66;65;66m████[38;2;66;64;66m██[38;2;0;0;0m████[38;2;66;65;66m██████████████████[38;2;0;0;0m██████████████████    ████████████████[38;2;66;64;66m██[38;2;66;65;66m██[38;2;0;0;0m████                                          
                ██[38;2;66;65;66m████████████[38;2;66;64;66m████████[38;2;0;0;0m████████                                      ██████████                                        
              ██[38;2;66;65;66m██████████████[38;2;0;0;0m████████            ████████████████████████████                                                        
████          ██[38;2;66;65;66m██████[38;2;66;64;66m████[38;2;0;0;0m████        ████████████[38;2;66;65;66m████████████████████[38;2;0;0;0m██[38;2;178;65;154m██[38;2;0;0;0m██[38;2;66;65;66m██[38;2;0;0;0m████████████      ████████                              
██[38;2;66;65;66m██[38;2;0;0;0m████    ██[38;2;66;65;66m████████[38;2;0;0;0m████    ████████[38;2;66;64;66m████████████[38;2;66;65;66m██████████████████[38;2;0;0;0m██[38;2;178;65;154m██[38;2;0;0;0m██[38;2;66;65;66m████[38;2;66;64;66m████████████[38;2;0;0;0m██████[38;2;66;65;66m██[38;2;66;64;66m████[38;2;66;65;66m██[38;2;0;0;0m████████                      
██[38;2;66;65;66m██████[38;2;0;0;0m██████[38;2;66;65;66m██████[38;2;0;0;0m██    ████[38;2;66;65;66m████████████████████████████████████[38;2;5;0;4m██[38;2;227;84;226m██[38;2;172;78;147m██[38;2;0;4;0m██[38;2;66;65;66m██████████████████████████████████████[38;2;0;0;0m██████                
  ██[38;2;66;65;66m██████[38;2;66;64;66m████[38;2;66;65;66m████[38;2;0;0;0m██  ████[38;2;66;64;66m████[38;2;66;65;66m██████████████████████████████████[38;2;0;0;0m██[38;2;227;84;226m██[38;2;153;54;152m██[38;2;0;4;0m██[38;2;86;38;76m██[38;2;66;65;66m████████████████████████████████████████[38;2;66;64;66m████[38;2;0;0;0m██              
  ██[38;2;66;65;66m████████████[38;2;0;0;0m██  ██[38;2;66;65;66m████████████[38;2;66;64;66m████[38;2;73;38;72m██[38;2;8;4;0m██[38;2;66;65;66m██[38;2;0;0;0m████████████████████[38;2;235;92;226m██[38;2;178;65;154m████[38;2;0;0;0m██████████[38;2;66;65;66m██[38;2;66;64;66m████████[38;2;66;65;66m██████████████████████████████[38;2;0;0;0m██            
    ██[38;2;66;65;66m████████[38;2;0;0;0m██  ██[38;2;66;65;66m██████████████[38;2;0;0;0m████[38;2;8;4;0m██[38;2;219;96;220m██[38;2;0;0;0m██                  ██[38;2;155;61;149m██[38;2;178;65;154m██[38;2;0;0;0m██          ██████████[38;2;66;65;66m████████████████████████████[38;2;0;0;0m██              
    ██[38;2;66;65;66m████████[38;2;0;0;0m██  ██[38;2;66;65;66m██████████[38;2;0;0;0m████    [38;2;5;0;4m██[38;2;163;59;151m██[38;2;0;0;0m██                ██[38;2;178;61;156m████[38;2;178;65;154m██[38;2;0;0;0m██                  ██████████[38;2;66;64;66m████[38;2;66;65;66m██████████████████[38;2;0;0;0m██            
      ██[38;2;66;65;66m██████[38;2;0;0;0m████[38;2;66;65;66m██████████[38;2;0;0;0m██      ██[38;2;242;90;225m██[38;2;163;59;151m██[38;2;0;0;0m██    ████████████[38;2;178;65;154m██[38;2;178;61;156m████[38;2;0;0;0m██████████████████  ██[38;2;178;65;154m██[38;2;0;0;0m██      ████[38;2;66;65;66m████████████████████[38;2;0;0;0m██          
      ██[38;2;66;65;66m██[38;2;66;64;66m██[38;2;0;0;0m██  ██[38;2;156;65;33m██[38;2;134;90;96m██[38;2;66;65;66m████[38;2;0;0;0m██        ██[38;2;178;65;154m██[38;2;120;49;110m██[38;2;0;0;0m██████[38;2;66;65;66m██████[38;2;74;42;71m██[38;2;0;0;0m██[38;2;120;51;109m████[38;2;173;81;131m████[38;2;0;0;0m██[38;2;66;65;66m██████████████[38;2;86;38;76m██[38;2;0;4;0m██[38;2;172;78;147m██[38;2;0;4;0m██[38;2;0;0;0m████        ██[38;2;66;65;66m████████████████████[38;2;0;0;0m████      
  ████[38;2;66;65;66m████[38;2;66;64;66m██[38;2;0;0;0m██  ██[38;2;192;57;209m██[38;2;156;65;33m██[38;2;66;65;66m██████[38;2;0;0;0m██  ████[38;2;121;50;111m██[38;2;120;49;110m████[38;2;0;0;0m██[38;2;66;64;66m██[38;2;66;65;66m████████[38;2;0;0;0m██[38;2;111;63;106m██[38;2;120;51;109m████[38;2;89;48;73m██[38;2;49;8;0m██[38;2;66;65;66m██████████████[38;2;0;0;0m██[38;2;0;4;0m██[38;2;172;78;147m██[38;2;0;4;0m██[38;2;86;38;76m██[38;2;66;64;66m████[38;2;0;0;0m████      ██[38;2;66;65;66m██████████████████████[38;2;0;0;0m██    
██[38;2;66;65;66m██████████[38;2;0;0;0m██  ██[38;2;214;43;223m██[38;2;165;65;49m██[38;2;66;65;66m████████[38;2;0;0;0m██[38;2;66;64;66m██[38;2;21;0;20m██[38;2;98;62;82m██[38;2;117;52;106m██[38;2;181;73;41m██[38;2;120;51;107m██[38;2;0;0;0m██[38;2;90;12;0m██[38;2;112;60;74m██[38;2;4;0;5m████[38;2;120;51;109m████[38;2;130;96;114m██[38;2;165;65;41m██[38;2;216;86;219m██[38;2;0;0;0m██████████████[38;2;5;0;4m██[38;2;227;84;226m██[38;2;178;65;154m██[38;2;0;0;0m██[38;2;66;65;66m████████████[38;2;0;0;0m████    ██[38;2;66;64;66m██[38;2;66;65;66m████████████████████[38;2;0;0;0m██  
  ██[38;2;66;65;66m██████████[38;2;0;0;0m████[38;2;168;92;149m████[38;2;181;73;44m██[38;2;66;65;66m██████[38;2;66;64;66m██[38;2;0;0;0m██[38;2;98;62;82m██[38;2;148;89;107m██[38;2;181;73;41m██[38;2;117;52;106m██[38;2;120;51;107m████[38;2;112;60;74m██[38;2;215;139;196m██[38;2;156;85;82m██[38;2;104;58;57m██[38;2;120;51;109m████[38;2;165;65;41m██[38;2;189;47;208m██[38;2;0;0;0m██          ████[38;2;227;84;226m██[38;2;153;54;152m██[38;2;0;0;0m██████[38;2;66;65;66m██████████[38;2;66;64;66m████[38;2;0;0;0m██  ██[38;2;66;64;66m██[38;2;66;65;66m██████████████████████[38;2;0;0;0m██
    ████[38;2;66;65;66m██████[38;2;0;0;0m████[38;2;120;51;109m████[38;2;83;60;79m██[38;2;181;73;41m██[38;2;85;52;60m██[38;2;24;0;27m██[38;2;0;0;0m██[38;2;120;51;107m██[38;2;120;51;109m████████[38;2;117;52;106m████[38;2;165;65;49m██[38;2;168;92;149m██[38;2;255;56;49m██[38;2;110;53;106m██[38;2;129;69;90m██[38;2;173;69;41m██[38;2;242;90;225m██[38;2;163;59;151m██[38;2;0;0;0m██        ██[38;2;216;86;219m██[38;2;179;60;158m██[38;2;178;65;154m██[38;2;0;0;0m██      ██[38;2;66;65;66m██████████████[38;2;0;0;0m██[38;2;66;65;66m██████████████████████████[38;2;0;0;0m██
        ████[38;2;66;65;66m██[38;2;66;64;66m██[38;2;0;0;0m██[38;2;120;51;109m████[38;2;83;60;79m████[38;2;170;88;79m██[38;2;85;52;60m██[38;2;120;51;107m████[38;2;120;51;109m████████[38;2;117;52;106m██[38;2;181;73;41m██[38;2;214;43;223m██[38;2;168;92;149m██[38;2;255;56;49m██[38;2;192;63;71m██[38;2;173;69;41m██[38;2;170;37;159m██[38;2;163;59;151m██[38;2;5;0;4m██      [38;2;0;0;0m████[38;2;216;86;219m██[38;2;179;60;158m████[38;2;0;0;0m██          ██[38;2;66;65;66m████████████████████████████████████[38;2;0;0;0m████  
            ████[38;2;120;51;107m██[38;2;83;60;79m████[38;2;117;52;106m████[38;2;140;55;128m██[38;2;247;60;33m██[38;2;140;55;124m████[38;2;117;52;106m██[38;2;179;62;156m██[38;2;178;65;154m████[38;2;181;73;41m██[38;2;83;60;79m██[38;2;179;62;156m████[38;2;181;73;41m██[38;2;117;52;106m██[38;2;120;51;109m████[38;2;98;62;82m██[38;2;21;0;20m██    [38;2;0;0;0m██[38;2;120;51;107m██[38;2;120;51;109m████[38;2;148;95;131m██[38;2;16;0;0m██        [38;2;0;0;0m████[38;2;66;65;66m██████████████████████████[38;2;0;0;0m██[38;2;66;65;66m████████[38;2;0;0;0m██      
          ██[38;2;66;65;66m██[38;2;0;0;0m██[38;2;120;51;107m██[38;2;83;60;79m██[38;2;181;73;41m██████[38;2;189;68;71m██[38;2;140;55;128m██[38;2;255;56;57m██[38;2;140;55;124m██[38;2;179;62;156m████[38;2;178;65;154m██[38;2;181;73;41m██[38;2;83;60;79m████[38;2;179;62;156m██[38;2;117;52;106m████[38;2;181;73;41m██[38;2;120;51;109m████[38;2;98;62;82m██[38;2;148;89;107m██[38;2;0;0;0m████[38;2;120;51;107m████[38;2;120;51;109m████[38;2;97;66;95m██[38;2;16;0;0m██[38;2;0;0;0m████████[38;2;126;72;49m████[38;2;126;71;46m████[38;2;66;65;66m████████████████████[38;2;0;0;0m██  ██[38;2;66;65;66m██████[38;2;0;0;0m██      
            ██[38;2;117;52;106m████[38;2;181;73;41m██[38;2;255;235;247m████[38;2;176;59;156m██[38;2;178;65;158m██[38;2;0;0;0m████████[38;2;178;65;158m██[38;2;160;36;156m██[38;2;173;69;33m██[38;2;120;51;109m████[38;2;117;52;106m████████[38;2;255;56;57m██[38;2;147;53;133m██[38;2;120;49;110m████[38;2;255;56;57m██[38;2;117;52;106m██[38;2;120;51;109m████[38;2;106;32;108m██[38;2;181;73;41m██[38;2;66;65;66m████████[38;2;66;69;66m██[38;2;170;82;76m██[38;2;160;89;61m████[38;2;156;90;62m██[38;2;123;73;49m██[38;2;126;71;46m██[38;2;66;65;66m████████████[38;2;0;0;0m██████  ██[38;2;66;65;66m████████[38;2;0;0;0m██      
            ██[38;2;117;52;106m██[38;2;181;73;41m██[38;2;255;235;247m████[38;2;176;59;156m████[38;2;0;0;0m██[38;2;119;43;105m██[38;2;120;51;107m████[38;2;119;43;105m██[38;2;0;0;0m██[38;2;118;79;101m██[38;2;173;69;33m██[38;2;120;51;109m████[38;2;181;73;41m████████[38;2;147;53;133m██[38;2;255;56;57m██[38;2;178;65;154m██[38;2;120;49;110m██[38;2;117;52;106m██[38;2;255;56;57m██[38;2;120;51;109m████[38;2;181;73;41m██[38;2;93;70;90m██[38;2;66;65;66m████████[38;2;222;89;82m████[38;2;222;85;82m██[38;2;160;89;61m██[38;2;156;90;62m████[38;2;126;71;46m████[38;2;66;65;66m████████[38;2;0;0;0m██      ██[38;2;66;65;66m████████[38;2;0;0;0m██        
          [38;2;37;0;43m██[38;2;82;52;79m██[38;2;192;85;95m██[38;2;247;81;57m██[38;2;222;101;140m██[38;2;148;68;98m██[38;2;178;65;158m██[38;2;0;0;0m██[38;2;181;73;41m██[38;2;117;52;106m██████[38;2;120;51;107m████[38;2;181;73;41m██[38;2;117;52;106m██[38;2;110;53;102m██[38;2;192;78;82m██[38;2;247;230;246m████[38;2;178;65;154m████[38;2;192;69;68m██[38;2;247;56;16m██[38;2;178;61;156m████[38;2;178;65;154m██[38;2;181;73;41m██[38;2;117;52;106m████[38;2;181;73;44m██[38;2;66;65;66m██████[38;2;154;92;137m██[38;2;0;0;0m██[38;2;231;85;82m████[38;2;222;85;86m████[38;2;160;89;61m████[38;2;165;97;66m██[38;2;110;64;44m██[38;2;66;64;66m████[38;2;0;0;0m████      ██[38;2;66;65;66m████████[38;2;66;64;66m██[38;2;0;0;0m██        
        ██[38;2;82;52;79m██[38;2;247;101;107m██[38;2;247;81;57m██[38;2;163;59;146m██[38;2;10;0;10m████[38;2;0;0;0m██[38;2;119;43;105m██[38;2;117;52;106m██[38;2;181;73;41m██[38;2;255;56;57m██[38;2;117;52;106m██[38;2;120;51;107m██[38;2;0;0;0m██[38;2;117;52;106m████[38;2;255;81;66m████[38;2;130;26;113m██[38;2;169;100;152m██[38;2;181;73;41m████[38;2;192;69;68m██[38;2;163;59;150m██[38;2;178;61;156m████[38;2;181;73;41m██[38;2;178;65;154m██[38;2;117;52;106m██[38;2;181;73;41m██[38;2;66;65;66m██████[38;2;222;85;82m██[38;2;0;0;0m██[38;2;154;92;137m██[38;2;0;0;0m██[38;2;231;85;82m██[38;2;222;85;86m██[38;2;255;85;82m██[38;2;222;85;82m██[38;2;160;89;61m██[38;2;0;0;0m████████        ██[38;2;66;65;66m██████████[38;2;66;64;66m██[38;2;0;0;0m██        
          ████[38;2;4;0;5m████[38;2;120;51;109m████████████[38;2;117;52;111m██[38;2;247;60;41m██[38;2;120;51;109m██[38;2;66;65;66m██[38;2;0;8;8m████[38;2;119;43;105m██[38;2;178;65;158m██[38;2;148;68;98m██[38;2;10;0;10m██[38;2;178;65;154m████████[38;2;181;73;41m████[38;2;178;65;154m████[38;2;178;58;160m██[38;2;206;77;57m██[38;2;181;73;44m██[38;2;66;65;66m██[38;2;85;40;38m██[38;2;255;89;82m██[38;2;5;0;4m██[38;2;242;90;225m██[38;2;8;4;0m██[38;2;247;89;82m██[38;2;231;85;82m████[38;2;0;0;0m████            ████[38;2;66;65;66m████████[38;2;0;0;0m██████          
        ██[38;2;120;51;107m████[38;2;104;58;57m██[38;2;156;85;82m██[38;2;120;51;109m████████████[38;2;186;65;68m██[38;2;117;52;111m██[38;2;120;51;109m████[38;2;82;36;35m██[38;2;247;93;90m██[38;2;0;0;0m████[38;2;10;0;10m██[38;2;222;101;140m██[38;2;0;0;0m████[38;2;178;65;154m██[38;2;181;73;41m██[38;2;178;65;154m██████[38;2;181;73;41m██[38;2;206;77;57m████[38;2;181;73;44m██[38;2;66;65;66m██[38;2;255;89;82m██[38;2;0;16;16m██[38;2;163;59;151m████[38;2;167;60;54m██[38;2;247;89;82m██[38;2;231;85;82m██[38;2;0;0;0m██            ████[38;2;66;64;66m████[38;2;66;65;66m██████[38;2;0;0;0m██                
        ██[38;2;103;48;62m████[38;2;255;235;247m██[38;2;176;59;156m██[38;2;181;73;41m██[38;2;0;0;0m████[38;2;121;50;111m██[38;2;104;58;57m██[38;2;156;85;82m██[38;2;118;61;105m██[38;2;79;44;71m██[38;2;0;4;0m██[38;2;121;50;109m██[38;2;66;65;66m██[38;2;255;85;82m██[38;2;178;65;154m██[38;2;255;101;165m██[38;2;255;89;90m██[38;2;203;93;126m██[38;2;157;61;138m██[38;2;255;85;82m██[38;2;10;0;10m██[38;2;148;68;98m██[38;2;154;70;82m████[38;2;198;73;33m██[38;2;226;87;90m██[38;2;255;85;82m████[38;2;226;87;90m██[38;2;198;73;33m██[38;2;154;92;137m██[38;2;0;0;0m██[38;2;216;86;219m██[38;2;0;0;0m██[38;2;222;85;86m████[38;2;0;0;0m██          ████[38;2;66;65;66m████████████[38;2;0;0;0m██                  
      ██[38;2;121;50;111m██[38;2;168;135;156m██[38;2;255;211;206m██[38;2;176;59;156m████[38;2;0;0;0m██    ██[38;2;4;0;5m████[38;2;118;61;105m██[38;2;8;8;0m██  [38;2;0;4;0m██[38;2;255;85;82m████[38;2;178;65;154m████[38;2;255;89;90m██[38;2;187;74;157m██[38;2;157;61;138m████[38;2;222;101;140m██[38;2;10;0;10m██[38;2;8;0;10m██[38;2;231;101;115m██[38;2;255;101;148m██[38;2;226;87;90m██[38;2;251;99;164m██[38;2;255;85;82m██[38;2;255;101;148m██[38;2;226;87;90m██[38;2;0;0;0m██[38;2;154;92;137m██[38;2;216;86;219m██[38;2;0;0;0m██[38;2;255;85;82m██[38;2;222;85;86m██[38;2;0;0;0m██  ████████[38;2;66;64;66m████[38;2;66;65;66m████[38;2;0;0;0m██[38;2;66;65;66m████[38;2;0;0;0m██                    
      [38;2;10;0;10m██[38;2;222;101;140m██[38;2;178;65;154m████[38;2;0;0;0m████            ██[38;2;178;65;154m██[38;2;0;4;0m██  ██[38;2;255;85;82m██[38;2;140;55;124m████[38;2;255;154;148m██[38;2;176;59;156m██[38;2;151;93;118m██[38;2;125;38;119m██[38;2;255;101;90m████[38;2;255;93;123m████████[38;2;255;89;107m████[38;2;255;85;82m████[38;2;66;60;66m██[38;2;219;86;212m██[38;2;154;92;137m██[38;2;0;0;0m██[38;2;239;85;82m██[38;2;0;0;0m██  ██[38;2;66;64;66m████████[38;2;0;0;0m██[38;2;66;65;66m████[38;2;0;0;0m██  ████                      
    ██[38;2;148;68;98m██[38;2;10;0;10m██[38;2;0;0;0m████                ██[38;2;178;65;154m██[38;2;0;4;0m██  ██[38;2;255;85;82m████[38;2;140;55;124m██[38;2;255;154;148m██[38;2;176;59;156m██[38;2;125;38;119m██[38;2;247;174;206m██[38;2;255;101;90m██[38;2;117;52;106m████████████[38;2;255;89;107m██[38;2;255;85;82m██[38;2;66;65;66m██[38;2;168;78;161m██[38;2;219;86;212m██[38;2;0;0;0m██[38;2;154;92;137m██[38;2;239;85;82m██[38;2;0;0;0m██    ████████  ████                              
    ████                      ██[38;2;178;65;154m██[38;2;171;67;154m██[38;2;8;8;0m██[38;2;140;55;124m████[38;2;179;59;158m██[38;2;255;130;107m██[38;2;255;235;247m██[38;2;117;52;106m██[38;2;255;235;247m████[38;2;117;52;106m██[38;2;179;62;156m██████[38;2;140;55;124m████[38;2;255;85;82m██████[38;2;103;66;96m██[38;2;216;86;219m██[38;2;179;60;158m██[38;2;0;0;0m██[38;2;255;85;82m██[38;2;0;0;0m██                                                  
                      ██        ██[38;2;171;67;154m██[38;2;86;38;78m██[38;2;255;85;82m██[38;2;140;55;124m██[38;2;179;59;158m████[38;2;255;235;247m██████[38;2;117;52;106m██[38;2;179;62;156m██████[38;2;117;52;106m██[38;2;140;55;124m██[38;2;255;101;165m██[38;2;255;85;82m██[38;2;251;99;164m██[38;2;103;66;96m████[38;2;216;86;219m██[38;2;179;60;158m██[38;2;0;0;0m████                                                    
                    ██[38;2;173;81;131m██[38;2;49;8;0m██      [38;2;0;0;0m██[38;2;178;61;156m████[38;2;255;89;107m████[38;2;117;52;106m████[38;2;255;207;222m████[38;2;255;199;206m████[38;2;255;101;90m██[38;2;117;52;106m████[38;2;255;89;107m██████[38;2;255;93;123m████[38;2;103;66;96m████[38;2;178;65;154m██[38;2;0;0;0m████                                                      
                    ██[38;2;173;81;131m██[38;2;89;48;73m██[38;2;0;0;0m██  ██[38;2;178;65;154m██[38;2;178;61;156m████[38;2;66;65;66m██[38;2;255;89;107m██[38;2;255;93;123m████[38;2;66;65;66m████[38;2;82;56;49m██[38;2;197;151;153m██[38;2;255;101;90m████[38;2;255;89;107m██████[38;2;66;65;66m██████[38;2;103;66;96m██[38;2;255;56;57m██[38;2;178;65;154m██[38;2;0;0;0m██                                                        
            [38;2;0;4;0m████      ██[38;2;178;65;154m██[38;2;89;48;73m██[38;2;49;8;0m██[38;2;181;73;41m██[38;2;178;65;154m██[38;2;120;51;109m████[38;2;82;52;73m██[38;2;247;109;173m██[38;2;0;4;0m████[38;2;142;81;138m████[38;2;178;45;167m██[38;2;123;75;85m██[38;2;66;65;66m████[38;2;255;85;82m████[38;2;66;65;66m██[38;2;176;63;154m██[38;2;178;61;156m████[38;2;181;73;41m██[38;2;216;86;219m██[38;2;255;77;66m██[38;2;12;0;30m██                                                        
            [38;2;0;4;0m██[38;2;178;65;154m██[38;2;0;4;0m██    ██[38;2;178;65;154m██[38;2;173;81;131m████[38;2;178;65;154m██[38;2;181;73;41m██[38;2;120;51;109m████[38;2;82;52;73m██[38;2;0;24;24m██    [38;2;0;4;0m██[38;2;142;81;138m██[38;2;148;65;33m██[38;2;178;45;167m██[38;2;176;56;155m██[38;2;121;61;110m██[38;2;66;65;66m██[38;2;255;85;82m██[38;2;66;65;66m██[38;2;176;63;154m██[38;2;178;61;156m████[38;2;181;73;41m██[38;2;216;86;219m██[38;2;170;59;57m██[38;2;85;41;49m██[38;2;0;0;0m██                                                      
              [38;2;0;4;0m██[38;2;178;65;154m██[38;2;16;4;0m████[38;2;171;47;157m████[38;2;178;65;154m██[38;2;120;49;110m██[38;2;104;56;57m██[38;2;156;81;82m██[38;2;0;4;0m██████        ████[38;2;121;50;109m██[38;2;120;51;109m████[38;2;0;0;0m██[38;2;0;4;0m██[38;2;62;41;52m██[38;2;154;91;122m██[38;2;160;36;156m██[38;2;173;69;33m██[38;2;176;63;154m████[38;2;181;73;41m██[38;2;117;52;106m██[38;2;120;51;107m██[38;2;0;0;0m██                                                    
              [38;2;0;4;0m██[38;2;178;65;154m██[38;2;148;95;131m██[38;2;97;67;95m██[38;2;173;69;41m██[38;2;129;72;87m██[38;2;120;49;110m████[38;2;0;8;8m████                  [38;2;0;4;0m██[38;2;120;51;109m██[38;2;0;4;0m██    [38;2;24;12;0m██[38;2;103;68;96m██[38;2;173;69;33m██[38;2;118;79;101m██[38;2;176;63;154m██[38;2;66;65;66m██[38;2;181;73;41m██[38;2;117;52;106m██[38;2;120;51;107m██[38;2;0;0;0m██                                                    
                [38;2;0;4;0m██[38;2;144;107;137m████[38;2;85;53;60m██[38;2;170;87;79m██[38;2;0;4;0m████                        ██    [38;2;0;0;0m██[38;2;178;61;156m████[38;2;117;52;106m██[38;2;179;62;156m████[38;2;117;52;106m██[38;2;85;52;60m██[38;2;170;88;79m██[38;2;0;0;0m██                                                      
              [38;2;0;4;0m██[38;2;178;65;154m██[38;2;107;52;90m██[38;2;249;203;251m██[38;2;85;53;60m██[38;2;21;0;27m██                                  [38;2;0;0;0m██[38;2;178;61;156m████[38;2;179;62;156m██████[38;2;117;52;106m██[38;2;85;52;60m██[38;2;24;0;27m██                                                        
              [38;2;0;8;0m██[38;2;170;64;49m██[38;2;254;226;238m██[38;2;99;71;85m██[38;2;0;4;0m██                                      [38;2;0;0;0m██[38;2;178;65;154m██[38;2;196;72;186m██[38;2;222;65;49m██[38;2;117;52;106m████[38;2;120;51;109m████[38;2;0;0;0m██                                                      
              [38;2;0;8;0m██[38;2;255;93;74m██[38;2;99;71;85m██[38;2;16;0;11m██                                        [38;2;0;0;0m██[38;2;178;65;154m██[38;2;222;65;49m██[38;2;196;72;186m██[38;2;255;56;57m██[38;2;117;52;106m██[38;2;120;51;109m██[38;2;66;65;66m██[38;2;0;0;0m██                                                      
            [38;2;0;4;0m██[38;2;178;65;154m██[38;2;0;4;0m████                                          [38;2;16;0;0m██[38;2;148;95;131m██[38;2;165;65;49m██[38;2;214;43;223m██[38;2;181;73;41m██[38;2;117;52;106m██[38;2;66;65;66m██[38;2;0;0;0m██                                                        
            [38;2;0;4;0m████                                              [38;2;16;0;0m██[38;2;97;66;95m██[38;2;168;92;149m████[38;2;181;73;41m██[38;2;117;52;106m██[38;2;0;0;0m██                                                          
                                                            ██[38;2;178;61;156m████████[38;2;120;51;107m██[38;2;0;0;0m██                                                            
                                                            ██[38;2;178;61;156m████████[38;2;120;51;107m████[38;2;0;0;0m██                                                          
                                                              ██[38;2;178;65;154m██[38;2;179;62;156m██[38;2;117;52;106m██[38;2;111;74;104m██[38;2;73;52;68m██[38;2;0;0;0m██                                                          
                                                              ██[38;2;178;65;154m██[38;2;179;62;156m██[38;2;117;52;106m██[38;2;73;52;68m██[38;2;8;4;0m██                                                            
                                                                [38;2;0;0;0m██[38;2;178;65;158m██[38;2;119;43;107m██[38;2;0;0;0m██                                                              
                                                                ██[38;2;178;65;158m██[38;2;0;4;0m██                                                                
                                                                [38;2;0;0;0m██[38;2;178;65;154m██[38;2;0;0;0m██                                                                
                                                                  ██                                                                  
[0m