                      [38;2;0;4;0m██                                                      
                    ██[38;2;229;222;239m██[38;2;0;4;0m██                                                    
                  ██[38;2;229;222;239m████[38;2;0;4;0m██                                                    
                  ██[38;2;229;222;239m██[38;2;228;221;238m██[38;2;0;4;0m██    ████████████                                    
                ██[38;2;229;222;239m████[38;2;228;221;238m██[38;2;157;150;167m██[38;2;0;4;0m████[38;2;177;51;90m████████████[38;2;0;4;0m████                                
            ██  [38;2;104;97;114m██[38;2;229;222;239m██████[38;2;156;149;166m██[38;2;229;222;239m██████[38;2;82;78;68m██[38;2;74;69;66m██[38;2;139;95;106m██[38;2;174;58;91m████████[38;2;0;4;0m██                              
          ██[38;2;229;222;239m██[38;2;0;0;0m██[38;2;224;217;234m██[38;2;229;222;239m████████[38;2;156;149;166m██[38;2;229;222;239m██████[38;2;227;220;237m██[38;2;74;69;66m██[38;2;174;58;91m████████[38;2;167;63;93m██[38;2;0;4;0m██                            
          ██[38;2;229;222;239m██[38;2;66;65;57m██[38;2;228;221;238m██[38;2;229;222;239m██[38;2;156;149;166m████[38;2;229;222;239m██████████████[38;2;66;65;66m██[38;2;146;92;121m██[38;2;113;63;74m██[38;2;127;73;102m██[38;2;177;53;91m████[38;2;0;4;0m██                          
        ██[38;2;229;222;239m████[38;2;156;149;166m██[38;2;228;221;238m██[38;2;156;149;166m██[38;2;229;222;239m██████████████████[38;2;66;65;66m██[38;2;113;224;230m██[38;2;160;106;134m██[38;2;113;63;74m██[38;2;129;47;70m██[38;2;177;53;91m██[38;2;0;4;0m██                          
        ██[38;2;230;223;240m████[38;2;229;222;239m██████████████████[38;2;66;65;66m██████[38;2;156;158;156m██[38;2;66;65;66m██[38;2;129;47;70m██[38;2;177;53;91m██[38;2;174;58;91m████[38;2;177;51;90m██[38;2;0;4;0m██                        
      ██[38;2;229;222;239m██[38;2;230;223;240m██[38;2;181;174;191m██[38;2;229;222;239m████████████[38;2;66;65;66m████████[38;2;156;158;156m██[38;2;247;251;247m████[38;2;66;65;66m██[38;2;177;53;91m████[38;2;174;58;91m████[38;2;177;51;90m████[38;2;0;4;0m██                      
      [38;2;0;8;0m██[38;2;234;227;244m██[38;2;181;174;191m██[38;2;230;223;240m██[38;2;229;222;239m██████[38;2;76;67;68m██[38;2;66;65;66m████[38;2;126;57;73m████[38;2;66;65;66m██[38;2;255;255;255m██[38;2;164;131;127m████[38;2;150;121;120m██[38;2;102;43;59m██[38;2;174;58;91m████████[38;2;66;65;66m██[38;2;177;53;91m██[38;2;155;73;94m██[38;2;0;4;0m██                    
      [38;2;0;8;0m██[38;2;167;160;177m██[38;2;230;223;240m████[38;2;229;222;239m██[38;2;0;4;0m██[38;2;76;67;68m██[38;2;88;60;67m██[38;2;120;58;73m████[38;2;66;54;57m██[38;2;0;8;8m██[38;2;255;255;255m████[38;2;164;131;127m██[38;2;255;255;255m██[38;2;222;182;181m██[38;2;102;43;59m██[38;2;174;58;91m████████[38;2;177;53;91m██[38;2;66;65;66m██[38;2;103;52;64m██[38;2;0;4;0m██      ██            
    ██[38;2;163;156;173m██[38;2;232;225;242m██[38;2;229;222;239m██[38;2;66;65;66m██[38;2;0;4;0m██  ██[38;2;173;174;173m██[38;2;66;69;66m████[38;2;148;150;140m██[38;2;255;255;255m████[38;2;164;131;127m██[38;2;162;108;137m██[38;2;128;239;245m██[38;2;82;77;68m██[38;2;173;57;90m██[38;2;177;53;91m██[38;2;66;65;66m██[38;2;174;58;91m████████████[38;2;0;4;0m████[38;2;0;0;0m██[38;2;178;171;188m██[38;2;0;4;0m██          
    ██[38;2;232;225;242m██[38;2;0;8;0m██[38;2;66;65;66m██[38;2;229;222;239m██[38;2;0;4;0m██  ██[38;2;173;174;173m██[38;2;160;162;160m██[38;2;255;255;255m████[38;2;148;150;140m██[38;2;164;131;127m████[38;2;52;163;169m██[38;2;214;253;255m██[38;2;82;77;68m██[38;2;173;57;90m██[38;2;177;53;91m██[38;2;66;65;66m██[38;2;174;58;91m████████████[38;2;177;51;90m████[38;2;74;73;70m██[38;2;178;171;188m██[38;2;0;4;0m██          
      ██  ██[38;2;229;222;239m████[38;2;0;4;0m██[38;2;222;151;164m██[38;2;255;255;255m██████████[38;2;66;65;66m████[38;2;222;182;181m██[38;2;90;63;65m██[38;2;177;53;91m████[38;2;174;58;91m████[38;2;66;65;66m██[38;2;177;53;91m██[38;2;174;58;91m████████[38;2;177;53;91m██[38;2;66;65;66m██[38;2;180;173;190m████[38;2;108;101;118m██[38;2;0;4;0m████      
    ██  ██[38;2;229;222;239m████[38;2;66;67;63m████[38;2;222;151;164m████[38;2;255;255;255m████[38;2;66;65;66m████[38;2;120;58;73m████[38;2;90;63;65m██[38;2;137;158;174m██[38;2;129;47;70m██[38;2;177;53;91m██[38;2;174;58;91m████[38;2;66;65;66m██[38;2;177;53;91m██[38;2;174;58;91m████████[38;2;66;65;66m████[38;2;180;173;190m████[38;2;178;171;188m██[38;2;108;101;118m██[38;2;229;222;239m██[38;2;0;4;0m██    
  ██[38;2;229;222;239m██[38;2;0;4;0m██[38;2;229;222;239m██[38;2;226;219;236m██[38;2;86;58;65m██[38;2;120;58;73m██[38;2;66;65;66m██[38;2;247;138;165m████[38;2;66;65;66m████[38;2;66;69;66m██[38;2;32;143;149m██[38;2;154;100;128m██[38;2;113;63;74m██[38;2;113;224;230m████[38;2;129;47;70m██[38;2;177;53;91m████[38;2;66;65;66m██[38;2;113;224;230m██[38;2;119;57;72m██[38;2;177;53;91m████[38;2;66;60;66m████[38;2;229;222;239m██[38;2;105;98;115m██[38;2;180;173;190m████[38;2;181;174;191m██[38;2;105;98;115m██[38;2;229;222;239m██[38;2;0;4;0m██    
  ██[38;2;229;222;239m████[38;2;109;102;119m██[38;2;125;118;135m██[38;2;86;58;65m██[38;2;120;58;73m████[38;2;66;65;66m████[38;2;120;58;73m██[38;2;66;65;66m██[38;2;75;186;192m██[38;2;66;69;66m██[38;2;113;63;74m██[38;2;119;230;236m██[38;2;113;224;230m██[38;2;119;57;72m██[38;2;177;53;91m██[38;2;129;47;70m██[38;2;177;53;91m██[38;2;66;65;66m██[38;2;113;224;230m██[38;2;119;57;72m██[38;2;177;53;91m██[38;2;66;65;66m██[38;2;120;113;130m██[38;2;227;220;237m██[38;2;229;222;239m████[38;2;180;173;190m████[38;2;181;174;191m██[38;2;105;98;115m██[38;2;229;222;239m██[38;2;66;67;63m██[38;2;0;4;0m██  
  ██[38;2;229;222;239m██[38;2;105;98;115m████[38;2;178;171;188m██[38;2;94;66;73m██[38;2;118;53;69m██████[38;2;0;4;0m██[38;2;112;0;27m██[38;2;81;192;198m██[38;2;80;191;197m██[38;2;129;39;67m██[38;2;115;226;232m████[38;2;113;224;230m██[38;2;66;65;66m██[38;2;119;57;72m██[38;2;113;224;230m██[38;2;129;47;70m██[38;2;177;53;91m██[38;2;66;65;66m██[38;2;177;53;91m██[38;2;174;58;91m██[38;2;86;58;65m██[38;2;229;222;239m██[38;2;105;98;115m██[38;2;229;222;239m████[38;2;230;223;240m██[38;2;181;174;191m████[38;2;101;94;111m██[38;2;66;65;66m██[38;2;181;174;191m██[38;2;0;4;0m██  
██[38;2;229;222;239m██[38;2;109;102;119m██[38;2;181;174;191m████[38;2;110;103;120m████[38;2;118;53;69m██[38;2;0;4;0m████  [38;2;0;16;8m██[38;2;81;192;198m██[38;2;66;73;66m██[38;2;129;39;67m██[38;2;115;226;232m████[38;2;66;65;66m██[38;2;147;25;67m██[38;2;113;224;230m████[38;2;129;47;70m██[38;2;177;53;91m████[38;2;66;65;66m██[38;2;86;58;65m██[38;2;231;224;241m██[38;2;229;222;239m████[38;2;105;98;115m██[38;2;229;222;239m██[38;2;230;223;240m████[38;2;181;174;191m██[38;2;66;65;66m██[38;2;181;174;191m████[38;2;0;4;0m██  
██[38;2;105;98;115m██[38;2;181;174;191m████[38;2;105;98;115m██[38;2;181;174;191m████[38;2;0;4;0m██    ██[38;2;120;58;73m██[38;2;66;65;66m██[38;2;123;54;70m██[38;2;73;184;190m██[38;2;75;186;192m██[38;2;66;69;66m██[38;2;126;38;63m██[38;2;110;221;227m██[38;2;120;231;237m██[38;2;66;68;68m██[38;2;174;58;91m████[38;2;177;53;91m████[38;2;86;58;65m██[38;2;231;224;241m██[38;2;229;222;239m██████[38;2;105;98;115m████[38;2;229;222;239m██[38;2;230;223;240m██[38;2;181;174;191m██[38;2;180;173;190m████[38;2;0;4;0m██  
██[38;2;105;98;115m██[38;2;181;174;191m██[38;2;105;98;115m██[38;2;181;174;191m██[38;2;0;4;0m████    ██[38;2;75;186;192m██[38;2;120;58;73m██[38;2;66;65;66m██[38;2;123;54;70m██[38;2;73;184;190m██[38;2;66;69;66m██[38;2;128;33;63m██[38;2;126;38;63m██[38;2;91;202;208m██[38;2;66;68;68m██[38;2;180;64;97m██[38;2;174;58;91m████[38;2;129;47;70m██[38;2;177;53;91m██[38;2;174;58;91m██[38;2;86;58;65m██[38;2;66;65;66m██[38;2;229;222;239m████████[38;2;105;98;115m██[38;2;230;223;240m████[38;2;180;173;190m████[38;2;181;174;191m██[38;2;0;4;0m██
██[38;2;181;174;191m██[38;2;0;4;0m██████        ██[38;2;75;186;192m██[38;2;119;54;70m████[38;2;66;65;66m██[38;2;120;58;73m██[38;2;118;53;69m████[38;2;119;54;70m████[38;2;104;53;65m██[38;2;176;60;93m██[38;2;177;53;91m██[38;2;129;47;70m██[38;2;113;224;230m██[38;2;119;57;72m██[38;2;177;53;91m████[38;2;153;78;99m██[38;2;104;53;65m██[38;2;0;4;0m██[38;2;229;222;239m██████[38;2;105;98;115m██[38;2;229;222;239m██[38;2;230;223;240m██[38;2;181;174;191m████[38;2;0;4;0m██
  ██                ██[38;2;119;54;70m████[38;2;120;58;73m██[38;2;66;65;66m██[38;2;0;4;0m██[38;2;118;53;69m██[38;2;119;54;70m████[38;2;104;53;65m██[38;2;0;4;0m██[38;2;177;53;91m██[38;2;129;47;70m██[38;2;113;224;230m████[38;2;129;47;70m██[38;2;177;53;91m██[38;2;104;53;65m██[38;2;0;4;0m██  ████[38;2;229;222;239m████[38;2;105;98;115m██[38;2;230;223;240m██[38;2;181;174;191m████[38;2;0;4;0m██
                  ██[38;2;118;53;69m██[38;2;122;65;80m██[38;2;83;45;52m██[38;2;0;4;0m████  ████████  ██[38;2;66;64;66m██[38;2;57;65;66m██[38;2;112;223;229m██[38;2;120;58;73m████[38;2;118;53;69m██[38;2;0;4;0m██      ██████[38;2;109;102;119m██[38;2;229;222;239m██[38;2;181;174;191m██[38;2;0;4;0m██
                    ██[38;2;0;8;0m████                  [38;2;0;4;0m██[38;2;132;47;68m████[38;2;66;65;66m████[38;2;0;4;0m██              ████[38;2;181;174;191m██[38;2;0;4;0m██
                                              ████[38;2;118;53;69m██████[38;2;0;4;0m██                ██  
                                                  ██████                      
[0m