                                          [38;2;0;0;0m████                            
                                        ██[38;2;249;171;131m██[38;2;0;0;0m██                            
                                      ██[38;2;249;171;131m██[38;2;0;0;0m██                              
          ██████                    [38;2;3;3;3m██[38;2;255;177;137m██[38;2;249;171;131m██[38;2;0;0;0m██                              
        ██[38;2;156;54;3m██████[38;2;0;0;0m████                [38;2;0;4;8m██[38;2;209;107;56m██[38;2;0;0;0m██          ████████              
          ████[38;2;156;54;3m██[38;2;157;55;4m████[38;2;0;0;0m██            ██[38;2;200;98;47m████[38;2;0;0;0m██      ████[38;2;249;171;131m████████[38;2;0;0;0m██            
              ██[38;2;157;55;4m████[38;2;156;54;3m██[38;2;0;0;0m██          ██[38;2;200;98;47m████[38;2;0;0;0m██    ██[38;2;249;171;131m██████[38;2;0;0;0m██████              
                ██[38;2;156;54;3m██[38;2;157;55;4m████[38;2;0;0;0m██      ██[38;2;199;97;46m████[38;2;0;0;0m██    ██[38;2;205;103;52m██[38;2;254;176;136m████[38;2;0;0;0m██      ████████████  
  ████████████    ██[38;2;157;55;4m████[38;2;156;54;3m██[38;2;0;0;0m██    ██[38;2;199;97;46m████[38;2;0;0;0m██  ██[38;2;205;103;52m████[38;2;209;107;56m██[38;2;6;6;6m██  [38;2;0;0;0m██████[38;2;156;54;3m████████████[38;2;0;0;0m██
██[38;2;249;171;131m██████[38;2;248;170;130m██[38;2;221;119;68m██[38;2;199;97;46m██[38;2;0;0;0m██████[38;2;64;64;64m██[38;2;155;53;2m██[38;2;157;55;4m████[38;2;0;0;0m██  ██[38;2;151;51;1m████[38;2;0;0;0m████[38;2;199;97;46m██[38;2;200;98;47m████[38;2;70;70;70m██[38;2;0;0;0m████[38;2;156;54;3m██[38;2;157;55;4m████[38;2;156;54;3m████[38;2;0;0;0m████████  
  ██████[38;2;198;96;45m████[38;2;199;97;46m████████[38;2;64;64;64m████[38;2;157;55;4m████[38;2;156;54;3m██[38;2;0;0;0m██[38;2;75;75;75m██[38;2;151;51;1m████[38;2;75;75;75m██[38;2;199;97;46m████[38;2;200;98;47m██[38;2;64;64;64m██[38;2;70;70;70m██[38;2;141;48;1m██[38;2;156;54;3m████[38;2;157;55;4m████[38;2;0;0;0m████          
        ██████[38;2;201;99;48m████[38;2;63;63;63m██[38;2;249;171;131m████[38;2;64;64;64m████[38;2;155;53;2m████[38;2;64;64;64m██[38;2;155;53;2m██[38;2;161;59;8m██[38;2;64;64;64m██[38;2;200;98;47m████[38;2;64;64;64m████[38;2;155;53;2m████[38;2;64;64;64m████[38;2;65;65;65m██[38;2;3;3;3m██              
              [38;2;0;0;0m██[38;2;2;2;2m██[38;2;201;99;48m██[38;2;64;64;64m████[38;2;249;171;131m████[38;2;64;64;64m██[38;2;155;53;2m██[38;2;64;64;64m██[38;2;155;53;2m██[38;2;64;64;64m██[38;2;198;96;45m██[38;2;200;98;47m██[38;2;157;55;4m██[38;2;64;64;64m██[38;2;155;53;2m██[38;2;64;64;64m████[38;2;249;171;131m████████[38;2;0;0;0m██            
                  ██[38;2;157;55;4m██[38;2;197;95;44m██[38;2;64;64;64m██[38;2;200;98;47m██[38;2;221;119;68m██[38;2;72;72;72m██[38;2;155;53;2m████[38;2;61;61;61m██[38;2;198;96;45m██[38;2;155;53;2m██[38;2;64;64;64m██████[38;2;249;171;131m████[38;2;247;169;129m██[38;2;204;102;51m██[38;2;64;64;64m██[38;2;0;0;0m██              
                    ██[38;2;157;55;4m██[38;2;200;98;47m██[38;2;64;64;64m██[38;2;145;49;1m██[38;2;197;95;44m██[38;2;64;64;64m██[38;2;155;53;2m██[38;2;158;56;5m████[38;2;64;64;64m████[38;2;249;171;131m████[38;2;203;101;50m██[38;2;63;63;63m██[38;2;65;65;65m████[38;2;64;64;64m████[38;2;0;0;0m████████      
                ████[38;2;64;64;64m████[38;2;155;53;2m████[38;2;64;64;64m██[38;2;155;53;2m██[38;2;64;64;64m████[38;2;155;53;2m████[38;2;70;70;70m██[38;2;245;167;127m██[38;2;200;98;47m██[38;2;64;64;64m████████[38;2;200;98;47m██[38;2;199;97;46m████[38;2;209;107;56m██[38;2;255;177;137m██[38;2;249;171;131m████[38;2;0;0;0m██    
              ██[38;2;205;187;136m██████[38;2;64;64;64m████[38;2;155;53;2m████████[38;2;64;64;64m██[38;2;155;53;2m██[38;2;64;64;64m██[38;2;205;103;52m██[38;2;141;48;1m██[38;2;64;64;64m████[38;2;200;98;47m████████[38;2;199;97;46m██[38;2;0;0;0m██[38;2;3;3;3m████[38;2;0;0;0m████      
          ████[38;2;205;187;136m██[38;2;206;188;137m████████[38;2;64;64;64m████[38;2;155;53;2m████████[38;2;61;61;61m██[38;2;198;96;45m██[38;2;158;56;5m██[38;2;61;61;61m██[38;2;200;98;47m████[38;2;201;99;48m████[38;2;0;0;0m██████                
        ██[38;2;106;112;82m██[38;2;205;187;136m████[38;2;206;188;137m████████[38;2;205;187;136m██[38;2;64;64;64m████████[38;2;155;53;2m██[38;2;158;56;5m██████[38;2;198;96;45m██[38;2;200;98;47m██[38;2;64;64;64m██[38;2;63;63;63m██[38;2;2;2;2m██                      
        [38;2;0;0;0m██[38;2;205;187;136m██[38;2;206;188;137m████████[38;2;205;187;136m████[38;2;64;64;64m████[38;2;206;188;137m████[38;2;205;187;136m██[38;2;64;64;64m██[38;2;69;69;69m██[38;2;139;47;1m██[38;2;155;53;2m████[38;2;64;64;64m████[38;2;206;188;137m████[38;2;0;0;0m████                  
        ████[38;2;206;188;137m████████[38;2;205;187;136m██[38;2;64;64;64m██[38;2;205;187;136m████[38;2;206;188;137m████[38;2;205;187;136m██████[38;2;69;69;69m██[38;2;155;53;2m██[38;2;64;64;64m██[38;2;205;187;136m████[38;2;206;188;137m████[38;2;205;187;136m████[38;2;0;0;0m██                
            ██[38;2;205;187;136m██████[38;2;68;68;68m██[38;2;249;254;179m██████[38;2;170;154;137m██[38;2;108;114;84m████[38;2;199;181;130m██[38;2;206;188;137m████[38;2;64;64;64m██[38;2;205;187;136m██████[38;2;250;255;180m██[38;2;121;127;97m██[38;2;249;254;179m██[38;2;206;188;137m██[38;2;247;247;247m██[38;2;0;0;0m██              
            ██[38;2;205;187;136m████[38;2;64;64;64m██[38;2;169;153;136m██[38;2;249;254;179m████[38;2;172;156;139m██[38;2;255;255;255m████[38;2;253;253;253m██[38;2;108;114;84m██[38;2;206;188;137m████[38;2;64;64;64m██[38;2;205;187;136m██[38;2;107;113;83m████[38;2;0;0;0m██[38;2;245;245;245m██[38;2;249;254;179m████[38;2;251;255;196m████[38;2;0;0;0m██            
          ██[38;2;107;113;83m██[38;2;205;187;136m████[38;2;64;64;64m██[38;2;248;253;178m████[38;2;249;254;179m██[38;2;172;156;139m██[38;2;255;255;255m██[38;2;0;0;0m██[38;2;255;255;255m██[38;2;112;118;88m██[38;2;249;254;179m██[38;2;64;64;64m██[38;2;249;254;179m██[38;2;206;188;137m██[38;2;255;255;255m████[38;2;253;253;253m██[38;2;188;170;119m██[38;2;248;253;178m████[38;2;249;254;179m████[38;2;0;0;0m██            
          ██[38;2;205;187;136m████[38;2;64;64;64m████[38;2;248;253;178m████[38;2;249;254;179m██[38;2;172;156;139m██[38;2;255;255;255m██████[38;2;178;160;109m██[38;2;249;254;179m██[38;2;64;64;64m██[38;2;249;254;179m████[38;2;206;188;137m████[38;2;188;170;119m██[38;2;230;235;160m██[38;2;248;253;178m████[38;2;125;104;75m████[38;2;205;187;136m██[38;2;0;0;0m██          
            ██[38;2;205;187;136m██[38;2;60;60;60m██[38;2;244;249;174m██[38;2;249;254;179m████[38;2;248;253;178m████[38;2;172;156;139m██[38;2;247;247;247m██[38;2;187;169;118m██[38;2;249;254;179m████[38;2;64;64;64m██[38;2;249;254;179m████[38;2;248;253;178m████[38;2;249;254;179m██[38;2;125;104;75m██████[38;2;249;254;179m██[38;2;206;188;137m██[38;2;205;187;136m██[38;2;0;0;0m██          
              ██[38;2;60;60;60m██[38;2;137;116;87m██[38;2;125;104;75m██[38;2;249;254;179m██[38;2;248;253;178m████[38;2;251;255;196m████[38;2;249;254;179m██████[38;2;202;184;133m██[38;2;64;64;64m██[38;2;249;254;179m██[38;2;248;253;178m████[38;2;249;254;179m████████[38;2;206;188;137m████[38;2;0;0;0m██            
                ██[38;2;205;187;136m██[38;2;245;245;245m██[38;2;123;102;73m██[38;2;126;105;76m████[38;2;125;104;75m████[38;2;124;103;74m██[38;2;243;248;173m██[38;2;206;188;137m████[38;2;64;64;64m██[38;2;249;254;179m██[38;2;248;253;178m████[38;2;249;254;179m██████[38;2;206;188;137m██[38;2;205;187;136m████[38;2;0;0;0m██            
                  ██[38;2;193;175;124m██[38;2;197;57;90m██[38;2;255;123;139m████[38;2;197;57;90m██[38;2;255;255;255m██[38;2;124;103;74m██[38;2;212;194;143m██[38;2;206;188;137m████[38;2;64;64;64m████[38;2;248;253;178m████[38;2;249;254;179m██[38;2;206;188;137m██████[38;2;205;187;136m██[38;2;0;0;0m██              
                    ██[38;2;211;193;142m██[38;2;255;123;139m██████[38;2;197;57;90m██[38;2;211;193;142m██[38;2;205;187;136m██[38;2;203;185;134m██[38;2;64;64;64m██[38;2;146;134;1m██[38;2;68;60;57m██[38;2;0;0;0m████[38;2;205;187;136m██████[38;2;0;0;0m████                
                      ██[38;2;2;2;2m██[38;2;211;193;142m████████[38;2;64;64;64m████[38;2;148;136;1m██[38;2;146;134;1m██[38;2;0;4;0m██    [38;2;0;0;0m██████                    
                          ██████[38;2;50;50;50m██[38;2;155;143;1m██[38;2;143;132;1m████[38;2;0;0;0m██                                
                                [38;2;8;12;8m██[38;2;107;98;1m██[38;2;112;103;1m████[38;2;0;0;0m██                                
                                ██[38;2;187;172;0m████[38;2;143;132;1m██[38;2;0;0;0m██                                
                                ██[38;2;187;172;0m██████[38;2;0;0;0m██                                
                                ██[38;2;121;111;1m██[38;2;115;106;1m████[38;2;0;0;0m██                                
                                ██[38;2;182;168;1m██[38;2;188;173;1m████[38;2;0;0;0m██                                
                                ██[38;2;185;170;1m██[38;2;188;173;1m████[38;2;0;0;0m██          ████      ██████      
                              ██[38;2;185;170;1m██[38;2;123;113;1m██[38;2;115;106;1m████[38;2;189;174;2m██[38;2;0;0;0m██      ██[38;2;156;54;3m████[38;2;0;0;0m██  ██[38;2;220;118;67m██████[38;2;0;0;0m██    
                            ██[38;2;196;181;9m██[38;2;212;197;25m████[38;2;187;172;0m████[38;2;188;173;1m████[38;2;0;0;0m██      ██[38;2;156;54;3m██[38;2;68;68;63m██[38;2;0;12;8m██[38;2;223;121;70m██[38;2;196;94;43m██[38;2;156;54;3m██[38;2;0;0;0m██      
                          ██[38;2;196;181;9m████[38;2;212;197;25m██████[38;2;187;172;1m██[38;2;188;173;1m████[38;2;0;0;0m██        ██[38;2;68;68;63m██[38;2;151;139;1m██[38;2;64;64;64m████[38;2;0;0;0m██        
                          ██[38;2;115;106;1m██[38;2;188;173;1m██[38;2;212;197;25m████[38;2;188;173;1m████[38;2;115;106;1m████[38;2;187;172;0m██[38;2;0;0;0m██        [38;2;8;4;8m██[38;2;130;120;1m██[38;2;67;67;67m██[38;2;208;255;167m████[38;2;0;0;0m██      
                        ██[38;2;189;174;2m██[38;2;188;173;1m██[38;2;115;106;1m██[38;2;112;103;1m██[38;2;112;104;1m██[38;2;115;106;1m████[38;2;188;173;1m████[38;2;187;172;0m██[38;2;0;0;0m██      ██[38;2;191;176;4m████[38;2;67;67;67m██[38;2;153;202;95m██[38;2;208;255;167m████[38;2;0;0;0m██    
                        [38;2;8;12;8m██[38;2;155;143;1m██[38;2;188;173;1m████████████████[38;2;111;102;1m██[38;2;144;133;1m██[38;2;0;0;0m████[38;2;8;4;8m██[38;2;197;182;10m██[38;2;187;172;0m████[38;2;64;64;64m██[38;2;164;213;106m██[38;2;165;214;107m██[38;2;208;255;167m██[38;2;0;0;0m██    
                      ██[38;2;50;50;50m██[38;2;107;98;1m██[38;2;116;107;1m██[38;2;188;173;1m██████████[38;2;115;106;1m████[38;2;66;66;66m████[38;2;151;139;1m██[38;2;101;93;1m██[38;2;135;124;1m████[38;2;187;172;0m██[38;2;64;64;64m██[38;2;164;213;106m████[38;2;165;214;107m██[38;2;208;255;167m██[38;2;0;0;0m██    
                    ██[38;2;151;139;1m██[38;2;147;135;1m██[38;2;66;66;66m██[38;2;144;133;1m██[38;2;111;103;1m██[38;2;112;104;1m████████[38;2;150;138;1m██[38;2;64;64;64m██[38;2;143;132;1m████[38;2;64;64;64m██[38;2;144;133;1m██[38;2;101;93;1m██[38;2;151;139;1m██[38;2;0;0;0m████[38;2;164;213;106m██████[38;2;0;0;0m██      
                    ██[38;2;101;92;1m██[38;2;112;103;1m████[38;2;66;66;66m██[38;2;144;133;1m██[38;2;143;132;1m████████[38;2;64;64;64m██[38;2;185;171;1m██[38;2;187;172;1m██[38;2;143;132;1m██[38;2;64;64;64m██[38;2;144;133;1m██[38;2;0;0;0m████    ██████        
                      ██[38;2;144;133;1m██████[38;2;66;66;66m██[38;2;64;64;64m██[38;2;148;136;1m██[38;2;144;133;1m██[38;2;61;61;61m██[38;2;188;173;1m████████[38;2;121;111;1m██[38;2;0;0;0m██                      
                    ██[38;2;143;132;1m██[38;2;64;64;64m████[38;2;66;66;66m██[38;2;111;102;1m██[38;2;64;64;64m██[38;2;3;3;3m██[38;2;0;0;0m████[38;2;188;173;1m██[38;2;116;107;1m██[38;2;115;106;1m████[38;2;182;168;1m██[38;2;0;0;0m██                      
                  ██[38;2;196;196;196m██[38;2;116;107;1m██[38;2;149;137;1m████[38;2;143;132;1m████[38;2;0;0;0m██      [38;2;3;3;3m██[38;2;189;174;1m██[38;2;187;172;1m████[38;2;189;174;1m██[38;2;3;3;3m██                      
                    [38;2;0;0;0m████[38;2;192;192;192m██[38;2;110;101;1m██[38;2;143;132;1m██[38;2;0;0;0m██      ██[38;2;189;174;1m██[38;2;55;55;55m██[38;2;64;64;64m████[38;2;55;55;55m██[38;2;189;174;1m██[38;2;0;0;0m██                    
                        ██████        ██[38;2;198;183;1m██[38;2;101;93;1m██[38;2;188;173;1m████[38;2;101;93;1m██[38;2;198;183;1m██[38;2;0;0;0m██                    
                                        [38;2;2;2;2m██[38;2;250;250;250m██[38;2;115;106;1m████[38;2;250;250;250m██[38;2;2;2;2m██                      
                                          [38;2;0;0;0m████████                        
[0m