                                [38;2;0;0;0m██████                                            
                              ██[38;2;255;231;97m██████[38;2;0;0;0m██                                          
                      ██████  ██[38;2;255;231;97m██████[38;2;255;229;106m██[38;2;5;0;16m██[38;2;0;0;0m████                                    
                    ██[38;2;255;231;97m██████[38;2;0;0;0m██[38;2;255;231;97m████████[38;2;255;229;106m██[38;2;86;75;45m██[38;2;255;231;97m████[38;2;0;0;0m██                                  
                    ██[38;2;170;122;87m████[38;2;255;221;97m██[38;2;66;59;61m██[38;2;255;231;97m████████[38;2;102;78;45m██[38;2;126;106;106m██[38;2;198;146;73m██[38;2;192;155;122m██[38;2;255;229;106m██[38;2;5;0;16m██                                
                  [38;2;0;0;0m██[38;2;225;149;233m██████[38;2;66;59;61m██[38;2;164;142;77m██[38;2;171;121;87m████[38;2;255;231;97m██[38;2;65;64;64m██[38;2;225;149;233m████[38;2;217;176;219m██[38;2;198;146;73m██[38;2;255;229;106m██[38;2;86;75;45m██[38;2;0;0;0m████                            
                  ██[38;2;225;149;233m████[38;2;65;64;64m██[38;2;225;149;233m████████[38;2;134;112;118m██[38;2;74;64;56m██[38;2;225;149;233m████████[38;2;65;64;64m██[38;2;206;173;61m██[38;2;204;175;64m████[38;2;0;0;0m██              ██████      
          ████    ██[38;2;225;149;233m████[38;2;65;64;64m██[38;2;225;149;233m████████[38;2;74;64;56m██[38;2;212;157;194m██[38;2;225;149;233m████████[38;2;65;64;64m██[38;2;206;173;61m██[38;2;204;175;64m████[38;2;203;174;68m██[38;2;0;0;0m██          ██[38;2;255;231;97m██████[38;2;0;0;0m██    
        ██[38;2;255;231;97m████[38;2;0;0;0m████[38;2;196;108;198m██[38;2;225;149;233m██[38;2;65;64;64m██[38;2;225;149;233m████████[38;2;95;97;95m██[38;2;225;149;233m██████████[38;2;65;64;64m██[38;2;199;108;202m██[38;2;167;121;86m██[38;2;149;125;107m██[38;2;194;159;118m██[38;2;203;174;68m██[38;2;0;4;16m██        [38;2;3;0;8m██[38;2;255;210;114m██[38;2;255;231;97m████████[38;2;0;0;0m██  
      ██[38;2;255;231;97m████[38;2;171;121;87m██[38;2;153;121;137m████[38;2;225;149;233m██████████[38;2;95;97;95m████[38;2;225;149;233m████████████[38;2;65;64;64m██[38;2;199;108;202m████[38;2;149;125;107m██[38;2;85;56;86m██[38;2;66;59;35m██[38;2;203;174;68m██[38;2;0;0;0m██    ██[38;2;172;139;76m████[38;2;255;231;97m████████[38;2;203;174;68m██[38;2;0;0;0m██
      ██[38;2;255;231;97m██[38;2;170;122;87m██[38;2;225;149;233m██[38;2;223;146;218m██[38;2;199;108;202m██[38;2;225;149;233m████[38;2;237;184;222m████[38;2;237;187;224m██[38;2;225;149;233m██████████████████[38;2;65;64;64m████[38;2;66;54;57m██[38;2;255;227;97m██[38;2;255;231;97m██[38;2;65;64;64m██[38;2;0;0;0m██  ██[38;2;225;149;233m██████[38;2;198;146;73m██[38;2;192;155;122m██[38;2;255;231;97m██[38;2;204;175;64m██[38;2;203;174;68m██[38;2;0;0;0m██
        ██[38;2;225;149;233m████[38;2;199;108;202m██[38;2;246;185;236m██[38;2;171;115;207m██[38;2;246;185;236m██[38;2;237;184;222m████[38;2;225;149;233m████[38;2;196;108;198m██[38;2;225;149;233m██[38;2;237;187;224m██[38;2;225;149;233m████[38;2;65;64;64m██[38;2;225;149;233m████████[38;2;164;142;77m██[38;2;255;227;97m██[38;2;255;231;97m████[38;2;0;0;0m██  ██[38;2;225;149;233m██████[38;2;217;176;219m██[38;2;198;146;73m██[38;2;204;175;64m████[38;2;203;174;68m██[38;2;0;0;0m██
          ██[38;2;225;149;233m██[38;2;82;53;65m██[38;2;216;149;182m██[38;2;196;108;198m██[38;2;225;149;233m████████[38;2;196;108;198m██[38;2;225;149;233m████[38;2;213;141;180m██[38;2;65;64;64m██[38;2;57;68;65m██[38;2;213;141;180m██[38;2;225;149;233m██████████[38;2;170;122;87m██[38;2;255;231;97m████[38;2;65;51;63m██[38;2;15;16;0m██[38;2;225;149;233m████████[38;2;196;103;203m██[38;2;173;140;101m██[38;2;203;174;68m████[38;2;0;0;0m██  
            ██[38;2;148;103;131m██[38;2;16;4;0m██[38;2;225;149;233m██████████[38;2;196;108;198m██[38;2;225;149;233m██[38;2;0;0;0m██[38;2;65;64;64m██[38;2;213;141;180m████[38;2;109;92;101m██[38;2;225;149;233m██████████[38;2;170;122;87m██[38;2;65;64;64m████[38;2;190;118;200m██[38;2;65;51;63m██[38;2;225;149;233m██████[38;2;196;108;198m██[38;2;196;103;203m██[38;2;203;160;50m██[38;2;0;0;0m████    
            ██[38;2;148;103;131m██[38;2;16;4;0m██[38;2;225;149;233m████████████[38;2;84;62;65m██[38;2;0;24;24m██[38;2;254;124;139m████[38;2;213;141;180m██[38;2;93;95;93m██[38;2;225;149;233m████[38;2;196;108;198m████[38;2;65;64;64m████[38;2;196;108;198m████[38;2;65;64;64m██[38;2;196;108;198m██[38;2;199;108;202m████[38;2;237;143;244m██[38;2;181;116;184m██[38;2;202;108;202m██[38;2;0;0;0m██        
    ██  ████[38;2;65;64;64m██[38;2;82;53;65m██[38;2;216;149;182m██[38;2;237;187;224m██[38;2;225;149;233m████[38;2;196;108;198m██[38;2;225;149;233m████[38;2;84;62;65m██[38;2;255;137;148m██[38;2;254;124;139m████[38;2;93;95;93m██[38;2;213;141;180m██[38;2;225;149;233m██[38;2;196;108;198m████[38;2;65;64;64m██[38;2;196;108;198m██████[38;2;65;64;64m████[38;2;196;108;198m██[38;2;199;108;202m████[38;2;65;64;64m████[38;2;202;108;202m██[38;2;0;0;0m██        
  ██[38;2;202;108;202m██[38;2;0;0;0m██[38;2;202;108;202m██[38;2;170;122;146m██[38;2;76;69;55m██[38;2;196;108;198m██[38;2;65;64;64m██[38;2;225;149;233m████[38;2;95;97;95m██[38;2;225;149;233m██████████████████████[38;2;65;64;64m██[38;2;181;116;184m██[38;2;199;108;202m████████[38;2;184;116;188m██[38;2;71;62;75m██[38;2;65;64;64m████[38;2;225;149;233m████[38;2;0;0;0m██          
  ██[38;2;202;108;202m██████[38;2;76;69;55m██[38;2;131;105;112m██[38;2;196;108;198m██[38;2;65;64;64m████[38;2;225;149;233m██████[38;2;65;64;64m██████████[38;2;225;149;233m██████████[38;2;237;143;244m██[38;2;65;64;64m██[38;2;199;108;202m████████[38;2;237;143;244m██████[38;2;181;116;184m██[38;2;225;149;233m████[38;2;0;0;0m██          
    ██[38;2;95;97;95m████[38;2;65;64;64m██[38;2;164;140;130m██[38;2;178;130;165m██[38;2;86;86;44m██[38;2;228;206;233m██[38;2;76;69;77m██[38;2;65;64;64m████[38;2;160;64;74m██[38;2;65;64;64m██[38;2;222;225;216m████[38;2;65;64;64m██████[38;2;225;149;233m██[38;2;217;176;219m██[38;2;198;146;73m██[38;2;171;121;87m██[38;2;255;231;97m██[38;2;65;64;64m██[38;2;196;108;198m██[38;2;65;64;64m██[38;2;196;108;198m██[38;2;189;114;194m██[38;2;242;141;253m██[38;2;225;149;233m████████[38;2;0;0;0m██          
    ██[38;2;202;108;202m████[38;2;164;140;130m██[38;2;65;64;64m██[38;2;133;115;120m██[38;2;178;130;165m██[38;2;0;0;0m██[38;2;152;137;155m██[38;2;65;64;64m██[38;2;160;64;74m████[38;2;65;64;64m██[38;2;255;255;255m██[38;2;222;225;216m██[38;2;65;64;64m██[38;2;160;64;74m██[38;2;65;64;64m████[38;2;198;146;73m██[38;2;192;155;122m██[38;2;255;231;97m████[38;2;65;64;64m██[38;2;196;108;198m████[38;2;65;64;64m██[38;2;76;57;74m██[38;2;189;114;194m██[38;2;225;149;233m████[38;2;95;97;95m████[38;2;0;0;0m██          
    ██[38;2;95;97;95m████[38;2;199;108;202m████[38;2;65;64;64m██[38;2;0;0;0m██  ██[38;2;196;108;198m██[38;2;65;64;64m██[38;2;159;64;74m████[38;2;66;59;61m████[38;2;156;64;74m██[38;2;131;40;53m██[38;2;65;64;64m██[38;2;196;108;198m██[38;2;65;64;64m██[38;2;255;231;97m██[38;2;248;218;137m██[38;2;85;56;86m██[38;2;199;108;202m████████[38;2;196;108;198m██[38;2;65;64;64m██[38;2;225;149;233m████████[38;2;208;156;221m██[38;2;0;4;0m██        
  [38;2;0;0;0m██[38;2;202;108;202m██████[38;2;199;108;202m████[38;2;0;0;0m██    ██[38;2;196;108;198m██[38;2;65;64;64m██[38;2;159;64;74m████[38;2;126;55;65m██[38;2;156;52;65m██[38;2;156;64;74m██[38;2;131;40;53m██[38;2;65;64;64m██[38;2;196;108;198m██[38;2;65;64;64m████[38;2;85;56;86m██[38;2;155;137;112m██[38;2;199;108;202m████████[38;2;196;108;198m██[38;2;65;64;64m██[38;2;225;149;233m████[38;2;95;97;95m████[38;2;95;82;108m██[38;2;0;4;0m██        
  ██[38;2;126;77;127m██[38;2;95;97;95m██[38;2;202;108;202m████[38;2;0;0;0m██      ██[38;2;181;116;184m██[38;2;65;64;64m██[38;2;159;64;74m████[38;2;156;64;74m██[38;2;131;40;53m██[38;2;131;40;57m████[38;2;65;64;64m██[38;2;225;149;233m██[38;2;65;64;64m██[38;2;196;108;198m██[38;2;204;175;64m██[38;2;202;108;202m██[38;2;199;108;202m████[38;2;196;108;198m██████[38;2;65;64;64m██[38;2;225;149;233m████████[38;2;208;156;221m██[38;2;0;4;0m██        
[38;2;0;0;0m██[38;2;189;114;190m████[38;2;202;108;202m██████[38;2;0;0;0m██    ██[38;2;65;64;64m██[38;2;237;143;244m██[38;2;65;64;64m██[38;2;159;64;74m████[38;2;131;40;53m████[38;2;208;134;145m████[38;2;65;64;64m██[38;2;225;149;233m██[38;2;65;64;64m██[38;2;196;108;198m██[38;2;204;175;64m████[38;2;199;108;202m████[38;2;196;108;198m██[38;2;65;64;64m██████[38;2;225;149;233m████[38;2;95;97;95m████[38;2;95;82;108m██[38;2;0;4;0m██        
[38;2;0;0;0m██[38;2;90;54;95m██[38;2;182;110;191m██[38;2;90;54;95m██[38;2;182;110;191m██[38;2;0;0;0m██    ██[38;2;167;143;166m██[38;2;65;54;76m██[38;2;65;64;64m██[38;2;160;64;74m██[38;2;139;48;57m████[38;2;254;176;200m████[38;2;255;174;197m██[38;2;191;137;153m██[38;2;205;137;148m██[38;2;65;64;64m██[38;2;225;149;233m██[38;2;65;64;64m██[38;2;178;130;165m██[38;2;133;115;120m██[38;2;65;64;64m██[38;2;225;149;233m██████[38;2;65;64;64m██[38;2;225;149;233m██████████████[38;2;0;0;0m██      
  ████████    ██[38;2;202;108;202m██[38;2;65;54;76m██[38;2;255;238;251m██[38;2;65;64;64m██[38;2;160;64;74m██[38;2;139;48;57m██[38;2;255;178;197m██[38;2;254;176;200m████[38;2;65;64;64m████[38;2;205;137;148m██[38;2;65;64;64m██[38;2;225;149;233m██[38;2;65;64;64m██[38;2;178;130;165m██[38;2;86;86;44m██[38;2;225;149;233m████████[38;2;65;64;64m██[38;2;225;149;233m████[38;2;95;97;95m██[38;2;225;149;233m████[38;2;65;64;64m██[38;2;225;149;233m██[38;2;0;0;0m██      
            ██[38;2;199;108;202m████[38;2;76;57;74m██[38;2;242;209;240m██[38;2;209;181;227m██[38;2;77;52;71m██[38;2;131;40;53m████[38;2;246;174;197m██[38;2;109;98;104m██[38;2;255;255;255m████[38;2;65;64;64m████[38;2;225;149;233m██[38;2;65;64;64m██[38;2;156;141;139m██[38;2;76;69;55m██[38;2;225;149;233m████[38;2;237;143;244m██[38;2;184;116;188m██[38;2;237;143;244m██[38;2;66;65;56m██[38;2;75;57;76m██[38;2;225;149;233m██[38;2;59;56;75m██[38;2;225;149;233m██[38;2;0;0;0m████        
            ██[38;2;199;108;202m████[38;2;76;57;74m██[38;2;159;133;158m██[38;2;173;137;177m██[38;2;209;181;227m██[38;2;65;64;64m████[38;2;41;60;57m██[38;2;109;98;104m██[38;2;222;225;216m████[38;2;65;64;64m██[38;2;225;149;233m████[38;2;65;64;64m██[38;2;76;69;55m██[38;2;197;178;180m██[38;2;225;149;233m██[38;2;65;64;64m██[38;2;71;62;75m██[38;2;237;143;244m██[38;2;119;91;118m██[38;2;179;117;181m██[38;2;75;57;76m██[38;2;8;8;0m██[38;2;0;4;0m████            
              [38;2;0;0;0m██[38;2;178;121;180m██[38;2;202;108;202m██[38;2;65;73;56m██[38;2;225;149;233m████████████[38;2;196;108;198m████[38;2;225;149;233m████[38;2;202;108;202m██[38;2;0;0;0m████[38;2;202;108;202m██[38;2;237;143;244m██[38;2;71;62;75m██[38;2;66;65;56m██[38;2;225;149;233m██[38;2;126;77;127m██[38;2;0;4;0m██                    
              [38;2;0;0;0m██[38;2;119;80;120m██[38;2;96;87;102m██[38;2;202;108;202m██[38;2;65;64;64m████[38;2;77;52;74m██[38;2;8;4;0m██[38;2;0;0;0m████[38;2;225;149;233m██████[38;2;196;108;198m██[38;2;0;0;0m██    ██[38;2;184;116;188m██[38;2;237;143;244m██[38;2;225;149;233m██[38;2;115;94;115m██[38;2;189;114;190m████[38;2;0;0;0m██                  
            ██[38;2;213;218;213m██[38;2;106;109;106m██[38;2;213;218;213m██[38;2;106;109;106m██[38;2;202;108;202m████[38;2;0;0;0m██      ████████    ██[38;2;202;108;202m██[38;2;174;143;176m████████████[38;2;0;0;0m██                  
              ████████████                      ██[38;2;254;222;255m██[38;2;3;0;8m██[38;2;254;222;255m██[38;2;3;0;8m██[38;2;254;222;255m██[38;2;3;0;8m██                    
                                                  [38;2;0;0;0m██  ██  ██                      
[0m