      [38;2;0;0;0m██                          
    ██[38;2;208;206;198m██[38;2;0;0;0m██                        
  ██[38;2;197;49;16m██[38;2;208;206;198m██[38;2;0;0;0m██            ██████      
  ██[38;2;197;49;16m██[38;2;169;167;159m██[38;2;208;206;198m██[38;2;0;0;0m██      ████[38;2;208;206;198m████[38;2;0;0;0m██      
██[38;2;197;49;16m██[38;2;255;63;41m██[38;2;197;49;16m██[38;2;208;206;198m██[38;2;0;0;0m██    ██[38;2;208;206;198m██████[38;2;197;49;16m████[38;2;0;0;0m██    
██[38;2;255;63;41m████[38;2;197;49;16m██[38;2;208;206;198m██[38;2;0;0;0m██  ██[38;2;208;206;198m████[38;2;197;49;16m████[38;2;255;63;41m████[38;2;0;0;0m██    
██[38;2;255;63;41m██████[38;2;114;112;108m██[38;2;65;65;65m██[38;2;0;0;0m██[38;2;208;206;198m████[38;2;197;49;16m██[38;2;255;63;41m████[38;2;197;49;16m██[38;2;0;0;0m██      
  ██[38;2;197;49;16m██[38;2;65;65;65m██[38;2;169;167;159m██[38;2;208;206;198m██[38;2;169;167;159m██[38;2;208;206;198m██[38;2;197;49;16m██[38;2;255;63;41m████████[38;2;0;0;0m██  ██  
    ██[38;2;208;206;198m██████████[38;2;197;49;16m██[38;2;255;63;41m██████[38;2;65;65;65m██[38;2;0;0;0m████[38;2;255;63;41m██[38;2;0;0;0m██
  ██[38;2;169;167;159m██[38;2;208;206;198m████████████[38;2;197;49;16m██[38;2;65;65;65m████[38;2;114;112;108m██[38;2;208;206;198m██[38;2;255;63;41m████[38;2;0;0;0m██
  ██[38;2;208;206;198m██████[38;2;65;65;65m████[38;2;208;206;198m████[38;2;255;255;255m████[38;2;65;65;65m██[38;2;208;206;198m████████[38;2;0;0;0m██
██[38;2;65;65;65m██[38;2;255;255;255m██[38;2;208;206;198m██[38;2;65;65;65m██[38;2;255;255;255m██[38;2;197;49;16m██[38;2;208;206;198m██[38;2;255;255;255m████[38;2;65;65;65m██[38;2;114;112;108m██[38;2;208;206;198m████████[38;2;0;0;0m██
██[38;2;255;255;255m████████[38;2;197;49;16m██[38;2;255;63;41m██[38;2;255;255;255m██[38;2;214;214;214m██[38;2;65;65;65m██[38;2;169;167;159m██[38;2;208;206;198m██[38;2;114;112;108m██[38;2;208;206;198m████[38;2;114;112;108m██[38;2;0;0;0m██
  ████[38;2;255;255;255m████[38;2;214;214;214m████[38;2;65;65;65m████[38;2;169;167;159m██[38;2;208;206;198m████[38;2;114;112;108m████[38;2;0;0;0m████  
      ████[38;2;65;65;65m████[38;2;169;167;159m████[38;2;208;206;198m██[38;2;114;112;108m██[38;2;208;206;198m████[38;2;0;0;0m██      
          ██[38;2;169;167;159m██[38;2;114;112;108m██[38;2;208;206;198m████[38;2;0;0;0m████[38;2;208;206;198m██[38;2;0;0;0m██      
        ██[38;2;169;167;159m██[38;2;114;112;108m██[38;2;65;65;65m██[38;2;208;206;198m██[38;2;0;0;0m██  ████        
          ████[38;2;208;206;198m██[38;2;169;167;159m██[38;2;0;0;0m██              
              ████                
[0m