            [38;2;0;0;0m████              
          ████[38;2;42;180;225m██[38;2;0;0;0m████          
      ████[38;2;198;206;235m██[38;2;255;255;255m██[38;2;7;145;190m██[38;2;198;206;235m████[38;2;0;0;0m████      
      ██[38;2;42;180;225m██[38;2;111;115;127m██[38;2;198;206;235m██████[38;2;111;115;127m██[38;2;42;180;225m██[38;2;0;0;0m██      
    ██[38;2;167;173;191m██[38;2;198;206;235m██[38;2;255;255;255m██[38;2;111;115;127m██████████[38;2;198;206;235m██[38;2;0;0;0m██    
    ██[38;2;198;206;235m██[38;2;255;255;255m██[38;2;111;115;127m██[38;2;42;180;225m██[38;2;7;145;190m██[38;2;198;206;235m████████[38;2;0;0;0m██    
████[38;2;167;173;191m██[38;2;198;206;235m██[38;2;255;255;255m██[38;2;198;206;235m██[38;2;111;115;127m██[38;2;198;206;235m██[38;2;167;173;191m██[38;2;198;206;235m████[38;2;167;173;191m██[38;2;111;115;127m██[38;2;0;0;0m██  
██[38;2;42;180;225m██[38;2;65;65;65m████[38;2;111;115;127m██[38;2;167;173;191m██[38;2;198;206;235m██████[38;2;167;173;191m██[38;2;111;115;127m████[38;2;198;206;235m██[38;2;0;0;0m██  
  ██[38;2;244;146;60m██[38;2;0;0;0m██[38;2;244;146;60m██[38;2;111;115;127m██████[38;2;65;65;65m██[38;2;111;115;127m██[38;2;198;206;235m████[38;2;167;173;191m██[38;2;42;180;225m██[38;2;0;0;0m██
  ██[38;2;111;115;127m██[38;2;244;146;60m██[38;2;42;180;225m████[38;2;244;146;60m██[38;2;0;0;0m██[38;2;244;146;60m██[38;2;42;180;225m██[38;2;198;206;235m██[38;2;167;173;191m██[38;2;111;115;127m██[38;2;0;0;0m████
  ██[38;2;167;173;191m██[38;2;111;115;127m████[38;2;198;206;235m██[38;2;42;180;225m██[38;2;244;146;60m██[38;2;42;180;225m██[38;2;198;206;235m██[38;2;111;115;127m████[38;2;167;173;191m██[38;2;0;0;0m██  
    ██[38;2;111;115;127m██[38;2;167;173;191m██[38;2;111;115;127m██████████[38;2;167;173;191m████[38;2;0;0;0m██    
    ██[38;2;7;145;190m██[38;2;0;0;0m██[38;2;167;173;191m██████████[38;2;111;115;127m████[38;2;0;0;0m██    
    ████  ██[38;2;65;65;65m████[38;2;0;0;0m████[38;2;7;145;190m██[38;2;0;0;0m██      
            ██[38;2;7;145;190m██[38;2;0;0;0m██  ████      
              ██              
[0m