          [38;2;0;0;0m████                                      
        ██[38;2;255;247;189m████[38;2;0;0;0m██    ██████    ████                  
    ████[38;2;247;173;82m██[38;2;255;247;189m██[38;2;230;156;8m████[38;2;0;0;0m████[38;2;255;214;0m██████[38;2;0;0;0m████[38;2;255;247;189m████[38;2;0;0;0m████              
  ██[38;2;255;247;189m██████[38;2;230;156;8m██[38;2;255;214;0m██[38;2;65;65;65m██[38;2;255;214;0m████[38;2;148;255;66m██[38;2;247;173;82m██[38;2;255;214;0m████[38;2;65;65;65m██[38;2;255;247;189m████[38;2;247;173;82m██[38;2;255;247;189m██[38;2;0;0;0m██            
  ██[38;2;255;247;189m██[38;2;247;173;82m██[38;2;65;65;65m██[38;2;255;214;0m██[38;2;65;65;65m██[38;2;157;135;194m██[38;2;65;65;65m██[38;2;255;214;0m████[38;2;247;173;82m████[38;2;65;65;65m██[38;2;255;214;0m██[38;2;230;156;8m██[38;2;255;247;189m██████[38;2;0;0;0m██            
██[38;2;255;247;189m██[38;2;65;65;65m████[38;2;255;214;0m██[38;2;65;65;65m██[38;2;157;135;194m██[38;2;118;96;155m██[38;2;65;65;65m██████[38;2;255;214;0m██[38;2;65;65;65m██[38;2;157;135;194m██[38;2;65;65;65m██[38;2;255;214;0m██[38;2;230;156;8m████[38;2;255;247;189m██[38;2;247;173;82m██[38;2;0;0;0m██          
██[38;2;65;65;65m██[38;2;230;156;8m██[38;2;247;173;82m██[38;2;255;214;0m██[38;2;65;65;65m██[38;2;157;135;194m██[38;2;65;65;65m██[38;2;255;255;255m██████[38;2;65;65;65m████[38;2;157;135;194m██[38;2;65;65;65m██[38;2;255;214;0m██████[38;2;230;156;8m██[38;2;255;247;189m████[38;2;0;0;0m██        
  ██[38;2;255;214;0m████[38;2;65;65;65m██[38;2;157;135;194m██[38;2;118;96;155m██[38;2;255;255;255m████[38;2;206;206;206m██████[38;2;118;96;155m██[38;2;157;135;194m██[38;2;65;65;65m██[38;2;255;214;0m██████[38;2;230;156;8m██[38;2;255;247;189m████[38;2;0;0;0m██        
  ██[38;2;255;214;0m██[38;2;65;65;65m████[38;2;157;135;194m██[38;2;255;255;255m████[38;2;206;206;206m██[38;2;255;255;255m████[38;2;118;96;155m██[38;2;157;135;194m██[38;2;65;65;65m██[38;2;255;214;0m████[38;2;148;255;66m██[38;2;230;156;8m██[38;2;65;65;65m██[38;2;255;247;189m██[38;2;247;173;82m██[38;2;0;0;0m██        
██[38;2;255;214;0m██[38;2;65;65;65m██[38;2;206;206;206m██[38;2;255;255;255m██[38;2;118;96;155m██[38;2;255;255;255m██[38;2;206;206;206m██[38;2;255;255;255m██[38;2;118;96;155m████[38;2;157;135;194m██[38;2;165;165;165m██[38;2;65;65;65m██[38;2;230;156;8m██[38;2;255;214;0m████████[38;2;65;65;65m██[38;2;255;247;189m████[38;2;0;0;0m██      
██[38;2;65;65;65m██[38;2;255;255;255m████[38;2;65;65;65m████[38;2;255;255;255m████[38;2;118;96;155m██[38;2;157;135;194m████[38;2;255;255;255m██[38;2;206;206;206m██[38;2;255;255;255m██[38;2;65;65;65m██[38;2;255;214;0m████████[38;2;65;65;65m██[38;2;0;0;0m██[38;2;255;247;189m██[38;2;0;0;0m██      
██[38;2;230;156;8m██[38;2;65;65;65m██████[38;2;255;255;255m██████[38;2;65;65;65m██[38;2;6;133;255m██[38;2;255;255;255m██[38;2;165;165;165m██[38;2;65;65;65m██[38;2;255;255;255m████[38;2;65;65;65m██[38;2;255;214;0m██[38;2;230;156;8m██[38;2;65;65;65m██[38;2;0;0;0m██  ██        
  ██[38;2;230;156;8m██[38;2;115;115;115m██[38;2;255;214;0m██[38;2;65;65;65m██[38;2;165;165;165m██[38;2;255;255;255m████[38;2;206;206;206m██[38;2;230;156;8m████[38;2;255;214;0m██[38;2;65;65;65m██[38;2;255;255;255m████[38;2;65;65;65m██[38;2;255;247;189m████[38;2;0;0;0m██        ████
  ██[38;2;255;247;189m██[38;2;230;156;8m██[38;2;255;214;0m████[38;2;65;65;65m██████[38;2;230;156;8m██[38;2;255;214;0m██████[38;2;65;65;65m██[38;2;255;255;255m████[38;2;65;65;65m██[38;2;247;173;82m██[38;2;255;247;189m████[38;2;0;0;0m██    ██[38;2;157;135;194m██[38;2;0;0;0m██
██[38;2;247;173;82m██[38;2;255;247;189m██[38;2;65;65;65m██[38;2;230;156;8m██[38;2;255;214;0m████████████[38;2;148;255;66m██[38;2;255;214;0m████[38;2;0;0;0m██[38;2;65;65;65m██[38;2;255;247;189m████████[38;2;0;0;0m██    ██[38;2;157;135;194m██[38;2;0;0;0m██
██[38;2;255;247;189m██[38;2;0;0;0m████[38;2;65;65;65m████[38;2;206;206;206m██[38;2;1;91;178m██[38;2;65;65;65m██[38;2;1;102;200m██[38;2;230;156;8m████[38;2;65;65;65m██[38;2;0;0;0m██  ██[38;2;255;247;189m██████[38;2;247;173;82m██[38;2;0;0;0m██████[38;2;157;135;194m██[38;2;0;0;0m██  
  ██  ██[38;2;206;206;206m████[38;2;82;60;119m████[38;2;1;102;200m██[38;2;157;135;194m██[38;2;65;65;65m██[38;2;206;206;206m██[38;2;0;0;0m██      ██[38;2;255;247;189m████[38;2;82;60;119m██[38;2;157;135;194m████[38;2;118;96;155m██[38;2;0;0;0m██    
        ██[38;2;65;65;65m██[38;2;118;96;155m██[38;2;82;60;119m██[38;2;157;135;194m████[38;2;65;65;65m██[38;2;255;255;255m████[38;2;0;0;0m██    ██[38;2;255;247;189m██[38;2;82;60;119m██[38;2;157;135;194m████[38;2;118;96;155m██[38;2;157;135;194m██[38;2;0;0;0m██    
          ██[38;2;118;96;155m████[38;2;82;60;119m██[38;2;157;135;194m████[38;2;65;65;65m██[38;2;255;255;255m████[38;2;0;0;0m████[38;2;82;60;119m██[38;2;247;173;82m██[38;2;82;60;119m██[38;2;118;96;155m████[38;2;157;135;194m██[38;2;0;0;0m██      
          ██[38;2;118;96;155m██████[38;2;82;60;119m████[38;2;118;96;155m██[38;2;65;65;65m████[38;2;82;60;119m██[38;2;118;96;155m██[38;2;82;60;119m████[38;2;118;96;155m██[38;2;157;135;194m████[38;2;0;0;0m██        
            ████[38;2;118;96;155m████[38;2;82;60;119m██[38;2;118;96;155m██[38;2;82;60;119m██[38;2;157;135;194m████[38;2;118;96;155m██[38;2;157;135;194m██████[38;2;0;0;0m████          
                ██[38;2;118;96;155m██[38;2;82;60;119m██████[38;2;118;96;155m████[38;2;0;0;0m████████              
                  ██[38;2;118;96;155m██[38;2;82;60;119m██[38;2;118;96;155m██[38;2;0;0;0m████                      
                ██[38;2;118;96;155m██[38;2;0;0;0m████[38;2;157;135;194m██[38;2;0;0;0m██                        
                ████  ██[38;2;157;135;194m████[38;2;0;0;0m██                      
                        ██[38;2;157;135;194m██[38;2;0;0;0m██                      
                          ████                      
[0m