        [38;2;0;0;0m████████████        
    ████[38;2;255;255;255m██[38;2;73;84;55m████████[38;2;121;75;255m██[38;2;0;0;0m████    
  ██[38;2;73;84;55m██[38;2;255;255;255m██[38;2;73;84;55m██[38;2;214;189;173m██[38;2;255;255;255m████[38;2;173;140;132m██[38;2;73;84;55m██[38;2;121;75;255m██[38;2;73;84;55m██[38;2;0;0;0m██  
  ██[38;2;255;255;255m████[38;2;73;84;55m██[38;2;173;140;132m██[38;2;255;255;255m████[38;2;214;189;173m██[38;2;73;84;55m██[38;2;121;75;255m████[38;2;0;0;0m██  
██[38;2;255;255;255m████████[38;2;73;84;55m████████[38;2;121;75;255m████████[38;2;0;0;0m██
██[38;2;255;255;255m████████████[38;2;173;140;132m██[38;2;73;84;55m██[38;2;121;75;255m████████[38;2;0;0;0m██
██[38;2;214;189;173m██[38;2;255;255;255m██████████[38;2;214;189;173m██[38;2;73;84;55m██[38;2;110;59;255m██[38;2;121;75;255m████[38;2;110;59;255m██[38;2;0;0;0m██
██[38;2;73;84;55m██[38;2;214;189;173m██[38;2;255;255;255m██████████[38;2;73;84;55m████[38;2;121;75;255m████[38;2;73;84;55m██[38;2;0;0;0m██
  ██[38;2;73;84;55m████[38;2;214;189;173m██[38;2;255;255;255m████[38;2;214;189;173m██[38;2;73;84;55m████████[38;2;0;0;0m██  
    ████[38;2;73;84;55m████████████[38;2;0;0;0m████    
      ████[38;2;65;65;65m████████[38;2;0;0;0m██        
    ██[38;2;214;189;173m██[38;2;0;0;0m██[38;2;214;189;173m████████[38;2;0;0;0m██        
      ██[38;2;73;84;55m██[38;2;239;115;156m██[38;2;255;255;255m██[38;2;0;0;0m██[38;2;214;189;173m██[38;2;73;84;55m██[38;2;0;0;0m██      
      ██[38;2;239;115;156m████[38;2;255;255;255m██[38;2;0;0;0m██[38;2;214;189;173m██████[38;2;0;0;0m██    
      ██[38;2;214;189;173m██[38;2;255;255;255m████████[38;2;73;84;55m██[38;2;0;0;0m██      
        ██[38;2;214;189;173m██[38;2;255;255;255m████[38;2;214;189;173m██[38;2;0;0;0m██        
          ████████          
[0m