            [38;2;0;0;0m██████    ████████                
          ██[38;2;229;223;111m██████[38;2;0;0;0m████[38;2;229;223;111m████████[38;2;0;0;0m████            
        ██[38;2;186;170;68m██[38;2;145;123;27m████[38;2;229;223;111m████████████████[38;2;186;170;68m██[38;2;0;0;0m██          
        ██[38;2;229;223;111m██[38;2;145;123;27m██[38;2;229;223;111m██████████[38;2;65;65;65m██████[38;2;229;223;111m██[38;2;145;123;27m██[38;2;186;170;68m██[38;2;0;0;0m██        
      ██[38;2;65;65;65m██[38;2;145;123;27m██[38;2;229;223;111m██████████[38;2;145;123;27m██[38;2;229;223;111m████[38;2;186;170;68m██[38;2;145;123;27m██[38;2;229;223;111m██[38;2;145;123;27m██[38;2;0;0;0m██        
  ████[38;2;117;89;1m██[38;2;229;223;111m██[38;2;186;170;68m██[38;2;229;223;111m██████[38;2;186;170;68m████[38;2;229;223;111m████[38;2;145;123;27m████[38;2;186;170;68m████[38;2;229;223;111m████[38;2;0;0;0m██      
██[38;2;117;89;1m██████[38;2;65;65;65m██[38;2;229;223;111m██████████████████[38;2;186;170;68m████[38;2;229;223;111m████[38;2;65;65;65m████[38;2;0;0;0m████  
██[38;2;65;65;65m██[38;2;117;89;1m██[38;2;65;65;65m██[38;2;222;222;222m██[38;2;65;65;65m██[38;2;229;223;111m██████[38;2;65;65;65m████[38;2;229;223;111m████████████████[38;2;65;65;65m██[38;2;154;133;21m████[38;2;0;0;0m██
  ████[38;2;154;133;21m██[38;2;0;0;0m██[38;2;65;65;65m██[38;2;229;223;111m████[38;2;65;65;65m████████[38;2;229;223;111m████████████[38;2;186;170;68m██[38;2;154;133;21m████[38;2;117;89;1m██[38;2;0;0;0m██
      ██[38;2;222;222;222m██[38;2;65;65;65m████████[38;2;165;165;173m██[38;2;255;255;255m██[38;2;165;165;173m██[38;2;65;65;65m██[38;2;229;223;111m████[38;2;65;65;65m██████[38;2;229;223;111m██[38;2;65;65;65m██[38;2;0;0;0m████  
    ██[38;2;229;223;111m██[38;2;154;133;21m██[38;2;65;65;65m████[38;2;154;133;21m██[38;2;65;65;65m██[38;2;255;255;255m██[38;2;0;0;0m██[38;2;255;255;255m██[38;2;65;65;65m████████[38;2;117;89;1m██[38;2;154;133;21m██[38;2;117;89;1m██[38;2;0;0;0m██      
    ██[38;2;229;223;111m████[38;2;65;65;65m██████[38;2;154;133;21m██[38;2;165;165;173m██[38;2;255;255;255m██[38;2;165;165;173m██[38;2;65;65;65m██████[38;2;117;89;1m██[38;2;154;133;21m██[38;2;203;193;70m████[38;2;154;133;21m██[38;2;0;0;0m██    
      ██[38;2;229;223;111m████████[38;2;65;65;65m██[38;2;154;133;21m██[38;2;65;65;65m██████[38;2;154;133;21m████[38;2;117;89;1m██[38;2;154;133;21m██████[38;2;203;193;70m████[38;2;0;0;0m██  
      ██[38;2;65;65;65m██[38;2;186;170;68m████[38;2;229;223;111m████[38;2;65;65;65m██[38;2;154;133;21m████[38;2;65;65;65m████[38;2;154;133;21m████[38;2;65;65;65m████[38;2;154;133;21m████[38;2;65;65;65m██[38;2;0;0;0m██  
        ██[38;2;186;170;68m██[38;2;145;123;27m████[38;2;229;223;111m████[38;2;65;65;65m████[38;2;229;223;111m████[38;2;65;65;65m████[38;2;186;170;68m████[38;2;0;0;0m██████    
          ██[38;2;186;170;68m████[38;2;145;123;27m██[38;2;229;223;111m████████[38;2;186;170;68m████████[38;2;0;0;0m██          
            ████[38;2;186;170;68m██████[38;2;0;0;0m████[38;2;186;170;68m████[38;2;0;0;0m████            
                ██████    ████                
[0m