                  [38;2;0;0;0m██                  
              ████[38;2;173;197;197m██[38;2;0;0;0m████              
              ██[38;2;237;231;196m██[38;2;132;132;181m██[38;2;237;231;196m██[38;2;0;0;0m██              
            ██[38;2;65;65;65m██[38;2;173;197;197m██[38;2;237;231;196m██[38;2;132;132;181m██[38;2;0;0;0m██              
          ██[38;2;112;219;194m██[38;2;237;231;196m████████[38;2;112;219;194m██[38;2;0;0;0m██            
        ██[38;2;112;219;194m████[38;2;237;231;196m██[38;2;112;219;194m██████[38;2;237;231;196m██[38;2;112;219;194m██[38;2;0;0;0m██          
        ██[38;2;6;113;88m██[38;2;112;219;194m██████[38;2;68;175;150m██[38;2;112;219;194m██████[38;2;0;0;0m██          
  ████  ██[38;2;214;82;90m██[38;2;112;219;194m████[38;2;6;113;88m██[38;2;112;219;194m████████[38;2;0;0;0m██          
██[38;2;237;231;196m██[38;2;112;219;194m██[38;2;0;0;0m████[38;2;112;219;194m██████[38;2;214;82;90m██[38;2;112;219;194m██████[38;2;68;175;150m██[38;2;0;0;0m██          
██[38;2;237;231;196m██[38;2;112;219;194m██████[38;2;65;65;65m██[38;2;132;132;181m██[38;2;112;219;194m████████[38;2;132;132;181m██[38;2;0;0;0m██            
  ██[38;2;237;231;196m████[38;2;0;0;0m██[38;2;237;231;196m██[38;2;112;219;194m██[38;2;132;132;181m████████[38;2;237;231;196m██[38;2;65;65;65m██[38;2;0;0;0m████        
    ██████[38;2;237;231;196m██[38;2;68;175;150m██[38;2;237;231;196m██[38;2;112;219;194m██[38;2;237;231;196m██[38;2;112;219;194m██[38;2;237;231;196m██[38;2;0;0;0m██[38;2;112;219;194m████[38;2;0;0;0m██████  
          ██[38;2;65;65;65m██[38;2;237;231;196m██[38;2;68;175;150m██[38;2;237;231;196m██[38;2;68;175;150m██[38;2;0;0;0m██  ██[38;2;237;231;196m██[38;2;112;219;194m████[38;2;237;231;196m██[38;2;0;0;0m██
        ██[38;2;237;231;196m██[38;2;112;219;194m██[38;2;65;65;65m██████[38;2;6;113;88m██[38;2;0;0;0m██    ██[38;2;237;231;196m██████[38;2;0;0;0m██
      ██[38;2;237;231;196m████[38;2;112;219;194m██[38;2;68;175;150m██[38;2;0;0;0m██[38;2;68;175;150m██[38;2;112;219;194m██[38;2;68;175;150m██[38;2;0;0;0m██    ██████  
      ██[38;2;237;231;196m██[38;2;112;219;194m██[38;2;68;175;150m██[38;2;0;0;0m██  ██[38;2;112;219;194m████[38;2;237;231;196m██[38;2;0;0;0m██          
      ██[38;2;112;219;194m██[38;2;0;0;0m████    ██[38;2;112;219;194m████[38;2;237;231;196m████[38;2;0;0;0m██        
        ██          ██[38;2;112;219;194m████[38;2;237;231;196m██[38;2;0;0;0m██        
                      ████[38;2;112;219;194m██[38;2;0;0;0m██        
                          ██          
[0m