            [38;2;0;0;0m██████                            
        ████[38;2;69;65;179m████[38;2;65;65;65m██[38;2;0;0;0m██████                      
      ██[38;2;69;65;179m████[38;2;65;65;65m████[38;2;100;92;252m████████[38;2;0;0;0m██████                
    ██[38;2;69;65;179m████[38;2;65;65;65m██[38;2;100;92;252m██████████[38;2;0;0;0m██[38;2;142;212;239m████[38;2;100;92;252m██[38;2;0;0;0m██              
    ██[38;2;69;65;179m██[38;2;65;65;65m██[38;2;100;92;252m██████████[38;2;65;65;65m██[38;2;142;212;239m████████[38;2;0;0;0m██  ██████      
      ██[38;2;100;92;252m██████████[38;2;65;65;65m██[38;2;100;92;252m████[38;2;109;151;167m██[38;2;142;212;239m████[38;2;0;0;0m████[38;2;100;92;252m████[38;2;0;0;0m██      
    ██[38;2;100;92;252m██████████[38;2;0;0;0m██[38;2;65;65;65m██[38;2;100;92;252m██████[38;2;142;212;239m██[38;2;65;65;65m██[38;2;69;65;179m████[38;2;100;92;252m██[38;2;0;0;0m██        
    ██[38;2;100;92;252m████████[38;2;0;0;0m██[38;2;247;247;41m██[38;2;65;65;65m████[38;2;100;92;252m████[38;2;65;65;65m██[38;2;69;65;179m██████[38;2;0;0;0m██          
  ██[38;2;100;92;252m████████[38;2;0;0;0m██[38;2;65;65;65m██[38;2;0;0;0m██[38;2;65;65;65m██[38;2;69;65;179m██[38;2;65;65;65m████[38;2;69;65;179m████████[38;2;0;0;0m██          
  ██[38;2;100;92;252m██████[38;2;0;0;0m██[38;2;100;92;252m██[38;2;65;65;65m████[38;2;69;65;179m██████[38;2;65;65;65m████[38;2;69;65;179m████[38;2;0;0;0m██        ████
  ██[38;2;100;92;252m██████████████[38;2;255;255;255m██[38;2;208;103;79m██[38;2;100;92;252m████[38;2;65;65;65m████[38;2;69;65;179m██[38;2;0;0;0m██    ████[38;2;69;65;179m██[38;2;0;0;0m██
    ██[38;2;65;65;65m██[38;2;208;103;79m██████████████[38;2;255;137;66m██[38;2;100;92;252m██████[38;2;65;65;65m████[38;2;0;0;0m████[38;2;65;65;65m██[38;2;69;65;179m████[38;2;0;0;0m██
      ██[38;2;65;65;65m████[38;2;208;103;79m██████[38;2;65;65;65m██[38;2;255;137;66m██████[38;2;65;65;65m██[38;2;69;65;179m██[38;2;100;92;252m████[38;2;65;65;65m██[38;2;69;65;179m██████[38;2;0;0;0m██  
  ████[38;2;69;65;179m██[38;2;255;255;255m██[38;2;142;212;239m██[38;2;0;0;0m████[38;2;65;65;65m██[38;2;255;137;66m████████[38;2;100;92;252m██[38;2;65;65;65m██[38;2;100;92;252m██████[38;2;65;65;65m████[38;2;69;65;179m██[38;2;0;0;0m██  
██[38;2;69;65;179m████[38;2;0;0;0m██[38;2;255;255;255m██[38;2;65;65;65m██[38;2;0;0;0m██  ██[38;2;255;137;66m██[38;2;208;103;79m██[38;2;255;137;66m██████[38;2;65;65;65m██[38;2;255;255;255m██[38;2;100;92;252m████████[38;2;0;0;0m██    
██████  ████  ██[38;2;65;65;65m██[38;2;255;137;66m██[38;2;109;151;167m██[38;2;208;103;79m████[38;2;65;65;65m██[38;2;255;255;255m████[38;2;69;65;179m██[38;2;100;92;252m████████[38;2;0;0;0m██  
            ██[38;2;69;65;179m████[38;2;65;65;65m██[38;2;109;151;167m██████[38;2;65;65;65m██[38;2;255;255;255m██[38;2;65;65;65m████████[38;2;0;0;0m████    
          ██[38;2;142;212;239m██[38;2;255;255;255m██[38;2;142;212;239m██[38;2;69;65;179m██[38;2;0;0;0m████[38;2;109;151;167m██[38;2;65;65;65m████[38;2;69;65;179m██████[38;2;109;151;167m██[38;2;0;0;0m██      
            ████████    ████[38;2;69;65;179m██████[38;2;65;65;65m██[38;2;0;0;0m██        
                          ██[38;2;255;255;255m██[38;2;65;65;65m██[38;2;255;255;255m██[38;2;0;0;0m██          
                            ██████            
[0m