          [38;2;0;0;0m██████                                    
          ██[38;2;174;174;174m████[38;2;0;0;0m████                                
          ██[38;2;174;174;174m████████[38;2;0;0;0m████                            
          ██[38;2;174;174;174m████████████[38;2;0;0;0m██                          
          ██[38;2;174;174;174m██████████████[38;2;0;0;0m██                        
            ██[38;2;174;174;174m██████████████[38;2;0;0;0m██                      
            ██[38;2;174;174;174m████████████████[38;2;0;0;0m██                    
            ██[38;2;139;139;139m██[38;2;174;174;174m██████████████[38;2;0;0;0m██                    
          ██[38;2;174;174;174m████████[38;2;52;102;172m██████[38;2;174;174;174m██████[38;2;0;0;0m██                  
        ██[38;2;174;174;174m████████[38;2;51;101;171m██[38;2;80;132;207m██[38;2;81;133;208m████[38;2;53;104;174m██[38;2;177;177;177m██[38;2;174;174;174m██[38;2;0;0;0m██                  
      ██[38;2;52;102;172m██[38;2;174;174;174m██████[38;2;52;102;172m██[38;2;80;132;207m██[38;2;111;164;255m████[38;2;81;133;208m██[38;2;72;123;197m██[38;2;53;104;174m██[38;2;174;174;174m██[38;2;0;0;0m██                  
      ██[38;2;171;171;171m██[38;2;174;174;174m████[38;2;51;101;171m██[38;2;81;133;208m██[38;2;111;164;255m████████[38;2;81;133;208m████[38;2;47;97;167m██[38;2;8;0;0m██                  
    [38;2;0;0;0m██[38;2;54;105;175m██[38;2;171;171;171m██[38;2;174;174;174m████[38;2;51;101;171m██[38;2;81;133;208m██[38;2;111;164;255m████████[38;2;81;133;208m████[38;2;57;78;66m████[38;2;0;0;0m████              
    ██[38;2;52;102;172m██[38;2;174;174;174m████[38;2;52;102;172m██[38;2;81;133;208m██████[38;2;111;164;255m████[38;2;82;134;209m██[38;2;82;77;66m████[38;2;82;81;66m██[38;2;255;255;255m██████[38;2;0;0;0m██            
    ██[38;2;52;102;172m██[38;2;174;174;174m████[38;2;52;102;172m██[38;2;81;133;208m████████[38;2;82;81;66m████[38;2;239;251;255m██[38;2;186;193;192m██[38;2;255;255;255m██████[38;2;0;0;0m██              
      ██[38;2;52;102;172m██[38;2;174;174;174m██[38;2;52;102;172m██[38;2;81;133;208m██████[38;2;82;81;66m██[38;2;255;247;255m██[38;2;135;102;76m██[38;2;255;255;255m██[38;2;165;190;189m██[38;2;247;247;247m██[38;2;82;82;82m██[38;2;0;0;0m██                
      ██[38;2;52;102;172m██[38;2;174;174;174m██[38;2;52;102;172m██[38;2;81;133;208m██████[38;2;82;81;66m██[38;2;66;0;0m██[38;2;135;102;76m██[38;2;255;255;255m██[38;2;165;190;189m██[38;2;82;82;82m██[38;2;0;0;0m██                  
████    ██[38;2;47;96;166m██[38;2;177;177;177m██[38;2;53;104;174m██[38;2;72;123;197m██[38;2;112;84;59m██[38;2;135;110;98m██[38;2;188;79;45m██[38;2;214;255;247m██[38;2;181;191;192m██[38;2;239;255;255m██[38;2;255;251;255m████[38;2;0;0;0m██                
██[38;2;52;102;172m██[38;2;0;0;0m████[38;2;66;65;66m██[38;2;15;65;132m██[38;2;47;96;166m██[38;2;177;177;177m██[38;2;53;104;174m██[38;2;112;84;59m██[38;2;181;178;189m██[38;2;200;190;194m████[38;2;66;65;66m████[38;2;85;83;85m██[38;2;0;0;0m██              ██  
██[38;2;51;101;171m████[38;2;66;65;66m██[38;2;53;103;173m██[38;2;52;102;172m██[38;2;0;0;0m████[38;2;174;174;174m██[38;2;30;80;148m██[38;2;82;86;76m██[38;2;66;65;66m████[38;2;51;101;171m████[38;2;53;103;173m██[38;2;66;65;66m██[38;2;0;0;0m████      ████[38;2;81;133;208m██[38;2;0;0;0m██
██[38;2;51;101;171m████[38;2;53;103;173m████[38;2;0;0;0m██    ██[38;2;75;87;74m██[38;2;161;75;35m██[38;2;53;103;173m████[38;2;74;73;66m████[38;2;66;65;66m██[38;2;53;103;173m██[38;2;52;102;172m████[38;2;0;0;0m██████[38;2;81;133;208m██████[38;2;0;0;0m██
██[38;2;52;102;172m██████[38;2;0;0;0m██    ██[38;2;206;87;43m██[38;2;212;89;42m██[38;2;171;100;51m██[38;2;81;133;208m████[38;2;101;83;82m████[38;2;0;0;0m██████[38;2;52;102;172m██[38;2;54;105;175m████[38;2;81;133;208m██████[38;2;0;0;0m██  
  ██[38;2;52;102;172m████[38;2;0;0;0m██      ██[38;2;212;89;42m██[38;2;171;100;51m██[38;2;81;133;208m██[38;2;51;101;171m██[38;2;255;251;247m██[38;2;24;0;0m██      [38;2;0;0;0m██[38;2;66;65;66m██[38;2;76;128;202m██[38;2;81;133;208m██████[38;2;0;0;0m██  
  ██[38;2;52;102;172m██[38;2;66;65;66m██[38;2;0;0;0m██    [38;2;0;4;0m██[38;2;255;255;255m██[38;2;11;60;127m██[38;2;66;117;189m██[38;2;52;102;172m██[38;2;255;255;255m██████[38;2;0;0;0m██    ██[38;2;81;133;208m████████[38;2;0;0;0m██    
    ████      [38;2;0;4;0m██[38;2;170;171;170m██[38;2;239;255;247m██[38;2;66;117;189m██[38;2;52;102;172m██[38;2;255;255;255m████[38;2;165;190;189m██[38;2;0;0;0m██  ██[38;2;81;133;208m██[38;2;82;81;66m██[38;2;81;133;208m████[38;2;0;0;0m██      
                ██[38;2;165;190;189m████████[38;2;170;171;172m██[38;2;0;4;8m██    [38;2;0;0;0m██[38;2;82;79;70m██[38;2;81;133;208m██[38;2;0;0;0m████        
            ████[38;2;165;190;189m████[38;2;66;65;66m██[38;2;0;0;0m████[38;2;255;255;255m████[38;2;0;0;0m████  ████            
          ██[38;2;165;186;189m██[38;2;165;190;189m████[38;2;0;0;0m████    ██[38;2;255;255;255m████[38;2;101;114;129m██[38;2;0;0;0m██                
        ██[38;2;165;186;189m██[38;2;110;124;126m██[38;2;165;190;189m██[38;2;0;0;0m██          ██[38;2;255;255;255m██████[38;2;0;0;0m██              
        ██[38;2;156;186;189m██[38;2;104;124;126m██[38;2;165;190;189m██[38;2;0;0;0m██          ██[38;2;255;255;255m██████[38;2;0;4;8m██              
          [38;2;0;0;0m██████              ██[38;2;255;255;255m██[38;2;170;171;172m██[38;2;255;255;255m██[38;2;0;0;0m██            
                              ██[38;2;255;255;255m██[38;2;170;171;170m██[38;2;255;255;255m██[38;2;0;0;0m██            
                                ██[38;2;0;4;0m████              
[0m