        [38;2;0;0;0m████████                                  
        ██[38;2;187;196;196m██████[38;2;0;0;0m████                              
          ██[38;2;187;196;196m████████[38;2;0;0;0m██                            
            ██[38;2;187;196;196m████████[38;2;0;0;0m██                          
      ██    ██[38;2;187;196;196m██████████[38;2;0;0;0m██                        
    ██[38;2;189;189;172m██[38;2;0;0;0m████[38;2;39;98;195m██[38;2;187;196;196m██████████[38;2;147;155;155m██[38;2;0;0;0m██    ████              
    ██[38;2;189;189;172m██[38;2;65;65;65m██[38;2;39;98;195m██[38;2;187;196;196m██████[38;2;39;98;195m██████[38;2;147;155;155m██[38;2;0;0;0m██  ██[38;2;255;255;255m██[38;2;0;0;0m██              
      ██[38;2;39;98;195m████[38;2;187;196;196m████[38;2;39;98;195m██[38;2;85;155;231m██████[38;2;39;98;195m██[38;2;147;155;155m██[38;2;0;0;0m██[38;2;255;255;255m████[38;2;0;0;0m██              
      ██[38;2;39;98;195m██[38;2;187;196;196m████[38;2;39;98;195m████[38;2;85;155;231m████████[38;2;39;98;195m██[38;2;255;255;255m████[38;2;0;0;0m██            ██  
    ██[38;2;187;196;196m██[38;2;39;98;195m██[38;2;187;196;196m████[38;2;39;98;195m██[38;2;187;196;196m██[38;2;39;98;195m██[38;2;85;155;231m██████[38;2;65;65;65m██[38;2;255;255;255m████[38;2;0;0;0m██          ██[38;2;248;133;64m██[38;2;0;0;0m██
    ██[38;2;187;196;196m██[38;2;39;98;195m██[38;2;187;196;196m██[38;2;39;98;195m██[38;2;187;196;196m██[38;2;39;98;195m██[38;2;85;155;231m██████[38;2;65;65;65m██[38;2;255;255;255m████[38;2;0;0;0m██          ██[38;2;255;255;255m██[38;2;248;133;64m██[38;2;0;0;0m██
  ██[38;2;213;107;50m██[38;2;65;65;65m██[38;2;39;98;195m██[38;2;187;196;196m██[38;2;39;98;195m██[38;2;187;196;196m██[38;2;39;98;195m██[38;2;85;155;231m██[38;2;65;65;65m████[38;2;106;115;106m██[38;2;255;255;255m██[38;2;189;189;172m██[38;2;255;255;255m██[38;2;0;0;0m██        ██[38;2;255;255;255m██[38;2;248;133;64m██[38;2;0;0;0m██
  ██[38;2;213;107;50m██[38;2;65;65;65m██[38;2;39;98;195m██[38;2;187;196;196m██[38;2;39;98;195m██[38;2;187;196;196m██[38;2;39;98;195m██[38;2;65;65;65m██[38;2;0;0;0m██[38;2;255;255;255m██[38;2;106;115;106m██[38;2;255;255;255m████[38;2;0;0;0m██        ██[38;2;255;255;255m████[38;2;248;133;64m██[38;2;0;0;0m██
██[38;2;213;107;50m████[38;2;189;189;172m██[38;2;65;65;65m██[38;2;147;155;155m████[38;2;39;98;195m██[38;2;85;155;231m██[38;2;65;65;65m██[38;2;248;133;64m██[38;2;255;255;255m██[38;2;189;189;172m██[38;2;106;115;106m██[38;2;0;0;0m██        ██[38;2;255;255;255m████[38;2;248;133;64m██[38;2;0;0;0m██  
██[38;2;213;107;50m██[38;2;189;189;172m██████[38;2;65;65;65m██[38;2;187;196;196m██[38;2;39;98;195m██[38;2;65;65;65m██[38;2;189;189;172m██[38;2;106;115;106m██[38;2;65;65;65m██[38;2;189;189;172m██[38;2;65;65;65m██[38;2;0;0;0m████    ██[38;2;213;107;50m██[38;2;255;255;255m████[38;2;248;133;64m██[38;2;0;0;0m████
  ██[38;2;189;189;172m████[38;2;65;65;65m██[38;2;115;119;119m██[38;2;65;65;65m██████████[38;2;189;189;172m██[38;2;65;65;65m██[38;2;189;189;172m██████[38;2;0;0;0m████[38;2;248;133;64m██[38;2;213;107;50m██[38;2;255;255;255m██[38;2;213;107;50m████[38;2;248;133;64m██[38;2;0;0;0m██
██[38;2;189;189;172m██[38;2;156;148;139m██[38;2;189;189;172m██[38;2;65;65;65m██[38;2;115;119;119m██████[38;2;65;65;65m██[38;2;213;107;50m██[38;2;189;189;172m██[38;2;65;65;65m██[38;2;147;155;155m██[38;2;65;65;65m████[38;2;189;189;172m██[38;2;255;255;255m████[38;2;213;107;50m██[38;2;255;255;255m██[38;2;213;107;50m██[38;2;248;133;64m████[38;2;0;0;0m██  
██[38;2;65;65;65m██[38;2;189;189;172m██[38;2;65;65;65m██[38;2;115;119;119m██████[38;2;65;65;65m████[38;2;248;133;64m██[38;2;255;255;255m██[38;2;65;65;65m████[38;2;147;155;155m████[38;2;65;65;65m████[38;2;255;255;255m██████[38;2;248;133;64m██[38;2;0;0;0m████    
  ██[38;2;65;65;65m██[38;2;115;119;119m██████[38;2;65;65;65m██[38;2;106;115;106m██[38;2;189;189;172m██[38;2;255;255;255m██[38;2;189;189;172m██[38;2;255;255;255m██[38;2;106;115;106m██[38;2;65;65;65m██[38;2;147;155;155m██[38;2;65;65;65m██[38;2;255;255;255m██[38;2;189;189;172m██[38;2;255;255;255m██[38;2;248;133;64m██[38;2;0;0;0m██        
  ██[38;2;115;119;119m██████[38;2;65;65;65m████[38;2;255;255;255m████[38;2;189;189;172m██[38;2;255;255;255m██████[38;2;65;65;65m██[38;2;147;155;155m██[38;2;65;65;65m██[38;2;156;148;139m██[38;2;255;255;255m██[38;2;65;65;65m████[38;2;255;255;255m██[38;2;0;0;0m██      
    ████[38;2;65;65;65m████[38;2;189;189;172m██[38;2;106;115;106m██[38;2;255;255;255m████████[38;2;65;65;65m██[38;2;147;155;155m██████[38;2;65;65;65m████[38;2;147;155;155m████[38;2;115;119;119m██[38;2;255;255;255m██[38;2;0;0;0m██    
        ██[38;2;189;189;172m██████[38;2;0;0;0m██████[38;2;189;189;172m██[38;2;255;255;255m██[38;2;65;65;65m██[38;2;0;0;0m████[38;2;147;155;155m██████[38;2;115;119;119m██[38;2;147;155;155m██[38;2;115;119;119m██[38;2;0;0;0m██    
        ██[38;2;115;115;115m██[38;2;180;180;189m██[38;2;0;0;0m██      ██[38;2;255;255;255m████[38;2;0;0;0m██  ██[38;2;65;65;65m██[38;2;147;155;155m████[38;2;0;0;0m████      
          ██████        ██[38;2;255;255;255m████[38;2;0;0;0m██  ██████          
                        ██[38;2;255;255;255m████[38;2;0;0;0m██                  
                          ████                    
[0m