                            [38;2;0;0;0m████████                                                
                          ██[38;2;168;148;90m████[38;2;137;131;126m██[38;2;82;79;76m██[38;2;0;0;0m██                                              
                        ██[38;2;168;149;95m██[38;2;251;190;0m████[38;2;131;125;120m████[38;2;82;79;76m██[38;2;0;0;0m██                                            
                      ██[38;2;168;149;95m████[38;2;251;190;0m██[38;2;129;123;118m██[38;2;131;125;120m████[38;2;137;131;126m██[38;2;0;0;0m██                                            
            ██        ██[38;2;131;125;120m████████[38;2;182;234;0m████[38;2;131;125;120m██[38;2;0;4;8m██          [38;2;0;0;0m████████                          
          ██[38;2;198;195;189m██[38;2;0;0;0m██      ██[38;2;87;83;80m██[38;2;131;125;120m██████[38;2;182;234;0m████[38;2;74;64;60m████[38;2;0;0;0m████    ██[38;2;89;85;82m██[38;2;131;125;120m██████[38;2;0;0;0m██                        
████      ██[38;2;198;195;189m██[38;2;0;0;0m██        ██[38;2;89;85;82m██[38;2;131;125;120m████[38;2;133;127;122m██[38;2;57;69;66m██[38;2;58;178;193m████[38;2;59;176;191m██[38;2;82;116;127m██[38;2;0;0;0m████[38;2;87;83;80m██[38;2;131;125;120m██[38;2;129;123;118m████[38;2;131;125;120m████[38;2;0;0;0m██                      
██[38;2;142;140;126m██[38;2;0;0;0m██  ██[38;2;66;65;66m██[38;2;198;195;189m██[38;2;0;0;0m██          ██[38;2;66;65;66m████[38;2;57;69;66m██[38;2;135;132;107m██[38;2;58;178;193m██[38;2;82;114;128m██[38;2;82;116;127m████[38;2;90;172;182m██[38;2;43;86;91m██[38;2;131;125;120m████[38;2;251;190;0m██[38;2;129;123;118m██[38;2;131;125;120m██[38;2;180;233;0m██[38;2;183;236;0m██[38;2;0;0;0m██                    
  ██[38;2;214;131;0m██[38;2;0;4;0m██[38;2;131;125;120m██[38;2;87;83;80m██[38;2;132;126;121m██[38;2;87;83;80m██[38;2;0;0;0m██        ██[38;2;255;255;255m████[38;2;58;178;193m████[38;2;82;116;127m████[38;2;59;177;192m████[38;2;58;177;192m██[38;2;66;65;66m██[38;2;168;149;95m████[38;2;251;190;0m████[38;2;131;125;120m██[38;2;180;233;0m██[38;2;137;144;96m██[38;2;0;0;0m██                    
    [38;2;0;4;0m██[38;2;255;201;20m██[38;2;131;125;120m████[38;2;87;83;80m██[38;2;132;126;121m██[38;2;131;125;120m██[38;2;0;0;0m██  ████[38;2;255;255;255m████[38;2;62;176;190m██[38;2;58;178;193m██[38;2;82;114;128m██[38;2;82;116;127m██[38;2;59;176;191m██[38;2;59;177;192m████[38;2;58;177;192m████[38;2;66;65;66m██[38;2;168;149;95m██[38;2;251;190;0m██[38;2;129;123;118m██[38;2;131;125;120m████[38;2;137;144;96m██[38;2;0;0;0m██                    
    [38;2;0;4;8m██[38;2;134;128;123m██[38;2;131;125;120m██[38;2;180;233;0m████[38;2;131;125;120m██[38;2;134;128;123m██[38;2;74;66;60m██[38;2;0;0;0m██[38;2;74;97;105m██[38;2;74;149;158m██[38;2;255;255;255m██[38;2;0;0;8m██[38;2;78;178;190m██[38;2;255;255;255m████[38;2;62;176;190m████[38;2;59;177;192m████[38;2;62;176;190m████[38;2;58;177;192m██[38;2;66;65;66m██[38;2;131;125;120m████[38;2;134;128;123m██[38;2;82;78;75m██[38;2;0;0;0m██                      
  ██[38;2;74;66;60m██[38;2;82;78;75m██[38;2;131;125;120m██[38;2;180;233;0m████[38;2;131;125;120m██[38;2;82;78;75m██[38;2;0;4;8m██  [38;2;0;0;0m██[38;2;74;149;158m██[38;2;255;255;255m██[38;2;78;178;190m██[38;2;48;87;92m██[38;2;66;65;66m████[38;2;255;255;255m██[38;2;62;176;190m██[38;2;59;177;192m████[38;2;255;255;255m████[38;2;58;177;192m████[38;2;66;65;66m████[38;2;74;66;60m██[38;2;0;4;8m██                        
[38;2;0;0;0m██[38;2;198;195;189m██████[38;2;84;81;78m██[38;2;141;134;129m██[38;2;88;84;81m████[38;2;0;0;0m██    ██[38;2;59;177;192m████[38;2;114;165;171m██[38;2;6;95;106m██[38;2;66;65;66m██████[38;2;58;177;192m██[38;2;62;176;190m██[38;2;255;255;255m████████[38;2;62;176;190m██[38;2;59;177;192m████[38;2;0;0;0m██                          
  ██████[38;2;0;4;8m██[38;2;84;81;78m██[38;2;88;84;81m██[38;2;0;0;0m██    ██[38;2;74;97;105m██[38;2;59;177;192m████[38;2;114;165;171m██[38;2;247;255;247m██[38;2;66;65;66m██████[38;2;58;177;192m██[38;2;62;176;190m██[38;2;255;255;255m██[38;2;0;0;0m██[38;2;255;255;255m████[38;2;62;176;190m██[38;2;59;177;192m████[38;2;59;176;191m██[38;2;0;0;0m████                      
          ██[38;2;88;84;81m██[38;2;0;0;0m██    ██[38;2;59;176;191m██[38;2;58;178;193m████[38;2;74;95;109m██[38;2;100;161;168m██[38;2;255;255;255m████[38;2;59;177;192m████[38;2;62;176;190m██[38;2;255;255;255m████████[38;2;62;176;190m██[38;2;59;177;192m████[38;2;59;176;191m██████[38;2;0;0;0m██                    
        ██[38;2;89;85;82m██[38;2;88;84;81m██[38;2;0;0;0m██    ██[38;2;59;176;191m██[38;2;58;178;193m██[38;2;73;96;106m██[38;2;133;127;122m██[38;2;74;95;109m██[38;2;74;149;158m████[38;2;59;177;192m████[38;2;62;176;190m████[38;2;255;255;255m████[38;2;62;176;190m████[38;2;59;177;192m████[38;2;73;98;105m████[38;2;0;0;0m██                      
        ██[38;2;167;146;84m██[38;2;131;125;120m██[38;2;0;0;0m██  ██[38;2;58;178;193m████[38;2;74;98;105m██[38;2;131;125;120m████████[38;2;74;98;105m██[38;2;58;178;193m████[38;2;59;177;192m████[38;2;58;178;193m████[38;2;59;177;192m████[38;2;58;177;192m████[38;2;126;105;96m██[38;2;66;75;81m██[38;2;131;125;120m██[38;2;0;0;0m██                    
      ██[38;2;167;146;84m████[38;2;0;0;0m██    ██[38;2;58;178;193m██[38;2;73;96;106m██[38;2;131;125;120m██████[38;2;87;83;80m██[38;2;131;125;120m████[38;2;73;96;106m██[38;2;58;178;193m██[38;2;59;177;192m████[38;2;58;178;193m██[38;2;73;96;106m██[38;2;59;177;192m████[38;2;58;177;192m██[38;2;66;65;66m██[38;2;66;75;81m██[38;2;254;199;7m██[38;2;131;125;120m████[38;2;0;0;0m██                  
      ██[38;2;251;190;0m████[38;2;0;0;0m██  ██[38;2;53;181;197m██[38;2;100;161;168m██[38;2;74;95;109m██[38;2;129;123;118m████████[38;2;131;125;120m████[38;2;73;96;106m██[38;2;58;178;193m██████[38;2;74;98;105m██[38;2;131;125;120m██[38;2;73;98;105m██[38;2;59;176;191m██[38;2;66;65;66m██[38;2;88;84;81m██[38;2;254;197;0m████[38;2;131;125;120m████[38;2;0;0;0m██                  
      ██[38;2;129;123;118m████[38;2;131;125;120m██[38;2;0;0;0m██[38;2;60;102;102m██[38;2;53;181;197m██[38;2;74;95;109m██[38;2;133;127;122m██[38;2;129;123;118m██[38;2;251;190;0m████[38;2;129;123;118m██[38;2;131;125;120m██[38;2;74;98;105m██[38;2;58;178;193m██████[38;2;73;96;106m██[38;2;131;125;120m████[38;2;73;98;105m██[38;2;59;176;191m██[38;2;66;65;66m██[38;2;88;84;81m██[38;2;94;90;86m██[38;2;166;143;84m██[38;2;131;125;120m██[38;2;66;65;66m██[38;2;198;195;189m██[38;2;0;0;0m██                
        ██[38;2;131;125;120m██[38;2;88;84;81m████[38;2;57;69;66m██[38;2;85;93;91m██[38;2;164;223;0m██[38;2;123;117;113m██[38;2;251;190;0m████████[38;2;131;125;120m████[38;2;74;95;109m██[38;2;100;161;168m██[38;2;58;178;193m██[38;2;73;96;106m██[38;2;131;125;120m██████[38;2;57;82;93m██[38;2;74;93;105m██[38;2;57;67;68m██[38;2;88;84;81m████[38;2;66;69;66m██[38;2;140;142;123m██[38;2;82;79;76m██[38;2;0;0;0m██                
          ██[38;2;88;84;81m████[38;2;57;69;66m██[38;2;156;142;123m██[38;2;135;202;0m████[38;2;129;123;118m██[38;2;251;190;0m████[38;2;129;123;118m██[38;2;87;83;80m██[38;2;131;125;120m██[38;2;133;127;122m██[38;2;74;95;109m██[38;2;58;178;193m████[38;2;74;98;105m██[38;2;131;125;120m████[38;2;57;82;93m██[38;2;74;93;105m██[38;2;65;72;86m██[38;2;66;65;66m████[38;2;85;93;91m██[38;2;66;69;66m██[38;2;206;199;189m██[38;2;68;66;63m██[38;2;0;0;0m██      ██████  
            ██████[38;2;66;65;66m██[38;2;133;141;96m██[38;2;139;206;0m██[38;2;88;84;81m████[38;2;131;125;120m██████████[38;2;74;98;105m██[38;2;59;176;191m██[38;2;73;98;105m██[38;2;131;125;120m████[38;2;87;83;80m██[38;2;57;82;93m██[38;2;84;106;104m██[38;2;49;84;93m██[38;2;88;84;81m████[38;2;57;63;81m██[38;2;85;100;92m██[38;2;66;65;66m██[38;2;131;125;120m██[38;2;82;78;75m██[38;2;0;4;8m██[38;2;0;0;0m████[38;2;74;97;105m██████[38;2;0;0;0m██
                  ██[38;2;66;65;66m██[38;2;133;141;96m██[38;2;88;84;81m████[38;2;87;83;80m██████[38;2;131;125;120m████[38;2;74;98;105m██[38;2;73;98;105m████[38;2;87;83;80m████████[38;2;49;84;93m██[38;2;86;82;79m██[38;2;88;84;81m██████[38;2;57;63;81m██[38;2;131;125;120m████[38;2;134;128;123m██[38;2;74;66;60m██[38;2;74;97;105m██████[38;2;0;0;0m████  
                  ██[38;2;66;65;66m██████[38;2;88;84;81m██████████████[38;2;74;101;105m██[38;2;137;204;0m████[38;2;88;84;81m██████████[38;2;66;65;66m████████[38;2;87;83;80m██[38;2;132;126;121m██[38;2;131;125;120m██[38;2;74;62;55m██[38;2;74;97;105m████[38;2;0;0;0m██      
                    ██[38;2;66;65;66m██████████[38;2;88;84;81m████████[38;2;137;204;0m████████[38;2;88;84;81m██████[38;2;66;65;66m██[38;2;131;125;120m████[38;2;126;120;116m██[38;2;92;88;84m██[38;2;132;126;121m██[38;2;87;83;80m██[38;2;0;0;0m████████        
                      ████████████[38;2;66;65;66m██████[38;2;132;141;96m████████[38;2;88;84;81m████[38;2;74;69;66m██[38;2;83;79;76m██[38;2;131;125;120m████████[38;2;0;0;0m████                
                                  ██[38;2;88;84;81m████[38;2;66;65;66m████████[38;2;88;84;81m██[38;2;66;65;66m██[38;2;206;195;189m████[38;2;87;83;80m██[38;2;131;125;120m████[38;2;0;0;0m██                    
                                    ████[38;2;88;84;81m████████[38;2;0;0;0m██[38;2;198;195;189m████[38;2;0;0;0m████████                      
                                        ████████  ████                              
[0m