            [38;2;0;0;0m████████                                
    ██  ████[38;2;84;160;195m██[38;2;103;202;247m██████[38;2;0;0;0m████                            
  ██[38;2;219;174;203m██[38;2;0;0;0m██[38;2;103;202;247m██[38;2;84;160;195m██[38;2;103;202;247m████████████[38;2;0;0;0m██                          
██[38;2;219;174;203m██[38;2;65;65;65m██[38;2;103;202;247m██[38;2;84;160;195m██[38;2;103;202;247m██████[38;2;65;65;65m████[38;2;103;202;247m██████[38;2;0;0;0m██████                    
██[38;2;219;174;203m██[38;2;65;65;65m██[38;2;84;160;195m██[38;2;103;202;247m████[38;2;84;160;195m██[38;2;103;202;247m██[38;2;65;65;65m██[38;2;255;255;255m██[38;2;65;65;65m██[38;2;103;202;247m██[38;2;65;65;65m████[38;2;219;174;203m██[38;2;0;0;0m██                    
████[38;2;103;202;247m██[38;2;84;160;195m██[38;2;103;202;247m██[38;2;84;160;195m██[38;2;103;202;247m████[38;2;65;65;65m██[38;2;219;174;203m██[38;2;255;255;255m██[38;2;65;65;65m██[38;2;255;255;255m████[38;2;0;0;0m████                    
  ██[38;2;84;160;195m██[38;2;103;202;247m████[38;2;84;160;195m██[38;2;103;202;247m██████[38;2;65;65;65m██[38;2;255;255;255m████[38;2;219;174;203m██[38;2;65;65;65m██[38;2;84;160;195m████[38;2;0;0;0m██                  
██[38;2;84;160;195m██[38;2;65;65;65m██[38;2;103;202;247m██[38;2;84;160;195m██[38;2;103;202;247m██████[38;2;65;65;65m████[38;2;255;255;255m██[38;2;219;174;203m██[38;2;255;255;255m████[38;2;65;65;65m██[38;2;84;160;195m██[38;2;0;0;0m██                  
██[38;2;84;160;195m██[38;2;65;65;65m██[38;2;103;202;247m██[38;2;84;160;195m██[38;2;103;202;247m████[38;2;0;0;0m██[38;2;152;79;61m██[38;2;255;255;255m██[38;2;142;113;123m██[38;2;219;174;203m██[38;2;65;65;65m████[38;2;84;160;195m████[38;2;0;0;0m██                  
██[38;2;84;160;195m████[38;2;65;65;65m██[38;2;103;202;247m██[38;2;84;160;195m██[38;2;65;65;65m██[38;2;238;135;74m██[38;2;152;79;61m██[38;2;255;255;255m██[38;2;142;113;123m██[38;2;255;255;255m████[38;2;65;65;65m██[38;2;84;160;195m██[38;2;0;0;0m██                    
  ██[38;2;84;160;195m████[38;2;65;65;65m██[38;2;103;202;247m██[38;2;65;65;65m██[38;2;152;79;61m██[38;2;219;174;203m██[38;2;142;113;123m██[38;2;255;255;255m██[38;2;65;65;65m████[38;2;103;202;247m██[38;2;84;160;195m██[38;2;0;0;0m██          ██████    
    ██[38;2;65;65;65m██[38;2;69;67;74m██[38;2;65;65;65m██[38;2;219;174;203m██[38;2;255;255;255m██████[38;2;65;65;65m████[38;2;238;135;74m██[38;2;84;160;195m██[38;2;0;0;0m██[38;2;64;115;138m██[38;2;0;0;0m██  ██████[38;2;94;91;100m████[38;2;65;65;65m██[38;2;0;0;0m████
    ██[38;2;69;67;74m████[38;2;65;65;65m██████[38;2;219;174;203m██[38;2;65;65;65m██[38;2;238;135;74m████[38;2;152;79;61m██[38;2;0;0;0m██  ██[38;2;130;127;137m██[38;2;0;0;0m██[38;2;94;91;100m██████[38;2;69;67;74m████[38;2;94;91;100m████[38;2;0;0;0m██
  ██[38;2;69;67;74m████[38;2;0;0;0m████[38;2;152;79;61m██████[38;2;238;135;74m██████[38;2;65;65;65m████[38;2;0;0;0m██[38;2;69;67;74m██[38;2;130;127;137m████[38;2;65;65;65m██[38;2;69;67;74m████[38;2;94;91;100m██████[38;2;0;0;0m██  
  ██████    ██[38;2;152;79;61m██[38;2;65;65;65m██[38;2;152;79;61m██[38;2;238;135;74m██[38;2;65;65;65m██[38;2;94;91;100m████[38;2;65;65;65m████[38;2;130;127;137m████[38;2;65;65;65m██[38;2;94;91;100m██████████[38;2;0;0;0m██  
            ██[38;2;65;65;65m██[38;2;94;91;100m██[38;2;65;65;65m████[38;2;94;91;100m██████████[38;2;65;65;65m██[38;2;130;127;137m████[38;2;65;65;65m██[38;2;69;67;74m██[38;2;94;91;100m████[38;2;0;0;0m██    
          ██[38;2;94;91;100m██████[38;2;130;127;137m████[38;2;69;67;74m██[38;2;130;127;137m██[38;2;94;91;100m██████[38;2;65;65;65m██[38;2;130;127;137m██[38;2;65;65;65m████[38;2;94;91;100m██[38;2;69;67;74m████[38;2;0;0;0m██    
        ██[38;2;94;91;100m████[38;2;69;67;74m██[38;2;130;127;137m██████[38;2;69;67;74m██[38;2;130;127;137m████[38;2;94;91;100m██[38;2;130;127;137m██[38;2;94;91;100m██[38;2;65;65;65m██[38;2;94;91;100m████████[38;2;0;0;0m██      
        ██[38;2;94;91;100m████[38;2;69;67;74m██[38;2;130;127;137m████[38;2;69;67;74m██[38;2;130;127;137m██████[38;2;69;67;74m██[38;2;130;127;137m████[38;2;94;91;100m██████[38;2;0;0;0m████        
        ██[38;2;94;91;100m██[38;2;69;67;74m██[38;2;130;127;137m██████[38;2;69;67;74m██[38;2;130;127;137m██████[38;2;69;67;74m██[38;2;130;127;137m████[38;2;69;67;74m██[38;2;94;91;100m██[38;2;0;0;0m██            
          ██[38;2;69;67;74m██[38;2;130;127;137m██████[38;2;69;67;74m██[38;2;130;127;137m██████[38;2;69;67;74m██[38;2;130;127;137m██████[38;2;69;67;74m██[38;2;0;0;0m██            
            ██[38;2;130;127;137m██████[38;2;69;67;74m██[38;2;130;127;137m████████[38;2;69;67;74m██[38;2;130;127;137m████[38;2;0;0;0m██              
              ████[38;2;130;127;137m████[38;2;0;0;0m██[38;2;130;127;137m██████[38;2;0;0;0m██████                
                  ████  ██████                      
[0m