      [38;2;0;0;0m████                                                      
      ██[38;2;119;117;157m██[38;2;0;0;0m██                                                    
      ██[38;2;119;117;157m████[38;2;0;0;0m██                                                  
        ██[38;2;119;117;157m████[38;2;0;0;0m████                ████                      ████
        ██[38;2;119;117;157m██████[38;2;88;86;126m██[38;2;0;0;0m██            ██[38;2;119;117;157m██[38;2;0;0;0m██                  ████[38;2;119;117;157m██[38;2;0;0;0m██
        ██[38;2;119;117;157m██████████[38;2;0;0;0m██    ██  ██[38;2;119;117;157m████[38;2;0;0;0m██  ████        ████[38;2;154;152;189m██[38;2;119;117;157m████[38;2;0;0;0m██
          ██[38;2;119;117;157m██████████[38;2;0;0;0m████[38;2;119;117;157m██[38;2;0;0;0m██[38;2;88;86;126m██[38;2;154;152;189m██[38;2;119;117;157m██[38;2;0;0;0m████[38;2;119;117;157m██[38;2;0;0;0m██    ████[38;2;119;117;157m██[38;2;154;152;189m██[38;2;119;117;157m████[38;2;0;0;0m██  
          ██[38;2;119;117;157m████████[38;2;88;86;126m████[38;2;154;152;189m██[38;2;119;117;157m██[38;2;88;86;126m██[38;2;154;152;189m████[38;2;119;117;157m██[38;2;88;86;126m██[38;2;119;117;157m████[38;2;0;0;0m██  ██[38;2;119;117;157m██[38;2;154;152;189m██████[38;2;119;117;157m████[38;2;0;0;0m██  
          ██[38;2;119;117;157m████████[38;2;154;152;189m██████████████[38;2;119;117;157m████████[38;2;0;0;0m████[38;2;154;152;189m████████[38;2;119;117;157m████[38;2;0;0;0m██    
            ██[38;2;119;117;157m██[38;2;154;152;189m████████████████████[38;2;119;117;157m████[38;2;88;86;126m██[38;2;119;117;157m██[38;2;154;152;189m████████[38;2;119;117;157m████[38;2;88;86;126m██[38;2;0;0;0m██    
            ██[38;2;154;152;189m██████████████████████[38;2;119;117;157m██████[38;2;154;152;189m████████[38;2;119;117;157m██████[38;2;0;0;0m██      
            ██[38;2;154;152;189m████████████████████[38;2;119;117;157m██[38;2;154;152;189m██[38;2;119;117;157m██████[38;2;154;152;189m████[38;2;119;117;157m██████[38;2;88;86;126m██[38;2;0;0;0m██      
          ██[38;2;154;152;189m████████████████████[38;2;119;117;157m██[38;2;154;152;189m██[38;2;119;117;157m██[38;2;154;152;189m██[38;2;119;117;157m██████████████[38;2;0;0;0m██        
        ██[38;2;119;117;157m██[38;2;154;152;189m██████████████████████[38;2;119;117;157m██[38;2;154;152;189m██[38;2;119;117;157m██████████████[38;2;88;86;126m████[38;2;0;0;0m██      
      ██[38;2;65;65;65m██[38;2;82;90;106m██[38;2;154;152;189m████████████████████[38;2;119;117;157m████████████████████[38;2;88;86;126m██████[38;2;0;0;0m██    
    ██[38;2;88;86;126m██[38;2;65;65;65m██[38;2;255;127;123m██[38;2;119;117;157m██[38;2;154;152;189m██████████████[38;2;119;117;157m██████[38;2;82;90;106m██[38;2;119;117;157m██████████████[38;2;88;86;126m██████[38;2;0;0;0m██      
  ██[38;2;88;86;126m██[38;2;65;65;65m██[38;2;119;117;157m██[38;2;255;180;186m██[38;2;0;0;0m██[38;2;154;152;189m██████████[38;2;119;117;157m██████[38;2;82;90;106m████[38;2;255;127;123m██[38;2;119;117;157m██████████████[38;2;88;86;126m████[38;2;0;0;0m██        
  ██[38;2;88;86;126m██[38;2;65;65;65m██[38;2;119;117;157m██[38;2;255;180;186m██[38;2;0;0;0m██[38;2;119;117;157m██[38;2;154;152;189m██████[38;2;119;117;157m██████[38;2;82;90;106m██[38;2;255;127;123m████[38;2;255;180;186m██[38;2;119;117;157m██████████████[38;2;65;65;65m██[38;2;88;86;126m████[38;2;0;0;0m████    
██[38;2;88;86;126m████[38;2;65;65;65m██[38;2;119;117;157m████[38;2;255;127;123m██[38;2;82;90;106m██[38;2;119;117;157m████████[38;2;82;90;106m██[38;2;0;0;0m██[38;2;255;127;123m██[38;2;255;180;186m████[38;2;199;136;198m██[38;2;119;117;157m████████████████[38;2;65;65;65m██[38;2;88;86;126m██████[38;2;0;0;0m██  
██[38;2;88;86;126m████[38;2;65;65;65m██[38;2;82;90;106m██[38;2;119;117;157m████████████[38;2;82;90;106m██[38;2;255;127;123m██[38;2;0;0;0m██[38;2;255;180;186m██████[38;2;119;117;157m██████[38;2;82;90;106m██[38;2;119;117;157m████████████[38;2;65;65;65m██[38;2;88;86;126m██[38;2;0;0;0m██    
  ████[38;2;65;65;65m██[38;2;88;86;126m██[38;2;82;90;106m██[38;2;119;117;157m██████████████[38;2;199;136;198m██[38;2;255;180;186m████[38;2;119;117;157m██████[38;2;82;90;106m██[38;2;88;86;126m██[38;2;119;117;157m████████████[38;2;65;65;65m██[38;2;0;0;0m██      
      ██[38;2;119;117;157m██[38;2;88;86;126m██[38;2;82;90;106m████[38;2;119;117;157m██████████████████[38;2;82;90;106m████[38;2;88;86;126m██[38;2;119;117;157m████████████████[38;2;0;0;0m██      
        ██[38;2;88;86;126m██[38;2;255;255;255m██[38;2;189;180;205m██[38;2;82;90;106m██████████████████[38;2;255;255;255m████[38;2;88;86;126m██[38;2;119;117;157m████[38;2;65;65;65m██[38;2;119;117;157m██████████[38;2;0;0;0m██      
        ██[38;2;119;117;157m██[38;2;88;86;126m██[38;2;189;180;205m██[38;2;255;255;255m██[38;2;189;180;205m██[38;2;255;255;255m████[38;2;189;180;205m██[38;2;255;255;255m████[38;2;189;180;205m██[38;2;255;255;255m████[38;2;88;86;126m██[38;2;119;117;157m██████[38;2;65;65;65m██[38;2;119;117;157m████████[38;2;88;86;126m██[38;2;119;117;157m██[38;2;0;0;0m██    
          ██[38;2;119;117;157m██[38;2;88;86;126m██[38;2;255;255;255m██[38;2;189;180;205m██[38;2;255;255;255m████[38;2;189;180;205m██[38;2;255;255;255m████[38;2;189;180;205m██[38;2;255;255;255m██[38;2;88;86;126m██[38;2;119;117;157m██████████[38;2;65;65;65m██[38;2;119;117;157m████[38;2;88;86;126m██[38;2;119;117;157m██[38;2;0;0;0m██      
            ██[38;2;119;117;157m██[38;2;88;86;126m████[38;2;255;255;255m████[38;2;189;180;205m██[38;2;255;255;255m████[38;2;88;86;126m████[38;2;119;117;157m██████████████[38;2;65;65;65m████[38;2;119;117;157m██[38;2;0;0;0m██        
            ██[38;2;82;90;106m██[38;2;119;117;157m████[38;2;88;86;126m██████████[38;2;119;117;157m████████████████[38;2;88;86;126m██████[38;2;65;65;65m██[38;2;88;86;126m██[38;2;0;0;0m██      
            ██[38;2;88;86;126m██[38;2;82;90;106m██[38;2;119;117;157m██████████████████████████[38;2;88;86;126m████████[38;2;65;65;65m██[38;2;88;86;126m████[38;2;0;0;0m██    
              ██[38;2;88;86;126m██[38;2;82;90;106m████[38;2;119;117;157m████████████████████[38;2;88;86;126m██████████[38;2;65;65;65m██[38;2;88;86;126m██████[38;2;0;0;0m██  
              ██[38;2;88;86;126m██████[38;2;82;90;106m██[38;2;65;65;65m██[38;2;0;0;0m██[38;2;119;117;157m████████[38;2;88;86;126m██████████████[38;2;65;65;65m██[38;2;88;86;126m████[38;2;0;0;0m████    
                ██[38;2;88;86;126m██████[38;2;0;0;0m██  ████████[38;2;88;86;126m██████████████[38;2;65;65;65m██[38;2;0;0;0m████        
                  ██████          ██[38;2;88;86;126m██████████████[38;2;0;0;0m██            
                                    ██[38;2;119;117;157m██[38;2;88;86;126m████████[38;2;0;0;0m██              
                                    ██████[38;2;119;117;157m████[38;2;0;0;0m██                
                                          ████                  
[0m