                              [38;2;0;0;0m██████                                                    
                            ██[38;2;65;64;65m██████[38;2;0;0;0m██                          ██████                  
                          ██[38;2;65;64;65m████████[38;2;0;0;0m██                      ████[38;2;65;64;65m██[38;2;98;97;98m██[38;2;65;64;65m██[38;2;0;0;0m████              
                          ██[38;2;65;64;65m██████[38;2;0;0;0m██                    ████[38;2;98;97;98m██[38;2;65;64;65m██[38;2;94;97;94m██[38;2;65;64;65m██[38;2;94;97;94m██[38;2;75;174;204m████[38;2;0;0;0m██            
                        ██[38;2;65;64;65m██████[38;2;0;0;0m██                    ██[38;2;65;64;65m██████[38;2;94;97;94m██[38;2;65;64;65m██[38;2;94;97;94m██[38;2;65;64;65m██[38;2;0;0;0m████              
                      ██[38;2;65;64;65m████████[38;2;0;0;0m██                    ██[38;2;65;64;65m██████[38;2;0;0;0m████████                  
                    ██[38;2;65;64;65m████████[38;2;0;0;0m██    ████            ██[38;2;65;64;65m████[38;2;0;0;0m████                          
                    ██[38;2;65;64;65m██████[38;2;0;0;0m██    ██[38;2;65;64;65m████[38;2;0;0;0m██      ████[38;2;65;64;65m████[38;2;0;0;0m██    ██████  ██████            
      ██            ██[38;2;65;64;65m████[38;2;0;0;0m██    ██[38;2;65;64;65m██████[38;2;0;0;0m██    ██[38;2;65;64;65m██████[38;2;0;0;0m██    ██[38;2;65;64;65m██████[38;2;0;0;0m██[38;2;65;64;65m██[38;2;98;97;98m██[38;2;65;64;65m██[38;2;0;0;0m████        
    ██[38;2;152;156;158m██[38;2;0;4;16m██            [38;2;0;0;0m██[38;2;65;64;65m██[38;2;0;0;0m██  ██[38;2;65;64;65m██████████[38;2;0;0;8m████[38;2;65;64;65m██████[38;2;0;0;0m██    ██[38;2;65;64;65m██[38;2;94;97;94m██[38;2;65;64;65m██[38;2;94;97;94m██[38;2;65;64;65m██[38;2;94;97;94m██[38;2;65;64;65m██[38;2;51;79;88m██[38;2;89;159;180m██[38;2;75;174;204m██[38;2;0;0;0m██      
    ██[38;2;152;156;158m██[38;2;55;54;52m██[38;2;0;0;0m██          ██[38;2;65;64;65m██[38;2;0;0;0m██  ██[38;2;65;64;65m████████[38;2;204;208;210m██[38;2;207;211;213m██[38;2;72;71;68m██[38;2;65;64;65m██[38;2;0;0;0m████      ██[38;2;65;64;65m████[38;2;94;97;94m██[38;2;65;64;65m██[38;2;94;97;94m██[38;2;65;64;65m██[38;2;94;97;94m██[38;2;51;79;88m██[38;2;0;16;8m██[38;2;0;0;0m██        
    ██[38;2;153;157;159m██[38;2;65;64;65m██[38;2;204;208;210m██[38;2;0;0;0m██        [38;2;0;0;16m██[38;2;207;211;213m██[38;2;65;64;65m██[38;2;0;0;0m██[38;2;65;64;65m██████[38;2;204;208;210m██████[38;2;65;64;65m████[38;2;0;0;0m██      ████[38;2;65;64;65m████████[38;2;0;0;0m██████████            
  ██[38;2;152;156;158m██[38;2;153;157;159m██[38;2;65;64;65m██[38;2;204;208;210m██[38;2;0;0;0m██    ████[38;2;73;72;70m██[38;2;207;211;213m██[38;2;65;64;65m████████[38;2;204;208;210m██████[38;2;152;156;158m██[38;2;65;64;65m██[38;2;0;0;0m██      ██[38;2;65;64;65m████████[38;2;0;0;0m████                      
  ██[38;2;152;156;158m██[38;2;156;160;163m██[38;2;65;64;65m██[38;2;152;156;158m██[38;2;0;4;16m██  [38;2;0;0;0m██[38;2;65;64;65m██[38;2;250;218;144m██[38;2;65;64;65m██[38;2;204;208;210m████[38;2;65;64;65m████[38;2;204;208;210m██████[38;2;202;206;207m██[38;2;137;141;145m██[38;2;0;0;0m██        ██[38;2;65;64;65m██████[38;2;0;0;0m██                          
  ██[38;2;152;156;158m██[38;2;65;64;65m██[38;2;202;206;207m██[38;2;152;156;158m██[38;2;55;54;52m██[38;2;0;0;0m██[38;2;65;64;65m██[38;2;250;218;144m████[38;2;65;64;65m██[38;2;204;208;210m████[38;2;65;64;65m██[38;2;204;208;210m████████[38;2;137;141;145m██[38;2;159;163;166m██[38;2;0;0;0m██      ██[38;2;65;64;65m████[38;2;0;0;0m████          ████████          
██[38;2;152;156;158m████[38;2;65;60;65m██[38;2;204;208;210m██[38;2;155;159;162m████[38;2;65;64;65m██[38;2;204;208;210m██[38;2;65;64;65m████[38;2;204;208;210m████████[38;2;65;64;65m██[38;2;204;208;210m██████[38;2;139;143;147m██[38;2;0;0;0m██    ████[38;2;65;64;65m████[38;2;0;0;0m██        ██████[38;2;94;97;94m██[38;2;65;64;65m██[38;2;94;97;94m██[38;2;65;64;65m██[38;2;0;0;0m████      
██[38;2;152;156;158m████[38;2;65;60;65m██[38;2;133;137;141m██[38;2;202;206;207m██[38;2;133;137;140m██[38;2;204;208;210m████[38;2;65;64;65m██[38;2;204;208;210m████████[38;2;65;64;65m████[38;2;204;208;210m██████[38;2;139;143;147m██[38;2;0;0;0m██  ██[38;2;65;64;65m████[38;2;0;0;0m████        ██[38;2;65;64;65m██[38;2;98;97;98m██[38;2;65;64;65m████[38;2;94;97;94m██[38;2;65;64;65m████[38;2;75;174;204m████[38;2;0;0;0m██    
  ██[38;2;152;156;158m██[38;2;157;161;163m██[38;2;62;57;65m██[38;2;204;208;210m██[38;2;133;137;141m██[38;2;204;208;210m████████[38;2;65;64;65m████████[38;2;204;208;210m████[38;2;141;145;149m████[38;2;152;156;158m██[38;2;0;0;0m██  ██[38;2;65;64;65m████[38;2;0;0;0m██        ██[38;2;65;64;65m██████[38;2;98;97;98m██[38;2;65;64;65m██████[38;2;0;0;0m██████      
    ██[38;2;157;161;163m██[38;2;206;209;210m██[38;2;65;56;65m██[38;2;204;208;210m████████[38;2;65;64;65m██[38;2;89;159;180m██[38;2;0;16;8m██[38;2;89;159;180m██[38;2;65;64;65m██[38;2;204;208;210m██[38;2;141;145;149m██[38;2;155;159;161m████[38;2;0;0;0m██  ██[38;2;152;156;158m██[38;2;65;64;65m██[38;2;0;0;0m██    ██████[38;2;65;64;65m██████[38;2;0;0;0m██████████            
    ██[38;2;204;208;210m████[38;2;72;72;71m████[38;2;204;208;210m████[38;2;65;64;65m██████[38;2;95;203;235m██[38;2;65;64;65m██[38;2;204;208;210m██[38;2;202;206;207m██[38;2;155;159;162m██[38;2;153;157;159m████[38;2;59;58;57m██[38;2;0;8;24m██[38;2;153;157;159m████[38;2;0;0;0m██    ██[38;2;65;64;65m████████[38;2;0;0;0m████                      
      ██[38;2;204;208;210m████[38;2;72;72;71m██[38;2;65;64;65m████[38;2;76;74;74m██[38;2;96;96;95m██[38;2;65;64;65m████[38;2;204;208;210m████[38;2;133;137;140m██[38;2;155;159;162m██[38;2;65;64;65m████[38;2;159;163;165m██[38;2;59;58;57m██[38;2;153;157;159m██[38;2;65;64;65m██[38;2;0;0;0m██  ██[38;2;65;64;65m████████[38;2;0;0;0m██                          
        ██[38;2;204;208;210m████[38;2;82;68;79m████[38;2;72;72;71m████[38;2;204;208;210m████[38;2;202;206;207m██[38;2;133;137;140m██[38;2;158;162;165m██[38;2;65;64;74m██[38;2;94;97;94m██[38;2;152;156;158m██[38;2;153;157;159m████[38;2;59;58;57m██[38;2;0;8;24m██  [38;2;0;0;0m██[38;2;65;64;65m████[38;2;0;0;0m██████                            
        ██[38;2;152;156;158m██[38;2;204;208;210m██[38;2;203;207;209m██[38;2;139;143;147m██[38;2;204;208;210m██████[38;2;141;145;149m██[38;2;155;159;162m████[38;2;65;64;74m██[38;2;127;131;135m██[38;2;94;97;94m██[38;2;152;156;158m██[38;2;153;157;159m██[38;2;65;64;65m██[38;2;159;163;165m██[38;2;59;58;57m██[38;2;0;0;0m██[38;2;65;64;65m████[38;2;0;0;0m██                ████              
          ██[38;2;204;208;210m██[38;2;141;145;149m██[38;2;204;208;210m████[38;2;133;137;141m██[38;2;154;158;160m██[38;2;65;64;74m██[38;2;65;64;65m████[38;2;108;107;105m██[38;2;57;60;65m██[38;2;204;208;210m████[38;2;153;157;159m██[38;2;65;64;65m██[38;2;153;157;159m████[38;2;59;58;57m████[38;2;0;0;0m██                ██[38;2;227;177;105m████[38;2;0;0;0m██            
            ██[38;2;141;145;149m██[38;2;204;208;210m██[38;2;65;60;65m████[38;2;65;64;74m██[38;2;98;97;95m██[38;2;94;97;94m████[38;2;57;60;65m██[38;2;202;206;208m██[38;2;204;208;210m██[38;2;152;156;158m██[38;2;65;64;65m██[38;2;153;157;159m████[38;2;65;64;65m██[38;2;159;163;165m██[38;2;0;8;24m██                  [38;2;0;0;0m██[38;2;227;177;105m████[38;2;228;178;106m██[38;2;0;0;0m██          
              [38;2;0;4;8m██[38;2;56;55;53m██[38;2;167;171;173m██[38;2;134;138;142m██[38;2;126;130;134m██[38;2;65;64;65m██[38;2;75;102;110m██[38;2;65;72;74m██[38;2;204;208;210m████[38;2;156;160;163m██[38;2;65;64;65m██[38;2;204;208;210m████[38;2;156;160;163m██[38;2;65;64;65m██[38;2;152;156;158m████[38;2;0;0;0m██              [38;2;0;4;16m██[38;2;55;54;52m██[38;2;82;98;103m████[38;2;94;97;94m████[38;2;0;0;0m██        
              [38;2;0;4;8m██[38;2;159;163;165m██[38;2;134;138;142m██[38;2;74;64;74m██[38;2;65;64;65m██[38;2;159;163;165m██[38;2;65;72;74m██[38;2;82;175;203m██[38;2;65;64;65m██████[38;2;202;206;207m██[38;2;204;208;210m██[38;2;152;156;158m██[38;2;65;64;65m██[38;2;202;206;207m██[38;2;152;156;158m██[38;2;0;0;0m██              ██[38;2;152;156;158m████[38;2;60;82;88m██[38;2;86;176;203m██[38;2;75;174;204m████[38;2;94;97;94m██[38;2;0;0;0m██████  
                ██[38;2;74;64;74m██[38;2;159;163;165m██[38;2;167;171;173m██[38;2;134;138;142m██[38;2;65;72;74m██[38;2;75;102;110m██[38;2;78;98;104m██[38;2;59;77;82m██[38;2;204;208;210m████[38;2;156;160;163m██[38;2;65;64;65m██[38;2;204;208;210m████[38;2;154;158;160m██[38;2;65;64;74m██[38;2;0;0;0m██████████      [38;2;8;4;8m██[38;2;63;62;63m██[38;2;94;97;94m████████[38;2;82;175;203m██[38;2;65;72;74m██[38;2;152;156;158m████[38;2;0;0;0m██
              ██[38;2;65;64;65m██[38;2;129;133;137m██[38;2;159;163;165m██[38;2;134;138;142m██[38;2;74;64;74m██[38;2;65;72;74m██[38;2;82;175;203m██[38;2;79;175;204m████[38;2;65;64;65m██████[38;2;202;206;207m██[38;2;204;208;210m██[38;2;152;156;158m██[38;2;65;64;74m██[38;2;98;97;95m██[38;2;248;217;144m████[38;2;135;134;128m██[38;2;198;202;204m██[38;2;204;208;210m██[38;2;0;0;0m██████[38;2;63;62;63m██[38;2;250;219;145m██[38;2;248;217;144m██████[38;2;94;97;94m██[38;2;75;102;110m██[38;2;65;72;74m██[38;2;0;0;0m████  
            ██[38;2;152;156;158m████[38;2;65;64;65m██[38;2;153;157;159m██[38;2;65;64;65m██[38;2;214;164;92m████[38;2;65;64;65m██[38;2;94;97;94m████[38;2;78;98;104m██[38;2;59;77;82m██[38;2;204;208;210m████[38;2;65;64;65m████[38;2;105;147;160m██[38;2;148;174;164m██[38;2;248;217;144m██[38;2;213;163;91m██[38;2;202;206;207m████[38;2;204;208;210m████████[38;2;154;158;160m██[38;2;65;64;74m██[38;2;248;217;144m██████[38;2;227;177;105m██[38;2;228;178;106m██[38;2;0;0;0m██      
              ████[38;2;153;157;159m██[38;2;65;64;65m██[38;2;214;164;92m██████[38;2;65;64;65m██[38;2;75;174;204m████[38;2;79;175;204m████[38;2;65;64;65m████[38;2;94;97;94m████[38;2;71;145;167m██[38;2;239;189;117m██[38;2;232;182;110m████[38;2;120;119;116m██[38;2;160;164;167m██[38;2;152;156;158m████[38;2;65;64;65m████[38;2;65;64;74m██[38;2;98;97;95m██[38;2;94;97;94m██[38;2;248;217;144m██[38;2;227;177;105m████[38;2;0;0;0m██        
                  ██████[38;2;213;163;91m██[38;2;214;164;92m████[38;2;65;64;65m██[38;2;94;97;94m██[38;2;95;97;95m████[38;2;94;97;94m██████[38;2;75;174;204m██[38;2;94;97;94m██[38;2;78;78;76m██[38;2;227;177;105m████[38;2;225;175;103m██[38;2;65;64;65m██████[38;2;227;177;105m████[38;2;75;102;110m██[38;2;82;175;203m██[38;2;78;78;76m████[38;2;78;78;77m████[38;2;0;0;0m██        
                        ██[38;2;0;0;8m██[38;2;64;64;63m██[38;2;65;64;65m██[38;2;94;97;94m██[38;2;95;97;95m████[38;2;94;97;94m██[38;2;75;174;204m████[38;2;94;97;94m██████[38;2;65;64;65m██████[38;2;99;99;98m██[38;2;65;64;65m████████[38;2;65;72;74m████[38;2;232;182;110m██[38;2;208;158;86m██[38;2;204;208;210m████[38;2;65;64;65m██[38;2;0;0;0m████    
                            ██[38;2;65;64;65m████[38;2;75;174;204m██████[38;2;94;97;94m██[38;2;95;97;95m████[38;2;96;96;95m██[38;2;248;217;143m██[38;2;248;217;145m████[38;2;101;95;95m██[38;2;65;60;65m██[38;2;248;217;144m████[38;2;219;169;97m██[38;2;204;208;210m██████[38;2;65;64;65m██████[38;2;202;206;207m██[38;2;211;215;216m████[38;2;152;156;158m██[38;2;0;0;0m██  
                          ██[38;2;152;156;158m██[38;2;153;157;159m██[38;2;65;64;65m██[38;2;94;97;94m████████[38;2;95;97;95m████[38;2;225;175;103m████[38;2;248;217;145m████[38;2;101;95;95m██[38;2;225;175;103m██[38;2;227;177;105m████[38;2;219;169;97m████[38;2;204;208;210m████████[38;2;156;160;163m██[38;2;65;64;65m██[38;2;141;145;147m██[38;2;8;0;0m██[38;2;0;0;0m██    
                            ████[38;2;152;156;158m██[38;2;65;64;65m██[38;2;98;97;98m██[38;2;94;97;98m████[38;2;227;177;105m████████[38;2;228;178;106m██[38;2;94;97;98m██[38;2;88;88;87m████[38;2;227;177;105m████[38;2;119;118;113m██[38;2;159;163;165m██[38;2;152;156;158m████[38;2;65;64;65m██[38;2;0;0;0m████████        
                                ██████[38;2;228;178;106m████[38;2;227;177;105m████████[38;2;228;178;106m██[38;2;94;97;98m██[38;2;88;88;87m██[38;2;75;174;204m██[38;2;78;78;77m████[38;2;74;76;74m████[38;2;55;54;52m██[38;2;0;4;16m██[38;2;0;0;0m██                
                                      ██████[38;2;228;178;106m██[38;2;229;179;107m████[38;2;94;97;94m████[38;2;96;169;191m██[38;2;67;114;128m██[38;2;92;92;91m██[38;2;229;179;107m██[38;2;0;0;0m██████                    
                                            ██████████[38;2;0;8;0m████[38;2;0;0;0m████                          
[0m