    [38;2;0;0;0m████                                                    
  ██[38;2;123;130;140m██[38;2;82;86;93m██[38;2;0;0;0m██                                                  
  ██[38;2;86;87;90m██[38;2;123;130;140m██[38;2;106;117;123m██[38;2;8;4;8m██[38;2;0;0;0m██                                              
  ██[38;2;86;87;90m████[38;2;156;174;181m████[38;2;86;87;90m██[38;2;0;0;0m██                                            
    ██[38;2;86;87;90m██[38;2;86;85;90m██[38;2;156;170;181m████[38;2;86;85;90m██[38;2;0;0;0m██  ████████                                
    ██[38;2;86;87;90m██[38;2;86;85;90m████████[38;2;66;65;66m██[38;2;0;0;0m██[38;2;177;194;194m████████[38;2;0;0;0m████████              ████████  
    ██[38;2;86;87;90m██[38;2;74;73;74m████████[38;2;248;252;252m██████[38;2;74;73;74m██[38;2;66;65;66m██[38;2;86;87;90m██[38;2;74;73;74m████[38;2;179;196;196m████[38;2;0;0;0m████    ██████[38;2;120;130;137m██[38;2;123;130;140m██[38;2;86;87;90m████[38;2;0;0;0m██
      ██[38;2;248;252;252m██[38;2;74;73;74m████[38;2;248;252;252m██████[38;2;74;73;74m████[38;2;86;87;90m██[38;2;66;65;66m██[38;2;74;73;74m██[38;2;248;252;252m██[38;2;179;196;196m████[38;2;180;197;197m██[38;2;60;60;63m██[38;2;0;0;0m████[38;2;82;86;93m██[38;2;123;130;140m██[38;2;120;130;137m████[38;2;86;87;90m████[38;2;0;0;0m██  
    ██[38;2;177;194;194m██[38;2;248;252;252m██[38;2;138;155;155m██[38;2;248;252;252m██████[38;2;66;65;66m██[38;2;86;87;90m████[38;2;66;65;66m██[38;2;248;252;252m██████████[38;2;66;65;66m██[38;2;86;87;90m██[38;2;86;85;90m██[38;2;156;170;181m██[38;2;156;174;181m██[38;2;123;130;137m██[38;2;87;87;90m████[38;2;90;89;90m██[38;2;0;0;0m██    
    ██[38;2;177;194;194m██[38;2;248;252;252m████████████[38;2;66;65;66m████[38;2;248;252;252m██████████[38;2;66;65;66m██[38;2;86;87;90m████[38;2;156;170;181m████[38;2;123;130;137m██[38;2;90;87;93m██[38;2;87;87;90m████[38;2;60;59;60m██[38;2;0;0;0m██    
    ██[38;2;248;252;252m██████████████████████████[38;2;175;192;192m██[38;2;66;60;66m██[38;2;86;87;90m████[38;2;87;87;90m████████[38;2;86;87;90m██[38;2;66;65;66m██[38;2;0;0;0m██      
  ██[38;2;248;252;252m██████████[38;2;138;155;155m██[38;2;66;65;66m██[38;2;248;252;252m██████████████[38;2;66;60;66m██[38;2;101;98;107m██[38;2;86;87;90m██[38;2;66;65;66m██[38;2;87;87;90m████████[38;2;66;65;66m████[38;2;0;0;0m██      
██[38;2;177;194;194m██[38;2;248;252;252m████████[38;2;138;155;155m██[38;2;66;65;66m██████[38;2;248;252;252m████████████[38;2;244;252;252m██[38;2;66;60;66m██[38;2;66;65;66m██[38;2;180;197;197m██[38;2;66;60;66m██[38;2;101;98;107m██[38;2;86;87;90m██[38;2;66;65;66m██[38;2;66;64;66m██[38;2;0;0;0m██        
██[38;2;177;194;194m██[38;2;66;65;66m██[38;2;248;252;252m████[38;2;138;155;155m██[38;2;66;65;66m██[38;2;85;86;90m██[38;2;86;87;90m██[38;2;66;65;66m██[38;2;248;252;252m██████████[38;2;178;195;195m██[38;2;186;203;203m██[38;2;244;252;252m██[38;2;180;197;197m████[38;2;175;192;192m██[38;2;66;60;66m██[38;2;66;65;66m████[38;2;66;64;66m██[38;2;0;0;0m██        
  ██[38;2;66;65;66m████[38;2;248;252;252m██[38;2;66;65;66m██[38;2;86;87;90m████[38;2;87;87;90m████[38;2;66;65;66m██[38;2;248;252;252m██████████[38;2;244;252;252m████[38;2;248;252;252m██[38;2;178;195;195m██[38;2;66;65;66m████████[38;2;57;60;66m██[38;2;183;200;200m██[38;2;0;0;0m██      
  ██[38;2;66;65;66m████[38;2;248;252;252m████[38;2;66;65;66m██[38;2;86;87;90m██[38;2;87;87;90m████[38;2;66;65;66m██[38;2;248;252;252m████████[38;2;66;65;66m██[38;2;66;60;66m██[38;2;186;203;203m██[38;2;178;195;195m████[38;2;180;197;197m██[38;2;66;65;66m██████[38;2;233;250;250m██[38;2;183;200;200m██[38;2;0;0;0m██      
██[38;2;171;188;188m██[38;2;66;65;66m██[38;2;198;40;1m██[38;2;66;65;66m██[38;2;248;252;252m██[38;2;74;73;74m████[38;2;101;98;107m██[38;2;66;60;66m██[38;2;248;252;252m████[38;2;225;242;242m██[38;2;71;82;85m██[38;2;57;60;66m██[38;2;201;40;1m██[38;2;86;87;90m██[38;2;66;65;66m██[38;2;180;197;197m████[38;2;179;196;196m████[38;2;248;252;252m████[38;2;177;194;194m████[38;2;0;0;0m██      
██[38;2;248;252;252m██[38;2;66;65;66m██[38;2;198;40;1m██[38;2;66;65;66m██[38;2;248;252;252m████[38;2;74;73;74m██[38;2;66;60;66m██[38;2;175;192;192m██[38;2;248;252;252m██[38;2;66;65;66m██[38;2;0;0;0m██[38;2;219;46;4m██[38;2;201;40;1m██[38;2;252;79;37m██[38;2;86;87;90m██[38;2;66;65;66m██[38;2;138;155;155m██[38;2;180;197;197m██[38;2;179;196;196m████[38;2;178;195;195m████[38;2;177;194;194m██[38;2;0;0;0m██        
██[38;2;177;194;194m██[38;2;244;252;252m██[38;2;66;60;66m██[38;2;148;165;165m██[38;2;179;196;196m██[38;2;248;252;252m████[38;2;244;252;252m██[38;2;186;203;203m██[38;2;57;65;66m██[38;2;208;42;1m██[38;2;0;0;0m██[38;2;255;86;44m██████[38;2;87;87;90m████[38;2;66;65;66m██[38;2;180;197;197m██[38;2;179;196;196m████[38;2;180;197;197m████[38;2;0;0;0m██          
  ██[38;2;186;203;203m██[38;2;244;252;252m██[38;2;86;103;103m██[38;2;179;196;196m██[38;2;178;195;195m██[38;2;248;252;252m██[38;2;244;252;252m██[38;2;66;60;66m██[38;2;255;84;43m████[38;2;255;86;44m████████[38;2;87;87;90m████[38;2;66;65;66m██[38;2;180;197;197m██[38;2;179;196;196m████[38;2;66;65;66m████[38;2;0;0;0m██          
  ██[38;2;177;194;194m████[38;2;180;197;197m██████████[38;2;66;65;66m██[38;2;82;81;82m██[38;2;255;86;44m████████[38;2;85;86;90m██[38;2;85;87;90m████[38;2;248;252;252m██[38;2;178;195;195m██[38;2;180;197;197m██[38;2;66;69;66m██[38;2;101;98;107m██[38;2;66;60;66m██[38;2;0;0;0m██          
    ██[38;2;177;194;194m██[38;2;180;197;197m██[38;2;66;65;66m████[38;2;180;197;197m██████[38;2;82;81;82m████[38;2;85;86;90m████████[38;2;248;252;252m████[38;2;178;195;195m████[38;2;180;197;197m██[38;2;134;151;151m██[38;2;66;60;66m██[38;2;175;192;192m██[38;2;0;0;0m██          
    ██[38;2;177;194;194m██[38;2;85;83;85m██[38;2;244;252;252m██[38;2;183;200;200m██[38;2;57;60;66m██[38;2;66;65;66m██[38;2;180;197;197m████[38;2;138;155;155m██[38;2;248;252;252m████████[38;2;179;196;196m████████[38;2;180;197;197m████[38;2;177;194;194m██[38;2;0;0;0m██            
      ████[38;2;244;252;252m██[38;2;183;200;200m██[38;2;233;250;250m██[38;2;180;197;197m██[38;2;66;65;66m██[38;2;180;197;197m████[38;2;178;195;195m████████[38;2;179;196;196m████████[38;2;66;65;66m████[38;2;0;0;0m██              
        ██[38;2;86;87;90m██[38;2;173;190;190m██[38;2;248;252;252m██[38;2;178;195;195m██[38;2;248;252;252m██[38;2;66;60;66m██[38;2;175;192;192m██[38;2;179;196;196m████[38;2;180;197;197m████[38;2;66;65;66m████[38;2;179;196;196m████[38;2;177;194;194m██[38;2;0;0;0m██                
          ██[38;2;90;89;99m██[38;2;248;252;252m██[38;2;178;195;195m██[38;2;248;252;252m██[38;2;101;98;107m██[38;2;66;60;66m██[38;2;179;196;196m████[38;2;180;197;197m██[38;2;66;65;66m██[38;2;86;87;90m████[38;2;57;63;63m██[38;2;0;4;0m██[38;2;0;0;0m██                  
            ████[38;2;86;87;90m████[38;2;86;89;94m██[38;2;177;194;194m████[38;2;0;0;0m██[38;2;177;194;194m████[38;2;0;0;0m██████                      
                ██████████  ████                            
[0m