          [38;2;0;0;0m██████                              
        ██[38;2;239;196;87m██████[38;2;0;0;0m██  ██████            ████    
        ██[38;2;239;196;87m████[38;2;221;162;23m██[38;2;152;122;52m██[38;2;0;0;0m██[38;2;255;230;88m████[38;2;221;162;23m██[38;2;0;0;0m████      ██[38;2;113;168;0m████[38;2;0;0;0m██  
      ██[38;2;239;196;87m████[38;2;221;162;23m██[38;2;152;122;52m██[38;2;255;230;88m████[38;2;221;162;23m██[38;2;255;230;88m████[38;2;221;162;23m██[38;2;255;230;88m██[38;2;0;0;0m██  ██[38;2;113;168;0m████[38;2;74;137;0m██[38;2;0;0;0m██  
    ██[38;2;239;196;87m████[38;2;221;162;23m██[38;2;152;122;52m██[38;2;255;230;88m██████[38;2;221;162;23m██[38;2;0;0;0m██████[38;2;255;230;88m██[38;2;0;0;0m██  ██[38;2;74;137;0m██[38;2;113;168;0m██████[38;2;0;0;0m██
    ██[38;2;239;196;87m██[38;2;221;162;23m██[38;2;255;230;88m████[38;2;221;162;23m██[38;2;255;230;88m██[38;2;221;162;23m██[38;2;0;0;0m██      ██████[38;2;113;168;0m██████[38;2;74;137;0m██[38;2;0;0;0m██  
    ██[38;2;255;230;88m██[38;2;239;196;87m██[38;2;255;230;88m██[38;2;239;196;87m██[38;2;152;122;52m████[38;2;128;115;148m██[38;2;0;0;0m████  ██[38;2;153;198;0m██████[38;2;65;65;65m████[38;2;113;168;0m██[38;2;0;0;0m██    
    ██[38;2;239;196;87m████[38;2;169;148;93m██[38;2;255;255;255m████[38;2;128;115;148m██[38;2;65;65;65m██[38;2;128;115;148m████[38;2;0;0;0m██[38;2;153;198;0m████████████[38;2;0;0;0m██      
  ██[38;2;128;115;148m████[38;2;255;255;255m████[38;2;153;130;1m██[38;2;65;65;65m████[38;2;91;81;108m██[38;2;128;115;148m████[38;2;65;65;65m██[38;2;113;168;0m██[38;2;153;198;0m████[38;2;74;137;0m██[38;2;153;198;0m██[38;2;74;137;0m██[38;2;153;198;0m██[38;2;0;0;0m██    
  ██[38;2;128;115;148m██[38;2;255;255;255m████[38;2;0;0;0m██[38;2;255;230;88m██[38;2;65;65;65m████[38;2;255;255;255m██[38;2;65;65;65m████[38;2;153;198;0m████[38;2;74;137;0m████[38;2;128;115;148m██[38;2;74;137;0m██[38;2;128;115;148m████[38;2;0;0;0m██    
██[38;2;221;162;23m████[38;2;255;255;255m██[38;2;153;130;1m██[38;2;197;24;16m██[38;2;255;255;255m██[38;2;65;65;65m██[38;2;206;206;206m██[38;2;91;81;108m██[38;2;74;137;0m██[38;2;153;198;0m████[38;2;74;137;0m██[38;2;128;115;148m██████[38;2;91;81;108m██████[38;2;128;115;148m██[38;2;0;0;0m██  
██[38;2;221;162;23m██[38;2;248;205;96m██[38;2;255;255;255m████[38;2;65;65;65m████[38;2;206;206;206m██[38;2;91;81;108m██[38;2;128;115;148m██[38;2;91;81;108m██[38;2;153;198;0m██████[38;2;74;137;0m██[38;2;128;115;148m██[38;2;91;81;108m████[38;2;211;205;195m████[38;2;91;81;108m██[38;2;0;0;0m██  
  ██[38;2;206;206;206m██████████████[38;2;74;137;0m██[38;2;153;198;0m██████[38;2;74;137;0m██[38;2;91;81;108m████[38;2;211;205;195m██████████[38;2;0;0;0m██  
    ████[38;2;206;206;206m██[38;2;74;137;0m██[38;2;206;206;206m██[38;2;74;137;0m████[38;2;153;198;0m██████[38;2;74;137;0m████[38;2;211;205;195m██████████[38;2;91;81;108m██[38;2;211;205;195m██[38;2;0;0;0m██  
      ██[38;2;113;168;0m██[38;2;74;137;0m████[38;2;153;198;0m████████[38;2;74;137;0m██[38;2;211;205;195m██████[38;2;158;150;144m████[38;2;211;205;195m██[38;2;91;81;108m██[38;2;128;115;148m██[38;2;158;150;144m██[38;2;0;0;0m██  
      ██[38;2;113;168;0m████████[38;2;153;198;0m██[38;2;74;137;0m██[38;2;153;198;0m██[38;2;74;137;0m██[38;2;211;205;195m████[38;2;158;150;144m████[38;2;0;0;0m████[38;2;206;206;206m████[38;2;0;0;0m██    
        ██[38;2;113;168;0m██[38;2;74;137;0m██[38;2;113;168;0m████[38;2;74;137;0m████[38;2;211;205;195m██████[38;2;0;0;0m████  ██[38;2;197;24;16m████[38;2;0;0;0m██    
        ██[38;2;65;65;65m██[38;2;74;137;0m██[38;2;113;168;0m██[38;2;65;65;65m██[38;2;211;205;195m██████[38;2;158;150;144m██[38;2;211;205;195m██[38;2;0;0;0m██      ████      
          ██[38;2;197;24;16m████[38;2;0;0;0m████[38;2;211;205;195m██[38;2;128;115;148m██[38;2;91;81;108m██[38;2;0;0;0m██                  
            ████    ██[38;2;206;206;206m████[38;2;0;0;0m██                  
                    ██[38;2;197;24;16m████[38;2;0;0;0m██                  
                      ████                    
[0m