                              [38;2;0;0;0m██                
                            ██[38;2;255;255;255m██[38;2;0;0;0m██              
                            ██[38;2;255;255;255m████[38;2;0;0;0m██            
                  ████    ██[38;2;189;189;189m██[38;2;255;255;255m████[38;2;189;189;189m██[38;2;0;0;0m██          
                ██[38;2;189;189;189m████[38;2;0;0;0m████[38;2;65;65;65m██[38;2;255;255;255m██[38;2;255;164;75m██[38;2;255;255;255m████[38;2;0;0;0m██          
                  ██[38;2;189;189;189m██████[38;2;65;65;65m██[38;2;255;164;75m██[38;2;213;111;41m██[38;2;255;164;75m██[38;2;255;255;255m██[38;2;65;65;65m██████      
      [38;2;0;0;0m████        ██[38;2;65;65;65m████[38;2;189;189;189m████[38;2;255;164;75m██[38;2;213;111;41m██[38;2;255;164;75m██[38;2;65;65;65m██[38;2;255;255;255m██████[38;2;65;65;65m██    
      [38;2;0;0;0m██[38;2;247;230;173m██[38;2;0;0;0m██    ██[38;2;65;65;65m██[38;2;255;255;255m██[38;2;189;189;189m██[38;2;65;65;65m████[38;2;213;111;41m██[38;2;255;164;75m██[38;2;65;65;65m██[38;2;255;164;75m██[38;2;255;235;177m██[38;2;255;255;255m██████[38;2;65;65;65m██  
      [38;2;0;0;0m██[38;2;214;197;123m██[38;2;247;230;173m██[38;2;0;0;0m████[38;2;255;255;255m██[38;2;189;189;189m██[38;2;255;255;255m██[38;2;255;164;75m██[38;2;255;235;177m██[38;2;255;164;75m██[38;2;65;65;65m██[38;2;255;164;75m██[38;2;213;111;41m██████[38;2;255;164;75m██[38;2;255;255;255m██████[38;2;0;0;0m██
      ██[38;2;140;140;140m██[38;2;247;230;173m████[38;2;65;65;65m██[38;2;255;255;255m██[38;2;255;164;75m████[38;2;255;235;177m██[38;2;255;255;255m██[38;2;255;235;177m████[38;2;65;65;65m██[38;2;255;164;75m████[38;2;255;235;177m██[38;2;255;255;255m████[38;2;0;0;0m████  
        ██[38;2;247;230;173m████[38;2;255;164;75m██████[38;2;213;111;41m████[38;2;255;255;255m██████[38;2;65;65;65m████[38;2;0;0;0m████████      
  ██████[38;2;65;65;65m██[38;2;255;164;75m██████[38;2;255;255;255m██[38;2;213;111;41m██[38;2;255;164;75m████[38;2;213;111;41m██[38;2;255;255;255m██████[38;2;0;0;0m██              
██[38;2;189;189;189m████[38;2;213;111;41m██[38;2;65;65;65m██[38;2;255;235;177m████[38;2;255;255;255m██[38;2;140;140;140m██[38;2;255;164;75m██[38;2;213;111;41m████[38;2;255;164;75m██[38;2;255;255;255m██[38;2;189;189;189m████[38;2;0;0;0m██              
  ██[38;2;189;189;189m████[38;2;213;111;41m██[38;2;255;255;255m██████[38;2;140;140;140m██[38;2;255;255;255m██[38;2;0;0;0m██[38;2;90;181;165m██[38;2;255;255;255m██[38;2;65;65;65m████[38;2;0;0;0m██                
  ██[38;2;189;189;189m██[38;2;0;0;0m████[38;2;255;255;255m██[38;2;189;189;189m████[38;2;255;255;255m██[38;2;140;140;140m██[38;2;255;255;255m████[38;2;189;189;189m██[38;2;255;164;75m████[38;2;0;0;0m████              
    ██    ██[38;2;255;148;148m████[38;2;189;189;189m████████[38;2;65;65;65m██[38;2;255;164;75m██[38;2;255;235;177m██[38;2;255;255;255m████[38;2;0;0;0m██            
            ████[38;2;255;148;148m██[38;2;189;189;189m████[38;2;0;0;0m████[38;2;255;255;255m██████████[38;2;0;0;0m██          
                ██████  ██[38;2;189;189;189m██[38;2;255;255;255m██[38;2;0;0;0m██████            
                          ████                  
[0m