                                              [38;2;0;0;0m████████                      
                                      ████████[38;2;205;170;96m████████[38;2;0;0;0m████                  
                                  ████[38;2;205;170;96m████[38;2;99;88;69m██[38;2;150;115;41m████[38;2;65;65;65m████[38;2;150;115;41m██████[38;2;0;0;0m██████            
                                ██[38;2;205;170;96m██████[38;2;99;88;69m██[38;2;150;115;41m██[38;2;65;65;65m████[38;2;205;170;96m████[38;2;65;65;65m████[38;2;150;115;41m██[38;2;65;65;65m██[38;2;205;170;96m████[38;2;0;0;0m██          
                            ████[38;2;205;170;96m██████[38;2;99;88;69m██[38;2;150;115;41m██[38;2;65;65;65m██[38;2;205;170;96m████████████[38;2;65;65;65m████[38;2;150;115;41m██[38;2;205;170;96m████[38;2;0;0;0m██        
                          ██[38;2;65;65;65m██[38;2;205;170;96m██████[38;2;99;88;69m██[38;2;150;115;41m██[38;2;65;65;65m██[38;2;205;170;96m████████████████[38;2;178;143;69m██[38;2;65;65;65m██[38;2;150;115;41m████[38;2;205;170;96m██[38;2;0;0;0m██      
                        ██[38;2;65;65;65m██[38;2;205;170;96m████[38;2;99;88;69m████[38;2;150;115;41m██[38;2;65;65;65m██[38;2;150;115;41m██[38;2;99;88;69m██[38;2;205;170;96m████████████[38;2;178;143;69m██[38;2;205;170;96m██[38;2;178;143;69m██[38;2;65;65;65m██[38;2;150;115;41m██████[38;2;0;0;0m██    
                      ██[38;2;150;115;41m██[38;2;65;65;65m██[38;2;99;88;69m████[38;2;150;115;41m██[38;2;65;65;65m██████[38;2;150;115;41m████[38;2;99;88;69m██[38;2;205;170;96m████████[38;2;178;143;69m██[38;2;205;170;96m██[38;2;178;143;69m██[38;2;205;170;96m██[38;2;65;65;65m██████[38;2;150;115;41m██[38;2;0;0;0m██    
                    ██[38;2;150;115;41m████[38;2;65;65;65m██[38;2;150;115;41m████[38;2;65;65;65m██[38;2;99;88;69m████[38;2;150;115;41m██[38;2;65;65;65m██[38;2;150;115;41m████[38;2;99;88;69m██[38;2;205;170;96m████████[38;2;178;143;69m██[38;2;205;170;96m██[38;2;150;115;41m██[38;2;65;65;65m██[38;2;150;115;41m████[38;2;65;65;65m██[38;2;0;0;0m██    
                    ██[38;2;150;115;41m██████[38;2;65;65;65m████[38;2;99;88;69m██[38;2;205;170;96m████[38;2;99;88;69m██[38;2;150;115;41m██[38;2;65;65;65m██[38;2;150;115;41m████[38;2;99;88;69m██[38;2;205;170;96m████[38;2;99;88;69m████[38;2;150;115;41m██[38;2;65;65;65m██[38;2;150;115;41m████[38;2;99;88;69m██[38;2;205;170;96m██[38;2;99;88;69m██[38;2;0;0;0m██  
  ████            ██[38;2;150;115;41m████[38;2;65;65;65m████[38;2;99;88;69m██[38;2;205;170;96m██████████[38;2;99;88;69m██[38;2;150;115;41m██[38;2;65;65;65m██[38;2;150;115;41m████[38;2;99;88;69m████[38;2;150;115;41m██████[38;2;65;65;65m██[38;2;150;115;41m██[38;2;99;88;69m██[38;2;205;170;96m██[38;2;178;143;69m██[38;2;205;170;96m██[38;2;0;0;0m██  
██[38;2;213;213;213m████[38;2;0;0;0m██████      ██[38;2;150;115;41m██[38;2;65;65;65m██[38;2;150;115;41m██[38;2;65;65;65m██[38;2;205;170;96m██████████████[38;2;99;88;69m██[38;2;150;115;41m██[38;2;65;65;65m██[38;2;150;115;41m██████[38;2;65;65;65m██████[38;2;150;115;41m████[38;2;99;88;69m██[38;2;178;143;69m██[38;2;205;170;96m██[38;2;178;143;69m██[38;2;0;0;0m██  
  ██[38;2;187;152;48m████[38;2;211;172;98m██[38;2;65;65;65m██[38;2;0;0;0m██      ██[38;2;99;88;69m██[38;2;150;115;41m██[38;2;65;65;65m██[38;2;205;170;96m██████████████[38;2;99;88;69m██[38;2;150;115;41m██[38;2;65;65;65m████████[38;2;150;115;41m██████[38;2;65;65;65m██[38;2;150;115;41m████[38;2;99;88;69m██[38;2;178;143;69m██[38;2;205;170;96m██[38;2;178;143;69m██[38;2;0;0;0m██
    ██[38;2;211;172;98m██[38;2;65;65;65m██[38;2;213;213;213m████[38;2;0;0;0m██  ██[38;2;205;170;96m████[38;2;99;88;69m██[38;2;150;115;41m██[38;2;65;65;65m██[38;2;205;170;96m██████████[38;2;99;88;69m██[38;2;150;115;41m████[38;2;65;65;65m██[38;2;150;115;41m████████[38;2;99;88;69m████[38;2;205;170;96m██[38;2;99;88;69m██[38;2;65;65;65m████[38;2;205;170;96m██[38;2;178;143;69m██[38;2;205;170;96m██[38;2;0;0;0m██
  ██[38;2;187;152;48m██[38;2;211;172;98m████[38;2;65;65;65m██[38;2;211;172;98m██[38;2;65;65;65m██[38;2;0;0;0m████[38;2;205;170;96m████[38;2;99;88;69m██[38;2;150;115;41m██[38;2;65;65;65m████████[38;2;205;170;96m████[38;2;99;88;69m██[38;2;150;115;41m██[38;2;65;65;65m██[38;2;150;115;41m██████[38;2;99;88;69m████[38;2;205;170;96m██████[38;2;65;65;65m██[38;2;255;255;255m████[38;2;65;65;65m██[38;2;205;170;96m██[38;2;0;0;0m██  
██[38;2;213;213;213m████[38;2;187;152;48m██[38;2;211;172;98m██████[38;2;65;65;65m██[38;2;211;172;98m██[38;2;65;65;65m██[38;2;205;170;96m██████[38;2;65;65;65m████[38;2;244;225;144m██████[38;2;65;65;65m██████[38;2;150;115;41m██[38;2;65;65;65m██[38;2;150;115;41m████[38;2;99;88;69m██[38;2;205;170;96m████████████[38;2;65;65;65m██[38;2;211;172;98m██[38;2;244;225;144m██[38;2;65;65;65m██[38;2;0;0;0m██  
  ████████[38;2;211;172;98m██[38;2;65;65;65m██[38;2;187;152;48m████[38;2;211;172;98m██[38;2;65;65;65m██[38;2;205;170;96m██[38;2;65;65;65m██[38;2;244;225;144m████████████████[38;2;65;65;65m██[38;2;150;115;41m██████[38;2;99;88;69m██[38;2;205;170;96m████████[38;2;65;65;65m████[38;2;244;225;144m████████[38;2;0;0;0m██  
          ██████[38;2;211;172;98m██[38;2;187;152;48m████[38;2;65;65;65m██[38;2;244;225;144m██████████████████[38;2;187;152;48m██[38;2;65;65;65m██[38;2;150;115;41m██[38;2;99;88;69m██[38;2;205;170;96m████████[38;2;65;65;65m██[38;2;255;255;255m██[38;2;211;172;98m██[38;2;244;225;144m██████[38;2;99;88;69m██[38;2;0;0;0m██  
                ██████[38;2;65;65;65m██[38;2;244;225;144m██████████████[38;2;156;106;28m████[38;2;211;172;98m████[38;2;65;65;65m██[38;2;99;88;69m██[38;2;205;170;96m██████████[38;2;65;65;65m██[38;2;244;225;144m██████[38;2;99;88;69m██[38;2;255;255;255m██[38;2;211;172;98m██[38;2;0;0;0m██
                    ██[38;2;244;225;144m██████████████[38;2;156;106;28m██[38;2;255;255;255m██[38;2;187;152;48m██[38;2;211;172;98m████[38;2;65;65;65m██[38;2;150;115;41m██[38;2;99;88;69m██[38;2;205;170;96m████[38;2;178;143;69m██[38;2;205;170;96m██[38;2;178;143;69m██[38;2;65;65;65m██[38;2;244;225;144m██████[38;2;99;88;69m██[38;2;211;172;98m██[38;2;0;0;0m██
                    ██[38;2;244;225;144m████████████[38;2;156;106;28m██[38;2;255;98;65m██[38;2;255;255;255m██[38;2;187;152;48m██[38;2;211;172;98m██████[38;2;65;65;65m██[38;2;99;88;69m██[38;2;205;170;96m██[38;2;178;143;69m██[38;2;205;170;96m██[38;2;178;143;69m██[38;2;205;170;96m██[38;2;178;143;69m██[38;2;65;65;65m██[38;2;99;88;69m████[38;2;211;172;98m██[38;2;187;152;48m██[38;2;0;0;0m██
                      ██[38;2;244;225;144m████████[38;2;156;106;28m██[38;2;0;0;0m██[38;2;255;98;65m██[38;2;255;255;255m██[38;2;211;172;98m████████[38;2;65;65;65m██[38;2;150;115;41m██[38;2;99;88;69m██[38;2;205;170;96m██[38;2;178;143;69m██[38;2;65;65;65m██████[38;2;211;172;98m██████████[38;2;0;0;0m██
                      ██[38;2;244;225;144m██████[38;2;211;172;98m██[38;2;156;106;28m██[38;2;255;98;65m██[38;2;255;255;255m██[38;2;211;172;98m████[38;2;156;106;28m██[38;2;211;172;98m██[38;2;65;65;65m██[38;2;156;106;28m██[38;2;65;65;65m████████[38;2;150;115;41m██████[38;2;65;65;65m██[38;2;211;172;98m████[38;2;65;65;65m██[38;2;0;0;0m██  
                      ██[38;2;244;225;144m██████[38;2;156;106;28m██[38;2;211;172;98m████[38;2;156;106;28m██████[38;2;211;172;98m██[38;2;65;65;65m██[38;2;156;106;28m██[38;2;65;65;65m██[38;2;116;81;7m██[38;2;150;115;41m██████[38;2;116;81;7m██[38;2;65;65;65m████[38;2;244;225;144m██[38;2;65;65;65m██[38;2;0;0;0m████    
                      ██[38;2;187;152;48m██████[38;2;211;172;98m████[38;2;156;106;28m██[38;2;255;123;139m████[38;2;211;172;98m██[38;2;65;65;65m██[38;2;156;106;28m██[38;2;65;65;65m██[38;2;116;81;7m██[38;2;150;115;41m██[38;2;116;81;7m██████[38;2;65;65;65m██[38;2;244;225;144m████████[38;2;0;0;0m██      
                        ██[38;2;65;65;65m██[38;2;156;106;28m██████[38;2;255;123;139m████[38;2;211;172;98m██[38;2;65;65;65m██[38;2;0;0;0m██████[38;2;150;115;41m██[38;2;116;81;7m██████[38;2;65;65;65m██[38;2;244;225;144m████████████[38;2;0;0;0m██    
                      ██[38;2;187;152;48m████[38;2;65;65;65m██[38;2;255;123;139m████[38;2;255;255;255m██[38;2;0;0;0m██████      ██████[38;2;65;65;65m██[38;2;211;172;98m████[38;2;244;225;144m██████████[38;2;0;0;0m██    
                    ██[38;2;213;213;213m██[38;2;65;65;65m██[38;2;187;152;48m████[38;2;65;65;65m████[38;2;0;0;0m██                  ██[38;2;211;172;98m████[38;2;187;152;48m██[38;2;244;225;144m██████[38;2;211;172;98m██[38;2;0;0;0m██    
                      ████[38;2;213;213;213m██[38;2;65;65;65m██[38;2;213;213;213m██[38;2;0;0;0m██                      ██[38;2;211;172;98m████[38;2;187;152;48m██[38;2;211;172;98m██[38;2;187;152;48m██[38;2;0;0;0m██      
                          ██████                        ██[38;2;211;172;98m██████████[38;2;0;0;0m██      
                                                      ██[38;2;255;255;255m██[38;2;187;152;48m████[38;2;211;172;98m██[38;2;187;152;48m████[38;2;255;255;255m██[38;2;0;0;0m██    
                                                        ████[38;2;255;255;255m██[38;2;0;0;0m██[38;2;255;255;255m██[38;2;0;0;0m████      
                                                            ██  ██          
[0m