                [38;2;0;0;0m████                
              ██[38;2;143;187;187m████[38;2;0;0;0m██              
            ██[38;2;73;82;100m██[38;2;143;187;187m██[38;2;73;82;100m██[38;2;0;0;0m██              
          ██[38;2;73;82;100m██████████[38;2;0;0;0m████          
        ██[38;2;143;187;187m██[38;2;73;82;100m██████[38;2;143;187;187m██[38;2;73;82;100m████[38;2;143;187;187m██[38;2;0;0;0m██        
    ██████[38;2;209;254;1m██[38;2;73;82;100m████[38;2;143;187;187m██[38;2;161;195;1m██[38;2;73;82;100m████[38;2;143;187;187m██[38;2;0;0;0m██        
  ██[38;2;143;187;187m██[38;2;73;82;100m██[38;2;65;65;65m██[38;2;209;254;1m██[38;2;143;187;187m██████[38;2;209;254;1m██[38;2;143;187;187m████[38;2;65;65;65m██[38;2;176;144;87m██[38;2;0;0;0m██      
██[38;2;143;187;187m██[38;2;73;82;100m████[38;2;176;144;87m██[38;2;65;65;65m██[38;2;143;187;187m████[38;2;209;254;1m████[38;2;143;187;187m██[38;2;65;65;65m██[38;2;176;144;87m████[38;2;65;65;65m██[38;2;0;0;0m██    
██[38;2;143;187;187m██[38;2;73;82;100m██[38;2;143;187;187m██[38;2;141;109;52m██[38;2;176;144;87m██[38;2;65;65;65m██████████[38;2;176;144;87m████[38;2;65;65;65m██[38;2;143;187;187m████[38;2;0;0;0m██  
██[38;2;143;187;187m██[38;2;73;82;100m██[38;2;143;187;187m██[38;2;73;82;100m██[38;2;65;65;65m██[38;2;143;187;187m████[38;2;141;109;52m██[38;2;176;144;87m██████[38;2;65;65;65m██[38;2;143;187;187m██████[38;2;73;82;100m██[38;2;0;0;0m██
██[38;2;143;187;187m██[38;2;93;137;137m██[38;2;73;82;100m██[38;2;65;65;65m██[38;2;143;187;187m██[38;2;209;254;1m██[38;2;93;137;137m██[38;2;143;187;187m██[38;2;141;109;52m██[38;2;176;144;87m██[38;2;141;109;52m██[38;2;65;65;65m██[38;2;143;187;187m████[38;2;73;82;100m██[38;2;143;187;187m██[38;2;0;0;0m██
  ██[38;2;93;137;137m██[38;2;73;82;100m██[38;2;65;65;65m██[38;2;143;187;187m██[38;2;209;254;1m██[38;2;161;195;1m██[38;2;143;187;187m██[38;2;65;65;65m██[38;2;73;82;100m████[38;2;65;65;65m██[38;2;93;137;137m██[38;2;143;187;187m██[38;2;73;82;100m██[38;2;143;187;187m██[38;2;0;0;0m██
    ████[38;2;93;137;137m██[38;2;65;65;65m██[38;2;143;187;187m████[38;2;65;65;65m██[38;2;176;144;87m████[38;2;141;109;52m██[38;2;73;82;100m██[38;2;65;65;65m██[38;2;93;137;137m██[38;2;73;82;100m██[38;2;143;187;187m██[38;2;0;0;0m██
      ██[38;2;143;187;187m████[38;2;65;65;65m████[38;2;73;82;100m██[38;2;65;65;65m██[38;2;176;144;87m████[38;2;141;109;52m██[38;2;65;65;65m██[38;2;73;82;100m████[38;2;0;0;0m██  
      ██[38;2;143;187;187m████[38;2;93;137;137m██[38;2;0;0;0m██[38;2;73;82;100m████[38;2;65;65;65m██[38;2;143;187;187m██[38;2;93;137;137m██[38;2;65;65;65m██[38;2;0;0;0m████    
        ██████  ████[38;2;143;187;187m████[38;2;93;137;137m██[38;2;0;0;0m██        
                  ██[38;2;143;187;187m██████[38;2;0;0;0m██        
                    ██████          
[0m