                  [38;2;0;0;0m██                ████                              
              ████[38;2;98;115;131m██[38;2;0;0;0m██            ██[38;2;98;115;131m████[38;2;0;0;0m██                            
            ██[38;2;98;115;131m██[38;2;57;82;115m██[38;2;65;65;65m██[38;2;57;82;115m██[38;2;0;0;0m██        ██[38;2;98;115;131m████████[38;2;0;0;0m██                          
          ██[38;2;98;115;131m██[38;2;255;189;74m██[38;2;180;156;90m██[38;2;57;82;115m██[38;2;65;65;65m██[38;2;0;0;0m██        ██[38;2;98;115;131m██████████[38;2;0;0;0m██                        
        ██[38;2;98;115;131m██[38;2;57;82;115m██[38;2;180;156;90m██[38;2;255;189;74m██[38;2;65;65;65m██[38;2;57;82;115m██[38;2;65;65;65m██[38;2;0;0;0m██    ██[38;2;98;115;131m██████████████[38;2;0;0;0m██                      
        ██[38;2;57;82;115m██[38;2;65;65;65m██[38;2;57;82;115m██[38;2;65;65;65m██[38;2;57;82;115m██[38;2;65;65;65m██[38;2;57;82;115m██[38;2;65;65;65m██[38;2;0;0;0m████[38;2;57;82;115m██[38;2;98;115;131m██████████████[38;2;0;0;0m██                      
      ██[38;2;57;82;115m██[38;2;65;65;65m██[38;2;57;82;115m██[38;2;65;65;65m██[38;2;255;189;74m██[38;2;180;156;90m██[38;2;57;82;115m██[38;2;65;65;65m████████[38;2;57;82;115m████[38;2;98;115;131m██████████████[38;2;0;0;0m████                  
      ██[38;2;57;82;115m██[38;2;65;65;65m████[38;2;57;82;115m██[38;2;180;156;90m██[38;2;255;189;74m██[38;2;65;65;65m████[38;2;98;115;131m████[38;2;65;65;65m██[38;2;57;82;115m████████[38;2;98;115;131m████████[38;2;57;82;115m██[38;2;65;65;65m██[38;2;210;156;91m██[38;2;0;0;0m██                
      ██[38;2;57;82;115m████[38;2;65;65;65m████[38;2;57;82;115m██[38;2;65;65;65m████[38;2;98;115;131m██████[38;2;65;65;65m██[38;2;57;82;115m██████████[38;2;98;115;131m██████[38;2;65;65;65m██[38;2;57;82;115m██[38;2;65;65;65m██[38;2;210;156;91m██[38;2;0;0;0m██              
      ██[38;2;57;82;115m████[38;2;65;65;65m██[38;2;57;82;115m██[38;2;65;65;65m████[38;2;98;115;131m████████[38;2;65;65;65m██[38;2;57;82;115m████████████[38;2;98;115;131m██[38;2;65;65;65m██[38;2;57;82;115m██[38;2;65;65;65m████[38;2;155;101;36m██[38;2;210;156;91m██[38;2;0;0;0m██            
      ██[38;2;57;82;115m██████[38;2;65;65;65m██[38;2;57;82;115m██[38;2;65;65;65m██[38;2;57;82;115m██[38;2;98;115;131m████[38;2;57;82;115m████[38;2;65;65;65m██[38;2;57;82;115m██████████[38;2;65;65;65m██[38;2;57;82;115m██[38;2;65;65;65m██[38;2;57;82;115m██[38;2;65;65;65m██[38;2;155;101;36m██████[38;2;0;0;0m██          
        ██[38;2;57;82;115m████[38;2;65;65;65m████[38;2;57;82;115m████████████[38;2;65;65;65m██[38;2;57;82;115m████████████[38;2;65;65;65m██[38;2;57;82;115m██[38;2;65;65;65m██[38;2;57;82;115m██[38;2;65;65;65m████[38;2;155;101;36m██[38;2;0;0;0m██          
        ██[38;2;65;65;65m██[38;2;57;82;115m████[38;2;65;65;65m██[38;2;57;82;115m████████████[38;2;65;65;65m██[38;2;57;82;115m████████████[38;2;65;65;65m████[38;2;57;82;115m██[38;2;65;65;65m██[38;2;155;101;36m████[38;2;65;65;65m██[38;2;0;0;0m██          
        ██[38;2;155;101;36m██[38;2;65;65;65m██[38;2;57;82;115m████[38;2;65;65;65m██[38;2;57;82;115m████████[38;2;65;65;65m██████[38;2;57;82;115m████████████[38;2;65;65;65m████[38;2;155;101;36m████[38;2;100;83;67m██[38;2;210;156;91m██[38;2;100;83;67m██[38;2;0;0;0m██        
      ██[38;2;155;101;36m████[38;2;65;65;65m██████[38;2;210;156;91m██[38;2;65;65;65m████████[38;2;100;83;67m██[38;2;155;101;36m██[38;2;65;65;65m██[38;2;57;82;115m████████████[38;2;65;65;65m████[38;2;155;101;36m██[38;2;100;83;67m██[38;2;210;156;91m██[38;2;183;129;64m██[38;2;210;156;91m██[38;2;0;0;0m██        
      ██[38;2;155;101;36m██[38;2;65;65;65m██[38;2;155;101;36m██[38;2;65;65;65m██[38;2;210;156;91m██████████████[38;2;100;83;67m██[38;2;155;101;36m██[38;2;65;65;65m██[38;2;57;82;115m██████[38;2;65;65;65m██████[38;2;155;101;36m████[38;2;100;83;67m██[38;2;183;129;64m██[38;2;210;156;91m██[38;2;183;129;64m██[38;2;0;0;0m██        
        ██[38;2;100;83;67m██[38;2;155;101;36m██[38;2;65;65;65m██[38;2;210;156;91m██████████████[38;2;100;83;67m██[38;2;155;101;36m██[38;2;65;65;65m████████[38;2;155;101;36m██████[38;2;65;65;65m██[38;2;155;101;36m████[38;2;100;83;67m██[38;2;183;129;64m██[38;2;210;156;91m██[38;2;183;129;64m██[38;2;0;0;0m██      
    ████[38;2;210;156;91m████[38;2;65;65;65m██[38;2;57;82;115m██[38;2;65;65;65m██[38;2;210;156;91m██████████[38;2;100;83;67m██[38;2;65;65;65m██[38;2;155;101;36m██[38;2;65;65;65m██[38;2;155;101;36m████████[38;2;100;83;67m████[38;2;210;156;91m██[38;2;100;83;67m██[38;2;65;65;65m████[38;2;210;156;91m██[38;2;183;129;64m██[38;2;210;156;91m██[38;2;0;0;0m██      
  ██[38;2;213;213;213m██[38;2;157;71;71m██[38;2;210;156;91m██[38;2;65;65;65m██[38;2;57;82;115m██████[38;2;65;65;65m██████[38;2;210;156;91m████[38;2;65;65;65m██[38;2;57;82;115m██[38;2;65;65;65m██[38;2;155;101;36m██████[38;2;100;83;67m████[38;2;210;156;91m████████████[38;2;65;65;65m██[38;2;210;156;91m██[38;2;0;0;0m██        
██[38;2;213;213;213m████[38;2;157;71;71m██[38;2;210;156;91m██[38;2;65;65;65m██[38;2;57;82;115m████[38;2;65;65;65m██[38;2;223;165;137m██████[38;2;65;65;65m████[38;2;57;82;115m████[38;2;65;65;65m██[38;2;155;101;36m████[38;2;100;83;67m██[38;2;210;156;91m██████████████████[38;2;65;65;65m██[38;2;0;0;0m██        
  ██[38;2;157;71;71m██[38;2;185;127;84m██[38;2;65;65;65m████[38;2;57;82;115m██[38;2;65;65;65m██[38;2;223;165;137m████████[38;2;65;65;65m██[38;2;57;82;115m████████[38;2;65;65;65m██[38;2;155;101;36m██[38;2;100;83;67m██[38;2;210;156;91m████████████████████[38;2;0;0;0m██        
    ██[38;2;185;127;84m██[38;2;65;65;65m██[38;2;57;82;115m████[38;2;65;65;65m██[38;2;223;165;137m██████[38;2;65;65;65m██[38;2;57;82;115m██████[38;2;65;65;65m████[38;2;155;101;36m██[38;2;100;83;67m██[38;2;210;156;91m██████████████████[38;2;65;65;65m████[38;2;0;0;0m██        
      ██[38;2;65;65;65m██[38;2;57;82;115m██[38;2;65;65;65m██[38;2;223;165;137m██████[38;2;65;65;65m██[38;2;57;82;115m████[38;2;65;65;65m████[38;2;185;127;84m████[38;2;65;65;65m██[38;2;100;83;67m██[38;2;210;156;91m████████████████[38;2;65;65;65m██[38;2;223;165;137m██████[38;2;0;0;0m██      
  ████[38;2;213;213;213m██[38;2;0;0;0m██[38;2;57;82;115m██[38;2;65;65;65m██[38;2;223;165;137m██████[38;2;65;65;65m██[38;2;57;82;115m██[38;2;65;65;65m██[38;2;255;255;255m██[38;2;157;71;71m██[38;2;185;127;84m████[38;2;65;65;65m██[38;2;155;101;36m██[38;2;100;83;67m██[38;2;210;156;91m████[38;2;183;129;64m██[38;2;210;156;91m██[38;2;183;129;64m██[38;2;210;156;91m████[38;2;65;65;65m██[38;2;223;165;137m██████[38;2;185;127;84m██[38;2;0;0;0m██    
  ██[38;2;57;82;115m██[38;2;0;0;0m██[38;2;65;65;65m██[38;2;57;82;115m██[38;2;65;65;65m██[38;2;223;165;137m████[38;2;65;65;65m██[38;2;57;82;115m████[38;2;255;98;65m██[38;2;255;255;255m██[38;2;157;71;71m██[38;2;185;127;84m████[38;2;65;65;65m████[38;2;100;83;67m██[38;2;210;156;91m██[38;2;183;129;64m██[38;2;210;156;91m██[38;2;183;129;64m██[38;2;210;156;91m██[38;2;183;129;64m██[38;2;65;65;65m██[38;2;223;165;137m██████[38;2;185;127;84m██[38;2;255;255;255m████[38;2;0;0;0m██  
  ██[38;2;57;82;115m████[38;2;65;65;65m████[38;2;223;165;137m██████[38;2;65;65;65m██[38;2;57;82;115m██[38;2;0;0;0m██[38;2;255;98;65m██[38;2;255;255;255m██[38;2;185;127;84m████[38;2;65;65;65m██[38;2;57;82;115m██[38;2;65;65;65m██[38;2;155;101;36m██[38;2;100;83;67m██[38;2;210;156;91m██[38;2;183;129;64m██[38;2;65;65;65m████████[38;2;185;127;84m██████[38;2;255;255;255m██████[38;2;0;0;0m██  
    ██[38;2;57;82;115m████[38;2;65;65;65m██[38;2;223;165;137m██████[38;2;185;127;84m██[38;2;65;65;65m██[38;2;255;98;65m██[38;2;255;255;255m██[38;2;65;65;65m██████[38;2;57;82;115m██[38;2;65;65;65m██[38;2;121;67;2m██[38;2;65;65;65m████████[38;2;155;101;36m██████[38;2;65;65;65m██[38;2;255;255;255m████[38;2;0;0;0m████[38;2;255;255;255m██████[38;2;0;0;0m██
      ██[38;2;57;82;115m██[38;2;65;65;65m██[38;2;223;165;137m██████[38;2;98;82;49m██[38;2;65;65;65m██████[38;2;57;82;115m██████[38;2;65;65;65m██[38;2;185;127;84m██[38;2;65;65;65m██[38;2;121;67;2m██[38;2;155;101;36m██████[38;2;121;67;2m██[38;2;65;65;65m████[38;2;223;165;137m██[38;2;65;65;65m██[38;2;255;255;255m██[38;2;0;0;0m██  ██████  
      ██[38;2;57;82;115m██[38;2;65;65;65m██[38;2;157;71;71m██[38;2;185;127;84m██[38;2;157;71;71m██[38;2;65;65;65m██[38;2;57;82;115m██████████[38;2;65;65;65m██[38;2;185;127;84m██[38;2;65;65;65m██[38;2;121;67;2m██[38;2;155;101;36m██[38;2;121;67;2m██████[38;2;65;65;65m██[38;2;223;165;137m████████[38;2;0;0;0m██            
        ██[38;2;57;82;115m██[38;2;65;65;65m██[38;2;223;165;137m██[38;2;65;65;65m██[38;2;57;82;115m██████[38;2;65;65;65m██████[38;2;185;127;84m██[38;2;65;65;65m████[38;2;155;101;36m██[38;2;121;67;2m██████[38;2;65;65;65m██[38;2;223;165;137m██████████[38;2;185;127;84m██[38;2;0;0;0m██          
      ██[38;2;65;65;65m██████[38;2;57;82;115m████████[38;2;65;65;65m██[38;2;185;127;84m██████[38;2;65;65;65m██[38;2;57;82;115m████[38;2;65;65;65m████[38;2;0;0;0m██[38;2;65;65;65m██[38;2;185;127;84m██[38;2;223;165;137m██████████[38;2;185;127;84m██[38;2;0;0;0m██          
      ██[38;2;65;65;65m██████████████[38;2;185;127;84m████[38;2;65;65;65m████[38;2;57;82;115m████████[38;2;0;0;0m██  ██[38;2;185;127;84m██[38;2;157;71;71m██[38;2;223;165;137m██████[38;2;157;71;71m██[38;2;185;127;84m██[38;2;0;0;0m██          
        ████[38;2;65;65;65m██████████████[38;2;57;82;115m██[38;2;0;0;0m██[38;2;57;82;115m██████[38;2;0;0;0m██      ██[38;2;185;127;84m██[38;2;157;71;71m██[38;2;185;127;84m██[38;2;157;71;71m██[38;2;185;127;84m██[38;2;0;0;0m██            
            ██[38;2;65;65;65m████[38;2;0;0;0m██[38;2;57;82;115m██████[38;2;0;0;0m██  ████[38;2;57;82;115m██[38;2;0;0;0m██      ██[38;2;185;127;84m██████████[38;2;0;0;0m██            
              ████  ██[38;2;57;82;115m██[38;2;0;0;0m██        ██        ██[38;2;157;71;71m██[38;2;185;127;84m██[38;2;157;71;71m██████[38;2;185;127;84m██[38;2;0;0;0m██          
                      ██                    ██[38;2;255;255;255m██[38;2;0;0;0m██[38;2;255;255;255m██████[38;2;157;71;71m██[38;2;0;0;0m██          
                                              ██  ██[38;2;255;255;255m████[38;2;0;0;0m██            
                                                    ████              
[0m