                                    [38;2;0;0;0m████                                  
                  ██    ████      ██[38;2;173;173;173m██[38;2;67;64;64m██[38;2;0;0;0m██                                
                ██[38;2;189;60;73m██[38;2;2;2;2m██[38;2;0;0;0m██[38;2;173;173;173m██[38;2;0;0;0m██      ██[38;2;76;78;77m██[38;2;229;236;234m████[38;2;0;0;0m██      ██████    ██            
                ██[38;2;189;60;73m██[38;2;93;33;39m██[38;2;173;173;173m██████[38;2;0;0;0m██  ██[38;2;229;236;234m████[38;2;67;64;64m████[38;2;229;236;234m██[38;2;0;0;0m██████[38;2;173;173;173m████[38;2;67;64;64m██[38;2;0;0;0m████[38;2;229;236;234m██[38;2;0;0;0m██          
                ██[38;2;189;60;73m██[38;2;0;0;0m██[38;2;63;60;57m██[38;2;173;173;173m██[38;2;172;178;176m██[38;2;67;64;64m██[38;2;4;4;4m██[38;2;210;251;240m██[38;2;231;235;247m██[38;2;67;64;64m██[38;2;155;141;166m██[38;2;67;64;64m██[38;2;227;238;235m████[38;2;67;64;64m██[38;2;172;178;176m██[38;2;67;64;64m████[38;2;172;172;172m██[38;2;67;64;64m████[38;2;229;236;234m██[38;2;173;173;173m██[38;2;0;0;0m██        
              ██[38;2;189;60;73m██[38;2;0;0;0m██  [38;2;8;4;0m██[38;2;173;173;173m██[38;2;67;64;64m██[38;2;226;235;232m██[38;2;1;86;242m██[38;2;0;115;245m██[38;2;67;64;64m██[38;2;254;90;106m██[38;2;67;64;64m██[38;2;231;235;247m██[38;2;227;238;235m████[38;2;226;235;232m██[38;2;67;64;64m██[38;2;132;99;94m██[38;2;67;64;64m████[38;2;172;172;172m██[38;2;67;64;64m██[38;2;229;236;234m██[38;2;173;173;173m██[38;2;0;0;0m██        
              ██[38;2;201;53;67m██[38;2;64;61;61m██[38;2;11;0;1m██  [38;2;0;0;0m██[38;2;139;137;127m████[38;2;1;116;246m██[38;2;199;226;235m██[38;2;67;64;64m██[38;2;254;90;106m██[38;2;67;64;64m██[38;2;229;236;234m██[38;2;227;238;235m████[38;2;229;236;234m██[38;2;71;55;57m██[38;2;132;99;94m████[38;2;67;64;64m██[38;2;172;178;176m██[38;2;67;64;64m██[38;2;229;236;234m██[38;2;173;173;173m██[38;2;0;0;0m██        
              ██[38;2;201;53;67m██[38;2;64;61;61m██[38;2;175;175;175m██[38;2;0;0;0m██[38;2;229;236;234m██████[38;2;222;239;234m██[38;2;50;72;66m██[38;2;254;90;106m██[38;2;67;64;64m██[38;2;229;236;234m████[38;2;227;238;235m████[38;2;229;236;234m██[38;2;173;179;177m██[38;2;67;64;64m████[38;2;226;235;232m██[38;2;67;64;64m████[38;2;229;236;234m██[38;2;173;173;173m██[38;2;0;0;0m██        
              ██[38;2;201;53;67m██[38;2;74;69;66m██[38;2;173;173;173m██[38;2;90;81;74m██[38;2;224;245;240m██[38;2;1;86;242m██[38;2;1;114;242m██[38;2;231;239;239m██[38;2;67;64;64m██[38;2;254;90;106m██[38;2;67;64;64m██[38;2;139;137;127m██[38;2;229;236;234m██████[38;2;172;173;173m████[38;2;67;64;64m██[38;2;229;236;234m████[38;2;67;64;64m██[38;2;229;236;234m██[38;2;172;172;172m██[38;2;229;236;234m██[38;2;0;0;0m██        
              ██[38;2;201;53;67m██[38;2;74;69;66m████[38;2;134;136;129m████[38;2;1;114;242m██[38;2;206;224;235m██[38;2;67;64;64m██[38;2;198;53;67m██[38;2;67;64;64m██[38;2;231;239;239m██[38;2;229;236;234m██[38;2;139;137;127m██[38;2;229;236;234m██[38;2;172;172;172m██[38;2;172;173;173m████[38;2;67;64;64m██[38;2;229;236;234m████[38;2;67;64;64m██[38;2;172;172;172m██[38;2;229;236;234m██[38;2;0;0;0m██          
              ██[38;2;201;53;67m██[38;2;74;73;66m██[38;2;229;236;234m████████[38;2;147;147;147m██[38;2;67;64;64m██[38;2;198;53;67m██[38;2;67;64;64m██[38;2;229;236;234m██████[38;2;137;137;137m██[38;2;173;173;173m██[38;2;172;172;172m██████[38;2;229;236;234m██[38;2;67;64;64m██[38;2;226;235;232m██[38;2;160;161;161m██[38;2;235;243;241m██[38;2;0;0;0m██    ████  
        ██████[38;2;201;53;67m████[38;2;74;73;66m██[38;2;229;236;234m██[38;2;1;86;242m██[38;2;1;114;242m██[38;2;229;236;234m██[38;2;66;60;57m██[38;2;67;64;64m██[38;2;198;53;67m██[38;2;67;64;64m██[38;2;229;236;234m████[38;2;172;172;172m██[38;2;173;173;173m██[38;2;67;64;64m████[38;2;172;172;172m██[38;2;229;236;234m████[38;2;67;64;64m██[38;2;172;178;176m██[38;2;235;243;241m██[38;2;8;4;0m██    [38;2;0;0;0m██[38;2;229;236;234m██[38;2;0;0;0m██  
      ██[38;2;173;173;173m██[38;2;226;235;232m██[38;2;171;178;176m██[38;2;76;73;65m████[38;2;139;137;127m████[38;2;1;116;246m██[38;2;199;226;235m██[38;2;86;66;48m██[38;2;248;86;102m██[38;2;245;83;99m██[38;2;187;77;88m██[38;2;198;53;67m██[38;2;71;55;57m██[38;2;172;173;173m████[38;2;67;64;64m████[38;2;229;236;234m██[38;2;67;64;64m██[38;2;226;235;232m██[38;2;67;64;64m██[38;2;172;173;173m████[38;2;67;64;64m██[38;2;172;172;172m██[38;2;0;0;0m████[38;2;240;250;247m██[38;2;162;168;167m██[38;2;0;0;0m██  
      ██[38;2;173;173;173m██[38;2;171;178;176m██[38;2;71;55;57m██[38;2;189;60;73m██[38;2;76;73;65m██[38;2;229;236;234m████[38;2;222;239;234m██[38;2;50;72;66m██[38;2;248;86;102m██[38;2;188;73;84m██[38;2;67;64;64m████[38;2;71;55;57m██[38;2;201;138;144m██[38;2;172;173;173m████[38;2;67;64;64m██[38;2;229;236;234m████[38;2;67;64;64m████[38;2;172;178;176m██[38;2;172;173;173m████[38;2;67;64;64m████[38;2;229;236;234m████[38;2;162;168;167m██[38;2;11;0;1m██    
    [38;2;0;0;0m██[38;2;172;172;172m████[38;2;88;77;74m██[38;2;67;64;64m██[38;2;196;56;70m██[38;2;74;73;66m██[38;2;229;236;234m████[38;2;67;64;64m████[38;2;198;53;67m██[38;2;67;64;64m██[38;2;103;103;90m████[38;2;67;64;64m████[38;2;171;178;176m████[38;2;229;236;234m████[38;2;67;64;64m██[38;2;173;173;173m██[38;2;173;179;177m██[38;2;71;55;57m██[38;2;67;64;64m████[38;2;172;172;172m████[38;2;175;175;175m██[38;2;64;61;61m██[38;2;0;0;0m██      
    ██[38;2;172;172;172m██[38;2;82;81;66m██[38;2;132;101;90m████[38;2;74;73;66m██[38;2;196;56;70m██[38;2;82;81;66m████[38;2;245;83;99m██[38;2;187;77;88m██[38;2;67;64;64m████████[38;2;240;78;137m██[38;2;183;73;114m██[38;2;71;55;57m██[38;2;226;235;232m██[38;2;229;236;234m██[38;2;67;64;64m██[38;2;101;101;101m██[38;2;173;173;173m██[38;2;229;236;234m██████[38;2;67;64;64m██████[38;2;64;61;61m██[38;2;11;0;1m██        
    [38;2;0;0;0m██[38;2;67;64;64m██[38;2;79;77;74m██[38;2;132;100;93m████[38;2;67;64;64m██[38;2;200;90;60m██[38;2;198;53;67m████████[38;2;189;60;73m████[38;2;237;86;191m████[38;2;200;90;60m██[38;2;67;64;64m██[38;2;132;99;94m██[38;2;67;64;64m████[38;2;132;99;94m██[38;2;67;64;64m██████[38;2;226;235;232m██[38;2;67;64;64m██[38;2;229;236;234m██████[38;2;227;238;235m████[38;2;0;0;0m██      
  ██[38;2;103;103;90m██[38;2;107;101;90m████[38;2;0;0;0m██[38;2;132;100;93m██[38;2;156;81;60m██[38;2;67;64;64m██[38;2;198;53;67m██[38;2;67;64;64m██[38;2;198;53;67m██[38;2;67;64;64m██[38;2;93;33;39m██[38;2;2;2;2m██[38;2;0;0;0m████[38;2;67;64;64m██[38;2;156;81;60m██[38;2;132;99;94m██████████[38;2;67;64;64m██[38;2;172;178;176m██[38;2;67;64;64m██[38;2;229;236;234m██[38;2;206;224;235m██[38;2;1;114;242m██[38;2;229;236;234m██[38;2;227;238;235m████[38;2;173;173;173m██[38;2;0;0;0m██    
██[38;2;103;103;90m████[38;2;0;0;0m████  ██[38;2;115;101;90m██[38;2;76;67;60m██[38;2;189;60;73m██[38;2;0;0;0m██[38;2;91;36;41m██[38;2;185;67;79m██[38;2;0;0;0m██      ██[38;2;67;64;64m██[38;2;156;136;128m████[38;2;131;100;99m████[38;2;123;121;115m██[38;2;74;65;57m██[38;2;67;64;64m████[38;2;158;183;176m██[38;2;1;114;242m██[38;2;1;86;242m██[38;2;233;233;233m██[38;2;222;243;239m██[38;2;167;169;168m██[38;2;172;173;173m████[38;2;0;0;0m██  
██[38;2;103;103;90m██[38;2;0;0;0m██    ██[38;2;103;103;90m██[38;2;115;101;90m██[38;2;0;0;0m████  [38;2;2;2;2m████  [38;2;0;0;0m██████  ██[38;2;156;136;128m████[38;2;156;135;132m██[38;2;131;100;99m██[38;2;74;65;57m██[38;2;223;234;231m██[38;2;67;64;64m██[38;2;229;236;234m██[38;2;203;223;233m████[38;2;164;181;176m████[38;2;106;102;95m██[38;2;150;163;176m██[38;2;1;116;246m██[38;2;172;173;173m██[38;2;0;0;0m██  
  ██    ██[38;2;103;103;90m████[38;2;0;0;0m██          ██[38;2;229;236;234m██[38;2;107;106;101m██[38;2;74;73;66m██[38;2;0;0;0m██[38;2;140;117;107m██[38;2;156;136;128m████[38;2;82;81;66m████[38;2;229;236;234m████[38;2;71;55;57m██[38;2;173;179;177m██[38;2;0;115;245m████[38;2;222;243;239m████[38;2;172;173;173m██[38;2;101;103;90m██[38;2;1;116;246m██[38;2;101;102;90m██[38;2;173;173;173m██[38;2;0;0;0m██
        ██[38;2;103;103;90m██[38;2;0;0;0m██            ██[38;2;229;236;234m██[38;2;173;173;173m██[38;2;74;73;66m██[38;2;140;117;107m██[38;2;93;78;71m██[38;2;82;78;68m████[38;2;229;236;234m██████[38;2;67;64;64m██[38;2;229;236;234m████[38;2;235;235;235m██[38;2;164;184;178m██[38;2;106;102;95m██[38;2;167;169;168m██[38;2;172;173;173m████[38;2;101;102;90m████[38;2;173;173;173m██[38;2;0;0;0m██
        ██[38;2;103;103;90m██[38;2;0;0;0m██        ████[38;2;172;172;172m██[38;2;67;64;64m██[38;2;222;243;239m██[38;2;170;170;170m██[38;2;82;81;66m██[38;2;229;236;234m██████[38;2;226;235;232m██[38;2;66;60;57m██[38;2;67;64;64m████[38;2;229;236;234m████████[38;2;222;243;239m██[38;2;106;102;95m██[38;2;122;122;122m██[38;2;167;176;174m██[38;2;90;91;86m██[38;2;175;175;175m██[38;2;0;0;0m██  
          ██        ██[38;2;58;58;58m██[38;2;175;175;175m██[38;2;172;172;172m██[38;2;67;64;64m██[38;2;140;138;132m██[38;2;222;243;239m██[38;2;229;236;234m████[38;2;147;147;147m██[38;2;66;60;57m████[38;2;118;119;115m██[38;2;67;64;64m██[38;2;156;136;127m██[38;2;67;64;64m██████[38;2;229;236;234m██[38;2;167;169;168m████[38;2;97;97;97m████[38;2;175;175;175m██[38;2;8;4;0m██    
                    [38;2;0;0;0m██[38;2;172;172;172m████[38;2;71;55;57m██[38;2;146;146;146m██[38;2;222;243;239m██[38;2;170;170;170m████[38;2;140;138;132m██[38;2;67;64;64m██[38;2;132;99;94m██[38;2;67;64;64m██[38;2;229;236;234m██[38;2;71;55;57m██[38;2;146;146;146m██[38;2;156;136;127m██████[38;2;67;64;64m██[38;2;172;172;172m████[38;2;172;173;173m██[38;2;101;103;90m██[38;2;173;173;173m██[38;2;0;0;0m██    
                  ██[38;2;127;99;94m██[38;2;67;64;64m██[38;2;172;172;172m██[38;2;71;55;57m██[38;2;230;230;230m██[38;2;140;138;132m██[38;2;222;243;239m████[38;2;140;138;132m██[38;2;67;64;64m████[38;2;229;236;234m████[38;2;230;230;230m██[38;2;71;55;57m██[38;2;67;64;64m██[38;2;156;136;127m██████[38;2;67;64;64m██[38;2;172;172;172m██[38;2;101;103;90m██[38;2;172;173;173m██[38;2;0;0;0m██      
                  ██[38;2;173;173;173m██[38;2;123;113;110m██[38;2;65;56;55m██[38;2;0;0;0m██[38;2;67;64;64m██[38;2;229;236;234m██[38;2;147;147;147m██[38;2;140;138;132m██[38;2;70;69;66m██[38;2;123;101;99m██[38;2;82;67;66m██[38;2;172;172;172m██[38;2;229;236;234m██[38;2;67;64;64m██[38;2;103;103;90m██[38;2;101;101;101m██[38;2;67;64;64m██[38;2;156;136;127m██████[38;2;67;64;64m██[38;2;103;103;90m██[38;2;0;0;0m██        
                    ██[38;2;181;170;165m██[38;2;8;0;0m██  [38;2;0;0;0m██[38;2;66;60;57m██[38;2;229;236;234m██[38;2;140;138;132m██[38;2;0;0;0m██████[38;2;172;172;172m████[38;2;67;64;64m██[38;2;103;103;90m██[38;2;67;64;64m██[38;2;173;173;173m██[38;2;67;64;64m████████[38;2;0;0;0m██          
                  ██████      ██████      ██[38;2;67;64;64m██[38;2;99;101;90m██[38;2;66;67;60m██[38;2;172;172;172m██[38;2;67;64;64m██[38;2;103;103;90m████[38;2;67;64;64m██[38;2;172;172;172m██[38;2;0;0;0m██          
                                            ██[38;2;99;101;90m██[38;2;0;0;0m██[38;2;172;172;172m██[38;2;67;64;64m██[38;2;103;103;90m██[38;2;67;64;64m██[38;2;172;172;172m████[38;2;173;173;173m██[38;2;0;0;0m██        
                                              ██  ██[38;2;103;103;90m████[38;2;0;0;0m██[38;2;67;62;62m████[38;2;173;173;173m██[38;2;0;0;0m██        
                                                  ██[38;2;103;103;90m██[38;2;0;0;0m██  ██████          
                                                  ████                    
[0m