          [38;2;0;0;0m██[38;2;0;8;4m████[38;2;0;0;0m██                                            
  ██    ██[38;2;219;180;76m██[38;2;71;71;60m██[38;2;205;175;84m██[38;2;219;180;76m██[38;2;0;0;0m██  ██████                                  
██[38;2;255;231;166m██[38;2;0;0;4m████[38;2;219;180;76m██[38;2;66;66;65m██[38;2;255;231;166m██[38;2;66;66;65m██[38;2;170;164;101m██[38;2;66;74;69m██[38;2;0;0;0m██[38;2;255;231;188m██[38;2;255;234;187m████[38;2;0;0;0m████                              
██[38;2;255;231;166m██[38;2;71;63;59m██[38;2;219;179;84m██[38;2;219;180;76m██[38;2;66;66;65m██[38;2;255;231;166m██[38;2;66;66;65m██[38;2;66;74;69m██[38;2;255;243;181m██[38;2;255;231;188m████[38;2;255;234;187m████[38;2;255;231;166m████[38;2;0;0;0m██                            
██[38;2;219;180;76m██[38;2;255;244;144m██[38;2;74;66;65m██[38;2;219;180;76m██[38;2;66;74;73m██[38;2;255;233;147m██[38;2;66;66;65m██[38;2;255;225;150m██[38;2;255;234;187m████[38;2;255;225;150m██[38;2;255;225;146m████[38;2;255;234;187m████[38;2;255;231;166m██[38;2;0;0;0m██                          
  ██[38;2;174;159;86m████[38;2;66;74;73m████[38;2;172;151;91m██[38;2;66;66;65m██[38;2;255;225;150m████████[38;2;255;225;146m████[38;2;255;225;150m████[38;2;255;231;166m██[38;2;0;0;0m██                          
    [38;2;0;0;4m██[38;2;85;82;82m██[38;2;255;225;150m████[38;2;213;181;79m██[38;2;255;233;147m██[38;2;255;225;146m████[38;2;255;233;147m██[38;2;0;0;0m████[38;2;255;233;147m██[38;2;255;225;146m████████[38;2;0;0;0m██                        
    [38;2;0;0;4m██[38;2;255;243;203m██[38;2;255;234;187m██[38;2;255;225;150m██[38;2;255;233;147m████[38;2;255;225;146m████[38;2;0;0;0m██    ██[38;2;255;225;146m████████[38;2;0;0;0m██      ██████            
  ██[38;2;255;234;187m████████[38;2;247;231;235m██[38;2;57;66;81m██[38;2;95;93;97m██[38;2;255;243;192m██[38;2;255;233;147m██[38;2;0;0;0m██    ██[38;2;255;233;147m██[38;2;255;225;146m████[38;2;254;255;193m██[38;2;16;8;8m██  [38;2;0;0;0m██[38;2;148;103;99m██[38;2;213;181;79m██[38;2;219;180;76m██[38;2;0;0;0m██          
  ██[38;2;255;225;150m██[38;2;255;234;187m████[38;2;255;225;150m██[38;2;57;66;81m██[38;2;120;121;132m██[38;2;255;245;225m██[38;2;95;93;97m██[38;2;255;233;147m██[38;2;0;0;0m██      ██[38;2;255;225;146m████[38;2;146;143;79m████[38;2;0;0;0m██[38;2;148;103;99m██[38;2;213;181;79m██[38;2;148;103;99m██[38;2;219;180;76m██[38;2;0;0;0m██          
  ██[38;2;255;225;146m████████[38;2;94;94;97m██[38;2;63;141;255m██[38;2;255;246;239m████[38;2;255;233;147m████[38;2;0;0;0m██      ██[38;2;219;180;76m██████[38;2;213;181;79m██[38;2;148;103;99m████[38;2;213;181;79m██[38;2;219;180;76m██[38;2;0;0;0m██          
  ██[38;2;255;225;146m████████[38;2;94;94;97m██[38;2;63;141;255m██[38;2;255;246;239m██[38;2;148;99;99m██[38;2;146;84;199m██[38;2;255;233;147m██[38;2;0;0;0m██        ████[38;2;219;180;76m██[38;2;213;181;79m████████[38;2;0;0;0m██            
    [38;2;79;71;67m██[38;2;248;194;121m██[38;2;255;219;129m██[38;2;155;99;94m██[38;2;200;170;161m██[38;2;255;217;167m██[38;2;173;173;174m██[38;2;201;129;103m██[38;2;151;81;137m██[38;2;255;219;119m██[38;2;255;233;147m██[38;2;0;0;0m██          ██████████              
    ██[38;2;164;143;129m██[38;2;155;99;94m██[38;2;208;164;145m██[38;2;200;170;161m██[38;2;74;57;48m██[38;2;201;129;103m████[38;2;188;131;156m██[38;2;151;81;137m██[38;2;255;233;147m██[38;2;0;0;0m██                        ████      
      ██[38;2;76;84;106m██[38;2;74;74;60m██[38;2;46;50;106m██[38;2;186;119;162m██[38;2;137;126;151m██[38;2;68;63;75m██[38;2;198;131;103m████[38;2;148;103;99m██[38;2;255;233;147m██[38;2;0;0;0m██                    ██[38;2;255;231;166m████[38;2;0;0;0m██    
      ██[38;2;80;101;207m████[38;2;145;99;156m██[38;2;94;81;126m██[38;2;137;126;151m██[38;2;0;0;0m██[38;2;66;66;65m██[38;2;198;131;103m██[38;2;148;103;99m██[38;2;255;233;147m██[38;2;255;231;188m██[38;2;0;0;0m██                ██[38;2;255;233;147m██[38;2;191;134;135m████[38;2;255;233;147m██[38;2;0;0;0m██  
      ██[38;2;115;160;251m██[38;2;80;107;167m██[38;2;83;114;199m██[38;2;48;55;115m██[38;2;0;0;0m██  ██[38;2;237;146;129m██[38;2;197;130;107m██[38;2;148;103;99m██[38;2;255;234;187m████[38;2;0;0;0m████            ██[38;2;148;103;99m██[38;2;255;219;149m██[38;2;174;152;140m██[38;2;255;219;149m██[38;2;8;0;0m██  
        ██[38;2;49;57;75m██[38;2;118;176;255m██[38;2;8;0;24m██    [38;2;0;0;0m██[38;2;237;146;129m██[38;2;246;156;116m██[38;2;148;103;99m██[38;2;255;225;150m██[38;2;255;234;187m██[38;2;255;231;166m████[38;2;0;0;0m██████        ████[38;2;255;219;149m████[38;2;135;113;104m██[38;2;0;0;0m██
          ██[38;2;112;186;250m██[38;2;16;0;0m██  [38;2;0;0;0m██[38;2;219;180;76m██[38;2;66;74;69m██[38;2;178;142;88m██[38;2;74;82;77m██[38;2;255;225;146m████[38;2;255;225;150m██[38;2;255;234;187m██[38;2;255;233;147m██[38;2;66;82;81m██[38;2;255;233;147m██[38;2;0;0;4m██[38;2;0;0;0m██████[38;2;255;231;176m██[38;2;255;225;146m████[38;2;255;233;147m██[38;2;139;117;102m██[38;2;0;0;0m██
          ██[38;2;57;66;77m████[38;2;0;0;0m██[38;2;219;180;76m██[38;2;66;74;69m████[38;2;74;82;77m██[38;2;255;203;127m██[38;2;255;225;146m████[38;2;255;225;150m████[38;2;255;233;147m████[38;2;85;79;75m██[38;2;255;233;147m██████[38;2;255;231;176m████[38;2;255;225;146m████[38;2;139;117;102m██[38;2;16;0;0m██  
        [38;2;0;8;4m██[38;2;71;71;60m██[38;2;213;181;79m████[38;2;175;167;97m██[38;2;74;66;65m██[38;2;255;234;187m████[38;2;255;225;146m████[38;2;255;219;129m██[38;2;74;74;69m██[38;2;255;233;147m████[38;2;255;225;150m████[38;2;255;233;147m██[38;2;66;82;81m██[38;2;255;234;187m████[38;2;255;232;158m████[38;2;255;233;147m██[38;2;149;89;167m██[38;2;201;134;101m██[38;2;0;0;0m██  
        [38;2;0;8;4m██[38;2;214;194;83m██[38;2;213;181;79m████[38;2;74;66;65m██[38;2;251;233;152m██[38;2;255;225;150m████[38;2;255;225;146m████[38;2;74;74;69m██[38;2;167;150;133m██[38;2;201;129;103m██[38;2;255;233;147m██[38;2;255;234;187m████[38;2;255;233;147m██[38;2;66;82;81m██[38;2;255;225;150m████[38;2;255;232;158m██[38;2;148;78;198m██[38;2;149;89;167m████[38;2;0;0;0m██    
          ██[38;2;81;91;214m██[38;2;78;76;145m██[38;2;74;66;60m██[38;2;231;231;223m██[38;2;86;99;202m████[38;2;88;119;204m██[38;2;57;49;73m██[38;2;167;150;133m██[38;2;74;74;69m██[38;2;255;225;150m██[38;2;255;234;187m██████[38;2;255;233;147m████[38;2;66;82;81m██[38;2;144;81;200m██[38;2;185;95;117m██[38;2;138;76;189m██[38;2;201;134;101m████[38;2;0;0;0m██    
          ██[38;2;81;91;214m██[38;2;66;57;69m██[38;2;126;121;114m██[38;2;74;66;60m██[38;2;132;187;243m██[38;2;86;74;168m██[38;2;100;158;255m██[38;2;75;82;143m██[38;2;74;74;69m██[38;2;255;219;129m██[38;2;255;225;150m██[38;2;255;234;187m████[38;2;255;225;150m██[38;2;255;233;147m██[38;2;213;181;79m██[38;2;66;82;81m██[38;2;144;81;200m██[38;2;192;126;93m████[38;2;201;134;101m██[38;2;0;0;0m██      
            ██[38;2;66;66;65m██[38;2;151;98;98m██[38;2;66;66;65m██[38;2;81;74;127m████[38;2;149;188;222m██[38;2;104;71;141m██[38;2;66;66;65m██[38;2;219;180;76m██[38;2;255;233;147m████████[38;2;213;181;79m████[38;2;66;82;81m██[38;2;198;131;103m██[38;2;201;134;101m████[38;2;0;0;0m██        
              ██[38;2;151;98;98m████[38;2;81;74;127m██[38;2;202;126;104m██[38;2;104;71;141m██[38;2;123;127;182m██[38;2;66;66;65m██[38;2;219;180;76m██[38;2;213;181;79m████████████[38;2;66;82;81m██[38;2;198;131;103m██[38;2;0;0;0m████          
                ██[38;2;148;103;99m████[38;2;68;73;72m██[38;2;90;68;59m██[38;2;181;136;112m██[38;2;191;135;118m██[38;2;95;67;63m██[38;2;219;180;76m████[38;2;211;180;82m████[38;2;219;180;76m██[38;2;0;0;0m██████              
                  ██[38;2;68;73;72m██[38;2;148;103;99m██[38;2;90;68;59m██[38;2;0;0;4m██████[38;2;0;0;0m██[38;2;219;180;76m██[38;2;211;180;82m██[38;2;191;134;135m██[38;2;0;0;0m██                    
                    ██████        ██[38;2;162;129;114m██[38;2;239;195;169m██[38;2;0;0;0m██                    
                                    [38;2;8;0;4m████                      
[0m