        [38;2;0;0;0m████  ██████              
      ██[38;2;255;111;125m██[38;2;255;111;131m██[38;2;0;0;0m██[38;2;255;111;125m██████[38;2;0;0;0m██            
    ██[38;2;255;111;125m████[38;2;227;78;92m██[38;2;255;111;131m██[38;2;255;111;125m██████[38;2;0;0;0m██            
    ██[38;2;250;174;173m██[38;2;224;63;88m████[38;2;250;174;173m██[38;2;255;111;125m██[38;2;223;74;102m██[38;2;227;78;97m██[38;2;0;0;0m██            
  ██[38;2;255;111;125m██[38;2;224;63;88m██[38;2;255;219;211m████[38;2;224;63;88m██[38;2;255;111;125m████[38;2;255;111;143m██[38;2;227;78;97m██[38;2;0;0;0m██          
██[38;2;255;111;125m████[38;2;224;63;88m██[38;2;255;219;211m██[38;2;255;111;125m████████[38;2;255;123;163m██[38;2;146;89;112m██[38;2;194;208;218m██[38;2;0;0;0m██        
██[38;2;255;111;125m██[38;2;223;74;102m██[38;2;250;174;173m██[38;2;224;63;88m██[38;2;255;111;125m████████[38;2;146;89;112m██[38;2;194;208;218m██████[38;2;0;0;0m██      
  ██[38;2;255;111;125m██████[38;2;253;160;148m██[38;2;211;111;111m██[38;2;224;74;120m██[38;2;146;89;112m██[38;2;194;208;218m████████[38;2;0;0;0m██  ██  
  ██[38;2;255;111;125m██████[38;2;211;111;111m██[38;2;178;163;74m██[38;2;112;118;131m██[38;2;194;209;218m██[38;2;194;208;218m██[38;2;129;145;159m██[38;2;194;208;218m████[38;2;129;145;159m██[38;2;0;0;0m██[38;2;194;208;218m██[38;2;0;0;0m██
██[38;2;123;134;153m████[38;2;127;134;153m██[38;2;52;54;60m██[38;2;231;239;165m██[38;2;132;188;140m██[38;2;231;239;165m██[38;2;80;85;92m██[38;2;194;208;218m████[38;2;129;145;159m████[38;2;194;208;218m██████[38;2;0;0;0m██
  ██[38;2;123;134;153m██[38;2;127;134;153m██[38;2;0;8;8m██[38;2;231;239;165m██████[38;2;80;85;92m██[38;2;129;145;159m██[38;2;194;208;218m██████████[38;2;0;0;0m██  
    ██[38;2;132;190;140m████[38;2;79;89;85m██[38;2;222;251;173m██[38;2;231;239;173m██[38;2;0;0;16m██[38;2;140;182;132m██[38;2;67;70;72m██[38;2;194;208;218m████[38;2;69;73;78m████[38;2;129;145;159m██[38;2;0;0;0m██
      ██[38;2;132;190;140m██[38;2;150;170;129m██[38;2;79;89;85m██[38;2;77;79;68m████[38;2;106;95;76m██[38;2;123;138;104m██[38;2;69;73;78m████[38;2;129;143;159m████[38;2;129;145;159m██[38;2;0;0;0m██
    ██[38;2;115;146;115m██[38;2;76;97;76m██[38;2;132;190;140m██[38;2;82;81;82m██[38;2;132;189;140m████[38;2;132;190;140m██[38;2;82;81;82m██[38;2;129;145;159m██████[38;2;0;0;0m████  
      ████[38;2;82;81;82m██[38;2;132;190;140m██[38;2;132;189;140m████[38;2;82;81;82m██[38;2;132;190;140m██[38;2;82;81;82m██[38;2;129;145;159m██[38;2;0;0;0m██      
          ██[38;2;107;158;115m██[38;2;115;166;123m████[38;2;0;0;0m██████[38;2;129;145;159m████[38;2;0;0;0m██    
            ██[38;2;115;166;123m██[38;2;0;0;0m██      ████      
              ████                
[0m