      [38;2;0;0;0m████                                  
  ████[38;2;255;255;255m████[38;2;0;0;0m██  ████                          
██[38;2;255;255;255m████[38;2;99;98;123m██████[38;2;0;0;0m██[38;2;255;255;255m████[38;2;0;0;0m██          ████          
██[38;2;255;255;255m██[38;2;189;189;197m██[38;2;99;98;123m██[38;2;255;255;255m████[38;2;99;98;123m██[38;2;255;255;255m████[38;2;0;0;0m██████  ████[38;2;255;255;255m████[38;2;0;0;0m██  ████  
██[38;2;255;255;255m██[38;2;99;98;123m██[38;2;65;65;65m██[38;2;255;255;255m████[38;2;189;189;197m██[38;2;65;65;65m████[38;2;99;98;123m██████[38;2;0;0;0m██[38;2;255;255;255m██[38;2;189;189;197m██[38;2;255;255;255m████[38;2;0;0;0m████[38;2;255;255;255m████[38;2;0;0;0m██
  ██[38;2;99;98;123m██[38;2;65;65;65m██[38;2;255;255;255m████[38;2;65;65;65m██[38;2;99;98;123m██████████[38;2;65;65;65m██[38;2;255;255;255m████[38;2;189;189;197m██[38;2;99;98;123m██[38;2;65;65;65m██[38;2;99;98;123m██[38;2;255;255;255m████[38;2;0;0;0m██
  ██[38;2;99;98;123m████[38;2;65;65;65m████[38;2;99;98;123m████████████[38;2;65;65;65m██[38;2;255;255;255m████[38;2;99;98;123m██[38;2;65;65;65m██[38;2;255;255;255m████████[38;2;0;0;0m██
  ██[38;2;65;65;65m██[38;2;99;98;123m██[38;2;65;65;65m██[38;2;99;98;123m██[38;2;255;255;255m██[38;2;99;98;123m████████████[38;2;65;65;65m██[38;2;189;189;197m██[38;2;99;98;123m██[38;2;65;65;65m██[38;2;255;255;255m████[38;2;189;189;197m██[38;2;0;0;0m██  
    ██[38;2;65;65;65m████[38;2;99;98;123m██[38;2;255;255;255m██[38;2;208;81;199m██[38;2;99;98;123m██[38;2;206;165;181m██[38;2;99;98;123m██[38;2;206;165;181m██[38;2;99;98;123m████[38;2;65;65;65m██[38;2;99;98;123m██[38;2;65;65;65m██[38;2;189;189;197m██[38;2;255;255;255m██[38;2;65;65;65m██[38;2;0;0;0m██  
    ██[38;2;99;98;123m██[38;2;0;0;0m████[38;2;206;165;181m██[38;2;146;19;137m██[38;2;206;165;181m████[38;2;255;255;255m██[38;2;208;81;199m██[38;2;255;255;255m██[38;2;99;98;123m██[38;2;65;65;65m██[38;2;99;98;123m████[38;2;65;65;65m████[38;2;99;98;123m██[38;2;0;0;0m██  
    ████    ██[38;2;206;165;181m██[38;2;206;82;107m██[38;2;206;165;181m██[38;2;189;189;197m██[38;2;146;19;137m██[38;2;255;255;255m██[38;2;99;98;123m██[38;2;0;0;0m████[38;2;99;98;123m██████[38;2;0;0;0m██    
          ██[38;2;255;255;255m████[38;2;247;123;148m██[38;2;206;82;107m██[38;2;206;165;181m████[38;2;99;98;123m██[38;2;0;0;0m██    ██[38;2;65;65;65m██[38;2;0;0;0m██      
          ██[38;2;255;255;255m██[38;2;189;189;197m██[38;2;255;255;255m████[38;2;65;65;65m████[38;2;0;0;0m██      ██[38;2;99;98;123m██[38;2;0;0;0m██      
            ██[38;2;99;98;123m██[38;2;255;255;255m████[38;2;65;65;65m██[38;2;99;98;123m████[38;2;0;0;0m████    ████      
          ██[38;2;255;255;255m████[38;2;99;98;123m██[38;2;65;65;65m██[38;2;99;98;123m██[38;2;65;65;65m██[38;2;99;98;123m████[38;2;0;0;0m██              
          ██[38;2;255;255;255m██[38;2;189;189;197m██[38;2;255;255;255m████[38;2;65;65;65m██[38;2;99;98;123m██[38;2;0;0;0m████                
            ████[38;2;255;255;255m████[38;2;65;65;65m██[38;2;99;98;123m██[38;2;0;0;0m██                  
                ██[38;2;65;65;65m██[38;2;99;98;123m██[38;2;0;0;0m██                    
                  ██[38;2;99;98;123m██[38;2;0;0;0m██                    
                  ████                      
[0m