                                    [38;2;0;0;0m██                      
                                  ██[38;2;212;164;128m██[38;2;0;0;0m██                    
                ████      ██    ██[38;2;212;164;128m████[38;2;0;8;4m██                    
            [38;2;0;0;0m████[38;2;154;98;43m██[38;2;0;0;0m██    ██[38;2;154;98;43m██[38;2;0;0;0m██  ██[38;2;212;164;128m████[38;2;68;52;58m██[38;2;0;0;0m████████            
            ██[38;2;112;64;48m██[38;2;147;105;81m██[38;2;0;8;8m██    [38;2;0;0;0m██[38;2;147;104;70m██[38;2;84;65;53m██[38;2;0;8;8m██  [38;2;0;0;0m██[38;2;212;162;129m████████████[38;2;0;0;0m████  ██████
            ██[38;2;112;64;48m██[38;2;221;158;117m██[38;2;71;49;60m██[38;2;0;0;0m████[38;2;221;156;104m██[38;2;147;104;70m██[38;2;84;65;53m██[38;2;126;98;74m██[38;2;0;0;0m██[38;2;212;164;128m██[38;2;212;162;129m████████████[38;2;212;164;128m████[38;2;0;0;0m██[38;2;212;164;128m████[38;2;0;0;0m██
            [38;2;8;0;0m██[38;2;149;116;82m██[38;2;212;162;129m████[38;2;211;162;127m██[38;2;160;126;85m██[38;2;212;161;128m████[38;2;139;106;82m██[38;2;57;49;50m██[38;2;212;162;129m████████████████████[38;2;212;164;128m████[38;2;0;0;0m██  
          ██[38;2;220;169;126m████[38;2;212;162;129m████[38;2;211;162;127m████[38;2;247;174;90m████[38;2;57;49;50m██[38;2;221;158;117m██[38;2;212;162;129m████████████████████[38;2;212;164;128m██[38;2;65;65;66m██[38;2;67;67;66m██[38;2;0;0;0m██
    ██  [38;2;16;0;9m██[38;2;245;197;172m██[38;2;211;162;127m████[38;2;212;162;129m██[38;2;8;0;0m██[38;2;227;186;155m████[38;2;212;162;129m████[38;2;65;65;66m██[38;2;212;164;128m██[38;2;212;162;129m████████████[38;2;211;162;127m████[38;2;212;161;118m██[38;2;129;58;87m██[38;2;212;164;128m██████[38;2;0;0;0m██
  ██[38;2;178;104;131m██[38;2;0;0;0m██[38;2;107;70;87m████[38;2;130;66;101m██[38;2;211;162;127m██[38;2;8;0;0m██[38;2;255;255;255m██[38;2;0;0;0m██[38;2;227;186;155m██[38;2;212;162;129m████[38;2;212;164;128m██[38;2;65;65;66m██[38;2;212;162;129m████████████[38;2;211;162;127m██[38;2;130;66;101m██[38;2;129;58;87m██[38;2;172;114;138m██[38;2;84;62;73m████[38;2;0;0;0m██  
  ██[38;2;178;104;134m██[38;2;130;78;102m██[38;2;183;107;131m██[38;2;247;170;90m████[38;2;129;56;105m██[38;2;82;65;75m██[38;2;255;255;255m██[38;2;111;70;88m██[38;2;235;201;173m██[38;2;211;162;127m████[38;2;212;161;118m██[38;2;65;65;66m██[38;2;212;164;128m████[38;2;212;161;118m██[38;2;129;58;87m████[38;2;212;161;118m██[38;2;130;66;101m██[38;2;178;103;130m██[38;2;176;95;126m██[38;2;130;68;92m██[38;2;130;66;101m██[38;2;0;0;0m██    
██[38;2;178;104;131m██[38;2;178;104;134m██[38;2;63;60;66m██[38;2;183;107;131m██[38;2;129;56;105m██[38;2;183;107;131m████[38;2;82;65;75m████[38;2;111;70;88m████[38;2;211;162;127m██[38;2;160;126;85m██[38;2;163;129;101m██[38;2;65;65;66m████[38;2;212;164;128m██[38;2;129;58;87m██[38;2;172;114;138m████[38;2;129;58;87m██[38;2;130;66;101m██[38;2;178;103;130m██[38;2;130;68;92m██[38;2;66;56;62m██[38;2;130;66;101m████[38;2;0;0;0m████
██[38;2;178;104;131m██████[38;2;65;65;66m████[38;2;74;57;63m██[38;2;178;104;131m████[38;2;65;65;66m██[38;2;247;174;90m████[38;2;130;66;101m████[38;2;170;127;85m██[38;2;132;65;98m██[38;2;178;104;131m██[38;2;65;65;66m██[38;2;211;162;127m██[38;2;130;66;101m██[38;2;178;103;130m████[38;2;178;104;131m████[38;2;16;97;49m██[38;2;87;149;115m██[38;2;82;63;73m████[38;2;130;66;101m██[38;2;0;0;0m██
  ██[38;2;178;104;131m████[38;2;65;65;66m██[38;2;255;255;255m██[38;2;198;173;178m██[38;2;74;57;63m██[38;2;65;65;66m██[38;2;178;104;131m██████[38;2;178;103;130m████[38;2;132;65;98m██[38;2;169;114;139m██[38;2;178;104;131m██[38;2;65;65;66m██[38;2;211;162;127m████[38;2;130;66;101m██[38;2;178;103;130m██[38;2;178;104;131m██[38;2;64;64;66m██[38;2;87;149;115m██[38;2;231;255;247m██[38;2;49;182;107m██[38;2;82;63;73m██[38;2;0;0;0m██  
  ██[38;2;178;104;133m████[38;2;74;57;63m██[38;2;198;173;178m██[38;2;255;255;255m██[38;2;90;66;72m██[38;2;178;104;131m████████████████[38;2;65;65;66m██[38;2;212;164;128m██[38;2;211;162;127m██[38;2;130;66;101m██[38;2;178;103;130m████[38;2;158;65;138m██[38;2;77;74;66m██[38;2;49;182;107m████[38;2;68;170;112m██[38;2;46;85;60m██[38;2;130;66;101m██[38;2;0;0;0m██
    ██[38;2;178;104;133m██[38;2;178;104;131m██[38;2;74;57;63m██[38;2;90;66;72m████[38;2;178;104;131m██████████████[38;2;64;64;66m██[38;2;65;65;66m██[38;2;212;164;128m██[38;2;211;162;127m████[38;2;130;66;101m██[38;2;178;103;130m██[38;2;77;74;66m██[38;2;239;8;82m██[38;2;66;65;66m██[38;2;49;182;107m██[38;2;46;85;60m██[38;2;24;0;21m██[38;2;0;0;0m██  
  ██[38;2;74;57;58m██[38;2;154;117;128m██[38;2;178;103;130m████[38;2;178;104;131m████████[38;2;178;103;130m████[38;2;178;104;131m██[38;2;74;57;58m██[38;2;65;65;66m██[38;2;212;164;128m██[38;2;65;65;66m██[38;2;212;164;128m██[38;2;211;162;127m████[38;2;132;65;98m██[38;2;169;114;139m██[38;2;65;65;66m██[38;2;231;0;82m██[38;2;177;85;78m██[38;2;99;40;98m██[38;2;130;66;101m██[38;2;0;0;0m██    
██[38;2;212;164;128m██[38;2;221;163;116m██[38;2;74;57;58m██[38;2;130;66;101m██[38;2;178;103;130m██[38;2;178;104;131m████████[38;2;178;103;130m██[38;2;130;66;101m██[38;2;74;57;58m██[38;2;221;163;116m██[38;2;212;164;128m██████[38;2;65;65;66m██[38;2;211;162;127m██[38;2;160;126;85m██[38;2;170;127;85m██[38;2;132;65;98m██[38;2;65;65;66m██[38;2;231;0;82m██[38;2;255;130;90m██[38;2;99;40;98m██[38;2;130;66;101m██[38;2;0;0;0m██    
██[38;2;212;164;128m██[38;2;212;161;118m██[38;2;65;65;66m██[38;2;178;103;130m██[38;2;130;66;101m██[38;2;178;104;131m████████[38;2;65;65;66m████[38;2;212;162;129m████████[38;2;212;164;128m██[38;2;65;65;66m██[38;2;160;128;86m████[38;2;160;126;85m██[38;2;130;66;101m██[38;2;65;65;66m██[38;2;247;174;90m██[38;2;71;46;60m██[38;2;130;77;106m██[38;2;0;0;0m██      
  ██[38;2;163;129;101m██[38;2;65;65;66m██[38;2;178;103;130m████[38;2;178;104;131m████[38;2;65;65;66m████[38;2;212;164;128m████[38;2;212;162;129m████████[38;2;212;164;128m████[38;2;65;65;66m██[38;2;160;128;86m██[38;2;160;126;85m██[38;2;130;66;101m██[38;2;65;65;66m████[38;2;130;77;106m██[38;2;0;8;4m██        
  [38;2;0;0;0m██[38;2;64;64;66m██[38;2;178;104;131m████████[38;2;65;65;66m██[38;2;160;126;85m██[38;2;211;162;127m██[38;2;212;162;129m████████[38;2;211;162;127m████[38;2;160;126;85m██[38;2;211;162;127m██[38;2;65;65;66m██[38;2;163;129;101m██[38;2;160;126;85m██[38;2;130;66;101m██[38;2;66;66;65m██[38;2;130;66;101m████[38;2;0;0;0m██        
██[38;2;178;104;131m████████████[38;2;65;65;66m██[38;2;211;162;127m████[38;2;212;162;129m████████[38;2;160;126;85m████[38;2;211;162;127m████[38;2;212;161;118m██[38;2;65;65;66m██[38;2;160;126;85m██[38;2;130;66;101m██[38;2;66;66;65m██[38;2;130;66;101m██████[38;2;0;0;0m██      
██[38;2;178;104;131m██████████████[38;2;74;57;58m██[38;2;221;163;116m██[38;2;212;164;128m████[38;2;160;128;86m██[38;2;65;65;66m████[38;2;212;164;128m██[38;2;212;162;129m████[38;2;212;161;118m██[38;2;65;65;66m██[38;2;130;66;101m████[38;2;71;46;60m██[38;2;130;77;106m██[38;2;71;46;60m██[38;2;130;77;106m██[38;2;130;66;101m██[38;2;0;0;0m██    
██[38;2;178;104;131m████████████████[38;2;74;57;58m██[38;2;65;65;66m████████[38;2;212;164;128m████[38;2;212;162;129m████[38;2;163;129;101m██[38;2;65;65;66m██[38;2;130;66;101m██[38;2;66;66;65m██[38;2;0;8;4m██[38;2;130;77;106m████[38;2;0;8;4m██[38;2;0;0;0m██      
  ██[38;2;178;104;131m████████████████████[38;2;132;82;97m██[38;2;65;65;66m██[38;2;211;162;127m██████[38;2;160;126;85m██[38;2;158;128;89m██[38;2;77;54;61m██[38;2;130;66;101m██[38;2;0;0;0m██  ████          
  ██[38;2;64;64;66m██[38;2;178;104;131m██████████████████[38;2;65;65;66m██[38;2;170;125;71m██[38;2;160;126;85m████████[38;2;158;128;89m██[38;2;0;8;8m██[38;2;0;0;0m██                  
  ██[38;2;158;129;93m██[38;2;77;52;59m██[38;2;178;104;131m████[38;2;178;103;130m████████[38;2;115;80;88m██[38;2;66;57;59m██[38;2;160;128;86m████████[38;2;160;125;87m████[38;2;0;0;0m██                      
    ██████[38;2;117;52;75m██[38;2;130;66;101m████████[38;2;66;57;59m██[38;2;160;124;74m██[38;2;160;128;86m████████[38;2;0;0;0m████                        
          ████████[38;2;67;67;66m██[38;2;65;65;66m████████[38;2;77;52;59m██[38;2;0;0;0m██                            
                  ██[38;2;160;128;86m██[38;2;65;65;66m██[38;2;160;128;86m██[38;2;65;65;66m██[38;2;158;129;93m██[38;2;0;0;0m██                            
                    ██████████                              
[0m