                  [38;2;0;0;0m██      ████        ████                  
                ██[38;2;71;80;84m██[38;2;0;0;0m██  ██[38;2;71;80;84m██[38;2;0;0;0m██      ██[38;2;71;80;84m██[38;2;0;0;0m██                  
                ██[38;2;71;80;84m██[38;2;82;181;206m██[38;2;0;0;0m██[38;2;71;80;84m████[38;2;0;0;0m████  ██[38;2;71;80;84m████[38;2;0;0;0m██                  
  ████        ██[38;2;71;80;84m████[38;2;82;181;206m██[38;2;45;54;58m██[38;2;71;80;84m████[38;2;82;181;206m████[38;2;65;65;65m██[38;2;71;80;84m████[38;2;0;0;0m██                    
██[38;2;180;41;42m████[38;2;0;0;0m██      ██[38;2;71;80;84m██[38;2;82;181;206m██[38;2;45;54;58m██[38;2;71;80;84m████[38;2;82;181;206m████[38;2;65;65;65m██[38;2;71;80;84m██████[38;2;0;0;0m██                    
██[38;2;180;41;42m██████[38;2;0;0;0m██████[38;2;163;168;170m██[38;2;71;80;84m██[38;2;82;181;206m██[38;2;45;54;58m██[38;2;71;80;84m██[38;2;82;181;206m████[38;2;71;80;84m██[38;2;65;65;65m██[38;2;71;80;84m████[38;2;0;0;0m██                      
  ████[38;2;180;41;42m██████[38;2;65;65;65m██[38;2;255;255;255m██[38;2;71;80;84m██[38;2;45;54;58m██[38;2;71;80;84m██████[38;2;163;168;170m██[38;2;71;80;84m████[38;2;65;65;65m██[38;2;71;80;84m██[38;2;180;41;42m██[38;2;0;0;0m██                    
      ██████[38;2;180;41;42m██[38;2;65;65;65m██[38;2;71;80;84m██[38;2;45;54;58m██[38;2;71;80;84m██[38;2;45;54;58m██[38;2;255;255;255m██[38;2;163;168;170m██[38;2;45;54;58m██████[38;2;71;80;84m██[38;2;180;41;42m██[38;2;0;0;0m██                    
            ██[38;2;65;65;65m██[38;2;45;54;58m██████[38;2;71;80;84m██[38;2;255;255;255m██[38;2;45;54;58m██[38;2;0;0;0m██[38;2;255;255;255m██[38;2;109;118;122m██[38;2;71;80;84m██[38;2;180;41;42m████[38;2;0;0;0m██                  
            ██[38;2;230;68;69m██[38;2;45;54;58m████[38;2;71;80;84m████[38;2;45;54;58m██[38;2;255;255;255m██[38;2;230;68;69m██[38;2;255;255;255m██[38;2;109;118;122m██[38;2;180;41;42m██████[38;2;0;0;0m██                  
            ██[38;2;230;68;69m██[38;2;45;54;58m██[38;2;71;80;84m██████[38;2;45;54;58m██[38;2;109;118;122m██[38;2;255;255;255m██[38;2;109;118;122m██[38;2;180;41;42m████[38;2;230;68;69m██[38;2;65;65;65m██[38;2;71;80;84m██[38;2;0;0;0m████              
              ██[38;2;230;68;69m██[38;2;45;54;58m██[38;2;71;80;84m██[38;2;45;54;58m██[38;2;71;80;84m████[38;2;180;41;42m████[38;2;230;68;69m██[38;2;180;41;42m██[38;2;230;68;69m██[38;2;65;65;65m██[38;2;71;80;84m██[38;2;255;255;255m████[38;2;0;0;0m██    ████    
              ██[38;2;180;41;42m██[38;2;230;68;69m██[38;2;45;54;58m██[38;2;180;41;42m██████[38;2;230;68;69m████[38;2;180;41;42m██[38;2;230;68;69m██[38;2;65;65;65m██[38;2;45;54;58m██[38;2;0;0;0m████[38;2;71;80;84m████[38;2;0;0;0m████[38;2;71;80;84m████[38;2;0;0;0m██  
                ████[38;2;230;68;69m████████[38;2;180;41;42m████[38;2;230;68;69m██[38;2;65;65;65m██[38;2;71;80;84m██[38;2;0;0;0m██    ██[38;2;71;80;84m████[38;2;45;54;58m██[38;2;216;225;229m████[38;2;45;54;58m██[38;2;0;0;0m██
                  ██[38;2;65;65;65m████[38;2;180;41;42m██████[38;2;65;65;65m████[38;2;71;80;84m██████[38;2;0;0;0m██    ████[38;2;71;80;84m████[38;2;0;0;0m████  
                ████[38;2;71;80;84m██[38;2;45;54;58m██[38;2;65;65;65m██████[38;2;45;54;58m██████[38;2;71;80;84m██[38;2;255;255;255m██[38;2;0;0;0m██        ████      
              ██[38;2;255;255;255m████[38;2;65;65;65m████[38;2;45;54;58m██████[38;2;0;0;0m██████[38;2;255;255;255m██████[38;2;0;0;0m██                
            ██[38;2;255;255;255m████[38;2;65;65;65m██[38;2;0;0;0m██[38;2;45;54;58m████[38;2;0;0;0m████      ██[38;2;255;255;255m██[38;2;45;54;58m██[38;2;65;65;65m██[38;2;0;0;0m██              
    ████████[38;2;71;80;84m████[38;2;0;0;0m████  ██████      ██[38;2;71;80;84m██[38;2;45;54;58m██[38;2;0;0;0m██[38;2;71;80;84m████[38;2;0;0;0m██            
  ██[38;2;71;80;84m████[38;2;162;171;175m██[38;2;45;54;58m██[38;2;71;80;84m██[38;2;45;54;58m██[38;2;0;0;0m██                  ████  ████              
    ████[38;2;71;80;84m████[38;2;0;0;0m██[38;2;216;225;229m██[38;2;71;80;84m██[38;2;0;0;0m██                                        
        ████  ████                                          
[0m