                    [38;2;0;0;0m████                  
                ████[38;2;189;165;206m████[38;2;0;0;0m████              
              ██[38;2;189;165;206m██[38;2;214;197;247m██[38;2;189;165;206m████████[38;2;0;0;0m██            
    ██████  ██[38;2;189;165;206m████████████████[38;2;0;0;0m██          
  ██[38;2;189;165;206m████[38;2;115;90;148m██[38;2;0;0;0m██[38;2;255;255;255m██[38;2;189;165;206m████████[38;2;148;123;206m██[38;2;65;65;65m██[38;2;189;165;206m██[38;2;148;123;206m██[38;2;0;0;0m██          
██[38;2;214;197;247m██[38;2;189;165;206m██████[38;2;255;255;255m██[38;2;0;0;0m██[38;2;189;165;206m████[38;2;148;123;206m████[38;2;255;255;255m████[38;2;65;65;65m██[38;2;148;123;206m██[38;2;189;165;206m██[38;2;0;0;0m██        
██[38;2;189;165;206m██[38;2;148;123;206m██[38;2;189;165;206m██[38;2;65;65;65m██[38;2;189;165;206m████[38;2;115;90;148m██████[38;2;255;255;255m██[38;2;0;0;0m██[38;2;255;255;255m██[38;2;65;65;65m██[38;2;189;165;206m██[38;2;213;197;65m██[38;2;0;0;0m████      
  ████[38;2;148;123;206m██[38;2;65;65;65m██[38;2;189;165;206m████████[38;2;148;123;206m██[38;2;255;255;255m████[38;2;148;123;206m██[38;2;213;197;65m████[38;2;115;90;148m████[38;2;148;123;206m██[38;2;0;0;0m██    
      ██[38;2;148;123;206m██[38;2;65;65;65m████[38;2;189;165;206m██████████[38;2;65;65;65m██[38;2;255;238;65m██[38;2;115;90;148m████[38;2;148;123;206m████[38;2;0;0;0m██    
        ██[38;2;65;65;65m██[38;2;213;197;65m██[38;2;65;65;65m██████[38;2;255;255;255m██[38;2;65;65;65m██[38;2;255;238;65m████[38;2;148;123;206m████[38;2;65;65;65m██[38;2;148;123;206m██[38;2;115;90;148m██[38;2;0;0;0m██  
      ██[38;2;148;123;206m████[38;2;213;197;65m██[38;2;65;65;65m████████[38;2;255;238;65m████[38;2;148;123;206m████[38;2;189;165;206m██[38;2;148;123;206m██[38;2;65;65;65m██[38;2;115;90;148m██[38;2;148;123;206m██[38;2;0;0;0m██
    ██[38;2;148;123;206m██[38;2;115;90;148m██[38;2;255;238;65m██[38;2;65;65;65m████[38;2;123;140;148m████[38;2;65;65;65m██[38;2;255;238;65m██[38;2;65;65;65m████[38;2;189;165;206m██████[38;2;65;65;65m██[38;2;148;123;206m████[38;2;0;0;0m██
    ██[38;2;148;123;206m██[38;2;115;90;148m██[38;2;255;238;65m████[38;2;65;65;65m██████[38;2;255;238;65m██[38;2;65;65;65m██[38;2;148;123;206m██[38;2;214;197;247m████[38;2;189;165;206m██[38;2;148;123;206m██[38;2;65;65;65m██[38;2;148;123;206m██[38;2;115;90;148m██[38;2;0;0;0m██
      ██[38;2;148;123;206m██[38;2;115;90;148m██[38;2;255;238;65m████████[38;2;213;197;65m██[38;2;65;65;65m██[38;2;189;165;206m██[38;2;148;123;206m██[38;2;214;197;247m██[38;2;148;123;206m██[38;2;65;65;65m██[38;2;148;123;206m████[38;2;0;0;0m██  
      ██[38;2;148;123;206m██████[38;2;213;197;65m██[38;2;255;238;65m██[38;2;213;197;65m██[38;2;148;123;206m████[38;2;65;65;65m██[38;2;148;123;206m██[38;2;189;165;206m██[38;2;65;65;65m██[38;2;148;123;206m████[38;2;0;0;0m██    
        ██[38;2;148;123;206m████[38;2;0;0;0m██[38;2;255;238;65m██[38;2;115;90;148m██████[38;2;148;123;206m██[38;2;65;65;65m████[38;2;148;123;206m██[38;2;0;0;0m████      
          ████  ██[38;2;148;123;206m████████[38;2;0;0;0m██████          
                  ████████                
[0m