          [38;2;0;0;0m██████                            
      ████[38;2;79;135;81m██████[38;2;0;0;0m████                        
    ██[38;2;79;135;81m██[38;2;65;65;65m██[38;2;79;135;81m████[38;2;65;65;65m██[38;2;79;135;81m████[38;2;0;0;0m██    ████              
    ██[38;2;79;135;81m████████████[38;2;65;65;65m████[38;2;0;0;0m████[38;2;85;166;93m████[38;2;0;0;0m████          
  ██[38;2;79;135;81m██████████[38;2;65;65;65m████[38;2;59;166;116m██[38;2;65;65;65m██[38;2;85;166;93m██[38;2;79;135;81m██[38;2;85;166;93m██[38;2;79;135;81m██[38;2;85;166;93m████[38;2;0;0;0m██    ██  
  ██[38;2;79;135;81m████████[38;2;65;65;65m██[38;2;59;166;116m████[38;2;65;65;65m██[38;2;85;166;93m████████████[38;2;79;135;81m██[38;2;85;166;93m██[38;2;0;0;0m████[38;2;126;230;172m██[38;2;0;0;0m██
    ██[38;2;79;135;81m████[38;2;65;65;65m██[38;2;59;166;116m████[38;2;65;65;65m████[38;2;79;135;81m██[38;2;85;166;93m██████████████[38;2;65;65;65m██[38;2;78;136;109m██[38;2;126;230;172m██[38;2;0;0;0m██
      ██[38;2;65;65;65m██[38;2;59;166;116m████[38;2;65;65;65m██[38;2;138;239;184m██[38;2;65;65;65m██[38;2;85;166;93m██████████████[38;2;79;135;81m██[38;2;65;65;65m██[38;2;126;230;172m██[38;2;78;136;109m██[38;2;0;0;0m██
        ██[38;2;59;166;116m██[38;2;65;65;65m██[38;2;138;239;184m████[38;2;65;65;65m████[38;2;85;166;93m████[38;2;65;65;65m██[38;2;85;166;93m████[38;2;65;65;65m████[38;2;78;136;109m██[38;2;126;230;172m██[38;2;65;65;65m██[38;2;0;0;0m██
      ██[38;2;59;166;116m██[38;2;65;65;65m██[38;2;138;239;184m████[38;2;65;65;65m██[38;2;59;166;116m██[38;2;65;65;65m██████[38;2;138;239;184m██[38;2;65;65;65m████[38;2;78;136;109m██[38;2;126;230;172m████[38;2;78;136;109m██[38;2;0;0;0m██  
    ██[38;2;65;65;65m██[38;2;59;166;116m██[38;2;65;65;65m██[38;2;138;239;184m████[38;2;65;65;65m████[38;2;138;239;184m████[38;2;69;176;126m██[38;2;138;239;184m████████[38;2;78;136;109m██[38;2;126;230;172m██[38;2;65;65;65m██[38;2;0;0;0m██  
    ██[38;2;138;239;184m██[38;2;65;65;65m██[38;2;138;239;184m██[38;2;69;176;126m██[38;2;138;239;184m████████[38;2;65;65;65m██████[38;2;138;239;184m██████[38;2;65;65;65m████[38;2;178;200;56m██[38;2;0;0;0m██  
  ██[38;2;138;239;184m██████████[38;2;69;176;126m██[38;2;138;239;184m██[38;2;65;65;65m████[38;2;188;224;80m██████[38;2;65;65;65m██████[38;2;178;200;56m██████[38;2;0;0;0m██  
  ██[38;2;138;239;184m██████████[38;2;65;65;65m████[38;2;188;224;80m██████[38;2;145;173;43m████[38;2;188;224;80m████[38;2;145;173;43m██[38;2;178;200;56m██████[38;2;69;176;126m██[38;2;0;0;0m██
██[38;2;126;230;172m██[38;2;0;0;0m██[38;2;138;239;184m████[38;2;65;65;65m██[38;2;0;0;0m██[38;2;206;206;206m██[38;2;69;176;126m████[38;2;188;224;80m██[38;2;145;173;43m██[38;2;188;224;80m████[38;2;145;173;43m██[38;2;188;224;80m██[38;2;0;0;0m██[38;2;69;176;126m████████[38;2;0;0;0m██
██[38;2;126;230;172m██[38;2;188;224;80m██[38;2;65;65;65m████[38;2;188;224;80m██[38;2;0;0;0m██[38;2;255;255;255m██[38;2;138;239;184m████[38;2;69;176;126m██[38;2;188;224;80m████████[38;2;0;0;0m██  ██[38;2;206;206;206m████[38;2;65;65;65m██[38;2;0;0;0m██
  ██[38;2;188;224;80m████[38;2;117;142;41m██[38;2;188;224;80m██████[38;2;138;239;184m██[38;2;69;176;126m██[38;2;65;65;65m██[38;2;188;224;80m██████[38;2;69;176;126m██[38;2;0;0;0m██    ██████  
  ██[38;2;65;65;65m██[38;2;178;200;56m████[38;2;117;142;41m██[38;2;69;176;126m██[38;2;126;230;172m████[38;2;0;0;0m████[38;2;65;65;65m██[38;2;69;176;126m██[38;2;126;230;172m██[38;2;138;239;184m██[38;2;0;0;0m██            
    ██████[38;2;126;230;172m████[38;2;0;0;0m████  ██[38;2;138;239;184m██████[38;2;126;230;172m██[38;2;0;0;0m██            
          ████      ██[38;2;65;65;65m██[38;2;255;255;255m████[38;2;0;0;0m██              
                      ██████                
[0m