                [38;2;0;0;0m██████                                  
            ████[38;2;182;97;75m██████[38;2;0;0;0m████                              
          ██[38;2;167;79;68m██[38;2;182;97;75m████████████[38;2;0;0;0m████                          
          ██[38;2;182;97;75m██[38;2;65;65;65m████[38;2;0;0;0m████[38;2;167;79;68m██[38;2;182;97;75m██████[38;2;0;0;0m██                        
        ██[38;2;66;178;189m██[38;2;65;65;65m██[38;2;58;206;187m████[38;2;0;0;0m██  ████[38;2;167;79;68m████[38;2;182;97;75m██[38;2;0;0;0m██                      
      ██[38;2;58;206;187m████████████[38;2;0;0;0m██    ██[38;2;167;79;68m██████[38;2;0;0;0m██      ████          
    ██[38;2;58;206;187m██████[38;2;66;178;189m██[38;2;58;206;187m██████[38;2;0;0;0m██      ██[38;2;167;79;68m██████[38;2;0;0;0m██████[38;2;167;79;68m██[38;2;0;0;0m██          
  ██[38;2;58;206;187m██████[38;2;68;110;152m██[38;2;58;206;187m██[38;2;0;0;0m██[38;2;247;247;41m██[38;2;58;206;187m████[38;2;0;0;0m██      ████[38;2;167;79;68m████████[38;2;0;0;0m██            
  ██[38;2;58;206;187m██[38;2;66;178;189m██[38;2;58;206;187m████[38;2;247;247;41m██[38;2;0;0;0m██[38;2;247;247;41m██[38;2;213;210;168m██[38;2;58;206;187m██[38;2;0;0;0m██          ████████              
    ██[38;2;58;206;187m████[38;2;66;178;189m██████[38;2;213;210;168m████[38;2;58;206;187m██[38;2;66;178;189m██[38;2;0;0;0m██                              
      ████[38;2;174;170;138m██[38;2;213;210;168m████████[38;2;174;170;138m██[38;2;66;178;189m████[38;2;0;0;0m████      ██████              
██████    ██[38;2;65;65;65m██[38;2;213;210;168m████████[38;2;65;65;65m██[38;2;66;178;189m██████[38;2;0;0;0m██████[38;2;182;97;75m████[38;2;0;0;0m██              
██[38;2;182;97;75m████[38;2;0;0;0m████[38;2;66;178;189m████[38;2;0;0;0m████[38;2;213;210;168m██████[38;2;65;65;65m████[38;2;58;206;187m████[38;2;0;0;0m██[38;2;65;65;65m████[38;2;0;0;0m██                
  ██[38;2;65;65;65m██[38;2;66;178;189m██[38;2;58;206;187m██[38;2;0;0;0m████    ██[38;2;174;170;138m██[38;2;65;65;65m██[38;2;58;206;187m██████[38;2;65;65;65m████[38;2;182;97;75m██████[38;2;0;0;0m██              
██[38;2;140;66;58m██[38;2;0;0;0m██[38;2;58;206;187m██[38;2;68;110;152m██[38;2;0;0;0m██    ████[38;2;65;65;65m██[38;2;58;206;187m██[38;2;65;65;65m██[38;2;58;206;187m██[38;2;65;65;65m██[38;2;182;97;75m████[38;2;65;65;65m████[38;2;0;0;0m██            ████
████  ████    ██[38;2;65;65;65m██[38;2;66;178;189m██[38;2;174;170;138m██[38;2;65;65;65m████[38;2;58;206;187m██[38;2;65;65;65m██████[38;2;66;178;189m██[38;2;0;0;0m██    ██████████[38;2;182;97;75m██[38;2;0;0;0m██
              ██[38;2;66;178;189m████[38;2;65;65;65m██[38;2;66;178;189m████[38;2;65;65;65m██[38;2;174;170;138m██[38;2;66;178;189m██[38;2;58;206;187m████[38;2;65;65;65m██[38;2;0;0;0m████[38;2;140;66;58m██████[38;2;182;97;75m████[38;2;0;0;0m██  
                ██[38;2;66;178;189m████[38;2;0;0;0m██[38;2;174;170;138m████[38;2;65;65;65m██[38;2;58;206;187m██████[38;2;66;178;189m██[38;2;65;65;65m██[38;2;140;66;58m██████[38;2;0;0;0m██████    
              ██[38;2;66;178;189m████[38;2;0;0;0m██  ████████[38;2;58;206;187m██[38;2;66;178;189m████[38;2;0;0;0m████████          
                ████            ██[38;2;58;94;129m██[38;2;0;0;0m██                  
                              ██[38;2;58;206;187m██[38;2;66;178;189m██[38;2;58;206;187m██[38;2;0;0;0m██                
                                ██████                  
[0m