                [38;2;0;0;0m████████          
            ████[38;2;205;213;213m████████[38;2;0;0;0m████      
          ██[38;2;198;77;57m██████[38;2;65;65;65m██[38;2;205;213;213m████████[38;2;0;0;0m██    
        ██[38;2;198;77;57m██████████[38;2;65;65;65m██[38;2;205;213;213m████████[38;2;0;0;0m██  
      ██[38;2;198;77;57m████████████[38;2;246;143;126m██[38;2;65;65;65m██[38;2;205;213;213m██████[38;2;0;0;0m██  
      ██[38;2;246;143;126m██[38;2;198;77;57m██████[38;2;246;143;126m██████[38;2;65;65;65m██[38;2;205;213;213m██[38;2;115;123;123m██[38;2;205;213;213m██[38;2;246;143;126m██[38;2;0;0;0m██
    ████[38;2;65;65;65m██[38;2;246;143;126m████████[38;2;65;65;65m██[38;2;0;0;0m██[38;2;255;255;255m██[38;2;172;180;180m██[38;2;246;143;126m██[38;2;115;123;123m██[38;2;172;180;180m██[38;2;0;0;0m██
  ██[38;2;190;87;70m████[38;2;65;65;65m██████████[38;2;255;255;255m██[38;2;0;0;0m██[38;2;255;255;255m██[38;2;172;180;180m██[38;2;246;143;126m██[38;2;65;65;65m██[38;2;172;180;180m██[38;2;0;0;0m██
██[38;2;169;48;28m████[38;2;190;87;70m██[38;2;65;65;65m██[38;2;155;155;155m██[38;2;65;65;65m██[38;2;246;143;126m████[38;2;178;178;178m██[38;2;255;255;255m██[38;2;155;155;155m██[38;2;172;180;180m████[38;2;0;0;0m████  
██[38;2;169;48;28m████[38;2;0;0;0m████[38;2;155;155;155m██[38;2;65;65;65m██[38;2;198;77;57m██[38;2;246;143;126m██[38;2;155;155;155m████[38;2;65;65;65m██[38;2;172;180;180m██[38;2;65;65;65m██[38;2;0;0;0m██    
██████    ██[38;2;198;77;57m██████[38;2;65;65;65m████[38;2;172;180;180m████[38;2;0;0;0m██      
          ██[38;2;198;77;57m████[38;2;0;0;0m████[38;2;172;180;180m████[38;2;0;0;0m██        
          ██████    ████          
[0m