                                  [38;2;0;0;0m██                                        
                  ██            ██[38;2;255;255;255m██[38;2;0;0;0m██                                      
                ██[38;2;236;47;102m██[38;2;0;0;0m██          ██[38;2;255;255;255m██[38;2;0;0;0m██                                      
                ██[38;2;236;47;102m██[38;2;0;0;0m██          ██[38;2;255;255;255m██[38;2;0;0;0m██                                      
                ██[38;2;236;47;102m██[38;2;0;0;0m██        ██[38;2;255;255;255m████[38;2;0;0;0m██                                      
              ██[38;2;236;47;102m████[38;2;0;0;0m██    ██  ██[38;2;255;255;255m████[38;2;74;74;74m██[38;2;0;0;0m██                                    
              ██[38;2;236;47;102m██[38;2;0;0;0m██    ██[38;2;255;255;255m██[38;2;0;0;0m██[38;2;123;131;131m██[38;2;255;255;255m████[38;2;74;74;74m██[38;2;197;197;197m██[38;2;0;0;0m██                                  
              ██[38;2;236;47;102m██[38;2;0;0;0m██      ██[38;2;255;255;255m██[38;2;123;131;131m██[38;2;255;255;255m████[38;2;197;197;197m████[38;2;0;0;0m██                                  
            ██[38;2;236;47;102m████[38;2;0;0;0m██      ██[38;2;255;255;255m████████[38;2;197;197;197m██[38;2;0;0;0m██        ██                          
            ██[38;2;236;47;102m████[38;2;0;0;0m██        ██[38;2;255;255;255m████[38;2;197;197;197m████[38;2;0;0;0m██      ██[38;2;197;197;197m██[38;2;0;0;0m██                        
            ██[38;2;236;47;102m████[38;2;74;74;74m██[38;2;0;0;0m████    ██[38;2;255;255;255m████[38;2;148;23;32m████[38;2;0;0;0m██    ██[38;2;197;197;197m████[38;2;0;0;0m██              ██        
    ██    ██[38;2;236;47;102m████[38;2;74;74;74m██[38;2;216;66;80m██████[38;2;0;0;0m████[38;2;255;255;255m██[38;2;74;74;74m████[38;2;216;66;80m██████[38;2;0;0;0m████[38;2;74;74;74m██[38;2;197;197;197m████[38;2;0;0;0m██    ████  ████[38;2;148;23;32m██[38;2;0;0;0m██      
  ██[38;2;252;88;137m██[38;2;0;0;0m██  ██[38;2;236;47;102m████[38;2;74;74;74m██[38;2;216;66;80m████████[38;2;74;74;74m████[38;2;236;47;102m████[38;2;74;74;74m██[38;2;216;66;80m████████[38;2;74;74;74m██[38;2;197;197;197m██[38;2;0;0;0m██      ██[38;2;197;197;197m██[38;2;0;0;0m██[38;2;197;197;197m████[38;2;148;23;32m██[38;2;255;255;255m██[38;2;0;0;0m████  
  ██[38;2;252;88;137m██[38;2;0;0;0m████[38;2;74;74;74m██[38;2;236;47;102m████[38;2;74;74;74m██[38;2;216;66;80m████[38;2;74;74;74m████[38;2;236;47;102m████[38;2;74;74;74m████[38;2;216;66;80m██████████[38;2;148;23;32m██[38;2;74;74;74m████      [38;2;0;0;0m██[38;2;197;197;197m██████[38;2;216;66;80m██[38;2;148;23;32m██[38;2;255;255;255m██[38;2;123;131;131m██[38;2;255;255;255m██[38;2;0;0;0m██
  ██[38;2;252;88;137m██[38;2;74;74;74m██[38;2;216;66;80m██[38;2;74;74;74m██[38;2;236;47;102m████[38;2;74;74;74m██████[38;2;236;47;102m██████[38;2;74;74;74m████[38;2;216;66;80m██████████████████[38;2;0;0;0m██    ██[38;2;197;197;197m██████[38;2;216;66;80m██[38;2;148;23;32m██[38;2;255;255;255m██████[38;2;0;0;0m██
    ██[38;2;252;88;137m██[38;2;74;74;74m██[38;2;236;47;102m████[38;2;74;74;74m████[38;2;236;47;102m██████[38;2;74;74;74m████[38;2;216;66;80m████[38;2;74;74;74m██████[38;2;216;66;80m████████[38;2;74;74;74m██[38;2;216;66;80m██[38;2;0;0;0m██    ██[38;2;197;197;197m████[38;2;216;66;80m████[38;2;197;197;197m██[38;2;255;255;255m████[38;2;0;0;0m██  
    ██[38;2;252;88;137m██[38;2;74;74;74m██[38;2;236;47;102m████[38;2;74;74;74m██[38;2;236;47;102m██████[38;2;74;74;74m██[38;2;148;23;32m██[38;2;216;66;80m████████████[38;2;74;74;74m██[38;2;216;66;80m██[38;2;74;74;74m████[38;2;216;66;80m██[38;2;0;0;0m██        ██[38;2;197;197;197m██[38;2;216;66;80m██[38;2;148;23;32m██[38;2;255;255;255m████[38;2;0;0;0m██    
    ██[38;2;252;88;137m██[38;2;236;47;102m██████████[38;2;74;74;74m████[38;2;255;255;255m██[38;2;148;23;32m██[38;2;216;66;80m████[38;2;148;23;32m████[38;2;216;66;80m████[38;2;74;74;74m████[38;2;216;66;80m████[38;2;255;255;255m██[38;2;0;0;0m██        ██[38;2;197;197;197m██[38;2;216;66;80m██[38;2;148;23;32m██[38;2;255;255;255m████[38;2;0;0;0m██    
      ██[38;2;236;47;102m████████[38;2;74;74;74m██[38;2;238;57;57m██[38;2;255;255;255m████[38;2;148;23;32m██[38;2;216;66;80m████████[38;2;74;74;74m████[38;2;216;66;80m████[38;2;255;255;255m████[38;2;0;0;0m██          ██[38;2;197;197;197m██[38;2;216;66;80m██[38;2;148;23;32m██[38;2;255;255;255m██[38;2;0;0;0m██      
        ██[38;2;236;47;102m████[38;2;74;74;74m██[38;2;0;0;0m██[38;2;255;148;131m██[38;2;255;255;255m██[38;2;148;23;32m██[38;2;216;66;80m██████[38;2;148;23;32m██[38;2;74;74;74m██[38;2;216;66;80m████[38;2;255;255;255m████[38;2;74;74;74m██[38;2;0;0;0m██              ██[38;2;216;66;80m██[38;2;255;255;255m██[38;2;0;0;0m██        
      ████[38;2;74;74;74m████[38;2;148;23;32m██[38;2;238;57;57m████[38;2;255;255;255m██[38;2;148;23;32m██[38;2;216;66;80m████[38;2;148;23;32m██[38;2;216;66;80m██[38;2;255;255;255m████████[38;2;74;74;74m██[38;2;216;66;80m████[38;2;0;0;0m██            ██[38;2;216;66;80m██[38;2;0;0;0m██          
    ██[38;2;239;99;111m██[38;2;216;66;80m██[38;2;239;99;111m██[38;2;216;66;80m██[38;2;148;23;32m██[38;2;216;66;80m██[38;2;148;23;32m████[38;2;216;66;80m██████[38;2;148;23;32m██[38;2;74;74;74m██[38;2;197;197;197m████[38;2;255;255;255m██████[38;2;74;74;74m██[38;2;238;213;156m██[38;2;0;0;0m██          ██[38;2;216;66;80m██[38;2;0;0;0m██            
    ██[38;2;148;23;32m██[38;2;239;99;111m██[38;2;148;23;32m██[38;2;239;99;111m██[38;2;216;66;80m██████████████████[38;2;74;74;74m██[38;2;255;255;255m██[38;2;197;197;197m████[38;2;74;74;74m██[38;2;216;66;80m██[38;2;238;213;156m██[38;2;74;74;74m██[38;2;0;0;0m██        ██[38;2;216;66;80m██[38;2;0;0;0m██            
  ██[38;2;238;213;156m████[38;2;74;74;74m██████[38;2;216;66;80m██████████████████[38;2;74;74;74m████[38;2;255;255;255m████[38;2;74;74;74m██[38;2;216;66;80m████[38;2;74;74;74m██[38;2;216;66;80m██[38;2;0;0;0m██      ██[38;2;74;74;74m██[38;2;238;213;156m██[38;2;0;0;0m██          
  ██[38;2;123;131;131m████[38;2;238;213;156m████████[38;2;148;23;32m██[38;2;216;66;80m██████████[38;2;74;74;74m████[38;2;238;213;156m████[38;2;74;74;74m████[38;2;238;213;156m██[38;2;216;66;80m██[38;2;74;74;74m██[38;2;216;66;80m██[38;2;238;213;156m██[38;2;0;0;0m██    ██[38;2;169;44;53m████[38;2;74;74;74m██[38;2;0;0;0m██          
  ██[38;2;74;74;74m██[38;2;255;255;255m██[38;2;123;131;131m██████[38;2;238;213;156m████[38;2;148;23;32m██[38;2;216;66;80m██████[38;2;148;23;32m██[38;2;216;66;80m████[38;2;74;74;74m████[38;2;238;213;156m██████[38;2;74;74;74m██[38;2;216;66;80m████[38;2;238;213;156m██[38;2;74;74;74m██[38;2;0;0;0m████[38;2;74;74;74m██[38;2;169;44;53m██████[38;2;0;0;0m██          
██[38;2;74;74;74m██[38;2;169;44;53m██[38;2;0;0;0m██[38;2;74;74;74m██[38;2;156;65;98m██[38;2;255;255;255m██[38;2;123;131;131m██[38;2;164;148;98m████[38;2;148;23;32m██[38;2;216;66;80m████[38;2;74;74;74m██[38;2;0;0;0m██[38;2;74;74;74m██[38;2;216;66;80m████[38;2;74;74;74m██[38;2;164;148;98m████[38;2;238;213;156m██[38;2;216;66;80m████[38;2;74;74;74m██[38;2;216;66;80m██[38;2;74;74;74m██[38;2;169;44;53m████[38;2;74;74;74m██[38;2;164;148;98m██[38;2;169;44;53m██[38;2;0;0;0m██          
██[38;2;169;44;53m██[38;2;0;0;0m██  ██[38;2;74;74;74m██[38;2;156;65;98m████[38;2;74;74;74m██[38;2;164;148;98m██[38;2;74;74;74m██[38;2;216;66;80m██[38;2;74;74;74m██[38;2;0;0;0m██  ██[38;2;74;74;74m████[38;2;216;66;80m██[38;2;74;74;74m██[38;2;238;213;156m██████[38;2;216;66;80m██[38;2;74;74;74m██[38;2;238;213;156m██[38;2;74;74;74m██[38;2;169;44;53m████[38;2;74;74;74m██[38;2;169;44;53m██[38;2;0;0;0m██            
██[38;2;169;44;53m██[38;2;0;0;0m██    ██[38;2;156;65;98m██[38;2;255;148;131m████[38;2;74;74;74m██[38;2;164;148;98m██[38;2;74;74;74m██[38;2;0;0;0m██    ██[38;2;238;213;156m████[38;2;74;74;74m██[38;2;216;66;80m██[38;2;74;74;74m██[38;2;238;213;156m████[38;2;74;74;74m██[38;2;216;66;80m██[38;2;238;213;156m██[38;2;74;74;74m████[38;2;169;44;53m████[38;2;74;74;74m██[38;2;0;0;0m██            
██[38;2;169;44;53m██[38;2;74;74;74m██[38;2;0;0;0m██  ██[38;2;255;148;131m██████[38;2;74;74;74m██[38;2;238;213;156m██[38;2;0;0;0m██      ██[38;2;238;213;156m████[38;2;74;74;74m██[38;2;216;66;80m██[38;2;74;74;74m██[38;2;238;213;156m██[38;2;164;148;98m██[38;2;216;66;80m██████[38;2;74;74;74m████[38;2;164;148;98m██[38;2;169;44;53m██[38;2;0;0;0m██              
  ██[38;2;169;44;53m██[38;2;74;74;74m██[38;2;0;0;0m████[38;2;255;148;131m████[38;2;156;65;98m██[38;2;74;74;74m██[38;2;238;213;156m██[38;2;0;0;0m██        ██[38;2;164;148;98m████[38;2;74;74;74m██[38;2;216;66;80m██[38;2;74;74;74m██[38;2;238;213;156m████[38;2;216;66;80m██[38;2;74;74;74m██[38;2;164;148;98m██[38;2;169;44;53m██[38;2;74;74;74m██[38;2;169;44;53m██[38;2;0;0;0m██              
    ██[38;2;169;44;53m████[38;2;156;65;98m██[38;2;255;148;131m████[38;2;156;65;98m██[38;2;238;213;156m██[38;2;74;74;74m██[38;2;0;0;0m████      ██[38;2;238;213;156m████[38;2;74;74;74m██[38;2;169;44;53m██[38;2;74;74;74m██[38;2;238;213;156m████[38;2;216;66;80m██[38;2;74;74;74m██[38;2;169;44;53m██████[38;2;0;0;0m██                
      ████[38;2;255;255;255m██[38;2;74;74;74m██[38;2;156;65;98m██[38;2;74;74;74m██[38;2;238;213;156m██[38;2;74;74;74m██[38;2;169;44;53m████[38;2;0;0;0m██      ██[38;2;238;213;156m██[38;2;74;74;74m██[38;2;169;44;53m██[38;2;74;74;74m██[38;2;238;213;156m██[38;2;74;74;74m████[38;2;164;148;98m██[38;2;169;44;53m██[38;2;74;74;74m██[38;2;0;0;0m██                  
        ██[38;2;238;213;156m████[38;2;156;65;98m██[38;2;255;255;255m██[38;2;238;213;156m██[38;2;0;0;0m██████[38;2;169;44;53m██[38;2;0;0;0m██    ██[38;2;74;74;74m██████[38;2;169;44;53m██[38;2;74;74;74m██[38;2;164;148;98m████████[38;2;0;0;0m██                    
          ████[38;2;238;213;156m████[38;2;0;0;0m██      ████      ██[38;2;164;148;98m██[38;2;74;74;74m██[38;2;169;44;53m██[38;2;74;74;74m██[38;2;164;148;98m██████[38;2;0;0;0m██                      
              ████                    ██[38;2;74;74;74m██[38;2;169;44;53m██[38;2;74;74;74m██[38;2;164;148;98m██[38;2;0;0;0m████    ████                
                                        ████[38;2;169;44;53m██[38;2;0;0;0m██      ██[38;2;169;44;53m██[38;2;0;0;0m██                
                                          ██[38;2;74;74;74m██[38;2;169;44;53m██[38;2;0;0;0m██████[38;2;169;44;53m██[38;2;0;0;0m██                  
                                            ████[38;2;169;44;53m██████[38;2;0;0;0m██                    
                                                ██████                      
[0m