                [38;2;0;0;0m████                      
            ████[38;2;255;149;180m████[38;2;0;0;0m██                    
          ██[38;2;214;106;137m██[38;2;255;149;180m██[38;2;214;106;137m████[38;2;255;149;180m██[38;2;0;0;0m██                  
          ██[38;2;255;199;215m██[38;2;214;106;137m██[38;2;255;199;215m██[38;2;255;255;255m██[38;2;214;106;137m██[38;2;0;0;0m██                  
        ██[38;2;255;199;215m████████████[38;2;0;0;0m██                  
        ██[38;2;214;106;137m██[38;2;255;199;215m██[38;2;214;106;137m████[38;2;255;199;215m██[38;2;0;0;0m██                    
        ██[38;2;255;149;180m██[38;2;214;106;137m██[38;2;255;149;180m████[38;2;214;106;137m██[38;2;0;0;0m██  ████      ██████  
          ██[38;2;255;149;180m██████[38;2;65;65;65m██[38;2;188;185;49m██[38;2;0;0;0m██[38;2;236;233;97m██[38;2;0;0;0m██    ██[38;2;65;65;65m██[38;2;255;149;180m██[38;2;65;65;65m██[38;2;0;0;0m██
          ██[38;2;65;65;65m██[38;2;255;149;180m██[38;2;65;65;65m██[38;2;188;185;49m██[38;2;236;233;97m████[38;2;0;0;0m██      ██[38;2;255;149;180m██████[38;2;0;0;0m██
          ██[38;2;236;233;97m██[38;2;65;65;65m██[38;2;236;233;97m████[38;2;65;65;65m██[38;2;98;98;98m██[38;2;0;0;0m██      ██[38;2;255;149;180m██[38;2;214;106;137m██[38;2;255;149;180m██[38;2;0;0;0m██
        ██[38;2;236;233;97m████[38;2;65;65;65m██[38;2;236;233;97m██[38;2;0;0;0m██[38;2;255;255;255m██[38;2;188;185;49m████[38;2;0;0;0m██      ██[38;2;255;199;215m██[38;2;0;0;0m██  
      ██[38;2;236;233;97m██████████[38;2;246;82;88m██[38;2;255;255;255m██[38;2;188;185;49m████[38;2;0;0;0m██      ██[38;2;214;106;137m██[38;2;0;0;0m██  
      ██[38;2;236;233;97m████[38;2;65;65;65m██[38;2;236;233;97m██████[38;2;255;255;255m██[38;2;188;185;49m████[38;2;0;0;0m██      ██[38;2;236;233;97m██[38;2;0;0;0m██  
        ██[38;2;236;233;97m██[38;2;188;185;49m██[38;2;236;233;97m██[38;2;188;185;49m████████[38;2;0;0;0m██      ██[38;2;188;185;49m██[38;2;236;233;97m██[38;2;0;0;0m██  
          ██[38;2;236;233;97m██[38;2;188;185;49m████[38;2;65;65;65m████[38;2;214;106;137m██[38;2;65;65;65m██[38;2;0;0;0m██    ██[38;2;236;233;97m██[38;2;188;185;49m██[38;2;0;0;0m██  
            ██[38;2;188;185;49m██[38;2;65;65;65m██[38;2;188;185;49m██[38;2;255;149;180m████[38;2;98;98;98m██[38;2;236;233;97m██[38;2;0;0;0m████[38;2;188;185;49m██████[38;2;0;0;0m██  
          ██[38;2;214;106;137m██[38;2;65;65;65m██[38;2;0;0;0m██[38;2;255;149;180m████[38;2;98;98;98m██[38;2;236;233;97m████[38;2;65;65;65m██[38;2;188;185;49m██████[38;2;0;0;0m██    
      ████[38;2;214;106;137m██[38;2;65;65;65m██[38;2;0;0;0m██  ██[38;2;98;98;98m██[38;2;236;233;97m██[38;2;65;65;65m████[38;2;255;149;180m██[38;2;65;65;65m██[38;2;188;185;49m████[38;2;0;0;0m██    
    ██[38;2;255;149;180m██[38;2;65;65;65m████[38;2;0;0;0m██    ██[38;2;236;233;97m████[38;2;65;65;65m██[38;2;255;149;180m████[38;2;65;65;65m██[38;2;188;185;49m██[38;2;0;0;0m██      
  ██[38;2;255;149;180m██[38;2;65;65;65m████[38;2;0;0;0m██    ██[38;2;65;65;65m██[38;2;188;185;49m██[38;2;236;233;97m████[38;2;65;65;65m██[38;2;214;106;137m██[38;2;255;149;180m██[38;2;0;0;0m██        
██[38;2;255;149;180m██[38;2;65;65;65m██████[38;2;0;0;0m██  ██[38;2;188;185;49m████[38;2;65;65;65m██[38;2;188;185;49m████[38;2;65;65;65m██[38;2;255;149;180m████[38;2;0;0;0m██        
██[38;2;255;149;180m██[38;2;65;65;65m████[38;2;0;0;0m██    ██[38;2;65;65;65m██[38;2;188;185;49m████[38;2;0;0;0m██[38;2;188;185;49m██[38;2;65;65;65m██[38;2;214;106;137m██[38;2;255;149;180m██[38;2;0;0;0m██        
  ██████        ██████  ██[38;2;65;65;65m██[38;2;255;149;180m██[38;2;214;106;137m██[38;2;0;0;0m██        
                        ██[38;2;255;149;180m████[38;2;246;82;88m██[38;2;0;0;0m██        
                        ██[38;2;255;149;180m██[38;2;246;82;88m████[38;2;0;0;0m██        
                        ██[38;2;255;149;180m██[38;2;246;82;88m██[38;2;0;0;0m██          
                          ████            
[0m