                [38;2;0;0;0m██████      
              ██[38;2;255;187;244m████[38;2;65;65;65m██[38;2;0;0;0m██    
            ██[38;2;255;187;244m████████[38;2;0;0;0m██    
            ██[38;2;255;187;244m████[38;2;65;65;65m██[38;2;255;187;244m██[38;2;0;0;0m██    
          ██[38;2;232;125;215m████[38;2;0;0;0m██[38;2;65;65;65m██[38;2;255;187;244m██[38;2;0;0;0m██    
      ████[38;2;255;187;244m██[38;2;182;92;167m████[38;2;255;187;244m██[38;2;0;0;0m████      
    ██[38;2;255;187;244m██[38;2;215;141;203m██[38;2;182;92;167m██[38;2;255;187;244m████████[38;2;0;0;0m██      
    ██[38;2;255;187;244m██[38;2;182;92;167m██[38;2;255;187;244m██[38;2;215;141;203m██[38;2;182;92;167m██[38;2;255;187;244m██████[38;2;0;0;0m██    
  ██[38;2;255;255;255m██[38;2;255;187;244m██████[38;2;182;92;167m██[38;2;255;187;244m██[38;2;215;141;203m██[38;2;255;187;244m██████[38;2;0;0;0m██  
  ████[38;2;255;187;244m████[38;2;255;255;255m██[38;2;255;187;244m████████████[38;2;0;0;0m██  
██[38;2;232;125;215m██[38;2;255;187;244m██████[38;2;0;0;0m██[38;2;232;125;215m████[38;2;255;187;244m████████[38;2;189;189;189m██[38;2;0;0;0m██
██[38;2;255;187;244m██[38;2;65;65;65m██[38;2;255;187;244m██████[38;2;232;125;215m████[38;2;255;187;244m████████[38;2;255;255;255m██[38;2;0;0;0m██
██[38;2;65;65;65m██[38;2;255;187;244m██[38;2;65;65;65m████[38;2;255;187;244m██[38;2;0;0;0m██[38;2;255;187;244m████████[38;2;255;255;255m████[38;2;0;0;0m██
██[38;2;232;125;215m██[38;2;0;0;0m██[38;2;255;255;255m████[38;2;0;0;0m██[38;2;255;187;244m████[38;2;0;0;0m██[38;2;255;255;255m██████[38;2;232;125;215m██[38;2;0;0;0m██
  ██[38;2;255;255;255m██[38;2;132;132;115m██████[38;2;0;0;0m████[38;2;255;255;255m██████[38;2;232;125;215m██[38;2;0;0;0m██  
  ████[38;2;255;255;255m████████████[38;2;232;125;215m████[38;2;182;92;167m██[38;2;0;0;0m██  
    ████[38;2;182;92;167m██[38;2;255;255;255m████[38;2;232;125;215m████████[38;2;0;0;0m██    
      ██████[38;2;182;92;167m██[38;2;232;125;215m████[38;2;0;0;0m████      
            ██████          
[0m