                    [38;2;0;0;0m████████[38;2;0;4;8m████                                          
              [38;2;0;0;0m██████[38;2;128;114;97m████████[38;2;98;40;58m██[38;2;168;58;87m██[38;2;0;0;0m██████    ██████                          
          ████[38;2;168;136;106m████[38;2;131;114;95m██[38;2;130;115;97m████████[38;2;128;115;97m██[38;2;94;68;80m██[38;2;173;36;66m████[38;2;168;39;68m██[38;2;0;0;0m██[38;2;0;0;8m██[38;2;149;72;88m██[38;2;128;115;97m████[38;2;0;0;0m██                        
        ██[38;2;168;136;106m██████[38;2;131;114;95m████[38;2;130;115;97m████████[38;2;128;115;97m██[38;2;94;68;80m██[38;2;173;36;66m████[38;2;168;39;68m████[38;2;149;72;88m██[38;2;65;37;46m██[38;2;66;65;66m██[38;2;128;115;97m██[38;2;131;116;99m██[38;2;0;0;0m██                      
      ██[38;2;168;136;106m██████[38;2;131;114;95m██[38;2;123;84;60m██[38;2;131;116;95m██[38;2;130;115;97m████████████[38;2;134;92;90m██[38;2;255;46;14m██[38;2;215;57;52m██[38;2;168;51;87m██[38;2;174;38;70m████[38;2;152;65;78m██[38;2;66;65;66m██[38;2;99;99;89m████[38;2;0;0;0m██                    
    ██[38;2;168;136;106m████[38;2;130;114;97m██[38;2;131;114;95m████[38;2;123;84;60m██[38;2;131;116;95m██[38;2;130;115;97m████████████[38;2;134;92;90m██[38;2;154;48;45m██[38;2;215;57;52m██[38;2;255;77;50m██[38;2;255;65;25m██[38;2;174;38;70m██[38;2;66;65;66m██[38;2;152;65;78m██[38;2;66;65;66m████[38;2;99;98;93m██[38;2;0;0;0m██                  
    ██[38;2;128;114;97m██[38;2;131;116;95m████[38;2;139;129;123m████[38;2;255;255;255m██[38;2;130;115;95m██[38;2;130;115;97m████████[38;2;128;115;97m████[38;2;94;68;80m██[38;2;172;37;67m██[38;2;173;36;66m████[38;2;255;58;26m████[38;2;66;65;66m████[38;2;128;115;97m████[38;2;63;59;57m██[38;2;8;8;16m██                  
  [38;2;0;0;0m██[38;2;128;114;97m████[38;2;131;116;95m██[38;2;165;121;90m██[38;2;24;4;0m██[38;2;255;255;247m██[38;2;255;255;255m██[38;2;130;115;95m██[38;2;130;115;97m████████[38;2;128;115;97m██[38;2;94;68;80m██[38;2;172;37;67m████[38;2;173;36;66m████[38;2;136;46;41m██[38;2;69;43;57m██[38;2;168;39;68m████[38;2;66;65;66m████[38;2;63;59;57m██[38;2;131;120;99m██[38;2;0;0;0m██                
  ██[38;2;130;115;97m████[38;2;90;85;66m██[38;2;255;255;255m██████[38;2;0;0;0m██████[38;2;99;98;93m██[38;2;97;94;86m██[38;2;131;124;106m██[38;2;145;118;110m████[38;2;255;65;25m████[38;2;215;51;41m██[38;2;168;46;77m██[38;2;173;36;66m████[38;2;66;65;66m████[38;2;79;74;68m██[38;2;131;116;99m████[38;2;79;74;68m██[38;2;69;26;38m██[38;2;0;4;8m██              
  [38;2;0;0;0m██[38;2;130;115;97m████[38;2;104;100;90m████[38;2;0;0;0m████      ██[38;2;66;69;74m██[38;2;97;94;86m██[38;2;145;118;110m██[38;2;168;39;68m██[38;2;174;38;70m████[38;2;255;69;35m████[38;2;173;36;66m████[38;2;168;39;68m████[38;2;79;74;68m████████[38;2;159;46;70m██[38;2;0;4;8m██              
[38;2;0;0;0m██[38;2;128;114;97m██[38;2;130;114;97m████[38;2;99;98;93m██[38;2;0;0;0m██  ████████  ██[38;2;82;67;66m██[38;2;131;37;30m██[38;2;255;51;36m██[38;2;255;69;35m██[38;2;168;46;77m██[38;2;174;35;64m██[38;2;217;69;73m██[38;2;255;55;26m████[38;2;66;65;66m████[38;2;128;115;97m██[38;2;66;65;66m██[38;2;128;115;97m████[38;2;79;78;71m██[38;2;149;66;80m██[38;2;0;0;0m██            
██[38;2;128;114;97m██[38;2;130;114;97m██[38;2;99;98;93m██[38;2;0;0;0m██  ██[38;2;82;79;70m██[38;2;128;114;97m████[38;2;82;79;70m██[38;2;0;0;0m██[38;2;123;101;99m████[38;2;8;0;8m██[38;2;131;37;30m██[38;2;255;69;35m██[38;2;215;51;41m██[38;2;174;35;64m████[38;2;154;50;39m██[38;2;47;34;51m██[38;2;128;115;97m██████████[38;2;66;65;66m██[38;2;149;66;80m██[38;2;79;78;71m██[38;2;0;0;0m██            
██[38;2;101;99;88m████[38;2;0;0;0m██  ██[38;2;172;37;67m████[38;2;79;78;71m██[38;2;149;66;80m██[38;2;128;114;97m██[38;2;85;78;68m██[38;2;94;68;77m██[38;2;0;0;0m██  ██[38;2;168;39;68m██[38;2;255;72;42m██[38;2;174;35;64m████[38;2;74;69;66m██[38;2;130;116;97m██[38;2;79;78;71m████████[38;2;128;114;97m████[38;2;131;120;99m██[38;2;66;65;66m██[38;2;0;0;0m██    ██[38;2;0;4;8m████  
[38;2;0;0;0m██[38;2;101;99;88m████[38;2;0;0;0m██  ██[38;2;94;68;80m████[38;2;149;66;80m██[38;2;79;78;71m██[38;2;128;114;97m████[38;2;88;70;66m██[38;2;0;0;0m██  ██[38;2;168;39;68m██[38;2;215;52;43m██[38;2;217;69;73m██[38;2;174;35;64m██[38;2;74;69;66m████[38;2;168;39;68m████████[38;2;85;78;68m██[38;2;128;114;97m██[38;2;66;65;66m██[38;2;97;90;79m██[38;2;0;0;0m██  ██[38;2;90;64;74m██[38;2;168;58;87m██[38;2;98;40;58m██[38;2;0;0;0m██
  ████  [38;2;0;0;8m██[38;2;107;43;39m██[38;2;203;56;35m██[38;2;94;63;74m██[38;2;93;52;49m██[38;2;82;77;74m██[38;2;131;116;99m██[38;2;99;99;89m██[38;2;0;0;0m██    ██[38;2;174;35;64m████[38;2;217;69;73m██[38;2;66;65;66m██[38;2;255;65;25m████[38;2;92;64;72m████[38;2;172;37;67m████[38;2;168;39;68m██[38;2;79;78;71m██[38;2;101;99;88m████[38;2;0;0;0m██  ██[38;2;168;39;68m██[38;2;172;37;67m████[38;2;0;0;0m██
        [38;2;0;0;8m██[38;2;190;65;56m██[38;2;94;63;74m██[38;2;203;56;35m██[38;2;203;56;42m██[38;2;82;77;74m██[38;2;99;99;89m████[38;2;0;0;0m██  ██[38;2;90;64;74m██[38;2;217;69;73m██[38;2;174;35;64m██[38;2;217;69;73m██[38;2;66;65;66m██[38;2;255;65;25m██[38;2;92;64;72m██[38;2;255;65;25m████[38;2;94;68;80m██[38;2;172;37;67m██[38;2;168;39;68m██[38;2;79;78;71m██[38;2;101;99;88m██[38;2;0;0;0m██    ██[38;2;168;39;68m██[38;2;172;37;67m██[38;2;94;68;80m██[38;2;0;0;0m██
        [38;2;0;0;8m██[38;2;190;65;56m██[38;2;107;42;33m██[38;2;190;61;43m██[38;2;70;69;66m██[38;2;99;98;93m██[38;2;99;99;89m██[38;2;66;65;66m██[38;2;82;67;66m██[38;2;0;0;0m██[38;2;94;68;80m██[38;2;172;37;67m██[38;2;255;80;49m██[38;2;82;81;82m██[38;2;66;65;66m██[38;2;255;65;25m██[38;2;92;64;72m██[38;2;255;65;25m████[38;2;92;64;72m██[38;2;255;65;25m██[38;2;92;64;72m██[38;2;159;58;77m██[38;2;82;85;74m██[38;2;113;56;67m██[38;2;66;69;74m██[38;2;0;0;0m██  ██[38;2;94;63;74m██[38;2;93;65;75m████[38;2;0;0;0m██
        [38;2;0;0;8m██[38;2;107;43;39m██[38;2;190;61;43m██[38;2;0;0;16m██[38;2;0;0;0m████[38;2;66;65;66m████[38;2;123;101;99m████[38;2;94;68;80m██[38;2;172;37;67m██[38;2;82;81;82m██[38;2;126;69;56m██[38;2;66;65;66m██[38;2;255;65;25m██[38;2;92;64;72m██[38;2;255;65;25m██[38;2;92;64;72m██[38;2;255;65;25m████[38;2;92;64;72m██[38;2;82;85;74m██[38;2;117;56;65m██[38;2;66;69;74m██[38;2;159;58;77m██[38;2;66;65;66m██[38;2;0;0;0m██[38;2;94;63;74m████[38;2;93;65;75m████[38;2;0;0;0m██
          ████      [38;2;8;4;0m██[38;2;76;74;66m██[38;2;93;65;75m████[38;2;89;78;67m██[38;2;82;77;66m██[38;2;128;114;97m████[38;2;66;69;74m██[38;2;97;49;63m██[38;2;255;65;25m██[38;2;92;64;72m██[38;2;255;65;25m████[38;2;97;49;63m██[38;2;168;46;73m██[38;2;66;65;66m████[38;2;173;36;66m████[38;2;66;69;74m██[38;2;97;49;63m██[38;2;94;63;75m████[38;2;123;101;99m██[38;2;0;0;0m██  
                  ██[38;2;104;103;93m██[38;2;76;74;66m██[38;2;93;65;75m████[38;2;82;77;66m██[38;2;93;63;67m██[38;2;128;114;97m██[38;2;85;78;68m██[38;2;168;46;73m██[38;2;66;69;74m██[38;2;92;64;72m██[38;2;255;65;25m██[38;2;152;61;39m██[38;2;66;65;66m██[38;2;66;69;74m████[38;2;168;39;68m████[38;2;173;36;66m████[38;2;168;46;73m██[38;2;66;69;74m██[38;2;66;65;66m████[38;2;82;67;66m██[38;2;0;0;0m██  
                  ██[38;2;99;98;93m████[38;2;87;78;68m██[38;2;81;74;64m██[38;2;82;77;66m██[38;2;93;63;67m██[38;2;131;120;106m██[38;2;82;81;74m██[38;2;168;39;68m██[38;2;79;78;71m██[38;2;66;65;66m██████[38;2;94;60;69m██[38;2;66;65;66m██[38;2;168;39;68m████[38;2;145;118;110m██[38;2;94;68;80m████[38;2;168;46;73m██[38;2;66;69;74m██[38;2;101;99;88m████[38;2;0;0;0m██    
                  ██[38;2;93;68;81m██[38;2;99;98;93m██[38;2;106;98;86m██[38;2;87;78;68m██[38;2;89;78;67m██[38;2;82;77;66m██[38;2;101;95;86m████[38;2;79;78;71m████[38;2;99;99;89m████[38;2;88;77;74m██[38;2;94;60;69m██[38;2;66;65;66m██[38;2;168;39;68m██[38;2;145;118;110m████[38;2;128;115;97m████[38;2;97;49;63m██[38;2;66;69;74m██[38;2;0;0;0m████      
                    [38;2;0;0;24m██[38;2;113;60;51m██[38;2;117;66;55m████[38;2;0;0;0m██████[38;2;99;98;93m██[38;2;101;99;88m████[38;2;99;99;89m████[38;2;99;101;93m██[38;2;74;73;66m██[38;2;99;98;93m██[38;2;70;69;66m██[38;2;128;115;97m████████[38;2;66;65;66m██[38;2;0;0;0m██          
                  ██[38;2;203;88;69m██[38;2;113;60;51m██[38;2;217;97;75m██[38;2;0;0;24m██      [38;2;0;0;0m████[38;2;101;99;88m██[38;2;99;99;89m████[38;2;99;101;93m██[38;2;8;4;0m██[38;2;0;0;0m████[38;2;128;115;97m██[38;2;94;68;80m██[38;2;128;115;97m██[38;2;94;68;80m██[38;2;0;0;0m██            
                    ██████            ████████      ██[38;2;255;65;25m██[38;2;66;65;66m██[38;2;0;0;0m██[38;2;255;65;25m██[38;2;0;0;0m██          
                                                      ████  ████          
[0m