              [38;2;0;0;0m██████                
          ████[38;2;115;115;107m██████[38;2;0;0;0m████            
      ████[38;2;74;74;74m██[38;2;115;115;107m████████████[38;2;0;0;0m██          
    ██[38;2;74;74;74m██[38;2;115;115;107m██[38;2;255;238;109m██[38;2;115;115;107m██[38;2;255;255;255m██[38;2;189;189;189m██[38;2;74;74;74m████████[38;2;0;0;0m██        
  ██[38;2;65;65;65m██[38;2;74;74;74m██[38;2;213;171;0m████[38;2;255;226;27m██[38;2;25;99;206m██[38;2;255;255;255m██[38;2;115;115;107m██[38;2;74;74;74m██[38;2;115;115;107m████[38;2;0;0;0m██        
  ██[38;2;74;74;74m██[38;2;227;81;74m████████[38;2;25;99;206m██[38;2;255;255;255m██[38;2;227;81;74m██[38;2;115;115;107m██[38;2;74;74;74m██[38;2;115;115;107m██[38;2;0;0;0m██        
██[38;2;65;65;65m██[38;2;74;74;74m██[38;2;185;59;66m██[38;2;227;81;74m██[38;2;185;59;66m██[38;2;227;81;74m██[38;2;255;255;255m██[38;2;227;81;74m██████[38;2;74;74;74m██[38;2;115;115;107m████[38;2;0;0;0m██      
██[38;2;65;65;65m████[38;2;74;74;74m██[38;2;227;81;74m██████[38;2;115;115;107m██[38;2;227;81;74m██████[38;2;74;74;74m██[38;2;115;115;107m████[38;2;0;0;0m██      
  ██[38;2;65;65;65m██[38;2;74;74;74m██[38;2;0;0;0m██[38;2;115;115;107m████[38;2;227;81;74m██████[38;2;0;0;0m████[38;2;115;115;107m████[38;2;0;0;0m██      
  ██[38;2;154;32;40m██[38;2;0;0;0m██  ██████[38;2;185;59;66m██[38;2;0;0;0m██  ██[38;2;115;115;107m████[38;2;185;59;66m██[38;2;0;0;0m██    
    ████      ██[38;2;227;81;74m████[38;2;0;0;0m██[38;2;74;74;74m██[38;2;185;59;66m██[38;2;227;81;74m████[38;2;0;0;0m██    
            ██[38;2;185;59;66m██[38;2;154;32;40m██[38;2;227;81;74m██████[38;2;74;74;74m██[38;2;227;81;74m██[38;2;74;74;74m████[38;2;0;0;0m██  
            ██[38;2;185;59;66m██[38;2;154;32;40m██[38;2;227;81;74m██[38;2;154;32;40m██[38;2;227;81;74m████[38;2;74;74;74m████[38;2;185;59;66m██[38;2;115;115;107m██[38;2;0;0;0m██
            ██[38;2;74;74;74m██[38;2;115;115;107m██[38;2;74;74;74m██[38;2;185;59;66m██[38;2;227;81;74m████[38;2;154;32;40m██[38;2;185;59;66m██[38;2;154;32;40m██[38;2;0;0;0m██  
              ████████[38;2;227;81;74m████[38;2;74;74;74m██[38;2;0;0;0m████    
                      ██[38;2;115;115;107m██[38;2;0;0;0m██        
                      ████          
[0m