[38;2;0;0;0m██████████                                  
██[38;2;143;207;47m██[38;2;193;255;66m████[38;2;0;0;0m██                                  
██[38;2;193;255;66m██[38;2;143;207;47m██[38;2;193;255;66m██[38;2;0;0;0m██████                  ██████      
██[38;2;193;255;66m████[38;2;143;207;47m██[38;2;193;255;66m████[38;2;0;0;0m██            ████  ██[38;2;193;255;66m████[38;2;0;0;0m████  
██████[38;2;193;255;66m██[38;2;143;207;47m██[38;2;193;255;66m██[38;2;0;0;0m██            ██[38;2;193;255;66m██[38;2;0;0;0m██[38;2;193;255;66m████[38;2;143;207;47m██████[38;2;0;0;0m██
    ██[38;2;193;255;66m████[38;2;89;155;41m██[38;2;143;207;47m██[38;2;0;0;0m████    ████[38;2;89;155;41m██[38;2;193;255;66m████[38;2;143;207;47m████[38;2;193;255;66m████[38;2;0;0;0m██  
    ██[38;2;65;65;65m████[38;2;193;255;66m██[38;2;89;155;41m██[38;2;143;207;47m██[38;2;0;0;0m██    ██[38;2;193;255;66m████[38;2;143;207;47m████[38;2;89;155;41m██[38;2;0;0;0m██[38;2;193;255;66m██[38;2;0;0;0m██    
      ████[38;2;65;65;65m██[38;2;193;255;66m██[38;2;89;155;41m██[38;2;143;207;47m██[38;2;0;0;0m████[38;2;193;255;66m██[38;2;143;207;47m██[38;2;89;155;41m██[38;2;193;255;66m██[38;2;143;207;47m██[38;2;0;0;0m██  ██      
      ██[38;2;124;235;62m██[38;2;65;65;65m██[38;2;193;255;66m████[38;2;89;155;41m██[38;2;0;0;0m██[38;2;193;255;66m██[38;2;143;207;47m██[38;2;193;255;66m██[38;2;65;65;65m████[38;2;193;255;66m██[38;2;0;0;0m██          
      ██[38;2;107;197;58m██[38;2;65;65;65m██████[38;2;89;155;41m██[38;2;193;255;66m██[38;2;65;65;65m██████[38;2;66;148;49m████[38;2;0;0;0m██            
        ██[38;2;124;235;62m████[38;2;107;197;58m██[38;2;65;65;65m██████[38;2;66;148;49m██[38;2;124;235;62m██████[38;2;0;0;0m██            
      ██[38;2;124;235;62m██[38;2;239;255;24m██[38;2;124;235;62m██████████████[38;2;65;65;65m██[38;2;107;197;58m██[38;2;0;0;0m██            
      ██[38;2;124;235;62m████████████████[38;2;65;65;65m████[38;2;0;0;0m██              
      ██[38;2;124;235;62m██[38;2;66;148;49m██[38;2;124;235;62m████[38;2;239;255;24m██[38;2;124;235;62m██[38;2;107;197;58m██[38;2;65;65;65m████[38;2;107;197;58m██[38;2;0;0;0m██████          
    ██[38;2;65;65;65m██[38;2;124;235;62m████[38;2;66;148;49m████[38;2;124;235;62m██████[38;2;107;197;58m██████[38;2;65;65;65m██[38;2;107;197;58m████[38;2;0;0;0m██        
    ██[38;2;107;197;58m██[38;2;65;65;65m██[38;2;124;235;62m██[38;2;107;197;58m████[38;2;124;235;62m██████[38;2;107;197;58m██████[38;2;65;65;65m████[38;2;0;0;0m██          
      ██████[38;2;124;235;62m████████[38;2;107;197;58m██████[38;2;66;148;49m██[38;2;107;197;58m██[38;2;0;0;0m██            
            ██[38;2;66;148;49m████[38;2;107;197;58m████[38;2;0;0;0m████[38;2;65;65;65m██[38;2;107;197;58m██[38;2;0;0;0m██            
              ██[38;2;124;235;62m██[38;2;66;148;49m██[38;2;0;0;0m██    ████              
              ██████                        
[0m