                [38;2;0;0;0m████                
            ████[38;2;47;223;193m████[38;2;0;0;0m████            
          ██[38;2;47;223;193m██████████[38;2;22;171;153m██[38;2;0;0;0m██  ████    
        ██[38;2;22;171;153m██[38;2;47;223;193m████████████[38;2;14;115;105m██[38;2;0;0;0m██[38;2;47;223;193m████[38;2;0;0;0m██  
        ██[38;2;47;223;193m████[38;2;105;253;221m██[38;2;255;255;255m██[38;2;22;171;153m██[38;2;47;223;193m████████[38;2;22;171;153m██[38;2;0;0;0m██    
        ██[38;2;47;223;193m████[38;2;222;82;74m██[38;2;239;173;123m██[38;2;255;255;255m██[38;2;22;171;153m██[38;2;47;223;193m████[38;2;14;115;105m████[38;2;0;0;0m████  
  ██████[38;2;47;223;193m██████[38;2;0;0;0m██[38;2;222;82;74m██[38;2;255;255;255m██[38;2;22;171;153m██[38;2;47;223;193m████████████[38;2;0;0;0m██
██[38;2;22;171;153m██[38;2;47;223;193m██████████[38;2;239;173;123m██[38;2;222;82;74m██[38;2;255;255;255m██[38;2;47;223;193m████████[38;2;14;115;105m████[38;2;0;0;0m██  
██[38;2;47;223;193m██[38;2;65;65;65m██[38;2;47;223;193m████[38;2;22;171;153m██[38;2;47;223;193m████[38;2;105;253;221m██[38;2;47;223;193m████[38;2;14;115;105m██[38;2;65;65;65m██[38;2;22;171;153m██[38;2;47;223;193m████[38;2;0;0;0m██  
  ██[38;2;47;223;193m████[38;2;0;0;0m██████[38;2;22;171;153m██████[38;2;65;65;65m████[38;2;22;171;153m██[38;2;65;65;65m██████[38;2;255;135;133m██[38;2;0;0;0m██
    ████      ██████[38;2;255;135;133m██[38;2;14;115;105m██[38;2;22;171;153m██[38;2;65;65;65m██[38;2;255;135;133m██████[38;2;0;0;0m██
                  ██[38;2;255;195;194m████[38;2;14;115;105m██[38;2;22;171;153m██[38;2;65;65;65m██[38;2;255;135;133m██[38;2;0;0;0m██  
                ██[38;2;65;65;65m██[38;2;255;135;133m████[38;2;14;115;105m██[38;2;47;223;193m██[38;2;0;0;0m████    
              ██[38;2;47;223;193m████[38;2;14;115;105m██[38;2;255;195;194m██[38;2;22;171;153m██[38;2;0;0;0m██        
              ██[38;2;47;223;193m██[38;2;22;171;153m██[38;2;14;115;105m██[38;2;22;171;153m██[38;2;47;223;193m██[38;2;0;0;0m██        
                ██[38;2;47;223;193m██████[38;2;0;0;0m██          
                  ██████            
[0m