        [38;2;0;0;0m██                                    
      ██[38;2;189;189;189m██[38;2;0;0;0m██    ██                            
      ██[38;2;189;189;189m██[38;2;0;0;0m██  ██[38;2;255;255;255m██[38;2;0;0;0m██          ██████          
    ██[38;2;189;189;189m██[38;2;0;0;0m██    ██[38;2;255;255;255m██[38;2;0;0;0m██      ████████            
    ██[38;2;189;189;189m██[38;2;0;0;0m██      ██[38;2;255;255;255m██[38;2;0;0;0m██        ██████████      
    ██[38;2;189;189;189m████[38;2;0;0;0m██    ██[38;2;255;255;255m████[38;2;0;0;0m██  ████████    ██████  
      ██[38;2;189;189;189m████[38;2;0;0;0m████[38;2;255;255;255m██████[38;2;0;0;0m██      ██████      ██  
      ██[38;2;88;105;241m████[38;2;59;70;196m██[38;2;255;255;255m██████[38;2;0;0;0m██                    ████
    ██[38;2;88;105;241m██[38;2;234;95;81m██[38;2;88;105;241m██[38;2;59;70;196m████[38;2;255;255;255m██[38;2;0;0;0m██    ██                  ██
    ██[38;2;234;95;81m██[38;2;59;70;196m██[38;2;0;0;0m██[38;2;255;255;255m██[38;2;59;70;196m██[38;2;0;0;0m██    ██[38;2;255;255;255m██[38;2;0;0;0m██                ██
████[38;2;234;95;81m████[38;2;88;105;241m██[38;2;255;66;49m██[38;2;189;189;189m██[38;2;88;105;241m████[38;2;0;0;0m██  ██[38;2;255;255;255m██[38;2;0;0;0m██              ████
██[38;2;234;95;81m████████[38;2;88;105;241m████[38;2;234;95;81m██[38;2;88;105;241m██[38;2;59;70;196m██[38;2;0;0;0m██[38;2;255;255;255m████[38;2;59;70;196m██[38;2;0;0;0m██████      ████  
  ██[38;2;234;95;81m██████████[38;2;88;105;241m████[38;2;59;70;196m██[38;2;255;255;255m██████[38;2;59;70;196m████[38;2;255;255;255m██[38;2;189;189;189m██[38;2;0;0;0m████████    
    ██[38;2;59;70;196m██[38;2;170;68;68m██[38;2;234;95;81m██[38;2;170;68;68m██[38;2;88;105;241m██[38;2;59;70;196m████[38;2;255;255;255m████[38;2;59;70;196m██[38;2;189;189;189m████[38;2;59;70;196m██[38;2;189;189;189m████[38;2;59;70;196m██[38;2;189;189;189m██[38;2;0;0;0m██    
████  ██[38;2;189;189;189m██[38;2;59;70;196m████████[38;2;255;255;255m████[38;2;59;70;196m██████[38;2;255;255;255m██[38;2;189;189;189m██[38;2;59;70;196m██[38;2;189;189;189m██[38;2;0;0;0m████      
██[38;2;189;189;189m██[38;2;0;0;0m████[38;2;156;156;156m██[38;2;189;189;189m██[38;2;59;70;196m████[38;2;255;255;255m██████████[38;2;59;70;196m██[38;2;255;255;255m████[38;2;59;70;196m████[38;2;0;0;0m██        
██[38;2;189;189;189m██████[38;2;0;0;0m██[38;2;189;189;189m██[38;2;255;255;255m██████[38;2;59;70;196m████[38;2;189;189;189m██[38;2;59;70;196m██[38;2;189;189;189m██[38;2;255;255;255m██[38;2;59;70;196m██[38;2;88;105;241m██████[38;2;0;0;0m██      
  ██[38;2;189;189;189m██████[38;2;0;0;0m██[38;2;255;255;255m██████[38;2;59;70;196m██[38;2;255;255;255m██[38;2;59;70;196m████[38;2;189;189;189m██[38;2;0;0;0m████[38;2;88;105;241m██████[38;2;0;0;0m██      
    ██████[38;2;189;189;189m██[38;2;59;70;196m██[38;2;255;255;255m██[38;2;59;70;196m████[38;2;255;255;255m██████[38;2;189;189;189m██[38;2;0;0;0m██  ██[38;2;88;105;241m████[38;2;59;70;196m██[38;2;0;0;0m██    
        ██[38;2;59;70;196m████[38;2;0;0;0m████[38;2;59;70;196m████[38;2;255;255;255m██[38;2;189;189;189m██[38;2;0;0;0m██      ████[38;2;59;70;196m██[38;2;0;0;0m██    
        ██[38;2;189;189;189m████[38;2;0;0;0m██  ████[38;2;59;70;196m████[38;2;0;0;0m██        ██[38;2;59;70;196m██[38;2;0;0;0m██    
      ██[38;2;59;70;196m██[38;2;189;189;189m████[38;2;0;0;0m██    ██[38;2;88;105;241m████[38;2;0;0;0m██      ██[38;2;181;58;58m████[38;2;0;0;0m██    
    ██[38;2;181;58;58m████[38;2;59;70;196m██[38;2;0;0;0m██    ██[38;2;189;189;189m██[38;2;59;70;196m██[38;2;255;255;255m██[38;2;189;189;189m██[38;2;0;0;0m██    ██████      
      ██████      ██[38;2;189;189;189m██[38;2;59;70;196m██[38;2;255;255;255m██[38;2;189;189;189m██[38;2;0;0;0m██                
                    ██[38;2;88;105;241m██[38;2;59;70;196m██[38;2;0;0;0m██                  
                  ██[38;2;255;66;49m██[38;2;181;58;58m██[38;2;255;66;49m██[38;2;0;0;0m██                  
                    ██████                    
[0m