              [38;2;0;0;0m██████          
          ████[38;2;255;194;249m████[38;2;240;143;232m██[38;2;0;0;0m██        
        ██[38;2;255;194;249m██[38;2;65;65;65m██[38;2;255;194;249m████[38;2;240;143;232m██[38;2;0;0;0m████      
        ██[38;2;255;194;249m██[38;2;176;108;170m██[38;2;240;143;232m██[38;2;255;194;249m██[38;2;65;65;65m██[38;2;255;194;249m████[38;2;0;0;0m██    
        ██[38;2;65;65;65m██[38;2;255;194;249m██████████[38;2;240;143;232m██[38;2;65;65;65m██    
      [38;2;0;0;0m██[38;2;255;194;249m██[38;2;176;108;170m██[38;2;255;194;249m██████████[38;2;148;80;142m██[38;2;0;0;0m██    
    ██[38;2;255;194;249m██[38;2;148;80;142m██[38;2;255;194;249m██████████████[38;2;240;143;232m██[38;2;0;0;0m██  
    ██[38;2;255;194;249m██[38;2;148;80;142m██[38;2;240;143;232m██[38;2;176;108;170m██[38;2;255;194;249m████████████[38;2;0;0;0m██  
  ██[38;2;255;255;255m██[38;2;181;49;86m██[38;2;255;194;249m██[38;2;148;80;142m██[38;2;176;108;170m██[38;2;255;194;249m████████████[38;2;240;143;232m██[38;2;0;0;0m██
  ████[38;2;181;49;86m██[38;2;255;194;249m██████[38;2;181;49;86m████[38;2;255;194;249m██████[38;2;240;143;232m████[38;2;0;0;0m██
  ██[38;2;230;68;41m██[38;2;255;194;249m██████[38;2;181;49;86m██[38;2;255;255;255m██[38;2;0;0;0m██[38;2;181;49;86m██[38;2;255;194;249m██[38;2;240;143;232m██████[38;2;0;0;0m██
██[38;2;240;143;232m██[38;2;148;80;142m██[38;2;240;143;232m██[38;2;176;108;170m██[38;2;255;194;249m██[38;2;230;68;41m██[38;2;0;0;0m████[38;2;230;68;41m██[38;2;240;143;232m██████[38;2;148;80;142m██[38;2;0;0;0m██
  ████[38;2;240;143;232m████[38;2;181;49;86m██[38;2;240;143;232m██[38;2;230;68;41m████[38;2;240;143;232m██[38;2;176;108;170m██[38;2;240;143;232m██[38;2;176;108;170m██[38;2;0;0;0m██  
      ██[38;2;176;108;170m██[38;2;230;68;41m██[38;2;240;143;232m██████[38;2;148;80;142m██[38;2;240;143;232m██[38;2;65;65;65m██[38;2;0;0;0m██    
        ██[38;2;65;65;65m██[38;2;148;80;142m██[38;2;176;108;170m██████[38;2;65;65;65m██[38;2;0;0;0m██      
        ██[38;2;176;108;170m██[38;2;0;0;0m██████[38;2;148;80;142m██[38;2;0;0;0m██        
          ██    ██[38;2;240;143;232m██[38;2;0;0;0m██        
                  ██          
[0m