        [38;2;0;0;0m████████            ████████        
      ██[38;2;135;115;186m██[38;2;135;114;189m████[38;2;132;114;191m██[38;2;0;0;0m██        ██[38;2;132;114;191m██[38;2;135;114;189m████[38;2;132;114;191m██[38;2;0;0;0m██      
    ██[38;2;67;57;93m██[38;2;135;115;186m██[38;2;102;83;145m████[38;2;0;0;0m██            ██[38;2;102;83;145m██[38;2;135;114;189m██[38;2;132;114;191m████[38;2;0;0;0m██    
  ██[38;2;132;114;191m████[38;2;66;65;66m██[38;2;69;59;81m██[38;2;0;0;0m██  ██████████    ██[38;2;135;115;186m██[38;2;136;114;191m████[38;2;132;110;202m██[38;2;0;4;8m██  
[38;2;0;0;0m██[38;2;132;114;191m████████[38;2;102;89;123m██[38;2;69;59;81m██[38;2;0;0;0m██[38;2;46;102;133m██████████[38;2;0;0;0m████[38;2;67;57;93m██[38;2;135;115;186m██[38;2;136;114;191m████[38;2;88;90;123m██[38;2;132;110;202m██[38;2;0;0;0m██
██[38;2;135;114;189m████[38;2;136;112;198m██[38;2;102;86;138m██[38;2;66;65;66m██[38;2;45;101;132m██[38;2;46;102;133m████████████[38;2;45;101;132m██[38;2;66;65;66m██[38;2;135;114;189m██[38;2;102;83;145m██████[38;2;136;114;191m████[38;2;0;0;0m██
██[38;2;102;83;145m██[38;2;135;114;189m██[38;2;102;86;138m██[38;2;66;65;74m██[38;2;45;101;132m████[38;2;46;102;133m████████████[38;2;45;101;132m██[38;2;66;65;66m██[38;2;135;114;189m████████[38;2;136;114;191m████[38;2;0;0;0m██
██[38;2;101;84;146m████[38;2;66;65;66m██[38;2;45;101;132m██[38;2;46;102;133m████████████████[38;2;45;101;132m██[38;2;66;65;66m██[38;2;132;114;191m████[38;2;135;114;189m██████[38;2;102;83;145m██[38;2;0;0;0m██
██[38;2;101;84;146m████[38;2;66;65;66m██[38;2;45;101;132m██[38;2;46;102;133m████████████████[38;2;45;101;132m████[38;2;66;65;66m██[38;2;132;114;191m██[38;2;135;114;189m██[38;2;102;83;145m██████[38;2;0;0;0m██
  ██[38;2;66;66;66m██[38;2;45;101;132m██[38;2;255;253;214m██[38;2;46;102;133m████████[38;2;45;101;132m████████████[38;2;66;65;66m██[38;2;105;78;159m██[38;2;99;84;146m████[38;2;103;85;134m██[38;2;0;0;0m██  
  ██[38;2;66;66;66m██[38;2;255;253;214m████[38;2;46;102;133m████████[38;2;45;101;132m██[38;2;255;253;214m████[38;2;45;101;132m██[38;2;255;253;214m██[38;2;45;101;132m██[38;2;47;103;134m██[38;2;66;65;66m██[38;2;66;66;66m████[38;2;69;56;90m██[38;2;0;0;0m██  
    ██[38;2;104;69;95m████[38;2;255;253;214m██[38;2;39;95;126m██[38;2;45;101;132m████[38;2;255;253;214m████████[38;2;45;101;132m██[38;2;255;253;214m██[38;2;66;65;66m██[38;2;103;81;147m██[38;2;101;84;146m████[38;2;103;81;147m██[38;2;0;0;0m██  
    ██[38;2;104;69;95m██[38;2;255;255;255m██[38;2;39;95;126m████[38;2;45;101;132m██[38;2;255;253;214m██[38;2;66;65;66m████████[38;2;255;253;214m██[38;2;45;101;132m██[38;2;34;90;121m██[38;2;66;65;66m██[38;2;101;84;146m████[38;2;0;0;0m██    
    ██[38;2;247;253;211m██[38;2;131;74;117m██[38;2;184;196;180m██[38;2;44;100;131m████[38;2;184;196;180m██[38;2;132;64;108m██[38;2;255;255;255m██[38;2;123;66;104m██[38;2;255;253;214m████[38;2;25;81;112m██[38;2;26;82;113m████[38;2;0;0;0m████      
    ██[38;2;205;198;197m██[38;2;247;249;214m██[38;2;239;253;214m████████[38;2;132;64;108m████[38;2;123;66;104m██[38;2;255;253;214m████[38;2;25;81;112m██[38;2;26;82;113m████[38;2;0;0;0m██        
      ██[38;2;189;181;173m██[38;2;189;181;180m██[38;2;52;108;139m██[38;2;66;65;66m██[38;2;255;249;214m██[38;2;255;253;214m████[38;2;255;249;214m████[38;2;189;181;173m████[38;2;26;82;113m██[38;2;0;0;0m██          
        ██[38;2;0;4;8m██[38;2;189;181;180m██[38;2;192;188;161m██[38;2;66;65;66m██[38;2;189;179;172m████[38;2;192;188;161m██[38;2;66;65;66m██[38;2;63;63;68m██[38;2;0;4;0m██[38;2;0;0;0m██            
            ██████[38;2;66;65;66m██████[38;2;189;181;173m██[38;2;0;0;0m██    ██          
          ██[38;2;46;102;133m██[38;2;49;105;136m██[38;2;140;134;156m██[38;2;189;181;173m████[38;2;66;65;66m████[38;2;46;102;133m██[38;2;0;0;0m████[38;2;255;253;214m██[38;2;0;0;0m██        
        ██[38;2;58;114;145m██[38;2;66;60;66m██[38;2;15;71;102m██[38;2;189;177;173m██[38;2;189;181;173m██[38;2;46;102;133m██████[38;2;18;74;105m██[38;2;47;103;134m██[38;2;49;105;136m██[38;2;189;177;173m██[38;2;255;253;214m██[38;2;0;0;0m██      
      ██[38;2;26;82;113m██[38;2;181;173;173m██[38;2;66;60;66m██[38;2;57;113;144m██[38;2;189;177;173m██[38;2;46;102;133m████████[38;2;47;103;134m██[38;2;0;4;0m██[38;2;0;0;8m██[38;2;189;177;173m██[38;2;0;0;0m██        
      ██[38;2;189;181;173m██[38;2;255;253;214m████[38;2;66;65;66m██[38;2;45;101;132m██[38;2;46;102;133m██████████[38;2;0;0;0m██  ██          
        ██[38;2;255;253;214m██[38;2;66;65;66m██[38;2;45;101;132m████[38;2;46;102;133m████████████[38;2;0;0;0m██            
          ████[38;2;26;82;113m████[38;2;46;102;133m████████[38;2;15;71;102m██[38;2;0;0;0m██              
              ██[38;2;26;82;113m██[38;2;189;181;173m██[38;2;46;102;133m██████[38;2;0;0;0m██                
                ██[38;2;189;181;173m██████[38;2;0;0;0m██                  
                ██[38;2;59;115;146m██[38;2;189;181;173m██[38;2;0;0;0m██                    
                  ████                      
[0m