                      [38;2;0;0;0m██                            
                    ██[38;2;247;90;58m██[38;2;0;0;0m██████          ██████      
            ████  ██[38;2;247;90;58m██████████[38;2;0;0;0m██      ██[38;2;255;156;58m██[38;2;255;214;58m████[38;2;0;0;0m██    
      ██  ██[38;2;247;90;58m████[38;2;0;0;0m██[38;2;247;90;58m████████[38;2;255;156;58m██[38;2;255;214;58m██[38;2;255;156;58m██[38;2;0;0;0m██████[38;2;255;156;58m██[38;2;255;214;58m██[38;2;65;65;65m██[38;2;0;0;0m██      
    ██[38;2;238;86;121m██[38;2;0;0;0m██[38;2;247;90;58m████[38;2;255;156;58m██[38;2;255;214;58m██[38;2;247;90;58m████[38;2;255;156;58m██[38;2;255;214;58m████[38;2;255;156;58m██[38;2;247;90;58m████████████[38;2;0;0;0m██        
    ██[38;2;238;86;121m██[38;2;65;65;65m██[38;2;247;90;58m██[38;2;255;214;58m████[38;2;132;132;115m████[38;2;255;156;58m██[38;2;255;214;58m██████[38;2;65;65;65m██[38;2;247;90;58m██████████[38;2;0;0;0m██          
    ██[38;2;238;86;121m██[38;2;255;255;255m██[38;2;132;132;115m██[38;2;255;214;58m██[38;2;132;132;115m██[38;2;255;255;255m██[38;2;132;132;115m████[38;2;255;214;58m████[38;2;65;65;65m██[38;2;238;86;121m██[38;2;65;65;65m██[38;2;247;90;58m████[38;2;0;0;0m████            
    ██[38;2;238;86;121m██[38;2;255;255;255m██[38;2;132;132;115m████[38;2;255;255;255m████[38;2;132;132;115m██[38;2;255;255;255m██[38;2;132;132;115m██[38;2;65;65;65m██[38;2;238;86;121m████[38;2;65;65;65m██[38;2;0;0;0m████                
      ██[38;2;255;255;255m████████████████[38;2;65;65;65m██[38;2;238;86;121m██[38;2;122;75;156m██[38;2;0;0;0m██                    
    ██[38;2;247;90;58m██[38;2;255;255;255m████[38;2;180;72;108m██████[38;2;255;255;255m████[38;2;65;65;65m██[38;2;238;86;121m██[38;2;122;75;156m██[38;2;154;87;208m██[38;2;0;0;0m██          ████████  
    ██[38;2;247;90;58m██[38;2;255;255;255m██[38;2;180;72;108m██[38;2;247;90;58m██████[38;2;180;72;108m██[38;2;255;255;255m██[38;2;65;65;65m██[38;2;238;86;121m██[38;2;122;75;156m██[38;2;238;86;121m██[38;2;0;0;0m██        ██[38;2;180;72;108m██[38;2;238;86;121m██████[38;2;0;0;0m██
    ██[38;2;247;90;58m██[38;2;180;72;108m██[38;2;247;90;58m██████████[38;2;255;255;255m████[38;2;65;65;65m██[38;2;238;86;121m██[38;2;0;0;0m██        ██[38;2;180;72;108m██[38;2;238;86;121m██████[38;2;180;72;108m██[38;2;0;0;0m██
  ██[38;2;255;225;111m██[38;2;65;65;65m██[38;2;247;90;58m████[38;2;180;72;108m██[38;2;0;0;0m██[38;2;255;225;111m██[38;2;247;90;58m██[38;2;255;255;255m████[38;2;65;65;65m████[38;2;0;0;0m██        ██[38;2;238;86;121m████[38;2;0;0;0m██████  
██[38;2;219;180;92m████[38;2;65;65;65m██[38;2;180;72;108m████[38;2;238;86;121m██████[38;2;255;255;255m████[38;2;65;65;65m██[38;2;255;225;111m██[38;2;219;180;92m██[38;2;255;225;111m██[38;2;0;0;0m██    ██[38;2;180;72;108m████[38;2;0;0;0m██        
██[38;2;122;75;156m██████[38;2;65;65;65m██[38;2;238;86;121m██████[38;2;65;65;65m██████[38;2;219;180;92m██[38;2;255;225;111m██[38;2;219;180;92m████[38;2;255;225;111m██[38;2;0;0;0m████[38;2;180;72;108m████[38;2;0;0;0m██          
██[38;2;122;75;156m██[38;2;65;65;65m██[38;2;0;0;0m████████[38;2;65;65;65m██[38;2;255;225;111m██[38;2;189;189;189m██████[38;2;65;65;65m██[38;2;255;225;111m██████[38;2;180;72;108m██[38;2;238;86;121m██[38;2;65;65;65m██[38;2;0;0;0m██            
  ████        ██[38;2;65;65;65m██[38;2;255;255;255m██[38;2;255;225;111m████[38;2;219;180;92m██[38;2;65;65;65m████[38;2;0;0;0m██[38;2;238;86;121m████[38;2;0;0;0m██              
            ██[38;2;65;65;65m██[38;2;255;255;255m████[38;2;219;180;92m████[38;2;255;255;255m██[38;2;65;65;65m██[38;2;0;0;0m██  ██[38;2;238;86;121m██[38;2;255;225;111m██[38;2;65;65;65m██            
          [38;2;0;0;0m██[38;2;180;72;108m██████[38;2;189;189;189m██[38;2;255;255;255m██[38;2;189;189;189m██[38;2;238;86;121m██████[38;2;0;0;0m████[38;2;180;72;108m██[38;2;255;225;111m████[38;2;65;65;65m██          
          [38;2;0;0;0m██[38;2;65;65;65m██[38;2;189;189;189m████[38;2;0;0;0m██[38;2;189;189;189m██[38;2;238;86;121m████[38;2;180;72;108m██[38;2;0;0;0m██    ██[38;2;219;180;92m██[38;2;255;225;111m██[38;2;122;75;156m██[38;2;0;0;0m██        
            ██████  ██[38;2;180;72;108m██[38;2;238;86;121m████[38;2;255;255;255m██[38;2;0;0;0m██  ██[38;2;122;75;156m██[38;2;154;87;208m████[38;2;0;0;0m██        
                    ██[38;2;219;180;92m██[38;2;255;225;111m████[38;2;122;75;156m██[38;2;0;0;0m██  ██[38;2;154;87;208m██[38;2;0;0;0m██[38;2;154;87;208m██[38;2;0;0;0m██        
                      ██[38;2;154;87;208m██[38;2;122;75;156m██[38;2;154;87;208m██[38;2;0;0;0m██    ██  ██          
                        ██████                      
[0m