                  [38;2;0;0;0m████              
                ██[38;2;156;148;132m██[38;2;247;239;214m██[38;2;0;0;0m██            
            ████[38;2;206;197;173m██[38;2;156;148;132m██[38;2;247;239;214m████[38;2;0;0;0m██          
          ██[38;2;206;197;173m████[38;2;156;148;132m████[38;2;247;239;214m██████[38;2;0;0;0m██        
          ██[38;2;156;148;132m████[38;2;247;239;214m████[38;2;156;148;132m██[38;2;247;239;214m██████[38;2;0;0;0m██      
          ██[38;2;247;239;214m██[38;2;235;195;255m██████[38;2;247;239;214m██[38;2;156;148;132m██[38;2;247;239;214m██████[38;2;0;0;0m██    
        ██[38;2;247;239;214m██[38;2;235;195;255m██[38;2;220;152;255m████████[38;2;235;195;255m██[38;2;156;148;132m██[38;2;247;239;214m██[38;2;156;148;132m██[38;2;0;0;0m██    
      ██[38;2;247;239;214m██[38;2;255;214;8m██[38;2;220;152;255m████████████[38;2;235;195;255m██[38;2;156;148;132m██[38;2;0;0;0m██      
      ██[38;2;255;214;8m██████[38;2;220;152;255m████[38;2;255;214;8m██[38;2;220;152;255m██████[38;2;247;239;214m██[38;2;156;148;132m██[38;2;0;0;0m██    
    ██[38;2;247;239;214m██[38;2;220;152;255m██[38;2;255;214;8m██[38;2;220;152;255m████[38;2;255;214;8m██████[38;2;220;152;255m████[38;2;255;214;8m██[38;2;247;239;214m██[38;2;0;0;0m██    
    ██[38;2;247;239;214m██[38;2;220;152;255m██████████[38;2;255;214;8m██[38;2;220;152;255m████[38;2;255;214;8m██████[38;2;247;239;214m██[38;2;0;0;0m██  
      ██[38;2;220;152;255m██[38;2;188;100;233m██████[38;2;220;152;255m██████████[38;2;255;214;8m██[38;2;247;239;214m████[38;2;0;0;0m██  
      ██[38;2;255;255;255m██[38;2;0;0;0m██[38;2;237;179;84m████[38;2;188;100;233m██████[38;2;220;152;255m████[38;2;65;65;65m██[38;2;247;239;214m██[38;2;0;0;0m██    
  ████[38;2;206;197;173m██[38;2;0;0;0m██[38;2;65;65;65m██[38;2;220;152;255m██[38;2;65;65;65m██[38;2;255;255;255m██[38;2;0;0;0m██[38;2;255;255;255m██[38;2;65;65;65m██[38;2;247;239;214m██[38;2;65;65;65m██[38;2;156;148;132m██[38;2;0;0;0m██    
██[38;2;156;148;132m██[38;2;206;197;173m████[38;2;176;145;63m██[38;2;237;179;84m██[38;2;220;152;255m██[38;2;237;179;84m██[38;2;0;0;0m██[38;2;156;148;132m██[38;2;255;255;255m██[38;2;65;65;65m██[38;2;247;239;214m██[38;2;206;197;173m██[38;2;0;0;0m██      
██[38;2;206;197;173m████[38;2;0;0;0m████[38;2;237;179;84m██[38;2;176;145;63m██[38;2;237;179;84m██[38;2;255;255;255m████[38;2;237;179;84m████[38;2;65;65;65m██[38;2;247;239;214m██[38;2;0;0;0m██      
██████  ██[38;2;237;179;84m██[38;2;176;145;63m██[38;2;237;179;84m██[38;2;176;145;63m██[38;2;237;179;84m██[38;2;176;145;63m██[38;2;237;179;84m██[38;2;0;0;0m██[38;2;247;239;214m████[38;2;0;0;0m████  
          ████[38;2;237;179;84m██[38;2;176;145;63m██[38;2;237;179;84m██[38;2;176;145;63m██[38;2;0;0;0m██  ██[38;2;247;239;214m██████[38;2;0;0;0m██
              ██[38;2;176;145;63m██[38;2;237;179;84m██[38;2;0;0;0m██      ██[38;2;247;239;214m████[38;2;0;0;0m██
                ████          ██████
[0m