                    [38;2;0;0;0m██████                
                  ██[38;2;198;136;53m██[38;2;255;227;74m████[38;2;0;0;0m██              
                ██[38;2;226;179;48m██[38;2;255;227;74m██[38;2;198;136;53m██[38;2;255;227;74m████[38;2;0;0;0m██            
                ██[38;2;255;227;74m██[38;2;226;179;48m██[38;2;198;136;53m██[38;2;255;227;74m████[38;2;65;65;65m██[38;2;0;0;0m██████      
            ████[38;2;226;179;48m██[38;2;255;227;74m██[38;2;198;136;53m██[38;2;255;227;74m████[38;2;226;179;48m████[38;2;65;65;65m██[38;2;60;158;65m████[38;2;0;0;0m██    
      ██  ██[38;2;30;128;35m██[38;2;65;65;65m██[38;2;226;179;48m████[38;2;198;136;53m██[38;2;226;179;48m████████[38;2;65;65;65m████[38;2;0;0;0m██      
    ██[38;2;149;205;41m██[38;2;65;65;65m██[38;2;60;158;65m████[38;2;30;128;35m██[38;2;65;65;65m██[38;2;226;179;48m██[38;2;198;136;53m██[38;2;226;179;48m██████[38;2;65;65;65m██[38;2;60;158;65m██[38;2;98;193;18m██[38;2;0;0;0m████    
    ██[38;2;149;205;41m████[38;2;65;65;65m████[38;2;60;158;65m████[38;2;65;65;65m██[38;2;226;179;48m████[38;2;65;65;65m████[38;2;30;128;35m██████[38;2;98;193;18m████[38;2;0;0;0m██  
    ██[38;2;149;205;41m██████[38;2;109;156;17m██[38;2;65;65;65m██████████[38;2;98;193;18m██[38;2;30;128;35m██[38;2;98;193;18m████[38;2;30;128;35m██████[38;2;0;0;0m██  
  ██[38;2;149;205;41m██████[38;2;66;122;3m████████[38;2;109;156;17m██[38;2;65;65;65m██████[38;2;60;158;65m██[38;2;98;193;18m██[38;2;30;128;35m██[38;2;98;193;18m████[38;2;30;128;35m██[38;2;98;193;18m██[38;2;0;0;0m██
  ██[38;2;109;156;17m██[38;2;149;205;41m██████[38;2;66;122;3m████[38;2;109;156;17m██[38;2;149;205;41m████████[38;2;65;65;65m██[38;2;60;158;65m██[38;2;30;128;35m██[38;2;60;158;65m██[38;2;30;128;35m██[38;2;98;193;18m██[38;2;30;128;35m██[38;2;0;0;0m██
██[38;2;226;179;48m██[38;2;66;122;3m██[38;2;149;205;41m██[38;2;66;122;3m██[38;2;149;205;41m████████████[38;2;109;156;17m██[38;2;65;65;65m██████████[38;2;30;128;35m██[38;2;60;158;65m████[38;2;0;0;0m██
██[38;2;226;179;48m██[38;2;149;205;41m████████[38;2;109;156;17m██[38;2;149;205;41m██████[38;2;109;156;17m██[38;2;65;65;65m████[38;2;109;156;17m████████[38;2;65;65;65m██████[38;2;0;0;0m██
██[38;2;149;205;41m████████[38;2;66;122;3m██[38;2;149;205;41m██[38;2;65;65;65m██[38;2;0;0;0m██[38;2;149;205;41m████[38;2;109;156;17m██████[38;2;65;65;65m██[38;2;109;156;17m██[38;2;66;122;3m████[38;2;109;156;17m████[38;2;0;0;0m██
  ██[38;2;149;205;41m████████[38;2;0;0;0m████[38;2;255;255;255m██[38;2;149;205;41m██[38;2;109;156;17m████[38;2;66;122;3m████[38;2;109;156;17m██[38;2;65;65;65m██[38;2;109;156;17m██████[38;2;0;0;0m██  
  ██[38;2;109;156;17m██[38;2;149;205;41m████[38;2;0;0;0m██[38;2;238;184;16m████[38;2;255;255;255m██[38;2;109;156;17m██████[38;2;66;122;3m████[38;2;109;156;17m██[38;2;0;0;0m██[38;2;189;189;189m██[38;2;109;156;17m██[38;2;189;189;189m██[38;2;0;0;0m██  
    ████[38;2;109;156;17m████████████[38;2;65;65;65m██[38;2;109;156;17m██████[38;2;0;0;0m██  ██████    
        ████[38;2;65;65;65m██[38;2;189;189;189m██[38;2;0;0;0m████[38;2;109;156;17m████████[38;2;0;0;0m██            
            ████  ██[38;2;255;255;255m██[38;2;109;156;17m██[38;2;255;255;255m██[38;2;0;0;0m██              
                    ██████                
[0m