    [38;2;0;0;0m████    ██████                          
  ██[38;2;255;147;178m████[38;2;0;0;0m████[38;2;255;147;178m██████[38;2;0;0;0m██                        
██[38;2;255;147;178m██████████████████[38;2;0;0;0m██                      
██[38;2;255;147;178m██████████████████[38;2;0;0;0m██                      
██[38;2;255;147;178m██[38;2;255;179;202m████[38;2;255;147;178m██[38;2;255;179;202m████[38;2;255;147;178m██████[38;2;0;0;0m██              ██████  
██[38;2;255;147;178m██[38;2;255;179;202m██████████[38;2;255;147;178m████[38;2;65;65;65m██[38;2;0;0;0m████          ██[38;2;190;80;112m██[38;2;255;179;202m██[38;2;190;80;112m██[38;2;0;0;0m██
  ██[38;2;255;179;202m██████████[38;2;255;147;178m████[38;2;65;65;65m██[38;2;236;233;97m████[38;2;0;0;0m██        ██[38;2;255;179;202m██████[38;2;0;0;0m██
  ██[38;2;255;147;178m██[38;2;255;179;202m██████[38;2;255;147;178m████[38;2;65;65;65m██[38;2;236;233;97m████[38;2;0;0;0m██          ██[38;2;190;80;112m██[38;2;255;179;202m██[38;2;190;80;112m██[38;2;0;0;0m██
    ██[38;2;65;65;65m██[38;2;255;179;202m██[38;2;255;147;178m██[38;2;65;65;65m████████[38;2;188;185;49m██[38;2;236;233;97m██[38;2;0;0;0m██          ██[38;2;188;185;49m██[38;2;0;0;0m██  
    ██[38;2;236;233;97m██[38;2;65;65;65m██████[38;2;0;0;0m██[38;2;255;255;255m████[38;2;98;98;98m██[38;2;236;233;97m██[38;2;0;0;0m██        ██[38;2;188;185;49m██[38;2;0;0;0m██    
  ██[38;2;236;233;97m██████[38;2;98;98;98m██[38;2;255;255;255m██[38;2;213;65;57m██[38;2;255;255;255m████[38;2;188;185;49m██[38;2;236;233;97m██[38;2;0;0;0m██      ██[38;2;188;185;49m████[38;2;0;0;0m██    
  ██[38;2;236;233;97m██[38;2;98;98;98m██[38;2;236;233;97m████[38;2;188;185;49m██[38;2;255;255;255m████[38;2;236;233;97m████[38;2;0;0;0m██    ████[38;2;188;185;49m████[38;2;0;0;0m██      
    ██[38;2;236;233;97m██████████████[38;2;188;185;49m██[38;2;0;0;0m██████[38;2;236;233;97m████[38;2;98;98;98m██[38;2;188;185;49m██[38;2;0;0;0m██      
      ████[38;2;188;185;49m██[38;2;236;233;97m██████[38;2;188;185;49m██████[38;2;236;233;97m████[38;2;65;65;65m██[38;2;236;233;97m██[38;2;255;179;202m██[38;2;0;0;0m██        
          ████[38;2;98;98;98m████[38;2;188;185;49m████[38;2;65;65;65m██[38;2;236;233;97m██[38;2;65;65;65m██[38;2;236;233;97m██[38;2;65;65;65m██[38;2;0;0;0m██          
            ██[38;2;255;255;255m████[38;2;98;98;98m██[38;2;65;65;65m██[38;2;236;233;97m██[38;2;65;65;65m████[38;2;236;233;97m████[38;2;65;65;65m██[38;2;0;0;0m██        
              ██[38;2;255;255;255m██[38;2;98;98;98m██[38;2;65;65;65m██[38;2;236;233;97m████[38;2;65;65;65m████[38;2;255;179;202m██[38;2;65;65;65m██[38;2;0;0;0m██        
            ██[38;2;65;65;65m████[38;2;98;98;98m████[38;2;65;65;65m██[38;2;255;179;202m██[38;2;0;0;0m████[38;2;65;65;65m██████[38;2;0;0;0m██      
            ██[38;2;65;65;65m██[38;2;0;0;0m████[38;2;98;98;98m████[38;2;0;0;0m██    ██[38;2;65;65;65m████[38;2;0;0;0m██      
          ██[38;2;190;80;112m██[38;2;65;65;65m██[38;2;0;0;0m██  ██[38;2;98;98;98m██[38;2;0;0;0m██  ██[38;2;190;80;112m████[38;2;0;0;0m██        
            ████    ██[38;2;98;98;98m██[38;2;0;0;0m██    ████          
                  ██[38;2;255;147;178m████[38;2;0;0;0m██                  
                    ████                    
[0m