          [38;2;0;0;0m██████                    
        ██[38;2;235;159;222m████[38;2;65;65;65m██[38;2;0;0;0m██████              
        ██[38;2;235;159;222m██[38;2;65;65;65m██[38;2;255;205;249m██████[38;2;235;159;222m██[38;2;0;0;0m██            
        ██[38;2;65;65;65m██[38;2;255;205;249m██████████[38;2;235;159;222m██[38;2;0;0;0m██████████  
          ██[38;2;255;205;249m██████[38;2;235;159;222m██████[38;2;213;104;192m██[38;2;235;159;222m██[38;2;255;205;249m██████[38;2;0;0;0m██
        ██[38;2;65;65;65m██[38;2;255;205;249m████[38;2;213;104;192m████[38;2;235;159;222m████[38;2;255;205;249m██████[38;2;213;104;192m██[38;2;65;65;65m██[38;2;0;0;0m██
      ██[38;2;255;205;249m██[38;2;255;255;255m██[38;2;65;65;65m██[38;2;235;159;222m████[38;2;65;65;65m████[38;2;255;205;249m██████[38;2;65;65;65m██████[38;2;0;0;0m██
      ██[38;2;45;218;75m██[38;2;27;146;48m██[38;2;255;205;249m██[38;2;65;65;65m████[38;2;255;205;249m██████████[38;2;213;104;192m██[38;2;65;65;65m██[38;2;0;0;0m██  
    ██[38;2;255;255;255m██[38;2;27;146;48m██[38;2;255;255;255m██[38;2;255;205;249m██████████████████[38;2;65;65;65m██[38;2;0;0;0m██  
  ████[38;2;255;255;255m██[38;2;45;218;75m██[38;2;27;146;48m██[38;2;255;205;249m████████[38;2;27;146;48m██[38;2;45;218;75m██[38;2;255;255;255m██[38;2;255;205;249m████[38;2;235;159;222m████[38;2;0;0;0m██
██[38;2;235;159;222m██[38;2;65;65;65m██[38;2;255;205;249m██[38;2;255;255;255m██[38;2;255;205;249m████████[38;2;27;146;48m██[38;2;255;255;255m██[38;2;27;146;48m██[38;2;45;218;75m██[38;2;255;255;255m██[38;2;235;159;222m██████[38;2;0;0;0m██
  ████[38;2;235;159;222m██[38;2;255;205;249m██[38;2;65;65;65m██[38;2;255;205;249m██████[38;2;45;218;75m██[38;2;27;146;48m██[38;2;45;218;75m████[38;2;255;255;255m██[38;2;235;159;222m██████[38;2;0;0;0m██
    ██[38;2;65;65;65m██[38;2;235;159;222m██[38;2;255;205;249m██[38;2;65;65;65m████[38;2;255;205;249m██[38;2;255;255;255m██[38;2;45;218;75m████[38;2;255;255;255m████[38;2;235;159;222m████[38;2;0;0;0m██  
      ██[38;2;235;159;222m████████████[38;2;255;255;255m██████[38;2;235;159;222m██████[38;2;0;0;0m██  
      ██[38;2;65;65;65m██[38;2;235;159;222m████████[38;2;213;104;192m████[38;2;235;159;222m████████[38;2;0;0;0m██    
    ██[38;2;213;104;192m████[38;2;65;65;65m██[38;2;235;159;222m████[38;2;65;65;65m██[38;2;255;205;249m████[38;2;235;159;222m██████[38;2;0;0;0m██      
      ██████████[38;2;235;159;222m██[38;2;65;65;65m████[38;2;235;159;222m██[38;2;213;104;192m██[38;2;0;0;0m██        
                ██[38;2;213;104;192m██████[38;2;235;159;222m██[38;2;0;0;0m██        
                  ██[38;2;235;159;222m████[38;2;0;0;0m██          
                    ████            
[0m