                      [38;2;0;0;0m████                
                  ████[38;2;232;244;67m██[38;2;0;0;0m██    ████        
                ██[38;2;158;185;8m██[38;2;232;244;67m████[38;2;158;185;8m██[38;2;0;0;0m████[38;2;232;244;67m██[38;2;0;0;0m██        
          ██████[38;2;158;185;8m██[38;2;232;244;67m████████[38;2;158;185;8m██[38;2;232;244;67m████[38;2;0;0;0m██        
          ██[38;2;232;244;67m██[38;2;65;65;65m██[38;2;232;244;67m████████████████[38;2;158;185;8m██[38;2;0;0;0m██      
        ██[38;2;158;185;8m██[38;2;232;244;67m████[38;2;92;121;1m██[38;2;232;244;67m████[38;2;92;121;1m██[38;2;232;244;67m██[38;2;65;65;65m████[38;2;232;244;67m████[38;2;0;0;0m██      
    ████[38;2;92;121;1m██[38;2;232;244;67m████[38;2;222;192;255m██[38;2;158;185;8m██[38;2;232;244;67m██[38;2;92;121;1m██[38;2;232;244;67m██[38;2;65;65;65m██[38;2;232;244;67m██[38;2;65;65;65m██[38;2;232;244;67m████[38;2;158;185;8m██[38;2;0;0;0m████  
    ██[38;2;232;244;67m████████[38;2;181;110;255m██[38;2;232;244;67m████[38;2;222;192;255m██[38;2;232;244;67m██████[38;2;158;185;8m██[38;2;65;65;65m████[38;2;158;185;8m██[38;2;232;244;67m██[38;2;0;0;0m██  
    ██[38;2;158;185;8m██[38;2;232;244;67m██[38;2;152;60;231m██[38;2;255;255;255m██[38;2;232;244;67m██████[38;2;181;110;255m██[38;2;232;244;67m██████████[38;2;65;65;65m██[38;2;232;244;67m██████[38;2;0;0;0m██
████[38;2;232;244;67m██[38;2;65;65;65m██[38;2;232;244;67m██[38;2;152;60;231m██[38;2;0;0;0m██[38;2;232;244;67m████████[38;2;255;255;255m██[38;2;152;60;231m██[38;2;232;244;67m████[38;2;158;185;8m██[38;2;92;121;1m██[38;2;158;185;8m██[38;2;232;244;67m██[38;2;152;60;231m██[38;2;0;0;0m██
██[38;2;232;244;67m██[38;2;158;185;8m████[38;2;65;65;65m██[38;2;181;110;255m██[38;2;152;60;231m██[38;2;232;244;67m████████[38;2;0;0;0m██[38;2;152;60;231m██[38;2;232;244;67m████████[38;2;65;65;65m██[38;2;0;0;0m████  
  ██[38;2;181;110;255m██[38;2;0;0;0m████[38;2;232;244;67m████████████[38;2;152;60;231m██[38;2;181;110;255m██[38;2;232;244;67m████[38;2;65;65;65m████[38;2;158;185;8m██[38;2;0;0;0m██    
  ████  ████[38;2;232;244;67m██[38;2;158;185;8m██[38;2;232;244;67m████[38;2;158;185;8m██[38;2;232;244;67m████[38;2;158;185;8m██[38;2;65;65;65m██[38;2;158;185;8m████[38;2;232;244;67m████[38;2;0;0;0m██  
            ████[38;2;232;244;67m██[38;2;158;185;8m██[38;2;0;0;0m████[38;2;158;185;8m██[38;2;0;0;0m████[38;2;65;65;65m██[38;2;232;244;67m██[38;2;152;60;231m██[38;2;158;185;8m██[38;2;0;0;0m██  
                ████    ████  ████[38;2;181;110;255m██[38;2;0;0;0m██    
                                  ████    
[0m