                [38;2;0;0;0m████████                    
            ████[38;2;255;230;249m██[38;2;217;183;209m██[38;2;255;230;249m████[38;2;0;0;0m████                
          ██[38;2;217;183;209m██[38;2;255;230;249m████████████[38;2;217;183;209m██[38;2;0;0;0m██              
          ██[38;2;255;230;249m████████████████[38;2;0;0;0m██              
        ██[38;2;255;230;249m████████████████[38;2;217;183;209m████[38;2;0;0;0m██            
        ██[38;2;255;230;249m████[38;2;217;183;209m██[38;2;255;230;249m████████████[38;2;217;183;209m██[38;2;0;0;0m██            
        ██[38;2;217;183;209m██[38;2;255;230;249m██████████[38;2;217;183;209m██[38;2;255;230;249m██[38;2;217;183;209m████[38;2;0;0;0m██            
    ████[38;2;65;65;65m████[38;2;217;183;209m██[38;2;255;230;249m████[38;2;217;183;209m██[38;2;255;230;249m████[38;2;217;183;209m████[38;2;0;0;0m██              
  ██[38;2;255;230;249m██[38;2;217;183;209m██[38;2;255;230;249m██[38;2;65;65;65m██[38;2;217;183;209m██[38;2;175;141;167m██[38;2;217;183;209m██████[38;2;175;141;167m██[38;2;217;183;209m████[38;2;0;0;0m██              
██[38;2;217;183;209m██[38;2;255;230;249m████████[38;2;65;65;65m████[38;2;217;183;209m██[38;2;175;141;167m██[38;2;217;183;209m████[38;2;65;65;65m██[38;2;0;0;0m██                
██[38;2;255;230;249m████████[38;2;217;183;209m████[38;2;65;65;65m████[38;2;66;148;49m██[38;2;175;141;167m██[38;2;66;148;49m██[38;2;65;65;65m██[38;2;199;106;133m██[38;2;0;0;0m██              
██[38;2;255;230;249m██[38;2;217;183;209m██[38;2;255;230;249m████[38;2;217;183;209m██[38;2;65;65;65m██[38;2;240;147;174m██[38;2;199;106;133m██[38;2;65;65;65m██████[38;2;199;106;133m████[38;2;221;128;155m██[38;2;0;0;0m██████████    
██[38;2;217;183;209m██[38;2;255;230;249m████[38;2;217;183;209m██[38;2;65;65;65m██[38;2;199;106;133m██[38;2;240;147;174m████[38;2;221;128;155m██[38;2;199;106;133m████[38;2;221;128;155m██[38;2;240;147;174m████[38;2;65;65;65m██[38;2;217;183;209m██[38;2;255;230;249m████[38;2;217;183;209m██[38;2;0;0;0m██  
  ██[38;2;217;183;209m████[38;2;175;141;167m██[38;2;65;65;65m██[38;2;255;200;166m██[38;2;240;147;174m██████████████[38;2;65;65;65m██[38;2;255;230;249m██████████[38;2;175;141;167m██[38;2;0;0;0m██
    ██████[38;2;65;65;65m██[38;2;184;70;1m██[38;2;240;147;174m██████[38;2;255;200;166m██[38;2;240;147;174m██████[38;2;65;65;65m██[38;2;217;183;209m██[38;2;255;230;249m██████[38;2;217;183;209m████[38;2;0;0;0m██
          ██[38;2;240;147;174m████████[38;2;184;70;1m██[38;2;240;147;174m████[38;2;221;128;155m██[38;2;65;65;65m██[38;2;255;230;249m██████████[38;2;217;183;209m██[38;2;0;0;0m██
          ██[38;2;199;106;133m██[38;2;240;147;174m██[38;2;255;117;35m██[38;2;240;147;174m████[38;2;221;128;155m██[38;2;199;106;133m████[38;2;65;65;65m██[38;2;217;183;209m██[38;2;255;230;249m██[38;2;217;183;209m██[38;2;255;230;249m██[38;2;217;183;209m████[38;2;0;0;0m██
            ██[38;2;199;106;133m██[38;2;255;155;95m██[38;2;199;106;133m████████████[38;2;65;65;65m██[38;2;217;183;209m██████[38;2;175;141;167m██[38;2;0;0;0m██  
              ██[38;2;199;106;133m████████████[38;2;65;65;65m████[38;2;0;0;0m████████    
              ██[38;2;65;65;65m████████████[38;2;199;106;133m██[38;2;0;0;0m██            
                ████    ██[38;2;199;106;133m████[38;2;0;0;0m██            
                          ████              
[0m