        [38;2;0;0;0m████████          
    ████[38;2;182;241;74m████████[38;2;0;0;0m████      
  ██[38;2;182;241;74m████████████████[38;2;0;0;0m██    
  ██[38;2;182;241;74m██████████████████[38;2;0;0;0m██  
██[38;2;182;241;74m████████████[38;2;65;65;65m██[38;2;0;0;0m██[38;2;182;241;74m████[38;2;131;190;23m██[38;2;0;0;0m██
██[38;2;182;241;74m████████[38;2;131;190;23m██[38;2;0;0;0m████████[38;2;131;190;23m████[38;2;0;0;0m██
  ██[38;2;182;241;74m██████[38;2;0;0;0m██[38;2;255;255;255m██[38;2;0;0;0m████[38;2;96;147;1m██[38;2;131;190;23m██[38;2;0;0;0m██  
    ██[38;2;131;190;23m██████████████[38;2;0;0;0m██    
  ██[38;2;182;241;74m██[38;2;65;65;65m████[38;2;131;190;23m██████[38;2;65;65;65m████[38;2;131;190;23m██[38;2;0;0;0m██  
    ██[38;2;131;190;23m████[38;2;65;65;65m██████[38;2;131;190;23m██████[38;2;182;241;74m██[38;2;0;0;0m██
  ██[38;2;182;241;74m██[38;2;96;147;1m██[38;2;182;241;74m████[38;2;96;147;1m██[38;2;131;190;23m██████[38;2;182;241;74m████[38;2;0;0;0m██
  ██[38;2;182;241;74m████[38;2;96;147;1m████[38;2;182;241;74m██[38;2;96;147;1m██[38;2;182;241;74m████[38;2;131;190;23m██[38;2;0;0;0m██  
    ██[38;2;131;190;23m██[38;2;182;241;74m████[38;2;131;190;23m██[38;2;182;241;74m██[38;2;96;147;1m████[38;2;0;0;0m██    
    ██[38;2;131;190;23m██[38;2;182;241;74m████[38;2;96;147;1m████[38;2;182;241;74m██[38;2;131;190;23m██[38;2;0;0;0m██    
      ██[38;2;96;147;1m████[38;2;131;190;23m████[38;2;96;147;1m██[38;2;0;0;0m██      
        ██[38;2;96;147;1m██████[38;2;0;0;0m██        
        ██[38;2;131;190;23m████[38;2;0;0;0m██          
          ████            
[0m