            [38;2;0;0;0m██████                                                    
            ██[38;2;255;242;172m████[38;2;0;0;0m████  ██[38;2;0;4;0m████████                                    
              [38;2;0;0;0m██[38;2;255;242;172m██[38;2;246;238;180m██[38;2;82;79;60m██[38;2;0;0;0m██[38;2;122;132;68m██[38;2;162;172;108m██[38;2;109;119;55m██[38;2;162;172;108m██[38;2;109;119;55m██[38;2;0;0;0m████                                
              ██[38;2;255;242;172m██[38;2;65;64;65m██[38;2;151;161;97m██[38;2;152;162;98m████[38;2;122;132;68m██[38;2;151;161;97m██[38;2;122;132;68m██[38;2;151;161;97m██[38;2;123;133;69m████[38;2;0;0;0m██    ████████                  
                ██[38;2;151;161;97m████[38;2;152;162;98m████[38;2;151;161;97m██[38;2;122;132;68m██[38;2;151;161;97m██[38;2;122;132;68m██[38;2;123;133;69m████[38;2;122;132;68m██[38;2;0;0;0m████[38;2;255;242;172m████████[38;2;0;0;0m██                
              ██[38;2;122;132;68m██[38;2;151;161;97m████[38;2;152;162;98m████[38;2;151;161;97m██[38;2;122;132;68m██[38;2;123;133;69m████████[38;2;65;64;65m██[38;2;255;242;172m██[38;2;254;241;175m████████[38;2;255;242;172m████[38;2;0;0;0m██              
              ██[38;2;122;132;68m████[38;2;151;161;97m██[38;2;152;162;98m████[38;2;122;132;68m████[38;2;123;133;69m██████[38;2;65;64;65m██[38;2;255;242;172m████[38;2;254;241;175m████████[38;2;0;0;0m████                
              ██[38;2;122;132;68m██[38;2;123;133;69m██████████████████[38;2;65;64;65m██[38;2;255;242;172m████████[38;2;65;64;65m██[38;2;0;0;0m██                    
            ██[38;2;122;132;68m████[38;2;123;133;69m████████████████[38;2;65;64;65m██████[38;2;255;242;172m██[38;2;65;64;65m████[38;2;0;0;0m██                      
            ██[38;2;123;133;69m████████████████[38;2;79;47;46m████[38;2;255;255;255m████[38;2;65;64;65m████[38;2;79;69;63m██[38;2;0;0;0m██                        
          ██[38;2;187;177;171m██[38;2;65;64;65m██[38;2;123;133;69m████████████[38;2;65;64;65m██[38;2;0;24;24m██[38;2;238;93;90m██[38;2;255;255;255m████[38;2;154;144;138m████[38;2;150;140;134m██[38;2;0;0;0m██                        
          ██[38;2;187;177;171m██[38;2;65;64;65m████[38;2;123;133;69m██████[38;2;65;64;74m██[38;2;65;76;74m██[38;2;238;89;82m██[38;2;0;0;0m██[38;2;246;109;82m██[38;2;255;250;246m██[38;2;108;98;92m██[38;2;154;144;138m████████[38;2;0;0;0m██                      
          ██[38;2;187;177;171m████[38;2;65;64;65m██████[38;2;65;64;74m██[38;2;188;178;172m██[38;2;99;90;85m████[38;2;246;109;82m████[38;2;108;98;92m██[38;2;158;148;142m██[38;2;154;144;138m██[38;2;65;64;65m██[38;2;154;144;138m████[38;2;0;0;0m██████                  
    ██████[38;2;154;144;138m██[38;2;65;64;65m██[38;2;188;178;172m████████████████[38;2;154;144;138m████[38;2;139;128;120m██[38;2;82;64;57m██[38;2;65;64;65m██[38;2;154;144;138m████[38;2;108;99;94m██[38;2;188;178;172m████[38;2;187;177;171m██[38;2;0;0;0m██                
  ██[38;2;154;144;138m████████[38;2;65;64;65m██[38;2;188;178;172m██████████████[38;2;154;144;138m██████[38;2;82;64;57m██[38;2;255;255;246m██[38;2;154;144;138m██[38;2;65;64;65m██[38;2;108;99;94m██[38;2;154;144;138m██[38;2;188;178;172m████[38;2;187;177;171m████[38;2;0;0;0m██              
██[38;2;154;144;138m████[38;2;152;142;136m████[38;2;108;99;94m████[38;2;65;64;65m██[38;2;187;177;171m████[38;2;110;101;96m██[38;2;189;179;173m██[38;2;109;100;95m██[38;2;65;64;65m████████[38;2;154;144;138m████[38;2;65;64;65m██[38;2;154;144;138m██[38;2;65;64;65m██[38;2;154;144;138m████[38;2;65;64;65m██[38;2;153;143;137m██[38;2;192;182;176m██[38;2;193;183;177m██[38;2;0;0;8m██            
[38;2;0;0;0m██[38;2;154;144;138m████[38;2;110;101;96m██[38;2;65;60;65m██[38;2;108;99;94m████[38;2;110;101;96m██[38;2;65;64;65m██████[38;2;65;60;65m██[38;2;149;139;133m██[38;2;154;144;138m████████[38;2;65;64;65m████[38;2;154;144;138m██████[38;2;65;64;65m████[38;2;154;144;138m██[38;2;74;64;65m██[38;2;153;143;137m██[38;2;101;91;85m██[38;2;0;0;8m██            
[38;2;0;0;0m██[38;2;90;83;84m████[38;2;82;82;82m██[38;2;246;246;246m██[38;2;0;0;0m██████[38;2;127;115;86m██[38;2;254;241;175m████[38;2;128;111;95m██[38;2;65;48;57m██[38;2;65;64;65m████████[38;2;154;144;138m████████[38;2;108;99;94m██[38;2;154;144;138m████████[38;2;65;64;65m████[38;2;154;144;138m██[38;2;0;0;0m██          
  [38;2;8;0;0m██[38;2;255;250;255m██[38;2;82;82;82m██[38;2;0;0;0m██    ██[38;2;255;230;172m██[38;2;254;241;175m████[38;2;255;238;172m████[38;2;255;242;172m████[38;2;112;103;98m██[38;2;152;142;136m██[38;2;154;144;138m██████████[38;2;108;99;94m██[38;2;65;64;65m████[38;2;154;144;138m████████[38;2;0;0;0m██          
    ████      ██[38;2;76;67;65m██[38;2;65;60;65m██[38;2;255;234;172m██[38;2;255;242;172m████[38;2;254;241;175m████[38;2;255;242;172m██[38;2;107;98;93m██[38;2;153;143;137m████[38;2;154;144;138m████[38;2;65;64;65m████[38;2;188;178;172m██████[38;2;154;144;138m██████[38;2;0;0;0m██          
            ██[38;2;76;67;65m██[38;2;105;115;51m██[38;2;119;129;65m██[38;2;65;60;65m██[38;2;65;64;65m████[38;2;254;241;175m████[38;2;255;242;172m████[38;2;105;96;91m██[38;2;153;143;137m██[38;2;154;144;138m██[38;2;65;64;65m██[38;2;187;177;171m████[38;2;188;178;172m████████[38;2;154;144;138m██[38;2;65;64;65m██[38;2;0;0;0m██          
          ██[38;2;76;67;65m██[38;2;109;119;55m████████[38;2;255;255;255m████[38;2;65;64;65m██[38;2;255;242;172m██[38;2;254;241;175m████[38;2;108;99;94m██[38;2;153;143;137m██[38;2;128;120;120m██[38;2;65;56;57m██[38;2;187;177;171m████[38;2;188;178;172m████████[38;2;187;177;171m██[38;2;65;64;65m██[38;2;108;99;94m██[38;2;0;0;0m██        
        ██[38;2;76;67;65m██[38;2;105;115;51m██[38;2;109;119;55m████████[38;2;255;255;255m██[38;2;65;64;65m██[38;2;255;242;172m████[38;2;254;241;175m████[38;2;255;238;172m██[38;2;108;99;94m██[38;2;65;56;57m██[38;2;255;246;246m██[38;2;107;98;93m██[38;2;187;177;171m██[38;2;188;178;172m████████[38;2;65;64;65m██[38;2;110;101;96m██[38;2;108;99;94m████[38;2;0;0;0m██████  
      ██[38;2;154;144;138m██[38;2;65;64;65m██[38;2;109;119;55m██████[38;2;90;84;84m████[38;2;65;64;65m██[38;2;191;153;201m██[38;2;65;60;74m██[38;2;255;238;180m██[38;2;255;242;172m████[38;2;194;180;137m██[38;2;105;96;91m██[38;2;112;103;98m██[38;2;65;64;65m██[38;2;255;246;246m██[38;2;128;120;120m██[38;2;128;113;101m██[38;2;188;178;172m██[38;2;187;177;171m██[38;2;65;64;65m██[38;2;107;98;93m██[38;2;65;64;65m██[38;2;107;98;93m████[38;2;65;64;65m██[38;2;107;98;93m██[38;2;108;99;94m██[38;2;0;0;0m██
      ██[38;2;154;144;138m██[38;2;65;64;65m██[38;2;109;119;55m██████[38;2;255;255;255m██[38;2;8;0;0m██[38;2;191;153;201m████[38;2;128;120;109m██[38;2;65;60;74m██[38;2;193;182;135m████[38;2;194;180;137m██[38;2;105;96;91m██[38;2;65;64;65m██[38;2;152;142;136m██[38;2;65;56;57m████[38;2;255;242;222m██[38;2;65;48;41m██[38;2;65;64;65m████[38;2;107;98;93m████[38;2;65;64;65m████[38;2;107;98;93m████[38;2;0;0;0m██  
      ██[38;2;108;99;94m██[38;2;65;64;65m██[38;2;105;115;51m██[38;2;101;111;47m██[38;2;65;68;65m██[38;2;0;4;0m██[38;2;60;55;65m██[38;2;191;153;201m██[38;2;146;105;123m██[38;2;191;153;201m████[38;2;65;64;65m██[38;2;191;180;137m██[38;2;65;56;57m████[38;2;154;144;138m████████[38;2;65;64;65m██[38;2;154;144;138m██[38;2;152;142;136m██[38;2;65;60;65m██[38;2;107;98;93m████[38;2;108;99;94m██████[38;2;0;0;0m██    
        ██[38;2;112;103;98m██[38;2;65;64;65m██[38;2;65;68;65m██[38;2;191;153;201m██████[38;2;146;105;123m██[38;2;191;153;201m██████[38;2;65;64;65m████[38;2;255;234;172m██[38;2;128;116;95m██[38;2;154;144;138m████████████[38;2;152;142;136m██[38;2;110;101;96m██[38;2;65;64;65m██[38;2;107;98;93m██[38;2;108;99;94m██[38;2;0;0;0m████      
          ██[38;2;108;99;94m██[38;2;115;93;90m██[38;2;76;62;60m██[38;2;65;64;65m████[38;2;186;179;191m██[38;2;246;238;255m██[38;2;128;120;109m██[38;2;65;60;74m██[38;2;255;242;172m████[38;2;65;64;65m██[38;2;154;144;138m██[38;2;108;99;94m██[38;2;154;144;138m████████[38;2;108;99;94m██[38;2;105;96;91m██[38;2;153;143;137m██[38;2;0;0;0m██████          
            ██████[38;2;191;183;137m██[38;2;255;242;172m██[38;2;65;60;65m████[38;2;65;60;74m██[38;2;255;238;180m██[38;2;193;182;135m████[38;2;65;64;65m██[38;2;154;144;138m██[38;2;108;99;94m██[38;2;154;144;138m██████[38;2;108;99;94m██[38;2;154;144;138m██[38;2;153;143;137m████[38;2;0;0;0m██              
                  ████[38;2;197;182;139m██████████[38;2;0;0;0m████[38;2;108;99;94m██[38;2;108;98;92m██[38;2;158;148;142m██[38;2;153;143;137m████[38;2;108;99;94m██[38;2;154;144;138m██[38;2;155;145;139m██[38;2;0;0;0m██                
                      ██████████    ██[38;2;255;250;246m██[38;2;108;98;92m██[38;2;105;96;91m██[38;2;153;143;137m██[38;2;154;144;138m██[38;2;108;99;94m██[38;2;106;96;90m██[38;2;0;0;0m██                
                                      ██[38;2;255;255;255m████[38;2;90;84;84m██[38;2;255;255;255m██[38;2;0;0;0m████                  
                                        ██[38;2;8;0;0m████[38;2;0;0;0m██                      
[0m