                                        [38;2;0;0;0m████                    ██                  
                        ████          ██[38;2;255;180;115m████[38;2;0;0;0m██                ██[38;2;255;180;115m██[38;2;0;0;0m██                
                  ██  ██[38;2;247;150;41m████[38;2;0;0;0m██          ██[38;2;255;180;115m████[38;2;0;0;0m██              ██[38;2;255;180;115m██[38;2;0;0;0m██                
                ██[38;2;90;182;107m██[38;2;0;8;24m██[38;2;247;150;49m██[38;2;123;93;57m████[38;2;25;60;37m██[38;2;16;0;0m██  [38;2;0;0;0m██████[38;2;255;178;115m██[38;2;255;132;66m██[38;2;255;134;74m██[38;2;0;16;16m██            [38;2;0;0;0m██[38;2;255;132;66m██[38;2;255;152;82m██[38;2;76;56;47m██[38;2;0;0;0m██              
                ██[38;2;90;182;107m██[38;2;82;55;32m██[38;2;247;150;49m██[38;2;123;93;57m██[38;2;24;228;105m██████[38;2;0;0;0m██[38;2;255;132;66m██████████[38;2;255;134;74m██[38;2;88;52;31m██[38;2;0;0;0m████      ██[38;2;255;132;66m████[38;2;171;102;57m██[38;2;255;152;82m██[38;2;0;0;0m██              
              ██[38;2;90;182;107m██[38;2;66;65;66m██[38;2;247;150;41m██[38;2;66;65;66m██[38;2;24;228;105m████[38;2;192;80;22m████[38;2;255;134;66m████████[38;2;255;132;66m████[38;2;192;80;22m██[38;2;255;132;66m██[38;2;255;134;66m████[38;2;0;0;0m██████[38;2;255;132;66m████████[38;2;0;0;0m██                
              ██[38;2;90;182;107m██[38;2;66;65;66m██[38;2;247;150;41m██[38;2;66;65;66m██[38;2;192;80;22m████[38;2;255;132;66m████[38;2;255;134;66m████████[38;2;255;132;66m██[38;2;227;92;28m██[38;2;255;132;66m████[38;2;255;134;66m████[38;2;255;132;66m██████████[38;2;0;0;0m████                  
              ██[38;2;90;178;107m██[38;2;49;89;57m██[38;2;230;130;74m██[38;2;192;86;12m██[38;2;255;178;115m████████████[38;2;255;132;66m████[38;2;255;134;66m████████████[38;2;255;132;66m████[38;2;0;0;0m██████                      
                [38;2;8;0;8m██[38;2;90;178;107m██[38;2;192;86;12m██[38;2;255;183;125m██[38;2;255;178;115m██████████████[38;2;255;132;66m██[38;2;255;134;66m████████████[38;2;255;132;66m██[38;2;0;0;0m██                            
                  ██[38;2;255;178;115m████[38;2;255;134;66m████████[38;2;255;132;66m██[38;2;255;178;115m██[38;2;255;132;66m████[38;2;255;178;115m██[38;2;255;132;66m██[38;2;255;134;66m████████[38;2;227;92;28m██[38;2;255;132;66m██[38;2;0;0;0m██                          
████████        ██[38;2;255;132;66m██████[38;2;255;134;66m████████[38;2;255;132;66m██████[38;2;255;178;115m██[38;2;255;132;66m████[38;2;255;134;66m████████[38;2;255;132;66m████[38;2;0;0;0m██      ██████              
██[38;2;66;150;189m██[38;2;66;148;189m████[38;2;8;0;0m████    [38;2;0;0;0m██[38;2;255;132;66m██[38;2;255;134;66m████████████[38;2;255;132;66m████[38;2;66;65;66m████████[38;2;255;132;66m████[38;2;255;134;66m████[38;2;255;132;66m██[38;2;181;84;34m██[38;2;0;0;0m██      ██[38;2;24;228;105m████[38;2;0;0;0m██            
  ██[38;2;66;148;189m████[38;2;41;73;90m██[38;2;74;146;181m██[38;2;0;0;0m████[38;2;255;132;66m████[38;2;255;134;66m████████████[38;2;66;65;66m████[38;2;24;228;105m████[38;2;0;181;110m████[38;2;66;65;66m██[38;2;255;132;66m██[38;2;255;134;66m████[38;2;255;132;66m██[38;2;8;0;0m██          [38;2;0;0;0m██[38;2;24;228;105m████[38;2;0;0;0m██          
    ██[38;2;66;67;66m██[38;2;65;148;189m████[38;2;66;150;189m██[38;2;66;65;66m██████[38;2;255;129;57m████[38;2;192;80;22m██[38;2;255;132;66m██[38;2;132;77;66m████[38;2;24;228;105m██[38;2;0;181;114m██[38;2;0;181;110m████[38;2;0;126;58m██[38;2;95;95;107m██[38;2;255;134;66m████[38;2;255;129;57m██[38;2;75;62;55m██[38;2;71;37;32m██[38;2;226;99;37m██[38;2;0;0;0m██        ██[38;2;90;236;136m████[38;2;0;0;0m██          
      ██[38;2;73;106;172m████[38;2;66;65;66m██[38;2;66;150;189m██[38;2;74;105;173m████[38;2;74;56;57m██[38;2;172;91;49m██[38;2;255;132;66m████[38;2;132;77;66m██[38;2;24;228;105m██[38;2;0;181;114m████[38;2;66;65;66m████[38;2;95;95;107m██[38;2;253;108;26m██[38;2;255;134;66m████[38;2;255;129;57m██[38;2;204;105;47m██[38;2;226;99;37m██[38;2;0;20;24m██      [38;2;0;0;0m████[38;2;24;228;105m██[38;2;90;236;136m██[38;2;0;0;0m██            
        ████[38;2;74;105;173m████[38;2;74;107;173m████[38;2;74;105;173m██[38;2;66;65;66m██[38;2;255;155;90m██[38;2;66;65;66m██[38;2;0;237;123m██[38;2;0;176;98m██[38;2;110;134;140m██[38;2;0;4;8m██[38;2;222;190;107m██[38;2;41;125;122m██[38;2;66;65;66m██[38;2;255;132;66m████[38;2;223;92;31m██[38;2;227;92;28m██[38;2;66;65;66m██[38;2;0;0;0m██    ████[38;2;90;236;136m██[38;2;179;255;196m██[38;2;27;226;105m██[38;2;24;228;106m████[38;2;0;0;0m██          
            ████[38;2;74;107;173m████[38;2;66;65;66m████[38;2;255;155;90m██[38;2;66;65;66m██[38;2;0;176;98m██[38;2;57;60;74m██[38;2;0;4;8m██[38;2;165;199;206m██[38;2;41;125;122m████[38;2;66;65;66m██[38;2;255;132;66m██[38;2;200;76;21m██[38;2;223;92;31m██[38;2;227;92;28m████[38;2;0;0;0m██  ██[38;2;24;228;105m██[38;2;90;236;136m████[38;2;179;255;196m████[38;2;24;228;106m████[38;2;24;228;105m██[38;2;0;0;0m██  ████  
                ████[38;2;82;85;90m████[38;2;255;132;66m████[38;2;132;77;66m██[38;2;99;223;231m██[38;2;0;0;16m██[38;2;247;251;255m██[38;2;250;175;79m██[38;2;66;65;66m██[38;2;255;132;66m████[38;2;244;113;44m██[38;2;80;45;32m██[38;2;0;0;0m██[38;2;227;92;28m██[38;2;85;59;63m██[38;2;74;12;0m██[38;2;0;181;114m██[38;2;24;228;105m██[38;2;24;228;106m████[38;2;179;255;196m██[38;2;27;226;105m██[38;2;24;228;105m████[38;2;0;181;114m████[38;2;0;0;0m██[38;2;0;181;110m██[38;2;0;0;0m██  
                    [38;2;0;0;41m██[38;2;247;255;189m██[38;2;66;65;66m██[38;2;255;132;66m██[38;2;132;77;66m████[38;2;123;125;135m██[38;2;247;251;255m██[38;2;66;65;66m██[38;2;250;175;79m██[38;2;255;132;66m██[38;2;227;92;28m██[38;2;244;113;44m██[38;2;0;16;24m██  [38;2;0;0;0m██[38;2;85;59;63m██[38;2;70;181;146m██[38;2;0;181;114m████[38;2;24;228;106m████[38;2;27;226;105m████[38;2;24;228;105m██[38;2;0;181;114m██[38;2;24;228;105m██[38;2;0;181;114m██[38;2;0;181;110m██[38;2;0;0;0m██    
                  ██[38;2;255;255;165m████[38;2;255;243;156m██[38;2;99;44;49m██[38;2;74;65;57m██[38;2;255;255;148m██[38;2;255;243;123m██[38;2;197;195;134m██[38;2;44;81;73m████[38;2;66;65;66m██[38;2;255;132;66m██[38;2;0;0;0m██      [38;2;16;8;0m██[38;2;0;181;118m██[38;2;0;181;110m██[38;2;0;0;0m████[38;2;66;67;66m██[38;2;0;164;141m██[38;2;24;228;105m██[38;2;0;181;114m██[38;2;24;228;105m██[38;2;0;181;114m████[38;2;0;181;110m██[38;2;0;0;0m██    
                  ██[38;2;255;255;165m████[38;2;177;143;102m██[38;2;255;243;156m██[38;2;194;191;117m████[38;2;197;195;134m██[38;2;46;144;142m██[38;2;44;81;73m██[38;2;255;132;66m██████[38;2;66;67;66m██[38;2;0;0;0m██  ██[38;2;35;55;63m██[38;2;0;181;118m██[38;2;0;0;0m██    ██[38;2;0;184;131m██[38;2;0;164;141m██[38;2;0;181;114m████████[38;2;0;0;0m██      
                    ██[38;2;222;190;107m████████[38;2;0;0;0m██[38;2;24;65;42m██[38;2;0;247;130m██[38;2;24;228;105m██[38;2;66;65;66m██[38;2;44;48;57m████[38;2;97;177;146m██[38;2;0;181;149m██[38;2;0;0;0m██[38;2;255;255;165m████[38;2;0;0;0m██      ██[38;2;0;181;110m████[38;2;15;163;150m██[38;2;0;181;112m██[38;2;0;181;110m██[38;2;0;0;0m██    ██  
                      ████████  [38;2;16;0;0m██[38;2;22;154;81m██[38;2;24;228;105m████[38;2;6;237;136m██[38;2;46;144;98m██[38;2;0;181;149m██[38;2;247;255;181m██[38;2;255;255;165m████████[38;2;0;0;0m██      ██[38;2;0;181;110m██[38;2;0;181;112m████[38;2;0;181;110m██[38;2;0;0;0m██  ██[38;2;0;181;110m██[38;2;0;0;0m██
                                [38;2;16;8;0m██[38;2;95;90;55m██[38;2;24;228;105m████[38;2;17;164;154m██[38;2;255;255;165m████████[38;2;175;171;110m██[38;2;255;255;165m████[38;2;0;0;0m██      ██[38;2;0;181;110m██[38;2;16;144;105m██[38;2;0;191;128m██[38;2;0;181;114m████[38;2;0;0;0m██[38;2;0;181;110m████[38;2;0;0;0m██
                              ██[38;2;175;172;110m██[38;2;255;255;165m██[38;2;17;164;154m██[38;2;24;228;105m██[38;2;17;164;154m██[38;2;255;255;165m████[38;2;0;0;0m██[38;2;16;4;0m██[38;2;255;255;165m██████[38;2;0;0;0m██        ██[38;2;44;48;57m██[38;2;0;191;128m██[38;2;0;181;114m████[38;2;0;181;110m████[38;2;0;0;0m██  
                              ██[38;2;8;170;141m██[38;2;222;190;107m██[38;2;0;164;141m██[38;2;24;228;105m████[38;2;17;164;154m██[38;2;0;0;0m██    ██[38;2;255;255;165m████[38;2;0;0;0m██          ████[38;2;0;181;110m████[38;2;0;0;0m████    
                            ██[38;2;0;181;110m██[38;2;8;170;141m████[38;2;0;184;131m██[38;2;24;228;105m██████[38;2;0;0;0m██    ██[38;2;255;255;165m████[38;2;222;190;107m██[38;2;0;0;0m██            ████        
                            ██[38;2;0;181;110m██[38;2;28;72;54m██[38;2;101;117;104m██[38;2;82;76;63m██[38;2;0;181;110m██[38;2;82;69;57m██[38;2;156;231;198m██[38;2;24;228;105m██[38;2;0;0;0m██    ██[38;2;222;190;107m██████[38;2;0;0;0m██                      
                              ██[38;2;206;199;132m██[38;2;28;72;54m██[38;2;82;76;63m████[38;2;131;177;151m██[38;2;82;69;57m██[38;2;0;0;0m██      ██[38;2;222;190;107m██[38;2;74;106;173m██[38;2;222;190;107m██[38;2;0;0;0m██                      
                              ██[38;2;222;190;107m████[38;2;118;102;73m██[38;2;222;186;107m██[38;2;222;190;107m██[38;2;0;0;0m██        [38;2;0;0;8m██[38;2;189;182;156m██[38;2;74;120;178m██[38;2;222;190;107m██[38;2;74;105;173m██[38;2;0;0;0m██                    
                            ██[38;2;74;105;173m██[38;2;222;190;107m██[38;2;74;106;173m██[38;2;66;60;57m██[38;2;222;186;107m██[38;2;222;190;107m████[38;2;0;0;0m██      [38;2;0;0;8m██[38;2;126;121;106m██[38;2;74;120;178m████[38;2;74;105;173m██[38;2;0;0;0m██                    
                            ██[38;2;74;105;173m██[38;2;84;112;164m██[38;2;46;58;82m██[38;2;222;190;107m██[38;2;74;120;178m██[38;2;173;178;173m██[38;2;115;118;126m██[38;2;0;0;0m██        ████████                      
                              ██[38;2;8;4;0m████[38;2;74;120;178m████[38;2;115;118;126m██[38;2;0;0;33m██                                        
                                    [38;2;0;0;0m██████                                          
[0m