          [38;2;0;0;0m████                                                                                    
    ██████[38;2;180;187;165m██[38;2;186;193;176m██[38;2;0;4;0m██                                                                                  
    [38;2;0;0;0m██[38;2;182;190;168m██[38;2;107;114;97m██[38;2;180;187;165m██[38;2;66;65;66m██[38;2;0;4;0m██                                                                                  
  [38;2;0;0;0m██[38;2;66;65;66m████[38;2;97;110;75m████[38;2;66;65;66m██[38;2;96;109;74m██[38;2;0;0;0m██████              ██          ██                                                
  ██[38;2;182;190;168m████[38;2;42;45;38m██[38;2;0;8;8m██[38;2;96;109;74m████[38;2;104;114;84m██[38;2;176;184;158m██[38;2;0;0;0m██            ██[38;2;172;198;131m██[38;2;0;0;0m██      ██[38;2;172;198;131m██[38;2;0;0;0m██                                              
  ██[38;2;180;187;165m████[38;2;0;0;0m██  ██[38;2;66;65;66m██[38;2;96;109;74m████[38;2;0;0;0m██      ██    ██[38;2;172;198;131m██[38;2;0;0;0m██    ██[38;2;149;175;108m██[38;2;172;198;131m██[38;2;0;0;0m██    ██                                        
    ██[38;2;107;114;97m██[38;2;182;190;168m██[38;2;0;0;0m██  ██[38;2;182;190;168m██[38;2;96;109;74m██[38;2;66;65;66m██[38;2;0;0;0m██  ██[38;2;127;153;86m██[38;2;0;0;0m██  ██[38;2;172;198;131m██[38;2;0;0;0m██    ██[38;2;149;175;108m██[38;2;0;0;0m██    ██[38;2;172;198;131m██[38;2;0;0;0m██                          ██████      
    ██[38;2;234;239;225m██[38;2;104;114;84m██[38;2;0;0;0m██  ████[38;2;66;65;66m██[38;2;96;109;74m██[38;2;182;190;168m██[38;2;0;8;8m██[38;2;43;45;40m██[38;2;133;159;92m██[38;2;0;4;8m██  [38;2;0;0;0m██[38;2;172;198;131m██[38;2;129;155;88m██[38;2;0;0;0m████[38;2;129;155;88m██[38;2;172;198;131m██[38;2;0;0;0m██  ██[38;2;172;198;131m██[38;2;0;0;0m██                    ████████[38;2;94;106;73m██[38;2;96;109;74m████[38;2;0;0;0m██    
    ██[38;2;106;110;100m██[38;2;176;184;158m██[38;2;0;0;0m██      ██[38;2;96;109;74m████[38;2;102;112;83m██[38;2;43;45;40m██[38;2;86;112;45m██[38;2;133;159;92m██[38;2;0;0;0m██[38;2;66;65;66m██[38;2;172;198;131m██[38;2;129;155;88m██[38;2;0;0;0m██[38;2;95;121;54m██[38;2;172;198;131m██[38;2;129;155;88m██[38;2;66;65;66m██[38;2;0;0;0m██[38;2;172;198;131m████[38;2;0;0;0m██    ██              ██[38;2;176;184;158m██[38;2;104;114;84m██[38;2;94;106;73m████[38;2;66;65;66m████[38;2;96;109;74m██[38;2;0;0;0m██  
      ██[38;2;177;183;165m██[38;2;96;109;75m██[38;2;0;0;0m██    ██[38;2;179;186;164m██[38;2;107;114;97m██[38;2;66;65;66m██[38;2;189;199;198m██[38;2;66;65;66m██[38;2;127;153;86m██[38;2;93;119;52m██[38;2;129;155;88m██[38;2;171;197;130m████[38;2;96;122;55m██[38;2;133;159;92m██[38;2;172;198;131m██[38;2;96;122;55m██[38;2;66;65;66m██[38;2;168;194;127m██[38;2;171;197;130m██[38;2;0;4;8m██    [38;2;0;0;0m██[38;2;127;153;86m██[38;2;0;0;0m██      ████[38;2;0;8;8m██[38;2;42;45;38m██[38;2;94;106;73m████[38;2;97;110;75m████[38;2;66;65;66m██[38;2;182;190;168m██[38;2;180;187;165m██[38;2;0;0;0m██  
      ██[38;2;96;109;75m██[38;2;239;244;232m██[38;2;0;0;0m██      ██[38;2;43;45;39m██[38;2;189;199;198m████[38;2;66;65;66m██[38;2;127;153;86m██[38;2;129;155;88m██[38;2;165;191;124m██[38;2;171;197;130m████[38;2;170;196;129m████[38;2;172;198;131m██[38;2;96;122;55m██[38;2;129;155;88m██[38;2;168;194;127m██[38;2;52;78;11m██[38;2;0;4;8m██  [38;2;0;0;0m██[38;2;127;153;86m██[38;2;0;0;0m██        ██[38;2;182;190;168m██[38;2;97;110;75m████[38;2;94;106;73m██[38;2;0;0;0m██[38;2;0;8;8m██[38;2;42;45;38m██[38;2;182;190;168m████[38;2;107;114;97m██[38;2;180;187;165m██[38;2;0;0;0m██
      ██[38;2;182;190;168m██[38;2;93;96;85m██[38;2;52;78;11m██[38;2;0;4;16m██      [38;2;0;0;0m██[38;2;189;199;198m████[38;2;66;69;66m██[38;2;91;117;50m██[38;2;96;122;55m██[38;2;133;159;92m██[38;2;172;198;131m██[38;2;129;155;88m██[38;2;168;194;127m████[38;2;171;197;130m████[38;2;172;198;131m████[38;2;66;65;66m██[38;2;189;199;198m██[38;2;8;0;0m██[38;2;122;148;81m██[38;2;0;0;0m██    ██████[38;2;66;65;66m██[38;2;96;109;74m██[38;2;107;114;97m██[38;2;43;45;39m██[38;2;0;0;0m██    ██[38;2;182;190;168m████[38;2;96;109;74m██[38;2;0;0;0m██  
      ██[38;2;182;190;168m██[38;2;66;65;66m██[38;2;170;196;129m████[38;2;0;0;0m██████[38;2;189;199;198m████[38;2;66;65;66m██[38;2;255;130;156m██[38;2;66;69;66m██[38;2;170;196;129m████[38;2;172;198;131m████[38;2;129;155;88m██[38;2;66;65;66m██[38;2;171;197;130m████[38;2;172;198;131m██[38;2;66;65;66m██[38;2;189;199;198m██████[38;2;56;82;15m██[38;2;0;0;0m██    ██[38;2;176;184;158m██[38;2;104;114;84m██[38;2;96;109;74m████[38;2;179;186;164m██[38;2;0;0;0m██  ████[38;2;182;190;168m██[38;2;74;65;66m██[38;2;93;96;85m██[38;2;0;0;0m██    
        ██[38;2;172;198;131m██[38;2;171;197;130m████[38;2;255;255;255m██[38;2;172;198;131m██[38;2;66;65;66m██[38;2;189;199;198m████[38;2;66;65;66m██[38;2;159;92;104m██[38;2;0;8;0m██[38;2;171;197;130m████████[38;2;170;196;129m████[38;2;66;65;66m████████[38;2;189;199;198m██████[38;2;66;65;66m██[38;2;130;156;89m██[38;2;0;12;16m██[38;2;0;0;0m██[38;2;94;106;73m██[38;2;96;109;74m████[38;2;66;65;66m██[38;2;0;0;0m████  [38;2;8;0;0m██[38;2;234;239;225m██[38;2;96;109;74m██[38;2;182;190;168m██[38;2;186;193;176m██[38;2;68;60;55m██[38;2;0;0;0m██    
        ██[38;2;172;198;131m██[38;2;171;197;130m████[38;2;172;198;131m██[38;2;255;255;255m██[38;2;178;204;137m██[38;2;66;65;66m██[38;2;189;199;198m██[38;2;66;65;66m██[38;2;239;134;156m██[38;2;79;50;52m██[38;2;171;197;130m████████[38;2;52;78;11m██[38;2;0;4;16m██[38;2;255;130;165m████████[38;2;66;65;66m██[38;2;189;199;198m██████[38;2;41;67;0m██[38;2;130;156;89m██[38;2;0;0;0m██[38;2;94;106;73m██[38;2;96;109;74m██[38;2;182;190;168m██[38;2;0;0;0m██  ████[38;2;107;111;100m████[38;2;182;190;168m████[38;2;0;4;0m████      
        [38;2;0;0;0m██[38;2;127;153;86m██[38;2;172;198;131m██████[38;2;255;255;255m████[38;2;172;198;131m██[38;2;66;65;66m██[38;2;255;255;255m██[38;2;66;65;66m████[38;2;172;198;131m██████[38;2;66;65;74m██[38;2;255;130;156m██[38;2;129;89;96m██[38;2;222;162;181m██[38;2;66;65;66m██████[38;2;189;199;198m██████[38;2;66;65;66m██████[38;2;66;60;66m████[38;2;102;112;83m██[38;2;0;8;8m██  [38;2;0;0;0m██[38;2;239;244;232m██[38;2;96;109;75m██[38;2;182;190;168m████[38;2;96;109;74m██[38;2;0;0;0m██          
        ██[38;2;127;153;86m██[38;2;129;155;88m██[38;2;172;198;131m██████[38;2;255;255;255m██[38;2;172;198;131m██[38;2;66;65;66m██[38;2;255;255;255m██████[38;2;66;65;66m██[38;2;172;198;131m██[38;2;94;120;53m██[38;2;66;65;74m██[38;2;66;69;66m████[38;2;66;65;66m██[38;2;189;199;198m████[38;2;66;65;66m████████[38;2;178;204;137m██[38;2;172;198;131m████[38;2;165;191;124m██[38;2;127;153;86m██[38;2;43;45;40m████[38;2;0;0;0m██[38;2;96;109;74m██[38;2;96;109;75m██[38;2;177;183;165m██[38;2;182;190;168m██[38;2;0;0;0m████            
          ██[38;2;66;60;66m██[38;2;165;191;124m██[38;2;129;155;88m██[38;2;172;198;131m██████[38;2;66;65;66m██[38;2;255;255;255m████████[38;2;66;65;66m██[38;2;255;255;255m████[38;2;189;197;197m████████[38;2;66;65;66m██[38;2;255;255;255m████[38;2;172;198;131m██[38;2;129;155;88m██[38;2;172;198;131m██[38;2;171;197;130m████████[38;2;127;153;86m██[38;2;66;65;66m██[38;2;238;243;231m██[38;2;181;187;169m██[38;2;185;192;174m████[38;2;0;0;0m██                
        ██[38;2;66;65;66m██[38;2;127;153;86m██[38;2;66;60;66m██[38;2;129;155;88m████[38;2;172;198;131m██[38;2;129;155;88m██[38;2;66;65;66m██[38;2;255;255;255m████████████████████[38;2;189;197;197m██[38;2;66;65;66m██[38;2;255;255;255m██[38;2;172;198;131m████████[38;2;171;197;130m████████[38;2;127;153;86m██[38;2;66;65;66m██[38;2;181;187;169m████[38;2;66;65;66m██[38;2;0;4;8m██                  
      [38;2;0;0;0m██[38;2;182;190;168m██[38;2;96;109;74m██[38;2;0;0;0m██[38;2;127;153;86m██[38;2;66;65;66m██[38;2;127;153;86m████[38;2;66;65;66m██[38;2;189;197;197m████[38;2;255;255;255m████[38;2;189;197;197m████[38;2;255;255;255m██████████[38;2;66;65;66m██[38;2;129;155;88m██[38;2;172;198;131m████[38;2;129;155;88m██[38;2;171;197;130m████[38;2;172;198;131m████████[38;2;171;197;130m████[38;2;66;65;66m████[38;2;0;0;0m██                    
      ██[38;2;182;190;168m██[38;2;96;109;74m██[38;2;0;0;0m████[38;2;66;65;66m██[38;2;127;153;86m████[38;2;66;65;66m██[38;2;189;197;197m████████████████[38;2;255;255;255m████[38;2;192;191;192m██[38;2;66;65;66m██[38;2;129;155;88m██████[38;2;172;198;131m██[38;2;171;197;130m████[38;2;172;198;131m██[38;2;129;155;88m████[38;2;172;198;131m██[38;2;171;197;130m████[38;2;127;153;86m██████[38;2;0;0;0m██                  
    ██[38;2;176;184;158m██[38;2;94;106;73m██[38;2;0;0;0m██    ██[38;2;127;153;86m██[38;2;66;65;66m██[38;2;189;199;198m██[38;2;66;65;66m████[38;2;189;197;197m██[38;2;255;255;255m████[38;2;66;65;66m██[38;2;189;199;198m████████[38;2;66;65;66m██[38;2;127;153;86m██[38;2;171;197;130m████████████[38;2;129;155;88m██[38;2;172;198;131m████[38;2;129;155;88m██[38;2;171;197;130m████[38;2;172;198;131m██[38;2;129;155;88m██[38;2;127;153;86m██[38;2;66;65;66m██[38;2;0;0;0m████              
    ██[38;2;104;114;84m██[38;2;94;106;73m██[38;2;0;0;0m██      ██[38;2;66;65;66m██[38;2;189;199;198m██████[38;2;255;255;255m████████[38;2;66;65;66m████[38;2;189;199;198m██[38;2;66;65;66m██[38;2;127;153;86m████[38;2;171;197;130m████████████[38;2;129;155;88m██[38;2;172;198;131m██[38;2;129;155;88m████[38;2;171;197;130m████[38;2;172;198;131m██[38;2;129;155;88m██[38;2;127;153;86m██[38;2;66;65;66m██[38;2;94;106;73m████[38;2;0;0;0m██            
    ██[38;2;102;112;83m██[38;2;0;0;0m██          ██[38;2;189;199;198m██[38;2;189;197;197m██[38;2;255;255;255m██████████████[38;2;66;65;66m██[38;2;249;255;238m██[38;2;129;155;88m██[38;2;172;198;131m██[38;2;171;197;130m████████[38;2;172;198;131m██████[38;2;129;155;88m████[38;2;172;198;131m██████[38;2;129;155;88m████[38;2;127;153;86m██[38;2;0;0;0m██[38;2;42;45;38m██[38;2;97;110;75m██[38;2;0;0;0m██            
  ██[38;2;174;183;157m██[38;2;102;112;83m██[38;2;0;0;0m██          ██[38;2;189;199;198m██[38;2;189;197;197m██[38;2;255;255;255m██████████████[38;2;66;65;66m██[38;2;149;175;108m██[38;2;129;155;88m██[38;2;172;198;131m██[38;2;171;197;130m████████[38;2;172;198;131m██[38;2;129;155;88m██[38;2;172;198;131m██████████[38;2;129;155;88m██████[38;2;0;0;0m██  [38;2;0;8;8m██[38;2;97;110;75m██[38;2;66;65;66m██[38;2;0;0;0m██          
  ██[38;2;94;106;73m████[38;2;0;0;0m██            ██[38;2;189;199;198m████[38;2;255;255;255m████████████[38;2;189;199;198m██[38;2;66;65;66m██[38;2;128;154;87m██[38;2;166;192;125m██[38;2;171;197;130m████[38;2;128;154;87m██[38;2;166;192;125m██[38;2;168;194;127m██[38;2;129;155;88m██[38;2;49;50;44m██[38;2;135;161;94m██[38;2;127;153;86m████[38;2;129;155;88m████[38;2;127;153;86m████[38;2;0;0;0m██    ██[38;2;102;112;83m██[38;2;0;0;0m██          
██[38;2;182;190;168m██[38;2;94;106;73m██[38;2;0;0;0m██                ██[38;2;189;199;198m██[38;2;189;197;197m██[38;2;255;255;255m██████████[38;2;189;199;198m████[38;2;66;65;66m██[38;2;128;154;87m██[38;2;171;197;130m████[38;2;128;154;87m██[38;2;66;65;66m██[38;2;168;194;127m██[38;2;66;65;66m██[38;2;191;198;178m██[38;2;49;50;44m██[38;2;66;65;66m██[38;2;127;153;86m██[38;2;129;155;88m████[38;2;127;153;86m██[38;2;66;65;66m██[38;2;96;109;74m██[38;2;0;0;0m██  ██[38;2;102;112;83m██[38;2;174;183;157m██[38;2;0;0;0m██        
██[38;2;66;65;66m██[38;2;44;70;3m██[38;2;90;116;49m██[38;2;0;0;0m██              ██[38;2;189;199;198m██[38;2;255;255;255m██████████[38;2;189;197;197m██[38;2;189;199;198m████[38;2;66;65;66m██[38;2;128;154;87m██[38;2;129;155;88m████████[38;2;66;65;66m██[38;2;189;199;198m██[38;2;66;65;66m████[38;2;202;210;186m██[38;2;59;85;18m██[38;2;66;65;66m██████[38;2;94;97;87m██[38;2;176;184;158m██[38;2;0;0;0m██    [38;2;0;8;8m██[38;2;41;66;1m██[38;2;96;122;55m██[38;2;0;0;0m██      
  ██[38;2;136;162;95m██[38;2;0;12;16m██                  [38;2;0;0;0m██[38;2;255;255;255m██[38;2;189;197;197m██[38;2;255;255;255m██[38;2;189;197;197m██████[38;2;189;199;198m██[38;2;66;65;66m██[38;2;166;192;125m██[38;2;128;154;87m██[38;2;129;155;88m████████[38;2;66;65;66m██[38;2;189;199;198m██[38;2;66;65;66m██[38;2;189;199;198m██[38;2;127;139;107m████[38;2;189;199;198m████[38;2;66;65;66m██[38;2;184;193;168m██[38;2;104;114;84m██[38;2;0;0;0m██    [38;2;0;8;8m██[38;2;133;159;92m██[38;2;0;0;0m██        
  ██[38;2;127;153;86m██[38;2;0;0;0m██                  ██[38;2;189;197;197m████[38;2;189;199;198m████[38;2;189;197;197m████[38;2;63;66;66m██[38;2;189;199;198m██[38;2;127;153;86m██[38;2;66;65;66m██[38;2;129;155;88m████[38;2;127;153;86m██[38;2;66;65;66m██[38;2;189;199;198m██[38;2;66;65;66m██[38;2;189;199;198m██[38;2;127;153;86m██[38;2;189;199;198m████[38;2;0;0;0m██████[38;2;238;243;231m██[38;2;182;190;168m██[38;2;96;109;74m██[38;2;0;0;0m██  ██[38;2;127;153;86m██[38;2;0;0;0m██        
    ██                  ██[38;2;189;199;198m██[38;2;189;197;197m████[38;2;66;65;66m██[38;2;189;199;198m██[38;2;189;197;197m████[38;2;189;199;198m██[38;2;0;0;0m██[38;2;127;153;86m██[38;2;66;65;66m██[38;2;129;155;88m████[38;2;127;153;86m██[38;2;66;65;66m██[38;2;189;199;198m██[38;2;66;65;66m██[38;2;189;199;198m██████[38;2;0;0;0m██    ██[38;2;238;243;231m██[38;2;96;109;74m██[38;2;182;190;168m██[38;2;0;0;0m██    ██          
                        ██[38;2;189;199;198m██[38;2;189;197;197m████[38;2;189;199;198m██[38;2;66;65;66m██[38;2;189;199;198m████[38;2;0;0;0m██  ████[38;2;127;153;86m████[38;2;129;155;88m████[38;2;66;65;66m██[38;2;0;0;0m████[38;2;189;199;198m██[38;2;0;0;0m██        ██[38;2;177;183;165m██[38;2;97;110;75m██[38;2;0;0;0m██                
                          ██[38;2;189;197;197m████[38;2;189;199;198m████[38;2;0;0;0m████        ██[38;2;127;153;86m██[38;2;129;155;88m████[38;2;0;0;0m██    ██          ██[38;2;239;244;232m██[38;2;177;183;165m██[38;2;0;0;0m██                
                          ██[38;2;189;199;198m████[38;2;0;0;0m████              ████[38;2;127;153;86m████[38;2;0;0;0m██              ██[38;2;235;240;226m██[38;2;180;184;172m██[38;2;186;193;176m██[38;2;0;4;0m██              
                            [38;2;0;0;0m████                      ████              ██[38;2;182;190;168m██[38;2;180;184;172m██[38;2;66;65;66m██[38;2;68;60;55m██[38;2;0;4;0m██              
                                                                          [38;2;0;0;0m██[38;2;47;73;6m██[38;2;152;178;111m██[38;2;127;153;86m██[38;2;0;0;0m██              
                                                                            [38;2;0;8;16m██[38;2;152;178;111m██[38;2;0;0;0m██                
                                                                            ██[38;2;172;198;131m██[38;2;0;0;0m██                
                                                                              ██                  
[0m