                                          [38;2;0;0;0m██████████                                    
                                        ██[38;2;163;189;122m██████████[38;2;0;0;0m████████                            
                                      ██[38;2;163;189;122m████████████████████[38;2;0;0;0m██                          
                                      ██[38;2;163;189;122m████████[38;2;86;112;45m██[38;2;163;189;122m████████████[38;2;0;0;0m██                        
                                    ██[38;2;163;189;122m██████[38;2;117;143;76m██[38;2;86;112;45m██[38;2;163;189;122m████████████████[38;2;0;0;0m██                      
                                    ██[38;2;86;112;45m██[38;2;163;189;122m██[38;2;117;143;76m██[38;2;163;189;122m████████████████████[38;2;0;0;0m██                      
                                  ██[38;2;163;189;122m██████████████████████████████[38;2;0;0;0m██                    
                                ██[38;2;163;189;122m██████████████████████████████████[38;2;0;0;0m██                  
      ██████                    ██[38;2;163;189;122m████████[38;2;117;143;76m██[38;2;0;0;0m████[38;2;163;189;122m██████████████████████[38;2;0;0;0m██                
    ██[38;2;163;189;122m████[38;2;117;143;76m██[38;2;0;0;0m██                    ██[38;2;163;189;122m████[38;2;0;0;0m████    ██[38;2;163;189;122m██████████████████████[38;2;0;0;0m██              
  ██[38;2;163;189;122m████████[38;2;0;0;0m██                    ██[38;2;117;143;76m██[38;2;0;0;0m██          ██[38;2;163;189;122m████████████████████[38;2;0;0;0m██              
  ██[38;2;163;189;122m██████████[38;2;0;0;0m██                    ██              ██[38;2;163;189;122m██████████████████[38;2;0;0;0m██              
  ██[38;2;163;189;122m██████[38;2;65;65;65m██[38;2;163;189;122m██[38;2;0;0;0m██                        ██      ██  ██[38;2;163;189;122m████████████████[38;2;0;0;0m██                
██[38;2;163;189;122m██████[38;2;65;65;65m██[38;2;82;90;106m██[38;2;65;65;65m██[38;2;0;0;0m██              ██      ██[38;2;163;189;122m██[38;2;0;0;0m██  ██[38;2;163;189;122m██[38;2;0;0;0m██  ██[38;2;163;189;122m████[38;2;86;112;45m████[38;2;163;189;122m██████[38;2;0;0;0m██                
██[38;2;163;189;122m████[38;2;65;65;65m██[38;2;82;90;106m████[38;2;65;65;65m██[38;2;0;0;0m██            ██[38;2;163;189;122m██[38;2;0;0;0m██    ██[38;2;117;143;76m██[38;2;0;0;0m██  ██[38;2;117;143;76m██[38;2;0;0;0m██    ██[38;2;86;112;45m██[38;2;163;189;122m██████████[38;2;0;0;0m██                
██[38;2;117;143;76m██[38;2;163;189;122m██[38;2;65;65;65m██[38;2;82;90;106m██[38;2;65;65;65m██[38;2;163;189;122m██[38;2;0;0;0m██            ██[38;2;117;143;76m████[38;2;0;0;0m██  ██[38;2;117;143;76m██[38;2;0;0;0m████[38;2;117;143;76m██[38;2;65;65;65m████[38;2;0;0;0m████[38;2;163;189;122m████████████[38;2;117;143;76m██[38;2;163;189;122m██[38;2;0;0;0m██              
██[38;2;117;143;76m████[38;2;65;65;65m██[38;2;82;90;106m██[38;2;65;65;65m██[38;2;163;189;122m████[38;2;0;0;0m██            ██[38;2;117;143;76m██[38;2;0;0;0m████[38;2;65;65;65m██████████[38;2;86;112;45m████[38;2;65;65;65m████[38;2;163;189;122m██████████[38;2;117;143;76m██[38;2;163;189;122m██[38;2;117;143;76m██[38;2;0;0;0m██              
  ██[38;2;117;143;76m████[38;2;65;65;65m██[38;2;163;189;122m████[38;2;117;143;76m████[38;2;0;0;0m██          ██[38;2;65;65;65m██[38;2;163;189;122m██[38;2;65;65;65m████[38;2;86;112;45m██████████[38;2;65;65;65m████[38;2;163;189;122m██[38;2;86;112;45m██[38;2;163;189;122m██████[38;2;117;143;76m██[38;2;163;189;122m██[38;2;117;143;76m██[38;2;163;189;122m██[38;2;0;0;0m██              
  ██[38;2;117;143;76m████[38;2;65;65;65m██[38;2;163;189;122m██[38;2;117;143;76m██████[38;2;0;0;0m██            ██[38;2;163;189;122m██████[38;2;65;65;65m██████████[38;2;163;189;122m██████[38;2;86;112;45m██[38;2;163;189;122m██████[38;2;117;143;76m██████[38;2;0;0;0m██                
    ██[38;2;82;90;106m████[38;2;65;65;65m██[38;2;117;143;76m████[38;2;0;0;0m██              ████[38;2;163;189;122m██████████████████[38;2;86;112;45m██[38;2;163;189;122m██████[38;2;117;143;76m████████[38;2;0;0;0m██                
    ██[38;2;188;209;146m██████[38;2;0;0;0m████            ████[38;2;163;189;122m████[38;2;0;0;0m██[38;2;117;143;76m██[38;2;163;189;122m████████[38;2;117;143;76m██████[38;2;86;112;45m██[38;2;163;189;122m██[38;2;117;143;76m██████████[38;2;65;65;65m██[38;2;104;126;64m██[38;2;0;0;0m██              
      ██[38;2;188;209;146m██[38;2;0;0;0m██      ██      ██[38;2;255;255;255m██[38;2;117;143;76m██[38;2;163;189;122m██████[38;2;0;0;0m████[38;2;117;143;76m██████████[38;2;86;112;45m██[38;2;117;143;76m████████████[38;2;65;65;65m██[38;2;104;126;64m██[38;2;165;187;123m██[38;2;0;0;0m██              
      ██[38;2;188;209;146m██[38;2;0;0;0m██    ██[38;2;240;247;223m██[38;2;0;0;0m██  ██[38;2;255;255;255m████[38;2;0;0;0m██[38;2;163;189;122m██████████[38;2;0;0;0m██████████[38;2;117;143;76m████████████[38;2;65;65;65m██[38;2;165;187;123m██████[38;2;0;0;0m██              
      ██[38;2;240;247;223m████[38;2;0;0;0m██  ██[38;2;240;247;223m██[38;2;65;65;65m██[38;2;0;0;0m██[38;2;65;65;65m██[38;2;117;143;76m██[38;2;255;255;255m██[38;2;117;143;76m██[38;2;163;189;122m████████[38;2;117;143;76m████[38;2;255;255;255m████[38;2;117;143;76m██[38;2;163;189;122m██[38;2;0;0;0m████[38;2;117;143;76m██████[38;2;0;0;0m██[38;2;165;187;123m██████[38;2;0;0;0m██                
        ██[38;2;240;247;223m████[38;2;0;0;0m██[38;2;65;65;65m██[38;2;240;247;223m████[38;2;65;65;65m██[38;2;82;90;106m██[38;2;163;189;122m██[38;2;117;143;76m████[38;2;163;189;122m██████[38;2;117;143;76m██[38;2;255;255;255m██[38;2;0;0;0m██[38;2;255;255;255m██████[38;2;117;143;76m██[38;2;82;90;106m██[38;2;240;247;223m██[38;2;0;0;0m██████[38;2;117;143;76m██[38;2;0;0;0m██[38;2;165;187;123m██[38;2;240;247;223m██[38;2;0;0;0m██                
        ██[38;2;240;247;223m██[38;2;104;126;64m██[38;2;240;247;223m████[38;2;65;65;65m██[38;2;240;247;223m████[38;2;82;90;106m██[38;2;163;189;122m██████████[38;2;117;143;76m██[38;2;255;255;255m████████[38;2;117;143;76m████[38;2;163;189;122m██[38;2;82;90;106m██[38;2;240;247;223m████[38;2;65;65;65m████[38;2;117;143;76m██[38;2;0;0;0m██[38;2;240;247;223m██████[38;2;0;0;0m██              
          ████[38;2;65;65;65m██████[38;2;240;247;223m██[38;2;104;126;64m██[38;2;240;247;223m██[38;2;82;90;106m████[38;2;163;189;122m██████[38;2;117;143;76m████████[38;2;163;189;122m██████[38;2;82;90;106m██[38;2;240;247;223m████[38;2;65;65;65m██[38;2;165;187;123m████[38;2;65;65;65m████[38;2;0;0;0m██[38;2;240;247;223m██████[38;2;0;0;0m██            
              ██[38;2;188;209;146m████[38;2;65;65;65m██[38;2;240;247;223m██[38;2;104;126;64m██[38;2;240;247;223m██[38;2;82;90;106m██[38;2;117;143;76m██[38;2;163;189;122m████[38;2;82;90;106m██[38;2;163;189;122m██████████[38;2;82;90;106m██[38;2;240;247;223m██████[38;2;65;65;65m██[38;2;165;187;123m████[38;2;240;247;223m████[38;2;104;126;64m██[38;2;240;247;223m████[38;2;104;126;64m██[38;2;65;65;65m██[38;2;0;0;0m██          
              ██[38;2;188;209;146m██[38;2;65;65;65m██[38;2;0;0;0m██[38;2;188;209;146m██[38;2;240;247;223m██████[38;2;82;90;106m██[38;2;117;143;76m██[38;2;82;90;106m██[38;2;240;247;223m██[38;2;82;90;106m██[38;2;117;143;76m██[38;2;82;90;106m██[38;2;117;143;76m██[38;2;82;90;106m██[38;2;240;247;223m██████[38;2;188;209;146m████[38;2;65;65;65m██████[38;2;240;247;223m████[38;2;104;126;64m████[38;2;65;65;65m██[38;2;188;209;146m██[38;2;104;126;64m██[38;2;0;0;0m██        
            ██[38;2;188;209;146m████[38;2;0;0;0m██  ██[38;2;188;209;146m██[38;2;240;247;223m██████[38;2;82;90;106m████[38;2;240;247;223m████[38;2;82;90;106m██[38;2;240;247;223m██[38;2;82;90;106m██[38;2;240;247;223m██████[38;2;188;209;146m████████[38;2;65;65;65m██[38;2;188;209;146m██[38;2;65;65;65m████[38;2;240;247;223m██[38;2;65;65;65m██[38;2;188;209;146m██[38;2;104;126;64m██[38;2;188;209;146m██[38;2;0;0;0m██        
          ██[38;2;188;209;146m████[38;2;0;0;0m██      ████[38;2;188;209;146m██[38;2;240;247;223m██████████████████[38;2;188;209;146m██████████[38;2;65;65;65m██[38;2;188;209;146m████[38;2;0;0;0m██[38;2;240;247;223m██████[38;2;65;65;65m██[38;2;0;0;0m██[38;2;188;209;146m████[38;2;0;0;0m██      
        ██[38;2;104;126;64m████[38;2;188;209;146m██[38;2;0;0;0m██          ████[38;2;165;187;123m██[38;2;188;209;146m████████[38;2;104;126;64m████████[38;2;188;209;146m████[38;2;65;65;65m████[38;2;188;209;146m██[38;2;0;0;0m████  ██[38;2;240;247;223m████[38;2;0;0;0m██  ██[38;2;188;209;146m████[38;2;0;0;0m██    
      ██[38;2;188;209;146m████[38;2;0;0;0m████                ████████[38;2;104;126;64m██[38;2;188;209;146m████████[38;2;104;126;64m██[38;2;0;0;0m████████      ██[38;2;240;247;223m████[38;2;0;0;0m██  ██[38;2;188;209;146m██[38;2;104;126;64m████[38;2;0;0;0m██  
        ████                            ████████████              ██[38;2;240;247;223m██████[38;2;0;0;0m██  ██[38;2;104;126;64m██[38;2;214;228;185m████[38;2;0;0;0m██
                                                                    ██[38;2;240;247;223m████[38;2;0;0;0m██    ██████  
                                                                    ██[38;2;240;247;223m██[38;2;104;126;64m████[38;2;0;0;0m██          
                                                                      ██[38;2;104;126;64m██[38;2;240;247;223m████[38;2;0;0;0m██        
                                                                        ██████          
[0m