          [38;2;0;0;0m██████                ████████              
  ████  ██[38;2;230;215;150m████[38;2;172;157;92m██[38;2;0;0;0m██      ████  ██[38;2;197;182;117m██████[38;2;136;121;56m██[38;2;0;0;0m██            
██[38;2;230;215;150m████[38;2;0;0;0m██[38;2;172;157;92m██[38;2;230;215;150m████[38;2;172;157;92m██[38;2;0;0;0m██    ██[38;2;197;182;117m██[38;2;136;121;56m██[38;2;0;0;0m██[38;2;65;65;65m██[38;2;197;182;117m██████[38;2;136;121;56m██[38;2;0;0;0m██  ████      
██[38;2;230;215;150m██[38;2;197;182;117m██[38;2;255;255;255m██[38;2;115;115;115m████[38;2;172;157;92m██[38;2;230;215;150m██[38;2;172;157;92m██[38;2;0;0;0m████[38;2;197;182;117m██████████████████[38;2;136;121;56m██[38;2;0;0;0m██[38;2;197;182;117m██[38;2;136;121;56m██[38;2;0;0;0m██    
  ██[38;2;255;255;255m██[38;2;0;0;0m██[38;2;115;115;115m██████[38;2;172;157;92m██[38;2;230;215;150m████[38;2;65;65;65m██[38;2;197;182;117m██[38;2;0;0;0m████[38;2;65;65;65m██████[38;2;136;121;56m██[38;2;197;182;117m████████████[38;2;136;121;56m██[38;2;0;0;0m██  
  ██[38;2;197;182;117m██[38;2;255;255;255m██[38;2;73;183;1m██[38;2;108;244;19m██[38;2;115;115;115m██[38;2;239;239;239m██[38;2;197;182;117m██[38;2;230;215;150m██[38;2;65;65;65m████[38;2;0;0;0m██[38;2;65;65;65m██[38;2;230;215;150m████[38;2;172;157;92m██[38;2;65;65;65m██[38;2;136;121;56m████[38;2;197;182;117m████████[38;2;136;121;56m██[38;2;0;0;0m██  
██[38;2;230;215;150m████[38;2;65;65;65m██[38;2;73;183;1m████[38;2;65;65;65m██[38;2;197;182;117m██[38;2;239;239;239m██[38;2;65;65;65m██[38;2;230;215;150m████[38;2;65;65;65m██[38;2;172;157;92m██[38;2;230;215;150m████[38;2;172;157;92m██[38;2;65;65;65m██[38;2;197;182;117m████[38;2;136;121;56m██[38;2;197;182;117m████[38;2;136;121;56m██[38;2;0;0;0m██    
██[38;2;230;215;150m████[38;2;115;115;115m██[38;2;65;65;65m████[38;2;115;115;115m████[38;2;230;215;150m██[38;2;65;65;65m██[38;2;230;215;150m██████████████[38;2;172;157;92m██[38;2;65;65;65m████[38;2;197;182;117m██[38;2;136;121;56m██[38;2;197;182;117m██[38;2;136;121;56m██[38;2;0;0;0m████  
  ████[38;2;230;215;150m██[38;2;115;115;115m██[38;2;0;0;0m██[38;2;115;115;115m██[38;2;230;215;150m██████[38;2;65;65;65m██[38;2;230;215;150m████[38;2;59;147;1m██████[38;2;230;215;150m██████[38;2;172;157;92m██[38;2;65;65;65m██[38;2;136;121;56m██[38;2;197;182;117m██████[38;2;136;121;56m██[38;2;0;0;0m██
      ██[38;2;230;215;150m████[38;2;172;157;92m██[38;2;115;115;115m██[38;2;230;215;150m████[38;2;65;65;65m██[38;2;230;215;150m██[38;2;59;147;1m██[38;2;108;244;19m██[38;2;73;183;1m██[38;2;59;147;1m████[38;2;230;215;150m████[38;2;172;157;92m██[38;2;65;65;65m██[38;2;197;182;117m██[38;2;136;121;56m██[38;2;197;182;117m████[38;2;136;121;56m██[38;2;0;0;0m██
      ██[38;2;230;215;150m████[38;2;172;157;92m██[38;2;0;0;0m████[38;2;65;65;65m██[38;2;230;215;150m████[38;2;59;147;1m██[38;2;73;183;1m██████[38;2;59;147;1m██[38;2;230;215;150m██[38;2;172;157;92m██[38;2;65;65;65m██[38;2;197;182;117m██[38;2;0;0;0m████[38;2;197;182;117m████[38;2;136;121;56m██[38;2;0;0;0m██
        ██████    ██[38;2;230;215;150m████[38;2;59;147;1m████[38;2;73;183;1m██[38;2;59;147;1m████[38;2;230;215;150m██[38;2;172;157;92m██[38;2;65;65;65m██[38;2;197;182;117m██[38;2;0;0;0m████[38;2;197;182;117m████[38;2;136;121;56m██[38;2;0;0;0m██
                    ██[38;2;65;65;65m██[38;2;230;215;150m██[38;2;59;147;1m██████[38;2;230;215;150m██████[38;2;172;157;92m██[38;2;65;65;65m██[38;2;136;121;56m██[38;2;197;182;117m████[38;2;0;0;0m████  
                  ██[38;2;197;182;117m████[38;2;65;65;65m██[38;2;230;215;150m████[38;2;172;157;92m██[38;2;115;115;115m██[38;2;230;215;150m████[38;2;172;157;92m██[38;2;65;65;65m██[38;2;197;182;117m████[38;2;0;0;0m██      
                  ██[38;2;197;182;117m████[38;2;65;65;65m██[38;2;230;215;150m████[38;2;172;157;92m██[38;2;65;65;65m████████[38;2;197;182;117m██████[38;2;136;121;56m██[38;2;0;0;0m██    
                    ████[38;2;197;182;117m██[38;2;65;65;65m██████[38;2;136;121;56m████[38;2;197;182;117m██████████[38;2;136;121;56m██[38;2;0;0;0m██    
                        ████[38;2;65;65;65m██[38;2;197;182;117m██████[38;2;136;121;56m██[38;2;0;0;0m████[38;2;197;182;117m██[38;2;136;121;56m██[38;2;0;0;0m██      
                            ██[38;2;197;182;117m██████[38;2;136;121;56m██[38;2;0;0;0m██  ████        
                              ████████                
[0m