                                      [38;2;0;0;0m██████                                
                                    ██[38;2;133;117;35m██[38;2;218;199;102m████[38;2;0;0;0m██                              
                                  ██[38;2;218;199;102m████[38;2;133;117;35m██[38;2;218;199;102m██[38;2;0;0;0m██                              
                                  ██[38;2;218;199;102m████[38;2;133;117;35m██[38;2;218;199;102m██[38;2;0;0;0m██                              
                                    ██[38;2;133;117;35m██[38;2;218;199;102m████[38;2;0;0;0m██                              
                                  ██[38;2;218;199;102m██████[38;2;0;0;0m██                                
                                    ██[38;2;133;117;35m██[38;2;218;199;102m██[38;2;0;0;0m██                          ████  
                              ██████[38;2;65;70;74m██[38;2;219;200;102m████[38;2;65;70;74m██[38;2;0;0;0m██                    [38;2;0;4;0m████[38;2;189;188;189m██[38;2;255;255;255m██[38;2;0;0;0m██
              ████████    ████[38;2;218;199;102m████████[38;2;219;200;102m████[38;2;218;199;102m████[38;2;0;0;0m████    ██████  ████[38;2;169;171;169m██[38;2;255;255;255m██[38;2;189;188;189m████[38;2;0;0;0m██
            ██[38;2;238;210;148m████████[38;2;0;0;0m████[38;2;224;205;106m████[38;2;218;199;102m██[38;2;0;0;0m████[38;2;169;151;63m██[38;2;215;196;98m██[38;2;122;129;112m██[38;2;0;0;0m██[38;2;218;199;102m██████[38;2;0;0;0m████[38;2;139;137;131m████[38;2;45;48;45m██[38;2;0;4;0m██[38;2;189;188;189m██[38;2;255;255;255m██[38;2;189;190;189m██████[38;2;0;0;0m██  
  ██████████[38;2;238;210;148m██[38;2;194;164;98m████████[38;2;46;52;57m██[38;2;166;149;61m██[38;2;127;139;118m██[38;2;0;4;8m██[38;2;0;0;0m██    ██[38;2;215;196;98m██[38;2;0;0;0m██  ████[38;2;218;199;102m██[38;2;46;45;43m██[38;2;139;137;131m██[38;2;90;89;86m████[38;2;90;93;90m██[38;2;45;48;45m██[38;2;189;188;189m████[38;2;189;190;189m██[38;2;0;0;0m████    
██[38;2;238;210;148m██[38;2;194;164;98m██[38;2;238;210;148m██[38;2;194;164;98m██[38;2;238;210;148m██[38;2;194;164;98m██[38;2;194;164;95m████[38;2;180;159;109m██[38;2;49;48;49m██[38;2;169;151;63m████[38;2;0;0;0m██      [38;2;0;4;8m██[38;2;127;139;118m██[38;2;220;201;103m████[38;2;0;0;0m██    ██[38;2;137;134;131m██[38;2;93;91;90m██[38;2;49;48;49m████[38;2;90;89;86m████[38;2;60;62;60m██[38;2;180;186;180m██[38;2;0;0;0m██        
██[38;2;194;164;98m██[38;2;238;210;148m██[38;2;194;164;98m██[38;2;238;210;148m████[38;2;194;164;98m██[38;2;194;164;95m████[38;2;49;48;49m██[38;2;246;214;139m██[38;2;49;48;49m████[38;2;197;165;98m██[38;2;0;0;0m██  ██[38;2;224;205;106m████[38;2;248;240;193m██[38;2;220;201;103m██[38;2;218;199;102m██[38;2;0;0;0m██  ██[38;2;93;91;90m██[38;2;49;48;49m██[38;2;169;151;63m████[38;2;49;48;49m██[38;2;90;89;86m██[38;2;60;62;60m██[38;2;0;0;0m██          
  ██████████[38;2;238;210;148m██[38;2;194;164;98m████[38;2;169;161;137m██[38;2;49;48;49m██[38;2;246;218;148m██[38;2;164;145;98m██[38;2;0;0;0m██  ██[38;2;215;196;98m██[38;2;50;190;229m██[38;2;151;232;255m██[38;2;133;117;35m██[38;2;218;199;102m████[38;2;0;0;0m██  ██[38;2;90;89;86m████[38;2;49;48;49m██[38;2;218;199;102m██[38;2;49;44;41m██[38;2;98;98;101m██[38;2;90;89;86m██[38;2;0;0;0m██          
            ██[38;2;238;210;148m████[38;2;49;48;49m██[38;2;174;156;66m██[38;2;82;72;49m██[38;2;0;0;0m██  ██[38;2;215;196;98m██[38;2;126;137;148m██[38;2;151;232;255m██[38;2;21;161;200m██[38;2;218;199;102m██[38;2;133;117;35m██[38;2;218;199;102m████[38;2;0;0;0m██  ██[38;2;90;89;86m██[38;2;49;48;49m██[38;2;218;199;102m██[38;2;217;197;100m██[38;2;49;44;41m██[38;2;0;0;0m██            
              ██[38;2;49;48;49m████[38;2;169;151;63m██[38;2;0;0;0m██    ██[38;2;49;48;49m██[38;2;218;199;102m██[38;2;133;117;35m██[38;2;218;199;102m██████[38;2;134;118;36m██[38;2;169;151;63m██[38;2;0;0;0m██    ██[38;2;90;93;90m██[38;2;45;48;45m██[38;2;218;199;102m██[38;2;0;0;0m██              
                ██[38;2;169;151;63m████[38;2;0;0;0m██    ██[38;2;49;48;49m██[38;2;218;199;102m██████[38;2;49;48;49m████[38;2;134;118;36m██[38;2;169;151;63m██[38;2;0;0;0m██      [38;2;0;4;0m██[38;2;45;48;45m██[38;2;218;199;102m██[38;2;0;0;0m██              
                ██[38;2;169;151;63m██[38;2;0;0;0m██      ██[38;2;166;149;61m██[38;2;46;52;57m██[38;2;49;48;49m██[38;2;222;203;104m██[38;2;49;48;49m████[38;2;122;106;27m██[38;2;175;157;67m██[38;2;0;0;0m██        ██[38;2;218;199;102m██[38;2;0;0;0m██              
                ██[38;2;169;151;63m██[38;2;0;0;0m██        ██[38;2;166;149;61m██[38;2;49;48;49m██[38;2;170;152;64m██[38;2;169;151;63m██[38;2;135;119;37m██[38;2;175;157;67m██[38;2;0;4;8m██          [38;2;0;0;0m██[38;2;218;199;102m██[38;2;0;0;0m██              
                ██[38;2;166;149;61m██[38;2;0;0;0m██          ████[38;2;136;120;37m██[38;2;122;106;27m██[38;2;175;157;67m██[38;2;0;0;0m██            ██[38;2;218;199;102m██[38;2;0;0;0m██              
                ██[38;2;166;149;61m██[38;2;46;52;57m██[38;2;0;0;0m████          ██[38;2;49;55;60m██[38;2;0;0;0m██            ██[38;2;218;199;102m████[38;2;0;0;0m██              
                  ██[38;2;139;133;131m██[38;2;90;89;86m████[38;2;0;0;0m██      ██[38;2;54;194;233m██[38;2;218;199;102m██[38;2;52;192;231m██[38;2;0;0;0m██    ██████[38;2;49;48;49m██[38;2;218;199;102m██[38;2;0;0;0m██                
                ██[38;2;139;133;131m██[38;2;93;89;87m██[38;2;49;48;49m████[38;2;90;89;86m██[38;2;0;0;0m██    ██[38;2;54;194;233m██[38;2;52;192;231m████[38;2;0;0;0m██  ██[38;2;131;85;65m██[38;2;126;78;60m██[38;2;189;117;90m██[38;2;49;48;49m██[38;2;218;199;102m██[38;2;0;0;0m██                
                ██[38;2;137;134;131m██[38;2;49;48;49m██[38;2;169;151;63m████[38;2;46;52;57m██[38;2;0;0;0m██      ██████    ██[38;2;65;68;71m██[38;2;57;44;41m██[38;2;106;98;98m██[38;2;180;113;90m██[38;2;0;0;0m██                  
                ██[38;2;93;91;90m████[38;2;49;48;49m██[38;2;169;151;63m██[38;2;166;149;61m██[38;2;46;52;57m██[38;2;0;0;0m████        ████[38;2;65;68;71m██[38;2;216;197;99m██[38;2;217;198;101m██[38;2;57;44;41m██[38;2;180;113;90m██[38;2;0;0;0m██                  
          ████  ██[38;2;90;89;86m██████[38;2;49;48;49m██[38;2;169;151;63m████████[38;2;0;4;0m████[38;2;0;0;0m████[38;2;218;199;102m████████[38;2;49;48;49m██[38;2;135;85;65m██[38;2;180;109;90m██[38;2;49;48;49m██[38;2;0;0;0m██                
        ██[38;2;139;133;131m██[38;2;93;89;87m██[38;2;0;0;0m██[38;2;90;89;86m████[38;2;0;0;0m██[38;2;90;89;86m████[38;2;0;0;0m██████[38;2;169;151;63m██[38;2;158;141;55m██[38;2;227;208;108m██[38;2;218;199;102m██████[38;2;0;0;0m██████[38;2;135;85;65m████[38;2;137;89;76m██[38;2;49;48;49m██[38;2;180;113;90m██[38;2;0;0;0m██              
        ██[38;2;90;89;86m████████[38;2;0;0;0m██  ████      ████████████      ████[38;2;131;85;65m████[38;2;180;113;98m████[38;2;0;0;0m██            
          ██[38;2;90;89;86m████[38;2;0;0;0m██                                    ██[38;2;131;85;65m██[38;2;60;40;38m██[38;2;0;4;8m██              
        [38;2;0;0;0m██[38;2;90;89;86m████[38;2;0;0;0m██                                      ██[38;2;131;85;65m██[38;2;180;117;90m██[38;2;0;4;0m██              
          [38;2;0;0;0m████                                          ██[38;2;120;79;60m██[38;2;180;117;90m██[38;2;0;0;0m██            
                                                          ████              
[0m