      [38;2;177;122;176m██████                ████        ██████    
    ██[38;2;255;195;240m██████[38;2;177;122;176m██            ██[38;2;255;195;240m████[38;2;177;122;176m██    ██[38;2;216;158;208m██[38;2;255;195;240m████[38;2;177;122;176m██  
  ██[38;2;216;158;208m██[38;2;255;195;240m████████[38;2;177;122;176m██          ██[38;2;255;195;240m████[38;2;177;122;176m██  ████[38;2;255;195;240m████████[38;2;177;122;176m██
  ██[38;2;216;158;208m████[38;2;255;195;240m██████[38;2;177;122;176m██            ████  ██[38;2;216;158;208m████[38;2;255;195;240m████████[38;2;177;122;176m██
    ████[38;2;216;158;208m████[38;2;177;122;176m██        [38;2;0;0;0m████        [38;2;177;122;176m██[38;2;216;158;208m████[38;2;255;195;240m██████[38;2;177;122;176m██  
        ████        [38;2;0;0;0m██[38;2;124;186;178m████[38;2;0;0;0m██        [38;2;177;122;176m██[38;2;216;158;208m████[38;2;255;195;240m██████[38;2;177;122;176m██
  ████      [38;2;0;0;0m████  ██[38;2;65;65;65m██[38;2;78;140;132m████[38;2;65;65;65m██[38;2;0;0;0m██        [38;2;177;122;176m████[38;2;255;195;240m████[38;2;177;122;176m████
██[38;2;216;158;208m████[38;2;177;122;176m██  [38;2;0;0;0m██[38;2;78;140;132m██[38;2;48;110;102m██[38;2;0;0;0m██[38;2;124;186;178m████[38;2;78;140;132m████[38;2;124;186;178m████[38;2;0;0;0m██████      [38;2;177;122;176m██████  
██[38;2;216;158;208m████[38;2;177;122;176m██  [38;2;0;0;0m██[38;2;48;110;102m██[38;2;78;140;132m██[38;2;124;186;178m████████████████[38;2;78;140;132m██[38;2;124;186;178m██[38;2;0;0;0m██            
  [38;2;177;122;176m████      [38;2;0;0;0m██[38;2;214;206;214m██[38;2;124;186;178m██████████████████[38;2;78;140;132m██[38;2;0;0;0m██            
          ██[38;2;124;186;178m██[38;2;255;255;255m██[38;2;124;186;178m██████████████████[38;2;0;0;0m██        [38;2;177;122;176m██    
          [38;2;0;0;0m██[38;2;124;186;178m████████████[38;2;0;0;0m██[38;2;255;255;255m██[38;2;78;140;132m██[38;2;124;186;178m████[38;2;65;65;65m██[38;2;0;0;0m██    [38;2;177;122;176m██[38;2;255;195;240m██[38;2;177;122;176m██  
        [38;2;0;0;0m██[38;2;78;140;132m██[38;2;65;65;65m██[38;2;124;186;178m████████[38;2;255;255;255m████████[38;2;124;186;178m██[38;2;78;140;132m████[38;2;48;110;102m██[38;2;0;0;0m██    [38;2;177;122;176m██    
        [38;2;0;0;0m██[38;2;78;140;132m██[38;2;214;206;214m██[38;2;65;65;65m████[38;2;124;186;178m██████████[38;2;65;65;65m██[38;2;78;140;132m████████[38;2;0;0;0m██          
          ██[38;2;48;110;102m██[38;2;197;99;123m████[38;2;65;65;65m██████████[38;2;78;140;132m██████[38;2;48;110;102m██[38;2;0;0;0m██            
            ██[38;2;78;140;132m██[38;2;197;99;123m████████[38;2;255;255;255m██[38;2;48;110;102m██[38;2;78;140;132m██████[38;2;0;0;0m██              
      [38;2;177;122;176m████[38;2;0;0;0m██[38;2;48;110;102m██[38;2;78;140;132m██[38;2;214;206;214m████[38;2;78;140;132m██████████████[38;2;0;0;0m██              
    [38;2;177;122;176m██[38;2;216;158;208m████[38;2;0;0;0m██[38;2;78;140;132m██[38;2;65;65;65m██[38;2;78;140;132m██[38;2;124;186;178m████[38;2;214;206;214m████[38;2;78;140;132m██████[38;2;65;65;65m██[38;2;48;110;102m██[38;2;0;0;0m██            
    [38;2;177;122;176m██[38;2;216;158;208m██████[38;2;0;0;0m██████[38;2;214;206;214m████[38;2;124;186;178m██[38;2;78;140;132m██████[38;2;0;0;0m██[38;2;48;110;102m████[38;2;0;0;0m██            
  [38;2;177;122;176m██[38;2;216;158;208m████████[38;2;177;122;176m██    [38;2;0;0;0m████[38;2;78;140;132m██[38;2;214;206;214m██[38;2;0;0;0m████  ████              
  [38;2;177;122;176m████[38;2;216;158;208m████[38;2;177;122;176m██    ██    [38;2;0;0;0m████          [38;2;177;122;176m████          
    ██████    ██[38;2;216;158;208m██[38;2;177;122;176m██            ████[38;2;255;195;240m████[38;2;177;122;176m██        
                ██            ██[38;2;255;195;240m████████[38;2;216;158;208m██[38;2;177;122;176m██      
                              ██[38;2;255;195;240m██████[38;2;216;158;208m████[38;2;177;122;176m██      
                                ██[38;2;255;195;240m████[38;2;177;122;176m████        
                                  ████            
[0m