              [38;2;0;0;0m████                        
            ██[38;2;65;65;65m██[38;2;164;205;222m██[38;2;0;0;0m██                      
            ██[38;2;164;205;222m██████[38;2;0;0;0m██                    
          ██[38;2;164;205;222m██[38;2;222;172;115m██[38;2;164;205;222m██[38;2;65;65;65m██[38;2;0;0;0m██████    ██████      
          ██[38;2;222;172;115m██[38;2;246;197;148m██[38;2;65;65;65m██[38;2;164;205;222m██████[38;2;123;164;189m██[38;2;0;0;0m████[38;2;164;205;222m██████[38;2;0;0;0m██    
          ██[38;2;246;197;148m██[38;2;65;65;65m██[38;2;164;205;222m██████████[38;2;65;65;65m██[38;2;164;205;222m██████████[38;2;0;0;0m██  
      ██████[38;2;65;65;65m██[38;2;213;238;246m██[38;2;123;164;189m██[38;2;164;205;222m██████████████[38;2;148;106;57m████[38;2;164;205;222m████[38;2;0;0;0m██
  ████[38;2;231;129;175m██[38;2;255;166;206m██[38;2;65;65;65m██[38;2;123;164;189m████[38;2;164;205;222m██████[38;2;123;164;189m██████[38;2;164;205;222m██[38;2;148;106;57m██[38;2;246;197;148m████[38;2;148;106;57m██[38;2;164;205;222m██[38;2;0;0;0m██
██[38;2;255;166;206m████[38;2;231;129;175m██[38;2;255;166;206m██[38;2;65;65;65m██[38;2;164;205;222m██[38;2;65;65;65m████[38;2;164;205;222m████[38;2;123;164;189m██[38;2;213;238;246m████[38;2;123;164;189m██[38;2;148;106;57m██[38;2;246;197;148m██████[38;2;0;0;0m██  
██[38;2;255;166;206m██[38;2;231;129;175m██[38;2;255;255;255m████[38;2;65;65;65m████[38;2;115;115;115m████[38;2;65;65;65m██[38;2;164;205;222m████[38;2;123;164;189m██████[38;2;164;205;222m██[38;2;148;106;57m██[38;2;246;197;148m██[38;2;65;65;65m██[38;2;0;0;0m██  
██[38;2;255;255;255m██████████[38;2;65;65;65m██[38;2;115;115;115m████[38;2;65;65;65m██[38;2;164;205;222m██[38;2;0;0;0m██[38;2;164;205;222m██████[38;2;123;164;189m██[38;2;0;0;0m██████    
  ██[38;2;255;255;255m██[38;2;173;160;152m██[38;2;255;255;255m████[38;2;65;65;65m██[38;2;115;115;115m██[38;2;65;65;65m████[38;2;123;164;189m████[38;2;0;0;0m████[38;2;123;164;189m██[38;2;0;0;0m██          
  ██[38;2;255;255;255m██[38;2;173;160;152m██[38;2;255;255;255m██[38;2;65;65;65m██[38;2;123;164;189m██[38;2;65;65;65m████████[38;2;123;164;189m██████[38;2;65;65;65m██[38;2;213;238;246m██[38;2;0;0;0m██        
    ██[38;2;255;255;255m████[38;2;65;65;65m████[38;2;123;164;189m████████[38;2;65;65;65m████[38;2;213;238;246m████[38;2;65;65;65m██[38;2;0;0;0m██        
    ██[38;2;255;255;255m████████[38;2;65;65;65m████[38;2;123;164;189m██[38;2;164;205;222m██████[38;2;65;65;65m████[38;2;0;0;0m██          
      ██[38;2;255;255;255m██[38;2;173;160;152m██[38;2;255;255;255m████[38;2;65;65;65m██████[38;2;164;205;222m████████[38;2;0;0;0m██          
      ██[38;2;255;255;255m██[38;2;173;160;152m██[38;2;255;255;255m██[38;2;65;65;65m██[38;2;164;205;222m████████████[38;2;82;139;164m██[38;2;213;238;246m██[38;2;0;0;0m██        
        ██[38;2;231;129;175m████[38;2;65;65;65m██[38;2;164;205;222m████████████[38;2;82;139;164m██[38;2;213;238;246m██[38;2;0;0;0m██        
          ██████████[38;2;123;164;189m██[38;2;164;205;222m████[38;2;82;139;164m██[38;2;213;238;246m██[38;2;0;0;0m██          
                    ██████████            
[0m