                    [38;2;0;0;0m██████                                          
                ████[38;2;237;81;141m██[38;2;184;54;102m██[38;2;237;81;141m██[38;2;0;0;0m██                                        
              ██[38;2;237;81;141m██████[38;2;184;54;102m██[38;2;237;81;141m██[38;2;0;0;0m██                                        
            ██[38;2;237;81;141m██[38;2;184;54;102m██████[38;2;239;72;135m████[38;2;85;45;60m██[38;2;0;0;16m██[38;2;0;0;0m████                                  
          ██[38;2;237;81;141m██[38;2;184;54;102m██[38;2;237;81;141m██████[38;2;182;69;111m██[38;2;66;58;60m██[38;2;183;62;110m████[38;2;237;81;141m████[38;2;0;0;0m████      ████          ██████    
          ██[38;2;170;49;98m██[38;2;237;81;141m██[38;2;170;49;98m████[38;2;237;81;141m██[38;2;184;54;100m██[38;2;66;65;66m████████[38;2;181;72;113m██[38;2;237;90;148m████[38;2;0;0;0m██  [38;2;0;0;8m██[38;2;225;107;154m██[38;2;237;81;141m██[38;2;0;0;0m██      ██[38;2;237;81;141m████[38;2;236;98;147m██[38;2;0;4;8m██  
        [38;2;0;0;0m██[38;2;170;49;98m██████████[38;2;237;81;141m██[38;2;66;65;66m██[38;2;184;54;100m██[38;2;237;81;141m████[38;2;239;72;135m██[38;2;66;65;66m██[38;2;73;45;57m██[38;2;0;0;16m██    [38;2;0;0;8m██[38;2;149;74;103m██[38;2;237;81;141m████[38;2;0;0;0m██  ██[38;2;237;81;141m████[38;2;179;176;80m██[38;2;156;68;98m████[38;2;0;0;0m██
        ██[38;2;170;49;96m████████[38;2;158;86;112m██[38;2;66;69;74m██[38;2;182;69;111m██[38;2;239;72;135m██[38;2;170;49;96m████[38;2;170;49;98m██[38;2;237;81;141m██[38;2;66;65;66m██[38;2;181;72;113m██[38;2;0;0;0m██    ██[38;2;148;85;112m██[38;2;223;116;159m██[38;2;114;114;37m██[38;2;0;0;0m██[38;2;239;72;135m████[38;2;181;176;82m████[38;2;153;90;113m████[38;2;0;0;0m██
      ██[38;2;66;65;66m██[38;2;170;49;96m████████[38;2;66;69;74m██[38;2;133;76;98m██[38;2;66;58;60m██[38;2;239;72;135m██[38;2;170;49;96m████[38;2;170;49;98m████[38;2;239;72;135m██[38;2;66;65;66m██[38;2;185;54;99m██[38;2;0;0;0m██    [38;2;0;0;24m██[38;2;70;51;58m██[38;2;254;255;29m██[38;2;255;251;27m██[38;2;66;58;60m██[38;2;182;69;111m██[38;2;181;176;82m████[38;2;72;51;59m██[38;2;0;0;8m██  
      [38;2;0;0;24m██[38;2;223;116;159m██[38;2;66;69;74m██[38;2;167;77;112m██[38;2;66;65;66m████[38;2;122;119;39m████[38;2;255;255;255m██[38;2;64;55;57m██[38;2;249;72;153m██[38;2;175;41;92m██[38;2;170;49;98m██[38;2;237;81;141m██[38;2;239;73;135m██[38;2;66;56;66m██[38;2;126;54;78m████[38;2;0;0;8m████[38;2;237;81;141m████[38;2;84;53;66m██[38;2;254;255;29m██[38;2;182;69;111m██[38;2;66;58;60m██[38;2;66;65;66m████[38;2;185;54;101m████[38;2;0;0;0m██
    ██[38;2;70;51;58m██[38;2;148;85;112m██[38;2;133;76;98m██[38;2;66;69;74m██[38;2;181;176;82m████[38;2;7;0;2m██[38;2;255;255;255m████[38;2;214;212;0m██[38;2;82;52;74m██[38;2;249;72;153m██[38;2;237;81;141m████[38;2;183;64;107m████[38;2;66;58;60m██[38;2;184;43;93m██[38;2;82;43;55m██[38;2;175;68;105m██[38;2;184;54;102m████[38;2;134;97;112m██[38;2;84;53;66m██[38;2;239;72;135m████[38;2;66;65;66m██[38;2;184;54;100m██[38;2;185;54;101m████[38;2;0;0;0m██
  ██[38;2;254;255;29m██[38;2;66;65;66m████[38;2;255;246;26m██[38;2;179;176;80m██[38;2;177;174;80m██[38;2;255;255;255m██[38;2;156;105;99m██[38;2;255;255;255m██[38;2;181;176;82m████[38;2;66;65;74m██[38;2;181;82;123m██[38;2;170;49;98m██████[38;2;237;81;141m██[38;2;66;58;60m██[38;2;119;70;87m██[38;2;237;81;141m██[38;2;66;65;66m██[38;2;181;176;82m████[38;2;66;65;66m████[38;2;237;81;141m██████[38;2;66;65;66m██[38;2;82;43;55m██[38;2;0;0;8m██  
  [38;2;0;0;0m██[38;2;254;255;29m████[38;2;170;171;77m██[38;2;255;246;26m████[38;2;255;251;26m██[38;2;177;174;80m██[38;2;255;255;255m██[38;2;156;105;99m██[38;2;66;65;66m██[38;2;181;176;82m██[38;2;143;80;107m██[38;2;66;65;74m██[38;2;237;81;141m██[38;2;170;49;98m████[38;2;237;81;141m██[38;2;66;58;60m██[38;2;239;72;135m██[38;2;237;81;141m██[38;2;66;65;66m██[38;2;181;176;82m██[38;2;66;65;66m██[38;2;184;54;100m████[38;2;66;65;66m██[38;2;237;81;141m████[38;2;66;65;66m██[38;2;175;68;105m██[38;2;0;0;8m██  
  [38;2;0;0;0m██[38;2;254;255;29m██████[38;2;177;172;80m██[38;2;255;247;26m██[38;2;66;65;66m██[38;2;255;247;26m██[38;2;66;65;66m████[38;2;255;247;26m██[38;2;68;66;68m██[38;2;134;102;114m██[38;2;70;60;59m██[38;2;82;52;74m██[38;2;249;72;153m████[38;2;82;52;74m██[38;2;126;54;78m████[38;2;128;39;69m██[38;2;237;81;141m██[38;2;66;65;66m██[38;2;0;0;0m██[38;2;184;54;100m████[38;2;66;65;74m██[38;2;86;65;73m██[38;2;66;65;74m██[38;2;128;46;73m██[38;2;185;54;99m██[38;2;0;0;0m██  
    ██[38;2;254;255;29m██[38;2;179;176;80m██[38;2;255;247;26m██[38;2;68;66;68m██[38;2;255;247;26m██[38;2;66;65;66m██[38;2;255;247;26m████[38;2;177;172;80m████[38;2;70;60;59m██[38;2;100;80;85m██[38;2;249;72;153m██[38;2;175;41;92m████[38;2;249;72;153m██[38;2;67;46;51m██[38;2;239;72;135m██[38;2;237;81;141m████[38;2;0;0;0m██  ████[38;2;128;46;73m████[38;2;86;65;73m██[38;2;66;65;74m██[38;2;0;0;0m██    
      ██[38;2;255;247;26m████[38;2;57;58;57m██[38;2;255;247;26m████[38;2;66;65;66m████████[38;2;126;54;79m██[38;2;79;43;55m██[38;2;251;63;147m██[38;2;171;36;95m██[38;2;175;41;92m██[38;2;249;72;153m██[38;2;79;43;55m██[38;2;126;54;79m██[38;2;237;81;141m██[38;2;128;39;69m██[38;2;0;0;0m██      ██[38;2;66;65;66m██[38;2;119;112;38m██[38;2;0;0;0m██      
        ██[38;2;0;4;8m██[38;2;255;247;26m██[38;2;0;4;8m██[38;2;57;58;57m██[38;2;254;255;29m██[38;2;66;65;66m██[38;2;181;176;82m██[38;2;66;65;66m██[38;2;126;54;79m██[38;2;0;0;8m██[38;2;8;0;8m██[38;2;251;63;147m██[38;2;249;72;153m██[38;2;82;52;74m██[38;2;126;54;79m██[38;2;0;0;8m██[38;2;128;39;69m████[38;2;0;0;0m██        ██[38;2;119;112;38m██[38;2;0;0;0m██      
            ██[38;2;255;247;26m████[38;2;254;255;29m████[38;2;66;65;66m██[38;2;181;176;82m██[38;2;0;0;0m██    ██[38;2;128;40;70m████[38;2;0;0;0m██  ████          ██[38;2;180;176;82m██[38;2;0;0;0m██      
            ██[38;2;66;65;66m██[38;2;255;247;26m██[38;2;254;255;29m██[38;2;66;65;66m██[38;2;181;176;82m████[38;2;66;65;66m██[38;2;0;0;0m██    ████                ██[38;2;179;176;80m██[38;2;180;176;82m██[38;2;0;0;0m██      
        ██[38;2;8;8;8m██[38;2;63;59;61m██[38;2;183;62;105m██[38;2;71;68;85m██[38;2;74;69;82m██[38;2;237;90;148m██[38;2;66;65;66m██[38;2;255;249;26m██[38;2;255;246;26m████[38;2;0;0;0m██████                  ██[38;2;180;176;82m██[38;2;0;0;0m██        
      ██[38;2;255;247;26m██[38;2;255;252;28m██[38;2;63;59;61m██[38;2;183;62;105m██[38;2;121;80;95m██[38;2;123;86;101m██[38;2;237;90;148m██[38;2;177;172;80m██[38;2;66;65;66m██[38;2;179;176;80m████[38;2;214;212;0m██[38;2;254;255;29m████[38;2;0;0;0m██            ████[38;2;180;176;82m████[38;2;0;0;0m██        
        ██[38;2;181;176;82m████[38;2;66;65;66m██[38;2;239;72;135m██[38;2;237;81;141m██[38;2;66;65;66m██[38;2;143;80;107m██[38;2;66;65;74m██[38;2;254;255;29m████████[38;2;177;172;80m██[38;2;255;247;26m██[38;2;0;0;0m██████    ██[38;2;255;249;26m██[38;2;66;65;66m██[38;2;180;176;82m██[38;2;0;0;0m██          
    ████[38;2;185;54;99m██[38;2;66;65;66m████[38;2;181;72;113m██[38;2;66;65;66m████[38;2;237;81;141m██[38;2;66;65;74m██[38;2;181;82;123m██[38;2;66;65;66m██[38;2;254;255;29m████[38;2;177;174;80m██[38;2;68;66;68m██[38;2;177;172;80m██[38;2;180;176;82m████[38;2;179;176;80m██[38;2;0;0;0m████[38;2;255;247;26m██[38;2;66;65;66m██[38;2;177;172;80m██[38;2;180;176;82m██[38;2;0;0;0m██          
  [38;2;0;4;0m██[38;2;237;81;141m██[38;2;100;80;85m██[38;2;70;60;59m██[38;2;180;176;82m████[38;2;0;0;0m██[38;2;237;81;141m██[38;2;239;72;135m██[38;2;66;65;66m██[38;2;184;54;100m████[38;2;66;65;66m████[38;2;254;255;29m██[38;2;75;54;62m██[38;2;181;176;82m██[38;2;66;65;66m██[38;2;146;87;110m██[38;2;66;65;74m████[38;2;146;87;110m██[38;2;181;176;82m██[38;2;66;65;66m██[38;2;180;176;82m████[38;2;0;0;0m██            
██[38;2;237;81;141m██[38;2;119;41;69m██[38;2;70;60;59m██[38;2;134;102;114m██[38;2;180;176;82m██[38;2;0;0;0m██  ██[38;2;66;65;66m██[38;2;181;72;113m██[38;2;66;65;66m██████[38;2;255;247;26m██[38;2;75;54;62m██[38;2;245;231;0m██[38;2;181;176;82m████[38;2;66;65;74m██[38;2;227;99;147m████[38;2;66;65;74m██[38;2;66;65;66m██[38;2;181;176;82m██[38;2;180;176;82m██[38;2;0;0;0m██              
██[38;2;66;65;74m████[38;2;180;176;82m████[38;2;0;0;0m██  ██[38;2;173;169;79m██[38;2;181;176;82m██[38;2;66;65;66m██[38;2;181;176;82m████[38;2;66;65;66m████[38;2;237;90;148m██[38;2;74;69;82m██[38;2;237;81;141m████[38;2;66;65;66m████[38;2;153;90;113m████[38;2;181;176;82m██[38;2;66;65;66m██[38;2;0;0;0m██                
██[38;2;146;87;110m██[38;2;227;99;147m██[38;2;62;56;57m██[38;2;0;0;0m██    ██[38;2;255;251;27m██[38;2;181;176;82m██[38;2;66;65;66m████████[38;2;0;0;0m██[38;2;123;86;101m██[38;2;237;90;148m██[38;2;179;176;80m████[38;2;66;65;66m██[38;2;181;176;82m██[38;2;0;0;8m██[38;2;72;51;59m██[38;2;66;65;66m██[38;2;181;176;82m██[38;2;179;176;80m██[38;2;0;0;0m██              
  ██[38;2;179;176;80m██[38;2;149;74;103m██[38;2;225;107;154m██[38;2;0;0;0m██    ██[38;2;66;65;66m████[38;2;106;59;76m██[38;2;0;0;8m██[38;2;0;0;16m██[38;2;148;87;113m██[38;2;240;56;110m██[38;2;73;47;66m██[38;2;237;81;141m████[38;2;59;53;54m██[38;2;0;0;0m██  ██[38;2;159;87;114m████[38;2;153;89;112m██[38;2;0;0;0m██              
    ██[38;2;0;0;8m████    [38;2;0;0;0m██[38;2;119;112;38m██[38;2;117;111;38m████[38;2;0;0;8m██[38;2;227;99;147m██[38;2;148;87;113m██[38;2;223;124;165m██[38;2;174;58;88m████[38;2;66;65;66m████[38;2;122;117;39m██[38;2;0;0;0m██    ██[38;2;159;87;114m██[38;2;153;89;112m██[38;2;0;0;0m██              
            ██[38;2;185;54;99m██[38;2;0;0;0m██[38;2;185;54;99m██[38;2;0;0;0m██  ██[38;2;66;65;74m██[38;2;227;99;147m██[38;2;170;49;98m████[38;2;182;47;87m██[38;2;66;65;66m██[38;2;118;112;38m████[38;2;0;0;0m██    ████                
              ██  ██  ██[38;2;237;81;141m██[38;2;146;87;110m██[38;2;66;65;74m██[38;2;237;81;141m████[38;2;182;47;87m██[38;2;66;65;66m██[38;2;118;112;38m████[38;2;0;0;0m██                        
                        ████[38;2;179;176;80m██[38;2;82;43;55m██[38;2;175;68;105m██[38;2;0;0;0m████[38;2;185;54;99m██[38;2;0;0;0m██                          
                            ██[38;2;0;0;8m████    [38;2;0;0;0m██                            
[0m