              [38;2;0;0;0m██████                              
            ██[38;2;163;129;91m████[38;2;114;91;64m██[38;2;0;0;0m████                          
          ██[38;2;114;91;64m██[38;2;163;129;91m████[38;2;65;65;65m██[38;2;163;129;91m██[38;2;114;91;64m██[38;2;0;0;0m██                        
          ██[38;2;163;129;91m████[38;2;80;63;39m██[38;2;163;129;91m██████[38;2;114;91;64m██[38;2;0;0;0m██                      
        ██[38;2;255;255;255m██[38;2;231;216;72m██[38;2;163;129;91m██[38;2;114;91;64m██[38;2;163;129;91m████[38;2;114;91;64m██[38;2;65;65;65m██[38;2;0;0;0m██                      
  ████  ██[38;2;115;115;115m██[38;2;231;216;72m██████[38;2;255;255;255m██[38;2;231;216;72m██[38;2;161;144;58m██[38;2;65;65;65m██[38;2;163;129;91m██[38;2;0;0;0m██                    
██[38;2;163;129;91m██[38;2;114;91;64m██[38;2;0;0;0m██[38;2;115;115;115m██[38;2;231;216;72m████[38;2;163;129;91m██[38;2;231;216;72m██[38;2;115;115;115m██[38;2;231;216;72m██[38;2;210;195;68m██[38;2;65;65;65m██[38;2;163;129;91m████[38;2;0;0;0m██                  
██[38;2;115;115;115m██[38;2;163;129;91m████████[38;2;115;115;115m████[38;2;163;129;91m██[38;2;231;216;72m██[38;2;210;195;68m██[38;2;65;65;65m██[38;2;163;129;91m██████[38;2;0;0;0m██                  
██[38;2;163;129;91m██[38;2;114;91;64m██[38;2;163;129;91m██[38;2;115;115;115m██[38;2;163;129;91m██████[38;2;114;91;64m████████[38;2;65;65;65m██[38;2;163;129;91m██[38;2;114;91;64m██[38;2;0;0;0m██                  
  ██[38;2;255;255;255m██[38;2;0;0;0m██[38;2;163;129;91m████[38;2;114;91;64m████[38;2;65;65;65m████[38;2;255;255;255m██[38;2;65;65;65m██[38;2;114;91;64m████[38;2;0;0;0m██            ██      
    ██  ██[38;2;255;255;255m██[38;2;65;65;65m████[38;2;129;150;198m████[38;2;65;65;65m██[38;2;114;91;64m██[38;2;65;65;65m██[38;2;163;129;91m████[38;2;0;0;0m██    ██  ██[38;2;231;216;72m██[38;2;0;0;0m██████
          ████[38;2;114;91;64m██[38;2;115;115;115m████[38;2;65;65;65m████[38;2;163;129;91m████[38;2;114;91;64m██[38;2;0;0;0m██  ██[38;2;231;216;72m██[38;2;0;0;0m██[38;2;65;65;65m████[38;2;231;216;72m██[38;2;163;129;91m██[38;2;0;0;0m██
              ██[38;2;161;144;58m██[38;2;163;129;91m████[38;2;115;115;115m██[38;2;163;129;91m██[38;2;161;144;58m██[38;2;231;216;72m██[38;2;80;63;39m██[38;2;0;0;0m██[38;2;65;65;65m████[38;2;231;216;72m██[38;2;163;129;91m██[38;2;114;91;64m██[38;2;231;216;72m██[38;2;0;0;0m██  
            ██[38;2;115;115;115m██[38;2;80;63;39m██[38;2;231;216;72m██[38;2;115;115;115m████[38;2;231;216;72m████[38;2;80;63;39m██[38;2;163;129;91m██[38;2;231;216;72m██[38;2;163;129;91m██[38;2;114;91;64m██[38;2;115;115;115m██[38;2;231;216;72m██[38;2;163;129;91m██[38;2;0;0;0m██    
            ██[38;2;163;129;91m██[38;2;80;63;39m██[38;2;129;150;198m██[38;2;231;216;72m████[38;2;129;150;198m██[38;2;80;63;39m██[38;2;163;129;91m██████[38;2;231;216;72m██[38;2;163;129;91m██[38;2;115;115;115m██[38;2;231;216;72m██[38;2;0;0;0m██      
          ██[38;2;189;189;189m██[38;2;231;216;72m██[38;2;114;91;64m██[38;2;115;115;115m██[38;2;129;150;198m████[38;2;80;63;39m██[38;2;114;91;64m██[38;2;115;115;115m████[38;2;163;129;91m██[38;2;231;216;72m██[38;2;163;129;91m██[38;2;0;0;0m████        
          ████[38;2;255;255;255m██[38;2;114;91;64m██[38;2;0;0;0m██████[38;2;80;63;39m██[38;2;163;129;91m██████[38;2;114;91;64m██[38;2;231;216;72m██[38;2;0;0;0m██            
            ██████      ██[38;2;80;63;39m██[38;2;114;91;64m██[38;2;80;63;39m██[38;2;231;216;72m██[38;2;0;0;0m██              
                          ██[38;2;65;65;65m██[38;2;114;91;64m████[38;2;0;0;0m██              
                          ██[38;2;255;255;255m██[38;2;0;0;0m██[38;2;255;255;255m██[38;2;0;0;0m██              
                          ████  ██                
[0m