              [38;2;0;0;0m████        ██████                                
              ██[38;2;164;137;84m██[38;2;0;0;0m██[38;2;0;8;8m████[38;2;0;0;0m██[38;2;164;137;84m██[38;2;164;139;84m████[38;2;0;0;0m████  ████                      
            ██[38;2;119;101;57m██[38;2;164;137;84m████[38;2;60;54;41m██[38;2;167;147;93m██[38;2;164;137;84m████[38;2;164;139;84m████[38;2;171;147;87m██[38;2;107;91;54m██[38;2;0;0;0m██[38;2;147;125;75m██[38;2;0;0;0m██                      
            [38;2;0;4;0m██[38;2;100;89;60m██[38;2;164;137;84m██[38;2;122;101;57m██[38;2;164;139;84m████████████[38;2;122;101;57m██[38;2;164;137;84m██[38;2;147;125;75m██[38;2;159;148;27m██[38;2;0;0;0m██                      
            [38;2;0;4;0m██[38;2;165;143;17m██[38;2;164;137;84m████[38;2;164;139;84m████████████[38;2;164;137;84m██[38;2;147;125;75m██[38;2;159;148;27m██[38;2;220;195;1m██[38;2;0;0;0m██                      
            ██[38;2;222;198;1m██[38;2;165;145;27m██[38;2;161;133;75m██[38;2;164;139;84m████[38;2;164;137;84m████████[38;2;147;125;75m██[38;2;159;148;27m██[38;2;222;198;1m████[38;2;60;54;41m██[38;2;0;8;8m██                    
            [38;2;0;0;0m██[38;2;222;198;1m████[38;2;123;103;67m██[38;2;164;139;84m████[38;2;122;101;57m██[38;2;164;137;84m██[38;2;147;125;75m██[38;2;165;145;27m██[38;2;222;198;1m██[38;2;220;195;1m██[38;2;222;198;1m██[38;2;165;145;27m██[38;2;147;125;75m██[38;2;0;8;8m██                    
          [38;2;0;0;0m██[38;2;123;106;59m██[38;2;222;198;1m██[38;2;65;64;65m██[38;2;165;143;27m██[38;2;222;198;1m████[38;2;122;107;66m██[38;2;165;150;32m██[38;2;222;198;1m████████[38;2;220;195;1m██[38;2;159;148;27m██[38;2;147;125;75m██[38;2;164;139;84m██[38;2;0;0;0m██                  
          ██[38;2;123;106;59m██[38;2;165;145;27m██[38;2;126;115;51m██[38;2;222;198;1m██[38;2;123;106;59m██[38;2;222;198;1m████[38;2;206;178;1m██[38;2;65;64;65m██[38;2;222;198;1m██████[38;2;159;148;27m██[38;2;147;125;75m██[38;2;164;139;84m████[38;2;0;0;0m██            ██    
          ██[38;2;120;102;61m████[38;2;125;132;45m██[38;2;123;106;59m██[38;2;164;137;84m████[38;2;165;145;27m██[38;2;222;198;1m██████[38;2;165;145;27m████[38;2;147;125;75m██[38;2;164;137;84m████[38;2;122;101;57m██[38;2;0;0;0m██          ██[38;2;222;198;1m██[38;2;0;0;0m██  
            [38;2;0;8;8m██[38;2;67;59;41m██[38;2;117;108;60m██████[38;2;164;137;84m████[38;2;140;122;38m██[38;2;165;145;27m████[38;2;147;125;75m██[38;2;164;137;84m████[38;2;65;64;65m██[38;2;122;101;57m████[38;2;0;0;0m██          ██[38;2;222;198;1m██[38;2;0;0;0m██  
            [38;2;0;16;8m██[38;2;90;84;61m██[38;2;255;231;58m██████[38;2;179;163;59m██[38;2;164;137;84m████████[38;2;74;61;54m████[38;2;77;64;40m██[38;2;120;112;88m██[38;2;123;109;68m██[38;2;0;4;0m██            ██[38;2;141;120;25m██[38;2;224;201;1m██[38;2;0;0;0m██
      ██  ██[38;2;167;147;93m████[38;2;117;108;60m██[38;2;179;163;59m██[38;2;255;231;58m████[38;2;117;108;60m██[38;2;57;72;65m██[38;2;65;64;65m████[38;2;198;200;178m██[38;2;116;111;97m██[38;2;205;206;177m██[38;2;120;112;88m██[38;2;67;62;42m██[38;2;0;4;0m██            ██[38;2;123;109;68m██[38;2;140;122;38m██[38;2;0;0;0m██
    ██[38;2;164;137;84m██[38;2;0;0;0m██[38;2;160;135;71m██[38;2;89;74;35m████[38;2;164;139;84m████[38;2;117;108;60m██[38;2;65;72;74m██[38;2;65;64;65m██[38;2;123;106;59m████████[38;2;65;64;65m██████[38;2;140;129;45m██[38;2;206;178;1m██[38;2;0;0;0m██        ██[38;2;123;106;59m██████[38;2;0;0;0m██
  ██[38;2;164;137;84m████[38;2;98;82;44m████[38;2;164;137;84m██[38;2;89;74;35m██[38;2;164;139;84m████[38;2;65;72;74m██[38;2;122;107;66m██[38;2;123;106;59m██[38;2;65;64;65m████████[38;2;123;106;59m████[38;2;65;64;65m██[38;2;122;107;66m██[38;2;140;129;45m██[38;2;0;0;0m██  ████  ██[38;2;140;122;38m████[38;2;123;106;59m██[38;2;0;0;0m██
  ██[38;2;65;64;65m██[38;2;164;137;84m████████[38;2;89;74;35m██[38;2;161;133;75m██[38;2;65;64;65m██[38;2;145;128;82m██[38;2;71;69;54m██[38;2;65;68;65m██[38;2;137;155;169m██[38;2;139;161;178m████[38;2;109;93;58m████[38;2;65;64;65m██[38;2;123;106;59m██[38;2;122;101;57m████[38;2;64;56;49m██[38;2;0;20;16m██[38;2;222;198;1m████[38;2;0;8;8m██[38;2;67;59;41m██[38;2;222;198;1m████[38;2;140;122;38m██[38;2;0;0;0m██
  ██[38;2;164;137;84m██████[38;2;65;64;65m██[38;2;164;137;84m████[38;2;65;64;65m██[38;2;123;103;67m██[38;2;71;69;54m██[38;2;172;198;222m████[38;2;137;155;169m██[38;2;139;161;178m████[38;2;123;161;172m██[38;2;129;112;103m██[38;2;65;64;65m██[38;2;123;106;59m██[38;2;122;101;57m██[38;2;164;137;84m██[38;2;169;139;93m██[38;2;138;114;29m██[38;2;140;122;38m████[38;2;120;102;61m████[38;2;140;122;38m██[38;2;222;198;1m██[38;2;224;201;1m██[38;2;0;0;0m██
    [38;2;4;4;0m██[38;2;144;140;122m██[38;2;164;137;84m████[38;2;65;64;65m████[38;2;123;106;59m██[38;2;65;64;65m██[38;2;126;112;33m██[38;2;172;190;222m██[38;2;169;190;219m████[38;2;172;190;222m██[38;2;139;127;33m██[38;2;221;197;1m████[38;2;210;182;1m██[38;2;65;76;74m██[38;2;65;64;65m██[38;2;161;133;75m██[38;2;222;198;1m████[38;2;220;195;1m██[38;2;132;126;38m██[38;2;140;129;45m██[38;2;122;107;66m██[38;2;123;106;59m██[38;2;140;122;38m██[38;2;222;198;1m██[38;2;0;0;0m██
  ██[38;2;213;208;183m██[38;2;74;72;60m██[38;2;65;64;65m████[38;2;123;106;59m████[38;2;65;64;65m████[38;2;172;190;222m████[38;2;169;190;219m████[38;2;172;190;222m████████[38;2;120;100;61m████[38;2;123;103;67m██[38;2;65;64;65m████[38;2;222;198;1m██[38;2;166;143;88m██[38;2;132;126;38m██[38;2;206;178;1m██[38;2;140;129;45m██[38;2;123;106;59m████[38;2;0;0;0m██  
██[38;2;65;65;63m██[38;2;199;195;175m██[38;2;92;88;53m██[38;2;203;202;187m██[38;2;109;108;92m██[38;2;0;0;0m██[38;2;65;64;65m██[38;2;123;106;59m██[38;2;65;64;65m██[38;2;169;190;219m████████████████[38;2;172;190;222m██[38;2;131;118;33m██[38;2;222;198;1m████[38;2;65;64;65m████[38;2;164;137;84m████[38;2;140;122;38m██[38;2;222;198;1m██[38;2;126;110;26m██[38;2;130;121;83m██[38;2;0;0;0m██  
██[38;2;196;195;189m██[38;2;4;4;0m████[38;2;203;202;187m██[38;2;13;12;0m██  [38;2;0;0;0m██[38;2;123;106;59m██[38;2;65;64;65m██[38;2;169;190;219m████████████████[38;2;131;118;33m██[38;2;228;208;1m██[38;2;222;198;1m██[38;2;65;64;65m██[38;2;164;137;84m████[38;2;89;74;35m██[38;2;164;137;84m██[38;2;140;122;38m██[38;2;222;198;1m██[38;2;216;188;1m██[38;2;0;20;16m██    
  [38;2;0;0;0m██    ██  ██[38;2;123;106;59m██[38;2;122;104;59m██[38;2;139;161;180m██[38;2;65;64;65m██[38;2;172;194;222m██[38;2;169;190;219m████[38;2;169;190;216m████[38;2;139;126;33m██[38;2;128;114;33m██[38;2;230;210;1m████[38;2;65;64;65m██[38;2;255;255;255m██[38;2;167;138;74m██[38;2;103;92;60m██[38;2;246;255;255m██[38;2;93;77;36m██[38;2;164;137;84m██[38;2;140;122;38m██[38;2;222;198;1m██[38;2;0;0;0m██    
            ██[38;2;123;106;59m██[38;2;122;104;59m██[38;2;139;161;180m██[38;2;65;64;65m██[38;2;137;151;169m██[38;2;169;190;219m████[38;2;169;190;216m██[38;2;142;161;178m██[38;2;139;161;172m████[38;2;139;161;180m██[38;2;132;119;33m██[38;2;65;64;65m██[38;2;255;255;255m██[38;2;69;66;45m██[38;2;103;92;60m██[38;2;201;197;185m██[38;2;93;77;36m██[38;2;164;137;84m██[38;2;140;122;38m██[38;2;0;0;0m██      
              ██[38;2;65;64;65m██[38;2;123;106;59m██[38;2;142;161;175m██[38;2;65;64;65m██[38;2;139;161;180m████[38;2;139;161;178m████████[38;2;139;161;172m██[38;2;65;64;65m██[38;2;164;137;84m██[38;2;65;64;65m██[38;2;164;137;84m██[38;2;65;64;65m██[38;2;74;61;54m██[38;2;116;111;97m██[38;2;255;255;255m██[38;2;0;0;0m██        
            ██[38;2;196;195;189m██[38;2;65;64;65m████████[38;2;0;0;0m████[38;2;139;161;178m████████[38;2;65;64;65m██[38;2;197;173;116m██[38;2;164;137;84m████████[38;2;74;61;54m██[38;2;198;200;178m██[38;2;0;0;0m██          
            ████[38;2;196;195;189m██[38;2;0;0;0m██[38;2;196;195;189m██[38;2;0;0;0m██    ████████[38;2;70;60;45m██[38;2;102;87;64m██[38;2;163;138;79m████[38;2;161;133;75m██[38;2;122;103;64m██[38;2;123;109;68m██[38;2;0;4;0m██            
                [38;2;0;0;0m██  ██              [38;2;0;8;8m██[38;2;70;60;45m██[38;2;65;60;65m██[38;2;123;104;68m██[38;2;122;103;64m██[38;2;62;62;56m██[38;2;67;62;42m██[38;2;0;4;0m██            
                                      [38;2;0;0;0m██[38;2;246;250;246m██[38;2;82;83;82m██[38;2;82;82;82m████[38;2;255;255;255m██[38;2;0;0;0m██            
                                        ████[38;2;246;246;246m██[38;2;0;0;0m████              
                                            ██                  
[0m