                            [38;2;0;0;0m████            ██████████                  
                          ██[38;2;114;120;119m████[38;2;0;0;0m██      ████[38;2;54;60;59m██[38;2;189;189;180m████[38;2;54;60;59m████[38;2;0;0;0m██                
                        ██[38;2;114;120;119m██[38;2;54;60;59m████[38;2;74;80;79m██[38;2;0;0;0m██  ██[38;2;54;60;59m██[38;2;255;205;148m██[38;2;189;189;180m██[38;2;54;60;59m████[38;2;0;0;0m██████                
    ████████          ██[38;2;74;80;79m██[38;2;54;60;59m██████[38;2;74;80;79m██[38;2;0;0;0m████[38;2;54;60;59m████████[38;2;0;0;0m████                      
  ██[38;2;189;189;180m██[38;2;54;60;59m██[38;2;189;189;180m██[38;2;54;60;59m██[38;2;0;0;0m██      ██[38;2;62;62;62m██████[38;2;54;60;59m██████[38;2;74;80;79m██[38;2;62;62;62m████████[38;2;0;0;0m██            ████████      
██[38;2;189;189;180m██[38;2;54;60;59m██[38;2;255;98;90m████[38;2;54;60;59m████[38;2;0;0;0m██████[38;2;69;75;74m████[38;2;205;222;246m██████[38;2;189;189;180m██[38;2;62;62;62m████████[38;2;114;120;119m████[38;2;62;62;62m██[38;2;0;0;0m██████    ██[38;2;69;75;74m██[38;2;62;62;62m██[38;2;205;222;246m████[38;2;0;0;0m██████
██[38;2;54;60;59m████[38;2;74;80;79m██[38;2;54;60;59m██[38;2;74;80;79m██[38;2;54;60;59m██[38;2;62;62;62m██[38;2;94;100;99m████[38;2;255;246;156m████[38;2;94;100;99m██████[38;2;69;75;74m██[38;2;189;189;180m████[38;2;62;62;62m██[38;2;114;120;119m██[38;2;69;75;74m████[38;2;114;120;119m██[38;2;62;62;62m██[38;2;69;75;74m██[38;2;0;0;0m██  ██[38;2;69;75;74m██[38;2;62;62;62m██[38;2;189;189;180m██[38;2;62;62;62m████[38;2;69;75;74m████[38;2;0;0;0m██
  ████[38;2;54;60;59m██[38;2;74;80;79m██[38;2;54;60;59m██[38;2;62;62;62m██[38;2;94;100;99m████[38;2;255;246;156m██[38;2;94;100;99m████[38;2;69;75;74m██████████[38;2;62;62;62m██[38;2;114;120;119m██[38;2;69;75;74m████[38;2;114;120;119m██[38;2;62;62;62m██[38;2;69;75;74m██[38;2;62;62;62m██[38;2;0;0;0m████[38;2;69;75;74m██[38;2;62;62;62m██[38;2;255;246;156m██[38;2;62;62;62m██[38;2;69;75;74m██[38;2;0;0;0m██████  
      ██████[38;2;69;75;74m██[38;2;255;246;156m████[38;2;94;100;99m████[38;2;69;75;74m██[38;2;255;246;156m████[38;2;255;205;148m████[38;2;62;62;62m██[38;2;114;120;119m██[38;2;69;75;74m████████[38;2;205;222;246m██[38;2;62;62;62m██[38;2;69;75;74m████████[38;2;62;62;62m██[38;2;69;75;74m████[38;2;0;0;0m██        
          ██[38;2;255;246;156m██[38;2;94;100;99m██[38;2;205;222;246m██[38;2;94;100;99m██[38;2;255;255;255m██[38;2;255;205;148m████[38;2;255;246;156m████[38;2;69;75;74m██[38;2;62;62;62m██[38;2;114;120;119m██[38;2;69;75;74m████[38;2;205;222;246m██[38;2;54;60;59m██[38;2;189;189;180m██[38;2;0;0;0m████[38;2;69;75;74m████████[38;2;0;0;0m████          
        ██[38;2;94;100;99m██[38;2;255;246;156m██[38;2;94;100;99m██[38;2;205;222;246m██[38;2;94;100;99m██[38;2;69;75;74m██[38;2;255;246;156m████[38;2;205;222;246m██[38;2;69;75;74m██████[38;2;62;62;62m██[38;2;114;120;119m██[38;2;54;60;59m██[38;2;189;189;180m██[38;2;0;0;0m████    ████████              
      ██[38;2;94;100;99m████[38;2;255;246;156m██[38;2;205;222;246m██[38;2;94;100;99m██████[38;2;69;75;74m██████████[38;2;255;246;156m██[38;2;189;189;180m██[38;2;62;62;62m██[38;2;74;80;79m██[38;2;0;0;0m██                              
      ██[38;2;94;100;99m████████████[38;2;69;75;74m██[38;2;114;120;119m██████[38;2;69;75;74m████████[38;2;62;62;62m██[38;2;74;80;79m██[38;2;0;0;0m██                              
        ██[38;2;114;120;119m████[38;2;69;75;74m██████[38;2;114;120;119m██[38;2;0;0;0m██[38;2;246;238;74m██[38;2;0;0;0m██[38;2;114;120;119m████[38;2;69;75;74m██████████[38;2;0;0;0m████████                      
          ████[38;2;114;120;119m██████[38;2;74;80;79m████[38;2;0;0;0m██[38;2;74;80;79m██[38;2;205;222;246m████[38;2;114;120;119m██[38;2;62;62;62m██[38;2;69;75;74m████[38;2;114;120;119m████[38;2;69;75;74m██████[38;2;0;0;0m████                  
              ████[38;2;205;222;246m████████████[38;2;0;0;0m██████[38;2;69;75;74m██[38;2;114;120;119m██[38;2;255;246;156m██[38;2;255;205;148m██[38;2;114;120;119m██[38;2;255;98;90m████[38;2;62;62;62m██[38;2;189;189;180m██[38;2;0;0;0m██                
                  ██████[38;2;205;222;246m████[38;2;0;0;0m██      ██[38;2;69;75;74m██[38;2;114;120;119m████[38;2;255;98;90m██[38;2;205;222;246m████[38;2;62;62;62m████[38;2;0;0;0m██                
                        ████        ██[38;2;69;75;74m██████[38;2;255;98;90m██[38;2;205;222;246m██[38;2;62;62;62m████[38;2;189;189;180m██[38;2;0;0;0m██                
                                      ██[38;2;69;75;74m██[38;2;62;62;62m████████[38;2;255;255;255m██[38;2;0;0;0m██                  
                                        ████[38;2;255;255;255m████[38;2;0;0;0m████                    
                                            ████                        
[0m