                  [38;2;0;0;0m██                  
                ██[38;2;115;107;88m██[38;2;0;0;0m██                
                ██[38;2;115;107;88m██[38;2;0;0;0m██                
            ████[38;2;65;65;65m██[38;2;115;107;88m██[38;2;65;65;65m██[38;2;0;0;0m████            
        ████[38;2;115;107;88m████[38;2;65;65;65m██████[38;2;115;107;88m████[38;2;0;0;0m████        
    ████[38;2;115;107;88m██████████████████████[38;2;0;0;0m████    
  ██[38;2;115;107;88m██████████████████████████████[38;2;0;0;0m██  
██[38;2;115;107;88m██████████████████████████████████[38;2;0;0;0m██
  ████[38;2;65;65;65m████[38;2;115;107;88m██████████████████[38;2;65;65;65m████[38;2;0;0;0m████  
      ████[38;2;90;107;206m██[38;2;0;229;251m██[38;2;65;65;65m████████████[38;2;90;107;206m██[38;2;0;0;0m████      
        ██[38;2;165;181;247m██[38;2;0;229;251m██[38;2;158;98;255m██████[38;2;165;181;247m██[38;2;0;229;251m██[38;2;165;181;247m██[38;2;90;107;206m██[38;2;0;0;0m██        
██████  ██[38;2;165;181;247m████[38;2;158;98;255m████[38;2;165;181;247m██[38;2;158;98;255m██[38;2;0;229;251m██[38;2;165;181;247m████[38;2;0;0;0m██        
██[38;2;115;107;88m████[38;2;0;0;0m██  ██[38;2;165;181;247m████[38;2;178;96;232m██[38;2;214;206;255m██[38;2;178;96;232m██[38;2;165;181;247m████[38;2;0;0;0m██          
  ██[38;2;65;65;65m██[38;2;115;107;88m██[38;2;0;0;0m██  ██[38;2;90;107;206m██[38;2;178;96;232m██████[38;2;90;107;206m██[38;2;0;0;0m██    ████████
    ████[38;2;115;107;88m██[38;2;65;65;65m████[38;2;0;0;0m████[38;2;65;65;65m██[38;2;0;0;0m████  ████[38;2;65;65;65m██[38;2;115;107;88m████[38;2;0;0;0m██
        ████████[38;2;65;65;65m██[38;2;115;107;88m██[38;2;65;65;65m██████[38;2;115;107;88m██████[38;2;0;0;0m████  
                ██[38;2;115;107;88m██[38;2;0;0;0m████████████      
                  ██                  
[0m