                                          [38;2;0;0;0m██████                              
                                      ████[38;2;202;229;74m██[38;2;213;246;100m████[38;2;0;0;0m██                            
                      ████████      ██[38;2;161;148;255m██[38;2;168;163;190m████[38;2;255;255;255m██[38;2;224;250;128m██[38;2;0;0;0m██                            
                    ██[38;2;161;148;255m████████[38;2;0;0;0m██  ██[38;2;161;148;255m██[38;2;0;0;0m████[38;2;168;163;190m██[38;2;224;250;128m██[38;2;209;247;65m██[38;2;0;0;0m██                            
                  ██[38;2;144;140;255m██[38;2;67;67;130m██[38;2;0;0;0m████[38;2;126;109;237m████[38;2;0;4;0m██[38;2;123;116;253m██[38;2;0;0;0m██    ██████                              
        ██████  ██[38;2;161;148;255m██[38;2;67;67;130m██[38;2;0;4;0m██    [38;2;0;0;0m██[38;2;126;109;237m██[38;2;123;116;253m██[38;2;80;77;168m██[38;2;0;0;0m██                                  ██    
    ████[38;2;219;255;127m████[38;2;228;255;148m██[38;2;0;0;0m██[38;2;74;73;60m████[38;2;0;0;0m██        ██[38;2;126;109;237m████[38;2;0;0;0m██                              [38;2;8;0;0m████[38;2;143;126;253m██[38;2;0;0;0m██  
  ██[38;2;213;246;100m████[38;2;237;255;181m████[38;2;228;255;148m████[38;2;203;228;92m██[38;2;0;12;41m██            [38;2;0;0;0m██[38;2;126;109;237m████[38;2;0;0;0m████████                    ██[38;2;59;52;83m██[38;2;154;143;252m██[38;2;143;126;253m██[38;2;0;0;0m██  
  ██[38;2;218;255;123m██[38;2;235;255;185m██[38;2;255;255;255m██████[38;2;237;255;181m██[38;2;228;255;148m██[38;2;0;0;0m██            [38;2;16;8;0m██[38;2;121;109;237m██[38;2;126;109;237m██[38;2;56;64;129m██[38;2;157;145;255m████[38;2;161;148;255m██[38;2;0;0;0m██████              ██[38;2;161;148;255m██[38;2;126;109;236m██[38;2;126;109;237m██[38;2;0;0;0m██  
██[38;2;221;255;132m██[38;2;235;255;185m██[38;2;252;255;247m██[38;2;255;255;255m████████[38;2;228;255;148m████[38;2;0;0;0m██        ██[38;2;53;47;78m██[38;2;121;109;237m██[38;2;126;109;237m██[38;2;56;64;129m██[38;2;157;145;255m████[38;2;161;148;255m████████[38;2;0;0;0m████        ██[38;2;161;148;255m████[38;2;126;109;236m██[38;2;0;0;0m██    
██[38;2;221;255;132m██[38;2;237;255;181m██[38;2;255;255;255m██████████[38;2;233;255;181m██[38;2;226;252;139m██[38;2;0;0;0m██      ██[38;2;161;148;255m████[38;2;69;82;173m██[38;2;126;109;236m██[38;2;161;148;255m██[38;2;157;145;255m████████████████[38;2;0;0;0m██      ██[38;2;129;117;245m██[38;2;120;105;237m████[38;2;0;0;0m██    
██[38;2;221;255;132m██[38;2;237;255;181m██[38;2;255;255;255m██████████[38;2;233;255;181m██[38;2;208;239;65m██[38;2;0;0;0m██    ██[38;2;161;148;255m████████████[38;2;157;145;255m████████████████[38;2;161;148;255m██[38;2;0;0;0m██  ██[38;2;129;117;245m████[38;2;120;105;237m████[38;2;0;0;0m██    
  ██[38;2;221;252;134m██[38;2;226;255;173m██[38;2;255;255;255m████[38;2;252;255;247m██[38;2;235;255;185m██[38;2;213;246;100m██[38;2;0;0;0m██    ██[38;2;189;181;255m██████[38;2;157;145;255m████████[38;2;161;148;255m████[38;2;157;145;255m████████████████[38;2;8;8;0m██[38;2;39;39;75m██[38;2;126;109;237m██████[38;2;0;0;0m██      
  ██[38;2;208;239;65m██[38;2;221;252;134m██[38;2;237;255;181m████[38;2;235;255;185m██[38;2;218;255;123m██[38;2;213;246;100m██[38;2;0;0;0m██  ██[38;2;189;181;255m██████████[38;2;157;145;255m██████[38;2;221;255;132m████[38;2;157;145;255m████████████████[38;2;109;101;228m██[38;2;74;70;152m██[38;2;56;64;129m██[38;2;126;109;237m████[38;2;0;0;0m██      
    ████[38;2;221;255;132m██████[38;2;0;0;0m████    ██[38;2;157;145;255m██[38;2;189;181;255m██████[38;2;161;148;255m████[38;2;221;255;132m████[38;2;123;153;52m████[38;2;204;237;100m██[38;2;161;148;255m██[38;2;157;145;255m████████[38;2;161;148;255m████[38;2;126;109;237m████[38;2;120;105;237m████[38;2;126;109;237m██[38;2;0;0;0m██      
        ██████      ██[38;2;221;255;132m██[38;2;157;145;255m████████[38;2;221;255;132m██████[38;2;119;150;49m██[38;2;255;255;255m████[38;2;204;237;100m████[38;2;157;145;255m████████[38;2;161;148;255m██[38;2;126;109;236m██[38;2;161;148;255m██[38;2;126;109;237m██[38;2;120;105;237m████[38;2;126;109;237m████[38;2;0;0;0m████  
                    ██[38;2;221;255;132m██[38;2;220;255;128m████████████[38;2;118;136;84m██[38;2;255;255;231m██[38;2;189;60;90m██[38;2;255;255;255m████[38;2;219;255;127m██[38;2;157;145;255m████[38;2;161;148;255m████[38;2;126;109;237m██[38;2;161;148;255m██[38;2;126;109;237m██[38;2;161;148;255m██[38;2;126;109;237m██[38;2;66;65;66m██[38;2;126;109;237m████[38;2;130;153;49m██[38;2;196;229;74m██[38;2;0;0;0m██
                    ██[38;2;221;255;132m██[38;2;220;255;128m████████████[38;2;118;136;84m██[38;2;74;69;16m██[38;2;189;60;90m██[38;2;255;255;255m██[38;2;219;255;127m████[38;2;157;145;255m████[38;2;126;109;236m████[38;2;126;109;237m████████[38;2;66;65;66m██[38;2;126;109;237m████[38;2;123;153;52m██[38;2;196;229;74m██[38;2;0;4;0m██  
                    [38;2;0;0;0m██[38;2;221;255;132m██[38;2;220;255;128m████████████[38;2;167;98;71m████[38;2;234;255;173m████[38;2;221;255;132m██[38;2;161;148;255m████[38;2;126;109;237m██[38;2;123;125;205m██[38;2;35;36;153m██[38;2;126;109;237m████████[38;2;0;0;0m██[38;2;123;153;52m██[38;2;119;150;49m██[38;2;202;229;74m██████[38;2;0;0;0m██
                      ██[38;2;220;255;128m████████████[38;2;221;255;132m████[38;2;234;255;173m██[38;2;85;81;68m██[38;2;161;148;255m████[38;2;126;109;237m████[38;2;123;125;205m██[38;2;214;215;255m██[38;2;66;65;66m██[38;2;126;109;237m████[38;2;0;0;0m██  ██[38;2;202;229;74m██████[38;2;0;0;0m██  
                        ████[38;2;221;255;132m████████[38;2;74;73;66m████[38;2;82;81;66m██[38;2;126;109;237m██[38;2;120;105;237m████[38;2;126;109;237m██[38;2;56;64;129m██[38;2;231;233;255m██████[38;2;66;65;66m██[38;2;0;0;0m██      ██[38;2;202;229;74m██████[38;2;0;0;0m██
                            ████[38;2;66;65;66m████[38;2;74;73;66m██[38;2;126;109;237m██████[38;2;120;105;237m████[38;2;126;109;237m████[38;2;66;65;66m██[38;2;231;233;255m████████[38;2;0;0;0m██      ██████  
                                ██[38;2;189;181;255m████[38;2;0;0;0m████[38;2;126;109;237m████████[38;2;0;0;0m██████[38;2;231;233;255m██████[38;2;0;0;0m██              
                                  ████    ████████      ██████                
[0m