                  [38;2;0;0;0m██                    
                ██[38;2;226;151;0m██[38;2;0;0;0m██                  
              ██[38;2;226;151;0m████[38;2;0;0;0m██                  
  ██          ██[38;2;226;151;0m██[38;2;0;0;0m██                    
██[38;2;226;151;0m██[38;2;0;0;0m██    ██████[38;2;255;209;0m████[38;2;0;0;0m██                  
██[38;2;226;151;0m██[38;2;255;209;0m██[38;2;0;0;0m████[38;2;189;189;189m██[38;2;255;255;255m██████[38;2;189;189;189m██[38;2;255;209;0m██[38;2;0;0;0m██    ████        
  ██[38;2;226;151;0m██[38;2;189;189;189m██[38;2;255;255;255m██████████████[38;2;189;189;189m██[38;2;0;0;0m██[38;2;65;65;65m██[38;2;226;151;0m████[38;2;0;0;0m██      
    ██[38;2;255;255;255m██████████████[38;2;255;209;0m██████[38;2;226;151;0m████[38;2;0;0;0m██        
  ██[38;2;189;189;189m██[38;2;255;255;255m████████████████[38;2;255;209;0m██[38;2;226;151;0m██[38;2;65;65;65m██[38;2;0;0;0m██          
  ██[38;2;255;255;255m██[38;2;189;189;189m██[38;2;255;255;255m██[38;2;189;189;189m██[38;2;255;255;255m████████████[38;2;65;65;65m██[38;2;189;189;189m██[38;2;255;255;255m██[38;2;0;0;0m██        
██[38;2;255;255;255m██[38;2;189;189;189m██[38;2;255;255;255m██[38;2;189;189;189m██[38;2;255;255;255m██████[38;2;1;175;71m██[38;2;65;65;65m████[38;2;255;255;255m██████████[38;2;0;0;0m██      
██[38;2;189;189;189m██[38;2;255;255;255m██████[38;2;65;65;65m████[38;2;0;0;0m██[38;2;1;242;98m██[38;2;123;123;123m██[38;2;65;65;65m██[38;2;255;255;255m██████[38;2;189;189;189m██[38;2;65;65;65m██[38;2;110;84;56m██[38;2;0;0;0m██    
████[38;2;65;65;65m██████[38;2;123;123;123m████[38;2;1;242;98m████[38;2;65;65;65m██[38;2;255;255;255m████[38;2;189;189;189m██[38;2;123;123;123m██[38;2;65;65;65m██[38;2;182;156;128m██[38;2;150;124;96m██[38;2;182;156;128m██[38;2;0;0;0m██  
    ██[38;2;226;151;0m██[38;2;255;255;255m██[38;2;123;123;123m██████[38;2;189;189;189m██[38;2;255;255;255m████[38;2;255;209;0m████[38;2;226;151;0m██[38;2;65;65;65m██[38;2;150;124;96m██[38;2;182;156;128m██[38;2;150;124;96m██[38;2;182;156;128m██[38;2;0;0;0m██
  ██[38;2;226;151;0m██[38;2;255;209;0m██[38;2;189;189;189m██[38;2;255;255;255m██████████████[38;2;255;209;0m████[38;2;226;151;0m██[38;2;65;65;65m██[38;2;182;156;128m██[38;2;150;124;96m████[38;2;0;0;0m██
    ████[38;2;65;65;65m██[38;2;255;255;255m██[38;2;189;189;189m██[38;2;255;255;255m████[38;2;189;189;189m██[38;2;255;255;255m██[38;2;189;189;189m██[38;2;65;65;65m██[38;2;110;84;56m████[38;2;150;124;96m████[38;2;110;84;56m██[38;2;0;0;0m██  
      ████[38;2;189;189;189m██[38;2;0;0;0m██[38;2;189;189;189m██[38;2;65;65;65m██[38;2;189;189;189m██[38;2;65;65;65m██[38;2;110;84;56m██[38;2;150;124;96m██[38;2;110;84;56m██[38;2;150;124;96m██[38;2;110;84;56m██[38;2;0;0;0m████    
          ██  ██[38;2;65;65;65m██[38;2;0;0;0m████[38;2;65;65;65m██[38;2;0;0;0m██[38;2;65;65;65m██[38;2;0;0;0m████        
              ████    ██  ██            
[0m