      [38;2;0;0;0m██      ██            
    ██[38;2;255;222;118m██[38;2;0;0;0m██  ██[38;2;255;222;118m██[38;2;0;0;0m██          
    ██[38;2;255;222;118m██[38;2;0;0;0m██  ██[38;2;255;222;118m██[38;2;65;65;65m██[38;2;0;0;0m██        
    ██[38;2;200;159;27m██[38;2;0;0;0m██  ██[38;2;200;159;27m██[38;2;65;65;65m██[38;2;218;244;1m██[38;2;0;0;0m██      
    ██[38;2;65;65;65m██[38;2;255;222;118m██[38;2;0;0;0m██[38;2;255;222;118m██[38;2;65;65;65m██[38;2;182;211;1m██[38;2;218;244;1m██[38;2;0;0;0m██      
  ██[38;2;182;211;1m████[38;2;255;222;118m██[38;2;154;179;1m██[38;2;255;222;118m██[38;2;65;65;65m██[38;2;182;211;1m████[38;2;218;244;1m██[38;2;0;0;0m██    
  ██[38;2;182;211;1m██[38;2;154;179;1m██[38;2;255;222;118m██[38;2;200;159;27m██[38;2;255;222;118m██[38;2;200;159;27m██[38;2;102;174;15m██[38;2;182;211;1m██[38;2;218;244;1m██[38;2;0;0;0m██    
    ██[38;2;255;222;118m██[38;2;200;159;27m██[38;2;255;222;118m██[38;2;200;159;27m██[38;2;255;222;118m████[38;2;102;174;15m██[38;2;182;211;1m██[38;2;0;0;0m██    
  ██[38;2;154;179;1m██[38;2;255;255;255m██[38;2;255;222;118m████████████[38;2;154;179;1m██[38;2;218;244;1m██[38;2;0;0;0m██  
  ██[38;2;154;179;1m██[38;2;255;90;181m██[38;2;255;222;118m██████[38;2;255;255;255m██[38;2;255;222;118m████[38;2;154;179;1m██[38;2;218;244;1m██[38;2;0;0;0m██  
    ██[38;2;255;222;118m████████[38;2;255;90;181m██[38;2;255;222;118m██[38;2;200;159;27m██[38;2;218;244;1m████[38;2;0;0;0m██  
      ██[38;2;200;159;27m██[38;2;255;222;118m██████[38;2;200;159;27m██[38;2;218;244;1m████[38;2;0;0;0m██    
        ██[38;2;65;65;65m██[38;2;76;118;39m██[38;2;200;159;27m██[38;2;65;65;65m██[38;2;0;0;0m████      
    ████[38;2;200;159;27m██[38;2;0;0;0m████[38;2;102;174;15m██[38;2;76;118;39m██[38;2;0;0;0m██        
  ██[38;2;218;244;1m██[38;2;182;211;1m██[38;2;0;0;0m██  ██[38;2;154;179;1m██[38;2;102;174;15m██[38;2;200;159;27m██[38;2;0;0;0m████    
██[38;2;218;244;1m██[38;2;0;0;0m████  ██[38;2;102;174;15m██[38;2;255;222;118m██[38;2;102;174;15m██[38;2;76;118;39m██[38;2;182;211;1m██[38;2;218;244;1m██[38;2;0;0;0m██  
████      ██[38;2;76;118;39m██[38;2;200;159;27m██[38;2;76;118;39m██[38;2;102;174;15m██[38;2;65;65;65m████[38;2;218;244;1m██[38;2;0;0;0m██
            ██[38;2;76;118;39m██[38;2;102;174;15m████[38;2;76;118;39m██[38;2;154;179;1m██[38;2;0;0;0m████
            ██[38;2;65;65;65m██[38;2;76;118;39m██[38;2;0;0;0m████[38;2;182;211;1m██[38;2;0;0;0m██  
              ██[38;2;102;174;15m██[38;2;0;0;0m██  ████  
              ████          
[0m