        [38;2;0;0;0m████                    
      ████      ████            
    ████    ██████              
    ████████████                
    ████[38;2;249;170;1m████[38;2;0;0;0m████████            
  ██[38;2;202;112;1m██[38;2;249;170;1m██████[38;2;0;0;0m██[38;2;249;170;1m██[38;2;202;112;1m██[38;2;125;65;1m██[38;2;0;0;0m████        
██[38;2;65;65;65m██[38;2;255;255;255m██[38;2;249;170;1m████████[38;2;189;214;214m████[38;2;202;112;1m██[38;2;125;65;1m██[38;2;65;65;65m██[38;2;0;0;0m██      
████[38;2;255;255;255m██[38;2;249;170;1m██████[38;2;189;214;214m██[38;2;255;255;255m██[38;2;0;0;0m██[38;2;189;214;214m██[38;2;125;65;1m██[38;2;202;112;1m████[38;2;0;0;0m██    
██[38;2;255;255;255m██[38;2;249;170;1m████████[38;2;255;255;255m██[38;2;0;0;0m████[38;2;255;255;255m██[38;2;125;65;1m██[38;2;65;65;65m████[38;2;202;112;1m██[38;2;0;0;0m██  
██[38;2;202;112;1m██[38;2;65;65;65m██[38;2;114;104;22m████[38;2;202;112;1m████[38;2;255;255;255m████[38;2;202;112;1m██[38;2;65;65;65m██[38;2;255;255;255m██[38;2;189;214;214m██[38;2;125;65;1m██[38;2;0;0;0m██  
  ██[38;2;235;239;128m██████[38;2;114;104;22m████[38;2;202;112;1m████[38;2;65;65;65m██[38;2;99;107;230m██[38;2;255;255;255m██[38;2;189;214;214m██[38;2;65;65;65m██[38;2;202;112;1m██[38;2;0;0;0m██
  ██[38;2;65;65;65m██[38;2;235;239;128m████████[38;2;65;65;65m████[38;2;114;104;22m██[38;2;249;170;1m██[38;2;65;65;65m██████[38;2;0;0;0m████
  ██[38;2;189;214;214m██[38;2;99;107;230m██[38;2;65;65;65m████[38;2;114;104;22m██[38;2;235;239;128m██████[38;2;114;104;22m██[38;2;249;170;1m██[38;2;99;107;230m██[38;2;255;255;255m██[38;2;189;214;214m██[38;2;0;0;0m██
    ████[38;2;65;65;65m██[38;2;235;239;128m██[38;2;178;197;86m██[38;2;235;239;128m██████[38;2;114;104;22m██[38;2;202;112;1m██[38;2;65;65;65m██[38;2;255;255;255m██[38;2;189;214;214m██[38;2;0;0;0m██
        ██[38;2;65;65;65m██[38;2;235;239;128m██[38;2;178;197;86m██[38;2;235;239;128m██████[38;2;114;104;22m██[38;2;202;112;1m██[38;2;65;65;65m██[38;2;0;0;0m██  
        ██[38;2;189;214;214m██[38;2;65;65;65m██[38;2;0;0;0m██[38;2;178;197;86m██[38;2;235;239;128m██[38;2;178;197;86m██[38;2;65;65;65m██[38;2;99;107;230m██[38;2;255;255;255m██[38;2;189;214;214m██[38;2;0;0;0m██
          ████  ██████████[38;2;255;255;255m██[38;2;189;214;214m██[38;2;0;0;0m██
                          ████  
[0m