                  [38;2;0;0;0m██████                                    
              ████[38;2;255;234;103m████[38;2;255;229;102m██[38;2;0;0;0m████                                
            ██[38;2;254;249;188m████[38;2;255;234;103m████[38;2;255;229;102m████[38;2;204;171;86m██[38;2;0;0;0m██                              
          ██[38;2;255;229;102m██[38;2;255;234;103m████[38;2;255;229;102m████[38;2;65;64;65m██[38;2;204;171;86m████[38;2;0;0;0m██                              
          ██[38;2;255;229;102m██[38;2;255;234;103m████[38;2;255;229;102m██[38;2;65;64;65m██[38;2;204;171;86m████[38;2;0;0;0m██                                
          ██[38;2;255;229;102m██[38;2;255;234;103m████████[38;2;84;73;50m██[38;2;0;8;8m██                                  
            [38;2;0;0;0m██[38;2;255;234;103m████████[38;2;255;232;106m████[38;2;0;0;0m██████                            
              [38;2;8;7;0m██[38;2;176;158;109m██[38;2;255;237;104m████[38;2;255;234;103m████████[38;2;255;229;102m██[38;2;0;0;0m████                        
            ██[38;2;254;249;180m████[38;2;254;249;188m██[38;2;255;237;104m██[38;2;255;234;103m████████[38;2;255;229;102m██████[38;2;0;0;0m██                      
          [38;2;16;14;0m██[38;2;255;237;214m██[38;2;254;246;185m████[38;2;254;249;188m██████[38;2;255;237;104m██[38;2;255;234;103m████████████[38;2;0;0;0m██                    
        ██[38;2;255;237;214m██[38;2;177;164;141m██[38;2;254;246;185m████[38;2;254;249;188m██[38;2;255;237;104m██████[38;2;255;234;103m████████████[38;2;255;229;102m██[38;2;0;0;0m██                  
        ████[38;2;255;229;102m██[38;2;255;234;103m████████████[38;2;0;0;0m██[38;2;255;253;246m██[38;2;255;234;103m████████[38;2;255;229;102m██[38;2;0;0;0m██                  
        ██[38;2;255;229;102m████[38;2;255;234;103m████████████[38;2;84;84;82m██[38;2;0;0;0m██[38;2;255;234;103m████████[38;2;255;229;102m██[38;2;0;0;0m██                  
          [38;2;8;7;0m██[38;2;255;243;111m██[38;2;162;131;58m██████[38;2;255;247;149m██[38;2;255;229;102m████[38;2;255;234;103m████[38;2;255;229;102m██[38;2;65;64;65m██[38;2;255;229;102m████[38;2;204;171;86m██[38;2;0;0;0m██                  
          [38;2;8;7;0m██[38;2;135;110;64m██[38;2;255;161;148m████[38;2;255;149;156m██[38;2;162;131;58m██████[38;2;255;234;103m████[38;2;65;64;65m██[38;2;255;229;102m██[38;2;204;174;87m████[38;2;0;0;0m██                    
        ██[38;2;255;161;148m████[38;2;205;105;65m██[38;2;255;161;148m██[38;2;254;161;150m████[38;2;255;153;139m██[38;2;199;163;103m██[38;2;165;132;56m████[38;2;65;64;65m██[38;2;204;171;86m██[38;2;204;175;88m████[38;2;177;151;85m██[38;2;8;7;0m██                  
      [38;2;0;0;0m██[38;2;255;161;148m████[38;2;156;64;74m██[38;2;255;161;148m████[38;2;254;161;150m████[38;2;255;153;139m██[38;2;75;70;48m██[38;2;204;171;86m██████[38;2;65;64;65m██[38;2;204;175;88m████[38;2;255;233;111m████[38;2;0;0;0m██  ██████        
    ██[38;2;255;161;148m████[38;2;156;64;74m██[38;2;255;161;148m██[38;2;254;161;150m████████[38;2;161;128;112m██[38;2;75;71;56m██[38;2;204;171;86m████[38;2;183;181;174m██[38;2;230;202;88m██[38;2;255;234;103m████[38;2;255;229;102m████[38;2;255;233;111m██[38;2;16;14;0m██[38;2;187;142;65m██[38;2;255;242;255m██[38;2;135;110;64m██[38;2;8;7;0m██      
  [38;2;0;0;0m██[38;2;255;161;148m████[38;2;205;105;65m██[38;2;255;161;148m████[38;2;254;161;150m████████[38;2;75;71;56m██[38;2;208;192;135m██[38;2;169;174;171m████[38;2;183;181;174m██[38;2;206;192;131m██[38;2;255;234;103m████[38;2;255;229;102m██[38;2;162;131;58m██[38;2;139;109;63m██[38;2;255;233;111m██[38;2;221;200;153m██[38;2;187;142;65m██[38;2;255;243;111m██[38;2;8;7;0m██      
  [38;2;0;0;0m██[38;2;255;182;172m██[38;2;255;161;148m██[38;2;205;105;65m██[38;2;254;161;150m████████[38;2;255;153;139m██[38;2;194;122;109m██[38;2;74;72;74m██[38;2;164;163;164m██[38;2;169;175;171m██[38;2;255;255;255m██[38;2;250;219;153m██[38;2;255;236;105m██[38;2;255;234;103m████████████████[38;2;255;229;102m██[38;2;0;0;0m██      
██[38;2;255;182;172m████[38;2;255;161;148m████[38;2;254;161;150m████████[38;2;255;153;139m██[38;2;75;70;48m██[38;2;164;163;164m██[38;2;255;255;255m██████[38;2;255;236;105m████[38;2;255;234;103m████████████████[38;2;0;0;0m██        
██[38;2;254;161;150m████████████[38;2;255;161;148m████[38;2;191;110;106m██[38;2;65;64;57m██[38;2;255;255;255m██████████[38;2;255;235;106m██[38;2;255;234;103m████████[38;2;255;229;102m██[38;2;162;131;58m██[38;2;158;128;71m██[38;2;65;60;65m██[38;2;204;171;86m██[38;2;0;0;0m████    
██[38;2;254;161;150m████████████[38;2;255;161;148m██[38;2;205;105;65m██[38;2;65;64;57m██[38;2;255;237;131m██[38;2;255;235;106m████[38;2;251;216;150m██[38;2;255;255;255m██████[38;2;255;234;103m████████[38;2;255;229;102m████[38;2;65;60;65m██[38;2;204;169;77m██[38;2;204;171;86m██████[38;2;0;0;0m██  
  ██[38;2;255;161;148m██████[38;2;255;145;115m██[38;2;194;116;93m██[38;2;191;110;106m██[38;2;65;64;57m██[38;2;255;248;115m████[38;2;255;237;104m████████[38;2;255;234;103m████████████[38;2;255;229;102m██[38;2;204;174;87m██[38;2;65;64;65m██[38;2;204;171;86m██[38;2;204;175;88m████[38;2;204;171;86m████[38;2;0;0;0m██
    ██[38;2;205;105;65m████[38;2;194;116;93m██[38;2;75;68;47m██[38;2;65;64;57m██[38;2;255;237;131m██[38;2;255;237;104m██████[38;2;255;248;115m████[38;2;255;237;104m██[38;2;255;234;103m████████████[38;2;204;174;87m████[38;2;65;64;65m██[38;2;204;171;86m██[38;2;204;175;88m████[38;2;65;64;65m██[38;2;204;171;86m██[38;2;0;0;0m██
      ██[38;2;65;64;65m██[38;2;74;52;74m██[38;2;229;220;130m██[38;2;229;198;101m██[38;2;255;249;145m██[38;2;255;248;115m████[38;2;255;249;145m██[38;2;229;198;101m██[38;2;255;229;102m████[38;2;255;237;104m████[38;2;255;229;102m████[38;2;204;175;88m████[38;2;204;171;86m██[38;2;65;64;65m██[38;2;204;175;88m████[38;2;204;171;86m██[38;2;0;0;0m██████  
        ██[38;2;247;235;130m████[38;2;212;182;90m████[38;2;207;178;88m████[38;2;212;182;90m████[38;2;242;236;115m████[38;2;240;224;106m██[38;2;222;193;105m██[38;2;204;174;87m████[38;2;204;175;88m████[38;2;204;171;86m██[38;2;65;64;65m██[38;2;204;175;88m████[38;2;0;0;0m██        
          ████[38;2;245;239;126m████[38;2;242;236;112m██████████[38;2;204;171;86m██[38;2;204;175;88m████████[38;2;204;171;86m████[38;2;97;91;49m██[38;2;195;183;95m██[38;2;0;0;0m████          
              ██[38;2;245;239;126m██[38;2;204;171;86m████████████[38;2;204;175;88m████████[38;2;204;171;86m██[38;2;0;0;0m██[38;2;2;4;0m████              
            [38;2;0;0;0m██[38;2;173;174;172m████[38;2;147;121;59m██[38;2;220;203;89m██[38;2;0;0;0m██████[38;2;204;171;86m██[38;2;194;169;108m██[38;2;171;134;49m████[38;2;194;169;108m██[38;2;0;0;0m██                    
              ████████      ██[38;2;171;134;49m██[38;2;239;234;225m████[38;2;171;134;49m██[38;2;0;0;0m██                    
                              ████████                      
[0m