                    [38;2;7;7;7m██                              
                  ██[38;2;252;227;103m██[38;2;7;7;7m██                            
                  ██[38;2;252;227;103m██[38;2;240;207;85m██[38;2;7;7;7m████    ██  ████            
                    ██[38;2;252;227;103m██[38;2;252;248;103m████[38;2;7;7;7m████[38;2;240;207;85m██[38;2;7;7;7m████[38;2;240;207;85m██[38;2;7;7;7m██          
                  ████[38;2;252;227;103m██████[38;2;252;248;103m██[38;2;188;184;38m██[38;2;251;242;30m██[38;2;230;220;40m██[38;2;251;242;30m██[38;2;188;184;38m██[38;2;7;7;7m██          
          ████  ██[38;2;252;227;103m██[38;2;188;184;38m████[38;2;252;227;103m██████[38;2;188;184;38m██[38;2;251;242;30m████[38;2;230;220;40m██[38;2;188;184;38m██[38;2;240;207;85m██[38;2;7;7;7m██        
        ██[38;2;191;216;35m████[38;2;7;7;7m████[38;2;252;227;103m██[38;2;240;207;85m██[38;2;252;227;103m██[38;2;188;184;38m████[38;2;252;227;103m██[38;2;188;184;38m████[38;2;251;242;30m██████[38;2;188;184;38m██[38;2;240;207;85m██[38;2;7;7;7m██      
          ██[38;2;191;216;35m████[38;2;188;184;38m████[38;2;252;227;103m████████[38;2;188;184;38m██[38;2;252;227;103m████[38;2;188;184;38m██[38;2;240;207;85m██[38;2;188;184;38m████[38;2;240;207;85m██[38;2;252;227;103m██[38;2;7;7;7m████  
            ██[38;2;188;184;38m██[38;2;234;247;64m██[38;2;188;184;38m██[38;2;252;227;103m██████[38;2;188;184;38m██[38;2;252;227;103m████[38;2;252;248;103m██[38;2;252;227;103m██[38;2;188;184;38m██[38;2;252;227;103m██[38;2;252;248;103m██[38;2;188;184;38m██[38;2;240;207;85m██[38;2;252;227;103m████[38;2;7;7;7m██
            ██[38;2;234;247;64m██████[38;2;188;184;38m██[38;2;252;227;103m████[38;2;188;184;38m██[38;2;252;227;103m██[38;2;240;207;85m████[38;2;252;227;103m██[38;2;188;184;38m██[38;2;252;227;103m████[38;2;252;248;103m██[38;2;188;184;38m██[38;2;7;7;7m████  
          ██[38;2;234;247;64m██████████[38;2;188;184;38m██████[38;2;252;227;103m████[38;2;240;207;85m██[38;2;252;227;103m██[38;2;188;184;38m██[38;2;252;227;103m████[38;2;240;207;85m██[38;2;252;227;103m██[38;2;7;7;7m██    
          ██[38;2;234;247;64m██████████████[38;2;188;184;38m████[38;2;252;227;103m████[38;2;188;184;38m██[38;2;191;216;35m██[38;2;188;184;38m██[38;2;252;227;103m████████[38;2;7;7;7m██  
        ██[38;2;234;247;64m████████████[38;2;188;184;38m██████[38;2;234;247;64m██[38;2;188;184;38m██████[38;2;191;216;35m████[38;2;188;184;38m████[38;2;7;7;7m████    
        ██[38;2;234;247;64m██████[38;2;188;184;38m██████[38;2;252;248;103m████[38;2;188;184;38m██[38;2;234;247;64m██████[38;2;188;184;38m██[38;2;191;216;35m██████[38;2;7;7;7m██        
          ██[38;2;188;184;38m████[38;2;252;227;103m██[38;2;252;248;103m██████████[38;2;188;184;38m██[38;2;234;247;64m████[38;2;217;231;47m██[38;2;188;184;38m██[38;2;191;216;35m████[38;2;7;7;7m██        
        ██[38;2;234;247;64m██[38;2;188;184;38m██[38;2;252;248;103m██[38;2;240;207;85m██[38;2;252;248;103m██████[38;2;240;207;85m██[38;2;252;227;103m██[38;2;188;184;38m██[38;2;217;231;47m██[38;2;234;247;64m████[38;2;188;184;38m████[38;2;191;216;35m████[38;2;7;7;7m██      
        ██[38;2;234;247;64m██[38;2;188;184;38m██[38;2;240;207;85m██[38;2;252;227;103m██[38;2;252;248;103m████████[38;2;240;207;85m██[38;2;252;248;103m██[38;2;188;184;38m██[38;2;234;247;64m████[38;2;188;184;38m██[38;2;202;212;26m██[38;2;188;184;38m██[38;2;7;7;7m████      
        ██[38;2;234;247;64m████[38;2;188;184;38m██[38;2;252;248;103m████████[38;2;240;207;85m██[38;2;252;227;103m██[38;2;252;248;103m████[38;2;188;184;38m██[38;2;234;247;64m████[38;2;188;184;38m██[38;2;7;7;7m██          
          ██[38;2;234;247;64m████[38;2;188;184;38m████[38;2;252;248;103m████████[38;2;188;184;38m██████████[38;2;202;212;26m██[38;2;7;7;7m██          
          ██[38;2;234;247;64m██[38;2;188;184;38m██[38;2;251;242;30m██[38;2;230;220;40m██[38;2;188;184;38m████████[38;2;230;220;40m████[38;2;188;184;38m██[38;2;202;212;26m████████[38;2;7;7;7m██        
            ██[38;2;191;216;35m██[38;2;188;184;38m██[38;2;230;220;40m██[38;2;251;242;30m██████[38;2;230;220;40m██[38;2;188;184;38m████████[38;2;7;7;7m██[38;2;202;212;26m████[38;2;7;7;7m██        
          ██[38;2;191;216;35m████[38;2;188;184;38m██████[38;2;251;242;30m██[38;2;188;184;38m████[38;2;191;216;35m██████[38;2;7;7;7m██  ██████        
      ████[38;2;191;216;35m██[38;2;213;228;40m██[38;2;191;216;35m██[38;2;188;184;38m██[38;2;237;236;93m████[38;2;188;184;38m██[38;2;237;236;93m██[38;2;188;184;38m██[38;2;191;216;35m██████[38;2;7;7;7m██                
██████[38;2;213;228;40m████████[38;2;188;184;38m██[38;2;234;247;64m██[38;2;188;184;38m██[38;2;237;236;93m████[38;2;188;184;38m██[38;2;234;247;64m██[38;2;188;184;38m██[38;2;191;216;35m████[38;2;213;228;40m██[38;2;7;7;7m██              
██[38;2;213;228;40m████████████[38;2;188;184;38m██[38;2;234;247;64m████[38;2;188;184;38m████[38;2;234;247;64m████[38;2;188;184;38m██[38;2;191;216;35m██[38;2;213;228;40m██████[38;2;7;7;7m████          
  ████[38;2;213;228;40m████[38;2;188;184;38m████[38;2;234;247;64m████[38;2;202;212;26m██[38;2;234;247;64m██[38;2;202;212;26m██[38;2;234;247;64m████[38;2;217;227;41m██[38;2;188;184;38m██[38;2;213;228;40m██████████[38;2;7;7;7m████████  
      ██[38;2;188;184;38m██[38;2;191;216;35m██[38;2;188;184;38m██[38;2;217;227;41m██[38;2;234;247;64m██[38;2;202;212;26m██[38;2;234;247;64m████[38;2;202;212;26m██[38;2;217;227;41m████[38;2;188;184;38m████[38;2;213;228;40m██████████████[38;2;7;7;7m██  
        ██[38;2;191;216;35m████[38;2;188;184;38m██[38;2;202;212;26m██[38;2;217;227;41m██[38;2;234;247;64m████[38;2;202;212;26m██[38;2;217;227;41m██[38;2;188;184;38m██[38;2;191;216;35m████[38;2;188;184;38m████[38;2;213;228;40m██████[38;2;7;7;7m████    
          ████[38;2;188;184;38m██████[38;2;217;227;41m████[38;2;188;184;38m████[38;2;237;236;93m██[38;2;188;184;38m██[38;2;191;216;35m████[38;2;188;184;38m████[38;2;7;7;7m████        
              ██[38;2;237;236;93m████[38;2;188;184;38m████[38;2;237;236;93m██[38;2;252;248;103m████[38;2;188;184;38m██[38;2;7;7;7m██[38;2;191;216;35m████[38;2;7;7;7m██            
                ██[38;2;237;236;93m██[38;2;188;184;38m██[38;2;237;236;93m██[38;2;252;248;103m████[38;2;252;227;103m██[38;2;7;7;7m██  ████              
                ██[38;2;237;236;93m████[38;2;188;184;38m██[38;2;252;227;103m██[38;2;240;207;85m██[38;2;7;7;7m██                      
                  ██[38;2;240;207;85m██[38;2;188;184;38m██[38;2;240;207;85m████[38;2;7;7;7m██                      
                  ██[38;2;240;207;85m██[38;2;167;163;18m██[38;2;230;220;40m██[38;2;7;7;7m██                        
                    ██[38;2;251;242;30m████[38;2;230;220;40m██[38;2;7;7;7m██                      
                      ██████                        
[0m