                    [38;2;7;7;7m██                              
                  ██[38;2;255;106;57m██[38;2;7;7;7m██                            
                  ██[38;2;255;106;57m██[38;2;189;98;57m██[38;2;7;7;7m████    ██  ████            
                    ██[38;2;255;106;57m██[38;2;248;248;248m████[38;2;7;7;7m████[38;2;189;98;57m██[38;2;7;7;7m████[38;2;189;98;57m██[38;2;7;7;7m██          
                  ████[38;2;255;106;57m██████[38;2;248;248;248m██[38;2;66;66;66m██[38;2;246;230;41m██[38;2;186;168;71m██[38;2;246;230;41m██[38;2;66;66;66m██[38;2;7;7;7m██          
          ████  ██[38;2;255;106;57m██[38;2;66;66;66m████[38;2;255;106;57m██████[38;2;66;66;66m██[38;2;246;230;41m████[38;2;186;168;71m██[38;2;66;66;66m██[38;2;189;98;57m██[38;2;7;7;7m██        
        ██[38;2;34;134;132m████[38;2;7;7;7m████[38;2;255;106;57m██[38;2;189;98;57m██[38;2;255;106;57m██[38;2;66;66;66m████[38;2;255;106;57m██[38;2;66;66;66m████[38;2;246;230;41m██████[38;2;66;66;66m██[38;2;189;98;57m██[38;2;7;7;7m██      
          ██[38;2;34;134;132m████[38;2;66;66;66m████[38;2;255;106;57m████████[38;2;66;66;66m██[38;2;255;106;57m████[38;2;66;66;66m██[38;2;189;98;57m██[38;2;66;66;66m████[38;2;189;98;57m██[38;2;255;106;57m██[38;2;7;7;7m████  
            ██[38;2;66;66;66m██[38;2;147;227;87m██[38;2;66;66;66m██[38;2;255;106;57m██████[38;2;66;66;66m██[38;2;255;106;57m████[38;2;248;248;248m██[38;2;255;106;57m██[38;2;66;66;66m██[38;2;255;106;57m██[38;2;248;248;248m██[38;2;66;66;66m██[38;2;189;98;57m██[38;2;255;106;57m████[38;2;7;7;7m██
            ██[38;2;147;227;87m██████[38;2;66;66;66m██[38;2;255;106;57m████[38;2;66;66;66m██[38;2;255;106;57m██[38;2;189;98;57m████[38;2;255;106;57m██[38;2;66;66;66m██[38;2;255;106;57m████[38;2;248;248;248m██[38;2;66;66;66m██[38;2;7;7;7m████  
          ██[38;2;147;227;87m██████████[38;2;66;66;66m██████[38;2;255;106;57m████[38;2;189;98;57m██[38;2;255;106;57m██[38;2;66;66;66m██[38;2;255;106;57m████[38;2;189;98;57m██[38;2;255;106;57m██[38;2;7;7;7m██    
          ██[38;2;147;227;87m██████████████[38;2;66;66;66m████[38;2;255;106;57m████[38;2;66;66;66m██[38;2;34;134;132m██[38;2;66;66;66m██[38;2;255;106;57m████████[38;2;7;7;7m██  
        ██[38;2;147;227;87m████████████[38;2;66;66;66m██████[38;2;147;227;87m██[38;2;66;66;66m██████[38;2;34;134;132m████[38;2;66;66;66m████[38;2;7;7;7m████    
        ██[38;2;147;227;87m██████[38;2;66;66;66m██████[38;2;248;248;248m████[38;2;66;66;66m██[38;2;147;227;87m██████[38;2;66;66;66m██[38;2;34;134;132m██████[38;2;7;7;7m██        
          ██[38;2;66;66;66m████[38;2;255;106;57m██[38;2;248;248;248m██████████[38;2;66;66;66m██[38;2;147;227;87m████[38;2;113;173;67m██[38;2;66;66;66m██[38;2;34;134;132m████[38;2;7;7;7m██        
        ██[38;2;147;227;87m██[38;2;66;66;66m██[38;2;248;248;248m██[38;2;189;98;57m██[38;2;248;248;248m██████[38;2;189;98;57m██[38;2;255;106;57m██[38;2;66;66;66m██[38;2;113;173;67m██[38;2;147;227;87m████[38;2;66;66;66m████[38;2;34;134;132m████[38;2;7;7;7m██      
        ██[38;2;147;227;87m██[38;2;66;66;66m██[38;2;189;98;57m██[38;2;255;106;57m██[38;2;248;248;248m████████[38;2;189;98;57m██[38;2;248;248;248m██[38;2;66;66;66m██[38;2;147;227;87m████[38;2;66;66;66m██[38;2;106;145;32m██[38;2;66;66;66m██[38;2;7;7;7m████      
        ██[38;2;147;227;87m████[38;2;66;66;66m██[38;2;248;248;248m████████[38;2;189;98;57m██[38;2;255;106;57m██[38;2;248;248;248m████[38;2;66;66;66m██[38;2;147;227;87m████[38;2;66;66;66m██[38;2;7;7;7m██          
          ██[38;2;147;227;87m████[38;2;66;66;66m████[38;2;248;248;248m████████[38;2;66;66;66m██████████[38;2;106;145;32m██[38;2;7;7;7m██          
          ██[38;2;147;227;87m██[38;2;66;66;66m██[38;2;246;230;41m██[38;2;186;168;71m██[38;2;66;66;66m████████[38;2;186;168;71m████[38;2;66;66;66m██[38;2;106;145;32m████████[38;2;7;7;7m██        
            ██[38;2;34;134;132m██[38;2;66;66;66m██[38;2;186;168;71m██[38;2;246;230;41m██████[38;2;186;168;71m██[38;2;66;66;66m████████[38;2;7;7;7m██[38;2;106;145;32m████[38;2;7;7;7m██        
          ██[38;2;34;134;132m████[38;2;66;66;66m██████[38;2;246;230;41m██[38;2;66;66;66m████[38;2;34;134;132m██████[38;2;7;7;7m██  ██████        
      ████[38;2;34;134;132m██[38;2;70;206;138m██[38;2;34;134;132m██[38;2;66;66;66m██[38;2;205;214;222m████[38;2;66;66;66m██[38;2;205;214;222m██[38;2;66;66;66m██[38;2;34;134;132m██████[38;2;7;7;7m██                
██████[38;2;70;206;138m████████[38;2;66;66;66m██[38;2;147;227;87m██[38;2;66;66;66m██[38;2;205;214;222m████[38;2;66;66;66m██[38;2;147;227;87m██[38;2;66;66;66m██[38;2;34;134;132m████[38;2;70;206;138m██[38;2;7;7;7m██              
██[38;2;70;206;138m████████████[38;2;66;66;66m██[38;2;147;227;87m████[38;2;66;66;66m████[38;2;147;227;87m████[38;2;66;66;66m██[38;2;34;134;132m██[38;2;70;206;138m██████[38;2;7;7;7m████          
  ████[38;2;70;206;138m████[38;2;66;66;66m████[38;2;147;227;87m████[38;2;106;145;32m██[38;2;147;227;87m██[38;2;106;145;32m██[38;2;147;227;87m████[38;2;148;188;74m██[38;2;66;66;66m██[38;2;70;206;138m██████████[38;2;7;7;7m████████  
      ██[38;2;66;66;66m██[38;2;34;134;132m██[38;2;66;66;66m██[38;2;148;188;74m██[38;2;147;227;87m██[38;2;106;145;32m██[38;2;147;227;87m████[38;2;106;145;32m██[38;2;148;188;74m████[38;2;66;66;66m████[38;2;70;206;138m██████████████[38;2;7;7;7m██  
        ██[38;2;34;134;132m████[38;2;66;66;66m██[38;2;106;145;32m██[38;2;148;188;74m██[38;2;147;227;87m████[38;2;106;145;32m██[38;2;148;188;74m██[38;2;66;66;66m██[38;2;34;134;132m████[38;2;66;66;66m████[38;2;70;206;138m██████[38;2;7;7;7m████    
          ████[38;2;66;66;66m██████[38;2;148;188;74m████[38;2;66;66;66m████[38;2;205;214;222m██[38;2;66;66;66m██[38;2;34;134;132m████[38;2;66;66;66m████[38;2;7;7;7m████        
              ██[38;2;205;214;222m████[38;2;66;66;66m████[38;2;205;214;222m██[38;2;248;248;248m████[38;2;66;66;66m██[38;2;7;7;7m██[38;2;34;134;132m████[38;2;7;7;7m██            
                ██[38;2;205;214;222m██[38;2;66;66;66m██[38;2;205;214;222m██[38;2;248;248;248m████[38;2;255;106;57m██[38;2;7;7;7m██  ████              
                ██[38;2;205;214;222m████[38;2;66;66;66m██[38;2;255;106;57m██[38;2;189;98;57m██[38;2;7;7;7m██                      
                  ██[38;2;189;98;57m██[38;2;66;66;66m██[38;2;189;98;57m████[38;2;7;7;7m██                      
                  ██[38;2;189;98;57m██[38;2;7;7;7m██[38;2;186;168;71m██[38;2;7;7;7m██                        
                    ██[38;2;246;230;41m████[38;2;186;168;71m██[38;2;7;7;7m██                      
                      ██████                        
[0m