          [38;2;0;0;0m██                        
        ██[38;2;223;163;47m██[38;2;0;0;0m██                      
      ██[38;2;223;163;47m████[38;2;0;0;0m██          ██          
      ██[38;2;186;120;8m██[38;2;223;163;47m████[38;2;0;0;0m██    ████[38;2;223;163;47m██[38;2;0;0;0m██        
    ██[38;2;65;65;65m██[38;2;186;120;8m██[38;2;223;163;47m██[38;2;65;65;65m██[38;2;0;0;0m██  ██[38;2;223;163;47m██████[38;2;0;0;0m██        
  ████[38;2;186;120;8m████[38;2;65;65;65m██[38;2;242;218;144m██[38;2;65;65;65m██[38;2;0;0;0m██[38;2;223;163;47m████[38;2;186;120;8m██[38;2;223;163;47m██[38;2;0;0;0m██        
  ██[38;2;242;218;144m██[38;2;65;65;65m████[38;2;242;218;144m████[38;2;65;65;65m████████[38;2;186;120;8m██[38;2;0;0;0m██      ████
██[38;2;168;144;70m██[38;2;242;218;144m████[38;2;168;144;70m██[38;2;242;218;144m████[38;2;168;144;70m██[38;2;200;176;102m██[38;2;242;218;144m██[38;2;65;65;65m██[38;2;186;120;8m██[38;2;223;163;47m██[38;2;0;0;0m██  ██[38;2;223;163;47m██[38;2;0;0;0m██
██[38;2;255;255;255m██[38;2;200;176;102m██[38;2;242;218;144m██████[38;2;200;176;102m██[38;2;242;218;144m██████[38;2;65;65;65m██[38;2;186;120;8m██[38;2;0;0;0m██  ██[38;2;223;163;47m████[38;2;0;0;0m██
  ██[38;2;255;255;255m██[38;2;242;218;144m██████████[38;2;200;176;102m██[38;2;65;65;65m██[38;2;186;120;8m██[38;2;65;65;65m████[38;2;0;0;0m██[38;2;65;65;65m██[38;2;223;163;47m██[38;2;0;0;0m██  
  ██[38;2;255;255;255m██[38;2;242;218;144m████[38;2;255;255;255m██[38;2;242;218;144m████████[38;2;65;65;65m██[38;2;67;124;106m████[38;2;223;163;47m██[38;2;65;65;65m██[38;2;186;120;8m██[38;2;223;163;47m██[38;2;0;0;0m██
██[38;2;255;255;255m██[38;2;242;218;144m██████[38;2;46;100;83m██[38;2;255;255;255m██[38;2;242;218;144m██[38;2;200;176;102m██[38;2;65;65;65m██[38;2;223;163;47m██[38;2;67;124;106m██████[38;2;223;163;47m██[38;2;0;0;0m████  
██[38;2;200;176;102m██[38;2;247;99;82m██[38;2;197;58;49m██[38;2;242;218;144m██[38;2;0;0;0m██[38;2;255;255;255m██[38;2;242;218;144m████[38;2;168;144;70m██[38;2;65;65;65m██[38;2;223;163;47m██[38;2;67;124;106m██[38;2;223;163;47m████[38;2;0;0;0m██    
  ██[38;2;200;176;102m██[38;2;242;218;144m████[38;2;255;255;255m██[38;2;200;176;102m████[38;2;242;218;144m████[38;2;65;65;65m██[38;2;223;163;47m██████[38;2;186;120;8m██[38;2;0;0;0m██    
    ██[38;2;200;176;102m██[38;2;65;65;65m██[38;2;200;176;102m██████[38;2;65;65;65m████[38;2;223;163;47m████[38;2;0;0;0m██[38;2;186;120;8m██[38;2;0;0;0m██      
    ████[38;2;186;120;8m██[38;2;65;65;65m██[38;2;0;0;0m██[38;2;200;176;102m██[38;2;0;0;0m██[38;2;186;120;8m██[38;2;223;163;47m██[38;2;0;0;0m██  ████      
        ████  ██  ██[38;2;186;120;8m██[38;2;0;0;0m██            
                  ████              
[0m