            [38;2;0;0;0m██            
          ██[38;2;51;171;216m██[38;2;0;0;0m██          
          ██[38;2;51;171;216m██[38;2;0;0;0m██          
        ██[38;2;51;171;216m██[38;2;192;219;226m██[38;2;51;171;216m██[38;2;0;0;0m██        
        ██[38;2;51;171;216m██[38;2;192;219;226m██[38;2;51;171;216m██[38;2;0;0;0m██        
        ██[38;2;66;186;231m██[38;2;167;229;247m██[38;2;66;186;231m██[38;2;0;0;0m██        
    ████[38;2;167;229;247m██[38;2;65;65;65m██[38;2;51;171;216m██[38;2;65;65;65m██[38;2;167;229;247m██[38;2;0;0;0m████    
  ██[38;2;255;255;255m██[38;2;192;219;226m████[38;2;167;229;247m██████[38;2;192;219;226m████[38;2;255;255;255m██[38;2;0;0;0m██  
██[38;2;255;255;255m██████[38;2;192;219;226m██████████[38;2;255;255;255m██████[38;2;0;0;0m██
██[38;2;255;255;255m██████████████████████[38;2;0;0;0m██
██[38;2;255;255;255m██████████[38;2;173;181;197m██[38;2;255;255;255m██████████[38;2;0;0;0m██
██[38;2;173;181;197m██[38;2;255;255;255m██████[38;2;173;181;197m██[38;2;255;255;255m██[38;2;173;181;197m██[38;2;255;255;255m██████[38;2;173;181;197m██[38;2;0;0;0m██
  ██[38;2;255;255;255m████[38;2;173;181;197m██[38;2;255;255;255m██[38;2;105;167;1m██[38;2;255;255;255m██[38;2;173;181;197m██████[38;2;0;0;0m██  
  ██[38;2;123;123;123m████[38;2;255;255;255m████[38;2;145;222;1m██[38;2;255;255;255m██[38;2;123;123;123m██[38;2;255;255;255m██[38;2;123;123;123m██[38;2;0;0;0m██  
    ██[38;2;255;255;255m██[38;2;173;181;197m██[38;2;255;255;255m████████[38;2;123;123;123m██[38;2;0;0;0m██    
  ██[38;2;255;255;255m██████████████████[38;2;0;0;0m██  
    ████[38;2;173;181;197m██[38;2;255;255;255m██████[38;2;173;181;197m██[38;2;0;0;0m████    
        ██████████        
[0m