                        [38;2;0;0;0m████                                        
              ██      ██[38;2;197;132;79m████[38;2;0;0;0m██      ████                            
            ██[38;2;251;171;187m██[38;2;0;0;0m██  ██[38;2;132;87;52m██[38;2;197;132;79m██████[38;2;0;0;0m██  ██[38;2;197;132;79m████[38;2;0;0;0m██                          
            ██[38;2;251;171;187m██[38;2;0;0;0m██  ██[38;2;122;82;52m████[38;2;195;131;81m████[38;2;0;4;8m████[38;2;197;132;79m████[38;2;60;45;40m██[38;2;182;128;85m██[38;2;0;0;0m██                        
            ██[38;2;251;171;187m████[38;2;0;0;0m██[38;2;121;82;51m██[38;2;122;82;52m██[38;2;49;48;49m██[38;2;195;131;81m████[38;2;61;45;34m██[38;2;187;130;87m██[38;2;197;132;79m██[38;2;49;48;49m██[38;2;255;178;184m██[38;2;60;45;40m██[38;2;197;132;79m██[38;2;0;0;0m██                      
            ██[38;2;251;171;187m██████[38;2;49;48;49m██[38;2;122;82;52m██[38;2;49;48;49m██[38;2;197;132;79m████[38;2;49;48;49m██[38;2;197;132;79m██[38;2;49;48;49m██[38;2;251;171;187m██[38;2;255;178;184m██[38;2;60;45;40m██[38;2;197;132;79m██[38;2;0;0;0m██                      
            ██[38;2;204;126;145m██[38;2;251;171;187m████[38;2;49;48;49m██[38;2;122;82;52m██[38;2;49;48;49m██[38;2;197;132;79m██[38;2;49;48;49m██[38;2;197;132;79m██[38;2;49;48;49m██[38;2;251;171;187m████[38;2;60;45;40m██[38;2;182;128;85m██[38;2;197;132;79m████[38;2;0;0;0m██                    
              ██[38;2;251;171;187m████[38;2;49;48;49m██[38;2;124;87;64m██[38;2;49;48;49m██[38;2;182;128;85m██[38;2;60;45;40m██[38;2;49;48;49m██[38;2;251;171;187m████[38;2;49;48;49m██[38;2;197;132;79m████[38;2;195;131;81m████[38;2;0;0;0m██                    
              ██[38;2;251;171;187m████[38;2;49;48;49m████[38;2;197;127;79m██[38;2;60;45;40m██[38;2;255;178;184m██[38;2;251;171;187m████████[38;2;49;48;49m██[38;2;197;132;79m██[38;2;195;131;81m████[38;2;197;132;79m██[38;2;0;0;0m██                  
            ██[38;2;122;82;52m██[38;2;49;48;49m██[38;2;251;171;187m██[38;2;49;48;49m██[38;2;197;132;79m████[38;2;49;48;49m██[38;2;251;171;187m██████[38;2;255;178;184m██[38;2;60;45;40m██[38;2;125;86;58m██[38;2;198;128;76m██[38;2;195;131;81m████[38;2;197;132;79m██[38;2;0;0;0m██                  
            ██[38;2;122;82;52m██[38;2;49;48;49m██[38;2;251;171;187m██[38;2;49;48;49m██[38;2;197;132;79m██[38;2;49;48;49m██[38;2;251;171;187m██████[38;2;49;48;49m██[38;2;60;45;40m██[38;2;165;108;100m██[38;2;50;44;40m██[38;2;125;86;58m██[38;2;195;131;81m████[38;2;197;132;79m████[38;2;0;0;0m██                
          ██[38;2;121;82;51m██[38;2;111;75;61m████[38;2;49;48;49m██[38;2;197;132;79m████[38;2;49;48;49m██[38;2;255;178;184m██[38;2;60;45;40m██[38;2;49;48;49m██[38;2;197;132;79m██[38;2;195;131;81m████[38;2;49;48;49m██[38;2;251;171;187m██[38;2;127;84;47m██[38;2;182;128;85m██[38;2;195;131;81m████[38;2;114;65;60m██[38;2;9;0;0m██              
          [38;2;0;0;0m██[38;2;121;82;51m██[38;2;208;121;136m██[38;2;61;42;31m██[38;2;197;132;79m████████[38;2;60;45;40m██[38;2;165;108;100m██[38;2;197;132;79m████[38;2;195;131;81m████[38;2;49;48;49m██[38;2;251;171;187m██[38;2;255;182;198m██[38;2;127;84;47m██[38;2;119;82;52m██[38;2;195;131;81m██[38;2;114;65;60m██[38;2;220;120;122m██[38;2;0;0;0m██            
        ██[38;2;204;126;145m████[38;2;205;129;147m██[38;2;49;48;49m██[38;2;195;131;81m████████[38;2;197;132;79m████[38;2;255;232;227m██[38;2;183;152;147m██[38;2;119;82;52m██[38;2;195;131;81m██[38;2;85;56;63m██[38;2;254;170;190m██[38;2;251;174;190m████[38;2;251;171;187m██[38;2;118;81;55m██[38;2;251;174;190m████[38;2;0;0;0m██            
        ██[38;2;204;126;145m████[38;2;205;129;147m██[38;2;49;48;49m██[38;2;195;131;81m████████[38;2;197;132;79m██[38;2;49;48;49m██[38;2;28;1;0m██[38;2;183;152;147m██[38;2;119;82;52m██[38;2;195;131;81m██[38;2;0;0;0m██[38;2;254;170;190m██[38;2;251;174;190m████[38;2;251;171;187m████[38;2;251;174;190m████[38;2;251;171;187m██[38;2;0;0;0m██          
      ██[38;2;205;129;147m██[38;2;204;126;145m████[38;2;205;129;147m██[38;2;49;48;49m██[38;2;188;111;80m████[38;2;195;131;81m████[38;2;197;132;79m██[38;2;49;48;49m██[38;2;255;140;132m████[38;2;197;132;79m██[38;2;0;0;0m██  ██[38;2;251;174;190m████████████████[38;2;0;0;0m██        
  ████[38;2;205;129;147m████[38;2;204;126;145m████[38;2;205;129;147m████[38;2;12;4;0m██[38;2;255;171;143m██[38;2;195;131;81m████[38;2;197;132;79m████[38;2;195;130;81m████[38;2;0;0;0m██    ██[38;2;251;174;190m████████████████[38;2;0;0;0m██        
██[38;2;204;126;145m████████████████[38;2;205;129;147m██[38;2;0;0;0m██[38;2;125;89;55m██[38;2;188;132;80m██[38;2;122;82;52m████[38;2;58;43;31m██[38;2;0;4;8m██        [38;2;0;0;0m██[38;2;251;171;187m██[38;2;251;174;190m████████████[38;2;255;184;199m██[38;2;8;0;0m██[38;2;0;0;0m██    
██[38;2;204;126;145m████████████████[38;2;0;0;0m██  [38;2;0;4;8m██[38;2;61;44;31m██[38;2;49;48;49m████[38;2;118;85;55m████[38;2;0;0;0m██      ██[38;2;251;171;187m██[38;2;251;174;190m████████████[38;2;175;118;129m██[38;2;255;184;199m██[38;2;251;171;187m██[38;2;0;0;0m██  
██[38;2;205;129;147m██[38;2;67;42;48m██[38;2;204;126;145m████████[38;2;205;129;147m██[38;2;0;0;0m██  ██[38;2;127;84;47m██[38;2;255;182;198m██[38;2;251;171;187m████[38;2;50;39;40m██[38;2;121;85;81m██[38;2;126;85;52m██[38;2;0;0;0m██  ██[38;2;50;39;40m██[38;2;255;164;182m██[38;2;251;174;190m████████████████████[38;2;0;0;0m██
  ██[38;2;205;129;147m██[38;2;204;126;145m████████[38;2;205;129;147m██[38;2;0;0;0m████[38;2;121;82;51m██[38;2;173;108;88m██[38;2;127;84;47m██[38;2;177;122;87m██[38;2;136;78;46m██[38;2;255;164;182m██[38;2;50;39;40m██[38;2;126;85;52m██[38;2;188;127;80m██[38;2;0;0;0m██[38;2;121;82;51m██[38;2;121;85;81m██[38;2;50;39;40m██[38;2;251;174;190m████████████████████[38;2;0;0;0m██
    ██[38;2;205;129;147m██████[38;2;0;0;0m████  ██[38;2;205;129;147m██[38;2;123;83;78m██[38;2;52;38;32m██[38;2;118;81;55m████[38;2;251;174;190m████[38;2;49;48;49m██[38;2;197;132;79m██[38;2;198;128;76m██[38;2;50;44;40m██[38;2;121;82;51m██[38;2;0;0;0m██[38;2;255;184;199m██[38;2;175;118;129m██[38;2;251;174;190m████████████[38;2;255;184;199m██[38;2;175;118;129m██[38;2;0;0;0m██
      ██████      ██[38;2;205;129;147m██[38;2;197;124;131m██[38;2;255;182;198m██[38;2;251;171;187m████[38;2;251;174;190m████[38;2;49;48;49m██[38;2;197;132;79m██[38;2;125;86;58m████[38;2;0;0;0m██  [38;2;8;0;0m██[38;2;255;184;199m██[38;2;251;174;190m████████████[38;2;255;184;199m██[38;2;8;0;0m██  
                    [38;2;0;0;0m██[38;2;205;129;147m████[38;2;191;129;143m██[38;2;255;179;197m██[38;2;255;164;182m██[38;2;50;39;40m██[38;2;195;131;81m██[38;2;119;82;52m██[38;2;195;131;81m████[38;2;0;0;0m██  ██[38;2;205;129;147m██[38;2;251;171;187m████████[38;2;169;120;126m██[38;2;255;181;193m██[38;2;0;0;0m██    
                      ████[38;2;49;48;49m████[38;2;50;39;40m██[38;2;121;85;81m██[38;2;119;82;52m██[38;2;195;131;81m██████[38;2;0;0;0m██    ████[38;2;251;171;187m████[38;2;204;126;145m██[38;2;0;4;0m████      
                          [38;2;0;0;0m██[38;2;121;82;51m██[38;2;122;82;52m████[38;2;49;48;49m██[38;2;197;132;79m██[38;2;188;127;80m██[38;2;0;0;0m██          ██████          
                          ██[38;2;121;82;51m██[38;2;122;82;52m██[38;2;49;48;49m██[38;2;197;132;79m████[38;2;126;85;52m██[38;2;0;0;0m██                          
                            ██[38;2;195;130;145m██[38;2;65;43;48m██[38;2;118;81;55m████[38;2;251;171;187m████[38;2;0;0;0m██                        
                              ██[38;2;65;43;48m██[38;2;118;81;55m██[38;2;251;171;187m████[38;2;0;0;0m██                          
                                ██[38;2;204;126;145m████[38;2;0;0;0m██                            
                                ██[38;2;204;126;145m████[38;2;0;0;0m██                            
                                  ████                              
[0m