        [38;2;0;0;0m██                            
      ██[38;2;179;191;52m██[38;2;0;0;0m██    ██                    
      ██[38;2;179;191;52m██[38;2;65;65;65m██[38;2;0;0;0m████[38;2;209;221;81m██[38;2;0;0;0m██                  
      ██[38;2;179;191;52m████[38;2;65;65;65m██[38;2;209;221;81m████[38;2;0;0;0m██                  
      ██[38;2;65;65;65m██[38;2;179;191;52m██[38;2;65;65;65m██[38;2;209;221;81m██[38;2;107;107;115m██[38;2;0;0;0m██    ████          
      ██[38;2;65;65;65m██[38;2;179;191;52m██[38;2;65;65;65m████[38;2;209;221;81m██[38;2;0;0;0m██  ██[38;2;107;107;115m████[38;2;0;0;0m██        
      ██[38;2;209;221;81m██[38;2;65;65;65m██[38;2;209;221;81m██[38;2;65;65;65m██[38;2;209;221;81m████[38;2;0;0;0m████[38;2;107;107;115m████[38;2;0;0;0m██        
    ██[38;2;209;221;81m██[38;2;107;107;115m████[38;2;209;221;81m██████[38;2;107;107;115m██[38;2;65;65;65m██[38;2;107;107;115m████[38;2;0;0;0m██  ██████  
    ██[38;2;107;107;115m████[38;2;209;221;81m████[38;2;107;107;115m██████[38;2;65;65;65m██████[38;2;0;0;0m████[38;2;143;57;49m██[38;2;190;74;65m████[38;2;0;0;0m██
  ██[38;2;65;65;65m██[38;2;107;107;115m██[38;2;65;65;65m██[38;2;107;107;115m████[38;2;65;65;65m██[38;2;107;107;115m██[38;2;209;221;81m██[38;2;65;65;65m██[38;2;107;107;115m████████[38;2;190;74;65m████[38;2;143;57;49m██[38;2;0;0;0m██
██[38;2;107;107;115m██████[38;2;65;65;65m██[38;2;107;107;115m██[38;2;0;0;0m██[38;2;255;255;255m██[38;2;107;107;115m████[38;2;65;65;65m██[38;2;0;0;0m████[38;2;107;107;115m████[38;2;0;0;0m██████  
██[38;2;65;65;65m██[38;2;107;107;115m██[38;2;209;221;81m████[38;2;65;65;65m██[38;2;247;99;82m██[38;2;107;107;115m██[38;2;209;221;81m██[38;2;65;65;65m██[38;2;131;158;190m██[38;2;0;0;0m██  ████        
  ████[38;2;179;191;52m██[38;2;209;221;81m██████[38;2;179;191;52m██[38;2;131;158;190m████[38;2;0;0;0m██                
      ██[38;2;65;65;65m████[38;2;93;118;146m██[38;2;131;158;190m██[38;2;93;118;146m██[38;2;65;65;65m██[38;2;107;107;115m██[38;2;0;0;0m████    ████    
    ██[38;2;107;107;115m██[38;2;65;65;65m██[38;2;255;255;255m██[38;2;197;197;189m██[38;2;93;118;146m██[38;2;65;65;65m██[38;2;197;197;189m██[38;2;65;65;65m████[38;2;131;158;190m██[38;2;0;0;0m████[38;2;131;158;190m██[38;2;93;118;146m██[38;2;0;0;0m██  
  ██[38;2;143;57;49m████[38;2;65;65;65m██[38;2;93;118;146m████[38;2;131;158;190m██[38;2;65;65;65m████[38;2;209;221;81m██[38;2;107;107;115m██[38;2;65;65;65m██[38;2;131;158;190m████[38;2;93;118;146m██[38;2;131;158;190m████[38;2;0;0;0m██
██[38;2;197;197;189m██[38;2;143;57;49m██[38;2;65;65;65m██[38;2;131;158;190m██[38;2;65;65;65m██[38;2;93;118;146m██[38;2;131;158;190m████[38;2;65;65;65m██[38;2;209;221;81m██[38;2;190;74;65m██[38;2;65;65;65m██[38;2;131;158;190m████████[38;2;0;0;0m██  
████████[38;2;179;191;52m████[38;2;65;65;65m██[38;2;93;118;146m██[38;2;65;65;65m████[38;2;190;74;65m██████[38;2;65;65;65m██[38;2;93;118;146m██[38;2;0;0;0m████    
      ██[38;2;179;191;52m██[38;2;65;65;65m████[38;2;209;221;81m██[38;2;107;107;115m██[38;2;65;65;65m██[38;2;190;74;65m██[38;2;197;197;189m██[38;2;190;74;65m██[38;2;0;0;0m████        
        ██[38;2;197;197;189m██[38;2;65;65;65m████[38;2;209;221;81m████[38;2;65;65;65m██[38;2;255;255;255m██[38;2;0;0;0m██            
      ██[38;2;143;57;49m████[38;2;0;0;0m████[38;2;65;65;65m██[38;2;107;107;115m██[38;2;65;65;65m██[38;2;0;0;0m██              
        ████    ██[38;2;255;255;255m██[38;2;190;74;65m██[38;2;0;0;0m██              
              ██[38;2;190;74;65m██████[38;2;0;0;0m██              
                ██████                
[0m