      [38;2;0;0;0m██                                    
    ██[38;2;208;174;121m██[38;2;0;0;0m██                ████              
    ██[38;2;208;174;121m██[38;2;0;0;0m██              ██[38;2;244;221;177m████[38;2;0;0;0m██            
    ██[38;2;208;174;121m██[38;2;0;0;0m██            ██[38;2;244;221;177m████[38;2;97;83;60m██[38;2;0;0;0m██            
  ██[38;2;208;174;121m██████[38;2;0;0;0m██        ██[38;2;244;221;177m██[38;2;97;83;60m██[38;2;0;0;0m████              
  ██[38;2;71;58;37m██[38;2;208;174;121m██████[38;2;0;0;0m██    ██[38;2;97;83;60m██[38;2;208;174;121m██[38;2;244;221;177m██████[38;2;0;0;0m██      ████  
  ██[38;2;71;58;37m████[38;2;208;174;121m██[38;2;65;65;65m████[38;2;0;0;0m████[38;2;97;83;60m██████[38;2;208;174;121m██[38;2;244;221;177m████[38;2;0;0;0m██    ██[38;2;97;83;60m████[38;2;0;0;0m██
  ██[38;2;71;58;37m████[38;2;65;65;65m██[38;2;97;83;60m██████[38;2;65;65;65m██[38;2;97;83;60m██████[38;2;208;174;121m██[38;2;244;221;177m██[38;2;0;0;0m██    ██[38;2;65;65;65m██[38;2;229;88;130m██[38;2;97;83;60m██[38;2;0;0;0m██
  ██[38;2;71;58;37m██[38;2;65;65;65m██[38;2;244;221;177m████[38;2;208;174;121m██[38;2;65;65;65m██[38;2;97;83;60m████████[38;2;244;221;177m██[38;2;0;0;0m██      ██[38;2;229;88;130m████[38;2;97;83;60m██[38;2;0;0;0m██
    ██[38;2;208;174;121m██[38;2;97;83;60m████[38;2;244;221;177m████[38;2;65;65;65m██[38;2;97;83;60m████[38;2;208;174;121m██[38;2;244;221;177m██[38;2;0;0;0m██      ██[38;2;229;88;130m██[38;2;97;83;60m██[38;2;0;0;0m██  
    ██[38;2;97;83;60m████████[38;2;208;174;121m██[38;2;244;221;177m██[38;2;65;65;65m████[38;2;244;221;177m██████[38;2;0;0;0m██    ██[38;2;97;83;60m████[38;2;0;0;0m██  
  ██[38;2;97;83;60m██████[38;2;244;221;177m██[38;2;97;83;60m████[38;2;244;221;177m██[38;2;65;65;65m██[38;2;97;83;60m██[38;2;65;65;65m██[38;2;244;221;177m████[38;2;65;65;65m██[38;2;0;0;0m████[38;2;71;58;37m████[38;2;0;0;0m██    
  ██[38;2;244;221;177m██[38;2;97;83;60m██[38;2;244;221;177m██████[38;2;97;83;60m██[38;2;208;174;121m██[38;2;65;65;65m██[38;2;97;83;60m████[38;2;65;65;65m████[38;2;208;174;121m██[38;2;65;65;65m██[38;2;71;58;37m████[38;2;0;0;0m██      
██[38;2;244;221;177m████[38;2;208;174;121m██[38;2;255;255;255m██[38;2;0;0;0m██[38;2;229;88;130m██[38;2;97;83;60m████[38;2;244;221;177m██[38;2;65;65;65m██[38;2;97;83;60m██████[38;2;208;174;121m██[38;2;244;221;177m██[38;2;0;0;0m████        
██[38;2;244;221;177m██████[38;2;229;88;130m██[38;2;0;0;0m██[38;2;229;88;130m██[38;2;97;83;60m████[38;2;244;221;177m██[38;2;65;65;65m██[38;2;97;83;60m██████[38;2;244;221;177m████[38;2;0;0;0m██          
  ██[38;2;244;221;177m██████[38;2;229;88;130m██[38;2;97;83;60m████[38;2;208;174;121m██[38;2;244;221;177m██[38;2;97;83;60m██[38;2;65;65;65m██[38;2;97;83;60m██[38;2;208;174;121m██[38;2;244;221;177m██[38;2;0;0;0m██            
    ██[38;2;65;65;65m██[38;2;244;221;177m██[38;2;97;83;60m██████[38;2;244;221;177m██[38;2;208;174;121m██[38;2;97;83;60m████[38;2;65;65;65m██[38;2;244;221;177m██[38;2;0;0;0m██              
      ██[38;2;97;83;60m██████[38;2;244;221;177m██[38;2;208;174;121m██[38;2;97;83;60m██████[38;2;0;0;0m██[38;2;244;221;177m██[38;2;208;174;121m██[38;2;0;0;0m██            
        ██[38;2;65;65;65m████[38;2;97;83;60m██████[38;2;0;0;0m████  ██[38;2;244;221;177m██[38;2;0;0;0m██            
        ██[38;2;208;174;121m██[38;2;65;65;65m██[38;2;244;221;177m██[38;2;65;65;65m██[38;2;0;0;0m██        ████            
        ██[38;2;208;174;121m██[38;2;65;65;65m██[38;2;244;221;177m████[38;2;0;0;0m██                        
          ████[38;2;208;174;121m██[38;2;244;221;177m██[38;2;0;0;0m██                        
              ████                          
[0m