            [38;2;0;0;0m████████    
          ██[38;2;211;112;20m██[38;2;247;241;40m████[38;2;211;112;20m██[38;2;0;0;0m██  
        ██[38;2;212;132;0m██[38;2;247;241;40m██[38;2;243;210;34m██████[38;2;0;0;0m██  
        ██[38;2;247;241;40m██[38;2;243;210;34m████████[38;2;212;132;0m██[38;2;0;0;0m██
      ██[38;2;212;132;0m██[38;2;247;241;40m██[38;2;243;210;34m██████████[38;2;0;0;0m██
      ██[38;2;247;241;40m██[38;2;243;210;34m████████████[38;2;0;0;0m██
    ██[38;2;247;241;40m████[38;2;243;210;34m██[38;2;0;0;0m██[38;2;212;132;0m██[38;2;243;210;34m████[38;2;212;132;0m██[38;2;0;0;0m██
    ██[38;2;247;241;40m██[38;2;243;210;34m██[38;2;212;132;0m██[38;2;255;255;255m██[38;2;0;0;0m██[38;2;243;210;34m████[38;2;211;112;20m██[38;2;0;0;0m██
  ██[38;2;252;248;1m████[38;2;243;210;34m████[38;2;58;82;107m██[38;2;212;132;0m██[38;2;243;210;34m████[38;2;0;0;0m██  
██[38;2;252;248;1m██[38;2;132;132;115m████[38;2;252;248;1m██[38;2;243;210;34m██████[38;2;252;248;1m██[38;2;243;210;34m██[38;2;0;0;0m██  
  ██[38;2;252;248;1m████[38;2;243;210;34m████████[38;2;252;248;1m██[38;2;243;210;34m██[38;2;212;132;0m██[38;2;0;0;0m██
    ██[38;2;243;210;34m████████████████[38;2;0;0;0m██
      ██[38;2;243;210;34m██████████████[38;2;0;0;0m██
      ██[38;2;212;132;0m██[38;2;243;210;34m██████████[38;2;212;132;0m██[38;2;0;0;0m██
        ██[38;2;212;132;0m██[38;2;243;210;34m████████[38;2;0;0;0m██  
          ██[38;2;211;112;20m██[38;2;243;210;34m████[38;2;211;112;20m██[38;2;0;0;0m██  
            ████████    
[0m