                  [38;2;0;0;0m██████████                            
                ██[38;2;222;222;222m██████████[38;2;0;0;0m████                        
                  [38;2;0;4;8m██[38;2;164;174;180m██[38;2;169;175;172m████[38;2;222;222;216m████[38;2;222;222;213m██[38;2;0;0;0m████                    
          ████████[38;2;54;60;65m██[38;2;109;117;123m██[38;2;169;175;172m████[38;2;172;174;172m████[38;2;74;74;71m██[38;2;222;222;213m██[38;2;222;222;222m██[38;2;0;0;0m████                
        ██[38;2;222;222;213m████[38;2;222;222;222m██[38;2;168;174;172m██[38;2;169;175;172m████[38;2;101;116;126m██[38;2;169;175;169m██[38;2;169;175;172m████[38;2;169;175;169m██[38;2;101;116;126m██[38;2;222;226;213m████[38;2;222;222;222m██[38;2;0;0;0m██              
          ██[38;2;74;74;71m██[38;2;168;174;172m████[38;2;169;175;172m████[38;2;169;175;169m████[38;2;169;175;172m████[38;2;169;175;169m████[38;2;101;118;126m██[38;2;161;172;169m██[38;2;222;222;222m████[38;2;0;0;0m██            
            ██[38;2;74;71;68m████[38;2;82;80;65m████[38;2;169;175;169m████[38;2;169;175;172m████████[38;2;101;116;126m██[38;2;169;175;169m██[38;2;168;174;172m██[38;2;222;222;222m██[38;2;0;0;0m██            
      ██████[38;2;172;174;172m██████[38;2;169;175;169m████[38;2;101;116;126m████[38;2;169;175;172m████████[38;2;169;175;169m████[38;2;168;174;172m████[38;2;222;222;222m██[38;2;0;0;0m██          
    ██[38;2;101;118;126m██[38;2;222;226;213m██[38;2;169;175;172m████████████[38;2;169;175;169m████████[38;2;169;175;172m████████[38;2;167;172;172m██[38;2;72;72;74m██[38;2;74;75;71m██[38;2;0;0;0m██          
  ██[38;2;222;222;222m██[38;2;222;226;213m██[38;2;161;172;169m██[38;2;169;175;172m████████████[38;2;169;175;169m██[38;2;64;64;65m████[38;2;169;175;169m██[38;2;169;175;172m████████[38;2;120;122;123m██[38;2;213;222;222m██[38;2;222;226;213m██[38;2;0;0;0m██          
██[38;2;222;222;213m████[38;2;172;174;172m██[38;2;106;111;112m██[38;2;101;116;126m████[38;2;169;175;172m████[38;2;170;170;172m██[38;2;66;60;74m██[38;2;64;64;65m██[38;2;47;98;152m██[38;2;48;98;151m██[38;2;65;72;82m██[38;2;169;174;172m████[38;2;169;175;172m████[38;2;169;175;169m██[38;2;101;116;126m██[38;2;222;222;216m████[38;2;0;0;0m██        
████[38;2;74;74;71m██[38;2;74;80;82m██[38;2;172;174;172m██[38;2;169;175;169m████[38;2;169;175;172m████[38;2;66;60;74m██[38;2;76;92;113m██[38;2;47;98;152m████[38;2;46;81;116m████[38;2;49;84;117m██[38;2;169;174;172m██[38;2;169;175;172m████[38;2;169;175;169m██[38;2;101;116;126m██[38;2;172;174;172m██[38;2;222;222;216m██[38;2;0;0;0m██        
    ██[38;2;169;175;169m████[38;2;169;175;172m████[38;2;169;175;169m████[38;2;64;64;65m██[38;2;48;82;114m██[38;2;49;84;117m████[38;2;82;78;68m████[38;2;64;64;65m██[38;2;48;82;114m██[38;2;32;59;86m██[38;2;169;175;172m██[38;2;169;175;169m████[38;2;168;174;172m██[38;2;222;222;222m████[38;2;0;0;0m██      
    ██[38;2;169;175;169m██[38;2;82;80;65m██[38;2;169;175;172m████[38;2;169;175;169m██[38;2;82;80;65m██[38;2;64;64;65m██[38;2;48;82;114m██[38;2;82;79;68m████[38;2;64;64;65m████[38;2;48;82;114m████[38;2;78;109;139m██[38;2;32;59;86m██[38;2;64;64;65m██[38;2;169;175;169m██[38;2;168;174;172m████[38;2;222;222;222m██[38;2;0;0;0m██      
  ██[38;2;222;226;213m██[38;2;82;79;68m████[38;2;169;175;169m████[38;2;84;75;74m████[38;2;64;64;65m██[38;2;82;78;68m██[38;2;74;68;65m████[38;2;123;133;148m██[38;2;86;120;155m██[38;2;49;83;116m████[38;2;49;84;119m██[38;2;45;95;148m██[38;2;78;109;139m██[38;2;32;59;86m██[38;2;169;175;172m████[38;2;222;222;222m██[38;2;0;0;0m██      
  ██[38;2;74;75;71m██[38;2;82;79;68m████[38;2;169;175;169m██[38;2;82;80;65m██[38;2;65;72;57m██[38;2;53;84;115m██[38;2;82;78;68m██[38;2;64;64;65m██[38;2;74;68;65m██[38;2;172;174;172m██[38;2;156;107;130m██[38;2;225;59;137m██[38;2;49;83;116m████[38;2;49;84;119m██[38;2;74;80;82m██[38;2;32;59;86m██[38;2;169;175;172m██████[38;2;0;0;0m██        
  ██[38;2;115;91;71m██[38;2;82;79;68m████[38;2;76;74;68m████[38;2;48;82;114m████[38;2;49;83;116m██[38;2;172;174;172m████[38;2;174;97;133m██[38;2;64;64;65m██[38;2;248;75;156m██[38;2;164;182;164m██[38;2;55;85;117m██[38;2;45;96;151m████[38;2;47;98;152m██[38;2;82;80;65m██[38;2;169;175;169m████[38;2;0;0;0m██        
██[38;2;115;91;71m████[38;2;82;79;68m████[38;2;76;74;68m██[38;2;0;0;0m██[38;2;64;64;65m██[38;2;48;82;114m██[38;2;49;83;116m██[38;2;172;174;172m██[38;2;56;52;74m██[38;2;223;118;167m██[38;2;64;64;65m██[38;2;248;75;156m██[38;2;87;114;142m██[38;2;55;85;117m██[38;2;49;83;116m██[38;2;45;96;151m██[38;2;47;98;152m████[38;2;82;80;65m██[38;2;169;175;169m██[38;2;222;222;222m██[38;2;0;0;0m██      
██[38;2;115;91;71m██[38;2;82;78;68m██[38;2;82;79;68m████[38;2;0;0;0m██  ██[38;2;48;82;114m██[38;2;169;174;172m██[38;2;49;84;117m██[38;2;164;120;141m██[38;2;97;48;71m██[38;2;233;69;146m██[38;2;156;170;164m██[38;2;250;251;255m██[38;2;111;110;128m██[38;2;48;82;114m██[38;2;64;64;65m██████[38;2;175;174;169m██[38;2;222;222;222m██[38;2;222;223;219m████[38;2;0;0;0m██    
██[38;2;115;91;71m██[38;2;82;78;68m██[38;2;82;79;68m██[38;2;0;0;0m██    ██[38;2;48;82;114m██[38;2;169;174;172m████[38;2;197;161;156m████[38;2;156;170;164m██[38;2;183;140;134m██[38;2;250;251;255m██[38;2;42;40;65m██[38;2;48;82;114m████[38;2;64;64;65m██[38;2;82;78;68m██[38;2;82;76;65m██[38;2;222;222;222m██[38;2;222;223;219m████[38;2;0;0;0m██    
██[38;2;82;79;68m████[38;2;82;78;69m██[38;2;0;0;0m██  ██[38;2;222;222;222m████[38;2;168;174;172m████[38;2;172;174;172m██[38;2;74;68;65m██[38;2;255;255;255m██[38;2;82;80;74m██[38;2;169;174;172m██[38;2;49;84;117m██[38;2;64;64;65m████[38;2;61;93;126m██[38;2;65;68;65m██[38;2;115;91;71m██[38;2;82;78;68m██[38;2;222;222;222m██[38;2;0;0;0m██      
██[38;2;82;79;68m████[38;2;0;0;0m██  ██[38;2;64;64;65m████[38;2;222;222;222m████[38;2;168;174;172m██[38;2;74;68;65m████[38;2;82;80;74m██[38;2;168;167;164m██[38;2;169;174;172m████[38;2;48;82;114m████[38;2;65;68;65m██[38;2;55;84;111m██[38;2;82;78;68m██[38;2;115;91;71m██[38;2;0;0;0m██        
██[38;2;82;79;68m████[38;2;0;0;0m██  ██[38;2;222;222;222m██[38;2;230;234;230m██[38;2;153;157;153m██[38;2;64;64;65m████[38;2;100;97;106m██[38;2;66;60;74m██[38;2;169;175;169m████[38;2;169;175;172m████[38;2;65;68;74m██[38;2;45;80;115m██[38;2;64;64;65m████[38;2;59;58;76m██[38;2;0;4;0m██    [38;2;0;0;0m████  
  ██[38;2;82;79;68m██[38;2;0;0;0m██    ██[38;2;0;4;0m████[38;2;64;64;65m██[38;2;48;82;114m██[38;2;66;60;74m██[38;2;170;170;172m██[38;2;169;175;169m██[38;2;64;64;65m██[38;2;169;175;172m████[38;2;65;68;74m██[38;2;48;98;151m██[38;2;64;64;65m██[38;2;48;82;114m██[38;2;56;92;127m██[38;2;59;58;76m██[38;2;0;0;0m████[38;2;222;222;222m██[38;2;0;0;0m██  
  ██[38;2;82;78;69m██[38;2;0;0;0m██          ██[38;2;48;82;114m██[38;2;0;0;0m████[38;2;62;62;63m██[38;2;172;178;172m██[38;2;169;175;169m██[38;2;64;64;65m██[38;2;65;68;74m██[38;2;46;97;151m██[38;2;64;64;65m██[38;2;169;175;169m██[38;2;49;83;116m████[38;2;32;59;86m██[38;2;222;222;222m██████[38;2;0;0;0m██
    ██          ██[38;2;48;82;114m██[38;2;0;0;0m██    [38;2;4;5;8m██[38;2;62;62;63m██[38;2;64;64;65m████[38;2;46;97;151m██[38;2;45;80;116m██[38;2;64;64;65m██[38;2;169;175;169m██[38;2;49;83;116m██[38;2;45;96;151m██[38;2;82;111;139m██[38;2;32;59;86m██[38;2;222;222;222m██[38;2;0;0;0m██  
              ██[38;2;48;82;114m████[38;2;0;0;0m██  ██[38;2;172;174;172m██[38;2;49;83;116m██[38;2;48;82;114m██[38;2;64;64;65m██[38;2;82;111;139m██[38;2;32;59;86m██[38;2;117;154;189m██[38;2;72;103;134m██[38;2;45;95;149m██████[38;2;222;222;222m██[38;2;0;0;0m██    
          ████[38;2;48;82;114m████[38;2;0;0;0m██  ██[38;2;172;174;172m████[38;2;49;83;116m██[38;2;48;82;114m██[38;2;64;64;65m██[38;2;222;222;222m██[38;2;32;59;86m██[38;2;16;0;2m██[38;2;72;103;134m██[38;2;45;95;149m██[38;2;222;222;222m██[38;2;45;95;149m██[38;2;222;222;222m██[38;2;0;0;0m██    
        ██[38;2;169;175;172m████[38;2;110;111;115m██[38;2;0;0;0m██      ██[38;2;172;174;172m████[38;2;32;59;86m██[38;2;82;111;139m██[38;2;222;222;222m██[38;2;0;0;0m██  ████[38;2;222;222;222m██[38;2;222;226;213m██[38;2;101;116;126m██[38;2;172;174;172m██[38;2;0;0;0m██  
      ██[38;2;172;174;172m██[38;2;169;175;172m████[38;2;165;167;172m████[38;2;0;0;0m██      [38;2;8;4;0m██[38;2;63;60;57m██[38;2;32;59;86m██[38;2;222;222;222m██████[38;2;0;0;0m██    ██[38;2;101;116;126m██[38;2;161;171;169m██[38;2;172;174;172m██[38;2;0;0;0m██  
      ██[38;2;64;64;65m██[38;2;164;174;180m██[38;2;109;116;120m██[38;2;164;174;180m██[38;2;109;116;120m██[38;2;172;174;172m██[38;2;0;0;0m██  ██[38;2;131;140;142m██[38;2;65;70;71m██[38;2;222;222;222m████████[38;2;0;0;0m██    ██[38;2;169;175;169m████████[38;2;0;0;0m██
        ████████████      ██[38;2;197;210;213m██[38;2;222;222;222m██[38;2;101;114;128m██[38;2;222;222;222m██[38;2;0;0;0m██    ██[38;2;172;174;172m██[38;2;101;116;126m██[38;2;169;175;169m██[38;2;101;116;126m██[38;2;169;175;169m██[38;2;0;0;0m██
                            ████████        ██████████  
[0m