          [38;2;0;0;0m██████████            
        ██[38;2;247;230;148m██[38;2;65;65;65m██[38;2;247;230;148m██[38;2;65;65;65m██[38;2;247;230;148m██[38;2;0;0;0m██          
      ██[38;2;247;230;148m██[38;2;65;65;65m██[38;2;247;230;148m██[38;2;65;65;65m██[38;2;247;230;148m██[38;2;189;165;82m████[38;2;0;0;0m██        
    ██[38;2;247;230;148m██[38;2;65;65;65m██[38;2;247;230;148m██[38;2;65;65;65m██[38;2;247;230;148m██[38;2;189;165;82m██[38;2;65;65;65m████[38;2;0;0;0m██        
    ██[38;2;189;165;82m██[38;2;65;65;65m██[38;2;247;230;148m██[38;2;65;65;65m██[38;2;189;165;82m██[38;2;65;65;65m██[38;2;207;200;136m████[38;2;65;65;65m██[38;2;0;0;0m██      
      ██[38;2;65;65;65m██[38;2;189;165;82m██[38;2;65;65;65m████[38;2;207;200;136m████████[38;2;0;0;0m██      
  ████[38;2;65;65;65m██[38;2;207;200;136m██[38;2;65;65;65m██[38;2;207;200;136m████[38;2;255;255;255m██[38;2;170;163;99m██[38;2;207;200;136m████[38;2;0;0;0m██      
██[38;2;65;65;65m██[38;2;170;163;99m██[38;2;65;65;65m██[38;2;207;200;136m██████[38;2;173;58;58m██[38;2;214;99;66m██[38;2;255;255;255m██[38;2;170;163;99m██[38;2;207;200;136m██[38;2;65;65;65m██[38;2;0;0;0m██    
██[38;2;170;163;99m██[38;2;65;65;65m██[38;2;207;200;136m████████[38;2;0;0;0m██[38;2;173;58;58m██[38;2;255;255;255m██[38;2;170;163;99m██[38;2;65;65;65m██[38;2;170;163;99m██[38;2;207;200;136m██[38;2;0;0;0m██  
██[38;2;170;163;99m██[38;2;65;65;65m██[38;2;207;200;136m██[38;2;140;125;50m██[38;2;207;200;136m████[38;2;170;163;99m████████[38;2;65;65;65m██[38;2;207;200;136m██████[38;2;0;0;0m██
██[38;2;65;65;65m██[38;2;170;163;99m██[38;2;65;65;65m██[38;2;170;163;99m████████████[38;2;65;65;65m██[38;2;170;163;99m██[38;2;207;200;136m██████[38;2;0;0;0m██
  ████[38;2;170;163;99m██[38;2;65;65;65m████[38;2;170;163;99m████[38;2;140;125;50m████[38;2;170;163;99m████[38;2;140;125;50m██[38;2;207;200;136m██[38;2;170;163;99m██[38;2;0;0;0m██
      ████[38;2;207;200;136m████████[38;2;170;163;99m██████████[38;2;0;0;0m██  
          ██[38;2;207;200;136m████[38;2;140;125;50m██[38;2;65;65;65m██[38;2;170;163;99m██[38;2;0;0;0m██████    
        ██[38;2;207;200;136m████████[38;2;170;163;99m██[38;2;0;0;0m██          
      ██[38;2;65;65;65m██[38;2;170;163;99m██[38;2;207;200;136m████[38;2;140;125;50m██[38;2;65;65;65m██[38;2;0;0;0m██          
    ██[38;2;170;163;99m████[38;2;0;0;0m██[38;2;170;163;99m██████████[38;2;0;0;0m██        
      ████  ████[38;2;170;163;99m██████[38;2;0;0;0m██        
                ██[38;2;207;200;136m██████[38;2;0;0;0m██      
                  ██████        
[0m