                    [38;2;0;0;0m████████                        
                ████[38;2;82;82;90m██[38;2;206;181;107m████[38;2;82;82;90m██[38;2;0;0;0m██                      
              ██[38;2;247;230;148m██[38;2;82;82;90m██[38;2;247;230;148m██[38;2;82;82;90m██[38;2;247;230;148m████[38;2;206;181;107m██[38;2;0;0;0m██                    
            ██[38;2;247;230;148m██[38;2;82;82;90m██[38;2;247;230;148m██[38;2;82;82;90m██[38;2;247;230;148m██[38;2;206;181;107m██[38;2;82;82;90m██[38;2;0;0;0m████                    
            ██[38;2;206;181;107m██[38;2;82;82;90m██[38;2;247;230;148m██[38;2;82;82;90m██[38;2;206;181;107m██[38;2;82;82;90m██[38;2;169;207;121m████[38;2;0;0;0m██                    
              ██[38;2;82;82;90m██[38;2;206;181;107m██[38;2;82;82;90m████[38;2;169;207;121m██████[38;2;120;158;72m██[38;2;0;0;0m██████              
              ██[38;2;169;207;121m██[38;2;82;82;90m██[38;2;169;207;121m██████[38;2;82;82;90m████[38;2;120;158;72m██[38;2;82;82;90m██[38;2;120;158;72m██[38;2;92;130;44m██[38;2;0;0;0m████          
          ████[38;2;169;207;121m██████████[38;2;0;0;0m██[38;2;189;189;181m██[38;2;120;158;72m████[38;2;82;82;90m██[38;2;120;158;72m██[38;2;92;130;44m██[38;2;120;158;72m████[38;2;0;0;0m████      
    ██████[38;2;120;158;72m██[38;2;82;82;90m██[38;2;169;207;121m████████[38;2;0;0;0m██[38;2;42;130;255m██[38;2;255;255;255m██[38;2;120;158;72m██████████[38;2;92;130;44m██[38;2;120;158;72m████[38;2;92;130;44m██[38;2;0;0;0m██    
  ██[38;2;120;158;72m██[38;2;169;207;121m██[38;2;82;82;90m████[38;2;120;158;72m██[38;2;82;82;90m██[38;2;169;207;121m██[38;2;82;82;90m██[38;2;120;158;72m██████████[38;2;82;82;90m██[38;2;120;158;72m████████[38;2;92;130;44m██[38;2;82;82;90m██[38;2;42;130;255m██[38;2;169;207;121m██[38;2;0;0;0m██  
██[38;2;120;158;72m██[38;2;169;207;121m██[38;2;120;158;72m██[38;2;169;207;121m██[38;2;82;82;90m██[38;2;92;130;44m██[38;2;82;82;90m████[38;2;120;158;72m████████[38;2;82;82;90m████[38;2;120;158;72m████[38;2;82;82;90m██[38;2;120;158;72m██[38;2;82;82;90m████[38;2;42;130;255m██[38;2;169;207;121m██████[38;2;0;0;0m██
██[38;2;169;207;121m██[38;2;120;158;72m██[38;2;169;207;121m██[38;2;120;158;72m██[38;2;82;82;90m██[38;2;120;158;72m██[38;2;82;82;90m██[38;2;169;207;121m██[38;2;82;82;90m██████[38;2;255;255;255m██[38;2;82;82;90m██[38;2;169;207;121m██[38;2;120;158;72m██████[38;2;82;82;90m██[38;2;120;158;72m██[38;2;169;207;121m██████[38;2;42;130;255m████[38;2;0;0;0m██
██[38;2;120;158;72m██[38;2;169;207;121m██[38;2;120;158;72m██[38;2;82;82;90m██[38;2;120;158;72m████[38;2;82;82;90m██[38;2;169;207;121m████[38;2;92;130;44m██[38;2;169;207;121m██[38;2;82;82;90m██[38;2;169;207;121m████[38;2;120;158;72m██████[38;2;82;82;90m██[38;2;169;207;121m██[38;2;120;158;72m██[38;2;169;207;121m██████[38;2;0;0;0m██  
  ██[38;2;120;158;72m██████████[38;2;0;0;0m██[38;2;120;158;72m██[38;2;169;207;121m██[38;2;92;130;44m██[38;2;169;207;121m██████[38;2;120;158;72m██████[38;2;82;82;90m██[38;2;0;0;0m██[38;2;120;158;72m██[38;2;169;207;121m██[38;2;120;158;72m██[38;2;169;207;121m██[38;2;120;158;72m██[38;2;0;0;0m██  
    ████[38;2;120;158;72m████[38;2;0;0;0m██  ██[38;2;120;158;72m████[38;2;92;130;44m██[38;2;120;158;72m██████[38;2;82;82;90m████[38;2;206;181;107m██[38;2;0;0;0m████[38;2;169;207;121m██[38;2;120;158;72m██[38;2;0;0;0m████    
        ████    ██[38;2;206;181;107m██[38;2;82;82;90m██[38;2;206;181;107m██[38;2;247;230;148m██[38;2;206;181;107m██[38;2;82;82;90m██[38;2;206;181;107m████[38;2;0;0;0m██    ████        
              ██[38;2;120;158;72m██[38;2;82;82;90m██[38;2;206;181;107m██[38;2;247;230;148m██[38;2;42;130;255m██[38;2;247;230;148m██[38;2;206;181;107m██[38;2;82;82;90m████[38;2;0;0;0m██                
              ██[38;2;120;158;72m██████[38;2;206;181;107m██[38;2;247;230;148m██[38;2;206;181;107m██[38;2;82;82;90m██████[38;2;120;158;72m██[38;2;0;0;0m██              
              ██[38;2;82;82;90m██[38;2;120;158;72m████[38;2;0;0;0m██████[38;2;82;82;90m████[38;2;120;158;72m██████[38;2;0;0;0m██            
                ██████      ██[38;2;120;158;72m██[38;2;92;130;44m██████[38;2;0;0;0m██            
                              ██[38;2;120;158;72m██[38;2;169;207;121m██[38;2;92;130;44m██[38;2;169;207;121m██[38;2;0;0;0m██          
                                ██████████          
[0m