      [38;2;0;0;0m██████    ████            
    ██[38;2;255;166;49m████[38;2;255;132;8m██[38;2;0;0;0m████[38;2;255;166;49m████[38;2;0;0;0m██          
  ██[38;2;255;132;8m██[38;2;255;166;49m██████[38;2;65;65;65m██[38;2;255;166;49m████████[38;2;0;0;0m██        
  ██[38;2;65;65;65m██[38;2;191;85;0m██[38;2;255;166;49m████████████[38;2;255;132;8m██[38;2;0;0;0m██        
██[38;2;255;132;8m██[38;2;255;166;49m████[38;2;255;132;8m██[38;2;255;166;49m██████[38;2;255;132;8m██[38;2;191;85;0m██[38;2;65;65;65m██[38;2;0;0;0m██        
██[38;2;255;166;49m████████████[38;2;255;132;8m██[38;2;255;166;49m████[38;2;255;132;8m██[38;2;191;85;0m██[38;2;0;0;0m██      
██[38;2;255;132;8m██[38;2;255;166;49m████[38;2;255;132;8m████[38;2;255;166;49m██████████[38;2;255;132;8m██[38;2;0;0;0m██      
  ██[38;2;65;65;65m██[38;2;197;197;206m██[38;2;255;132;8m██[38;2;191;85;0m██[38;2;255;132;8m██[38;2;255;166;49m██████[38;2;255;132;8m████[38;2;0;0;0m██      
    ██[38;2;255;255;255m██[38;2;255;132;8m████[38;2;0;0;0m██[38;2;197;197;206m██[38;2;65;65;65m██[38;2;255;132;8m████[38;2;0;0;0m██        
  ██[38;2;255;255;123m████████[38;2;0;0;0m██[38;2;255;255;255m██[38;2;255;132;8m██[38;2;65;65;65m██[38;2;0;0;0m██          
  ██[38;2;222;173;107m██[38;2;65;65;65m██[38;2;255;255;123m██████[38;2;255;132;8m████[38;2;191;85;0m██[38;2;0;0;0m██    ████  
    ██[38;2;191;85;0m██[38;2;222;173;107m████[38;2;255;132;8m██[38;2;191;85;0m██[38;2;65;65;65m████[38;2;191;85;0m██[38;2;0;0;0m████[38;2;255;255;255m██[38;2;65;65;65m██[38;2;0;0;0m██
      ████[38;2;65;65;65m██████[38;2;255;132;8m██[38;2;191;85;0m██[38;2;255;132;8m████████[38;2;197;197;206m██[38;2;0;0;0m██
        ██[38;2;65;65;65m████[38;2;255;132;8m██████[38;2;65;65;65m██[38;2;255;132;8m██[38;2;255;255;255m██[38;2;255;132;8m██[38;2;0;0;0m██  
      ██[38;2;255;132;8m██[38;2;191;85;0m██[38;2;255;255;123m██[38;2;255;132;8m████[38;2;191;85;0m██[38;2;255;132;8m██[38;2;65;65;65m████[38;2;0;0;0m██████
      ██[38;2;191;85;0m██[38;2;222;173;107m██[38;2;255;255;123m████[38;2;191;85;0m██[38;2;255;132;8m██████[38;2;65;65;65m██[38;2;191;85;0m██[38;2;255;132;8m██[38;2;0;0;0m██
    ██[38;2;197;197;206m██[38;2;191;85;0m██[38;2;0;0;0m██[38;2;222;173;107m████[38;2;65;65;65m██[38;2;255;132;8m██████[38;2;191;85;0m██[38;2;255;132;8m██[38;2;0;0;0m██  
      ████  ████[38;2;65;65;65m██[38;2;191;85;0m██[38;2;255;132;8m██[38;2;191;85;0m██[38;2;0;0;0m████    
                ██[38;2;255;255;255m██[38;2;0;0;0m██[38;2;255;255;255m██[38;2;0;0;0m██      
                  ██  ██        
[0m