                    [38;2;0;0;0m████          ██████            ████                      
                  ██[38;2;79;89;106m██[38;2;137;145;148m██[38;2;0;0;0m██      [38;2;0;4;8m██[38;2;255;237;175m██[38;2;131;118;64m██[38;2;236;218;152m██[38;2;0;0;0m██        ██[38;2;137;145;148m██[38;2;87;94;98m██[38;2;0;0;0m██                    
                  ██[38;2;79;89;106m████[38;2;139;145;148m██[38;2;0;0;0m██  ██[38;2;255;237;175m██[38;2;79;82;84m██[38;2;236;218;152m██[38;2;82;93;106m██[38;2;183;168;107m██[38;2;0;0;0m██    ██[38;2;137;145;148m████[38;2;79;89;106m██[38;2;0;0;0m██                    
              ████  ██[38;2;78;89;106m██[38;2;79;89;104m██[38;2;139;145;148m██[38;2;0;0;0m██  ██[38;2;65;64;65m██[38;2;63;62;65m████[38;2;0;0;0m██    ██[38;2;135;145;148m████[38;2;79;89;106m██[38;2;0;0;0m██  ████                
            ██[38;2;79;89;106m██[38;2;139;145;148m██[38;2;0;0;0m██  ██[38;2;79;89;104m████[38;2;139;145;148m██[38;2;0;0;0m██  ██[38;2;90;93;98m██[38;2;8;0;0m██    [38;2;0;0;0m██[38;2;139;145;148m██[38;2;135;145;148m██[38;2;82;89;106m██[38;2;0;0;0m██  ██[38;2;135;145;148m██[38;2;87;94;98m██[38;2;0;0;0m██              
            ██[38;2;79;89;106m████[38;2;139;145;148m██[38;2;0;0;0m██  ██[38;2;82;93;106m██[38;2;74;72;82m████[38;2;0;0;0m██[38;2;255;239;183m████[38;2;241;224;156m██[38;2;0;0;0m████[38;2;135;145;148m████[38;2;78;89;106m██[38;2;0;0;0m██  ██[38;2;135;145;148m████[38;2;78;89;106m██[38;2;0;0;0m██              
              ██[38;2;79;89;106m████[38;2;139;145;148m██[38;2;0;0;0m██[38;2;54;62;71m██[38;2;82;93;106m██[38;2;74;72;82m██[38;2;241;224;156m██[38;2;255;239;183m████████[38;2;236;218;152m██[38;2;68;76;82m██[38;2;135;145;148m██[38;2;82;89;106m██[38;2;0;0;0m██  ██[38;2;139;145;148m██[38;2;135;145;148m██[38;2;78;89;106m██[38;2;0;0;0m██                
                ██[38;2;78;89;106m██[38;2;79;89;104m██[38;2;139;145;148m██[38;2;79;90;104m██[38;2;65;64;65m██[38;2;241;224;156m████[38;2;248;228;161m████[38;2;255;239;183m██[38;2;241;224;156m████[38;2;65;64;65m██[38;2;135;145;148m██[38;2;82;89;106m██[38;2;0;0;0m████[38;2;135;145;148m████[38;2;78;89;106m██[38;2;0;0;0m██                  
                  ██[38;2;79;89;104m████[38;2;79;90;104m██[38;2;65;64;65m██[38;2;241;224;156m██[38;2;141;141;141m████[38;2;248;228;161m██[38;2;241;224;156m██████[38;2;65;64;65m██[38;2;135;145;148m████[38;2;87;94;98m██[38;2;131;141;148m██[38;2;135;145;148m██[38;2;82;89;106m██[38;2;0;0;0m██                    
                    ████[38;2;68;76;82m██[38;2;236;218;152m██[38;2;141;141;141m██[38;2;255;255;255m████[38;2;141;141;141m██[38;2;241;224;156m████[38;2;244;225;159m████[38;2;65;64;65m██[38;2;135;149;156m██[38;2;137;145;148m████[38;2;78;89;106m██[38;2;0;0;0m██                      
  ████████████          ██[38;2;150;150;150m██[38;2;255;255;255m████████[38;2;141;141;141m██[38;2;241;224;156m██[38;2;244;225;159m████[38;2;239;222;155m██[38;2;65;64;65m██[38;2;68;72;74m██[38;2;0;0;0m████                        
██[38;2;137;145;148m██[38;2;135;145;148m████████[38;2;137;145;148m██[38;2;0;0;0m██      ██[38;2;222;222;222m██[38;2;65;64;65m██[38;2;255;255;255m██[38;2;0;0;0m██[38;2;255;255;255m████[38;2;146;146;146m██[38;2;236;218;152m██[38;2;244;225;159m████[38;2;212;196;132m████[38;2;0;0;0m██            ██████████████  
██[38;2;87;94;98m██[38;2;78;89;106m████[38;2;82;89;106m████[38;2;137;145;148m████[38;2;0;0;0m██████[38;2;65;64;65m██[38;2;222;222;222m██[38;2;65;64;65m██[38;2;255;255;255m████████[38;2;146;146;146m██[38;2;107;107;107m██[38;2;119;119;119m██[38;2;196;182;118m██[38;2;212;196;132m██[38;2;0;0;0m██            ██[38;2;164;190;189m████████████[38;2;137;145;148m██[38;2;0;0;0m██
  ████████[38;2;78;89;106m██[38;2;82;91;101m██[38;2;131;145;156m██[38;2;65;64;65m██[38;2;241;224;156m██[38;2;255;239;183m████[38;2;65;68;74m████[38;2;136;136;136m██[38;2;255;255;255m██[38;2;246;246;246m██[38;2;143;143;143m██[38;2;119;119;119m██[38;2;255;255;255m██[38;2;222;222;222m██[38;2;117;117;117m██[38;2;197;183;119m██[38;2;65;64;65m██[38;2;0;0;0m██████    ██[38;2;164;190;189m██[38;2;135;145;148m██[38;2;137;145;148m██████████[38;2;87;94;98m██[38;2;0;0;0m██
          ██[38;2;82;91;101m██[38;2;57;64;74m██[38;2;241;224;156m██████[38;2;255;239;183m██[38;2;255;243;206m██[38;2;186;172;111m██[38;2;74;76;82m██[38;2;136;136;136m██[38;2;143;143;143m██[38;2;200;185;122m██[38;2;119;119;119m██[38;2;211;210;208m██[38;2;222;222;222m██[38;2;117;117;117m██[38;2;65;64;65m████[38;2;255;239;183m████[38;2;241;224;156m██[38;2;0;0;0m████[38;2;65;64;65m██[38;2;135;145;148m████[38;2;137;145;148m██[38;2;0;0;0m██████████  
  ████████[38;2;131;145;148m██[38;2;87;91;93m██[38;2;65;64;65m██[38;2;141;141;141m██[38;2;255;241;193m██[38;2;244;225;159m████[38;2;197;183;119m██[38;2;241;224;156m██[38;2;197;183;119m██[38;2;65;64;65m████[38;2;197;183;119m██[38;2;192;177;114m██[38;2;127;127;127m██[38;2;120;120;120m██[38;2;65;64;65m██[38;2;241;224;156m██[38;2;255;239;183m████████[38;2;241;224;156m████[38;2;65;64;65m██[38;2;137;145;148m████[38;2;0;0;0m██            
██[38;2;137;145;148m██████[38;2;131;145;148m██[38;2;87;97;98m██[38;2;65;64;65m██[38;2;139;139;139m██[38;2;242;242;242m██[38;2;141;141;141m██[38;2;244;225;159m████[38;2;241;224;156m██[38;2;197;183;119m████████[38;2;65;64;65m██[38;2;60;66;71m██[38;2;8;0;0m██[38;2;65;64;65m██[38;2;241;224;156m██████[38;2;255;239;183m████[38;2;241;224;156m██████[38;2;65;64;65m██[38;2;137;145;148m████[38;2;164;190;189m██[38;2;0;0;0m██████████  
██[38;2;87;94;98m██[38;2;78;89;106m████████[38;2;84;83;84m██[38;2;255;250;255m██[38;2;255;255;255m████[38;2;141;141;141m██[38;2;197;183;119m██████████████[38;2;0;0;0m██  ██[38;2;241;224;156m██[38;2;255;241;193m██[38;2;141;141;141m██████[38;2;241;224;156m██████[38;2;65;64;65m██[38;2;82;91;101m██[38;2;131;145;156m██[38;2;135;145;148m██[38;2;164;190;189m████████[38;2;137;145;148m██[38;2;0;0;0m██
  ██[38;2;0;4;8m████[38;2;0;0;0m██████[38;2;255;250;255m██[38;2;0;0;0m██[38;2;255;255;255m██[38;2;141;141;141m██[38;2;197;183;119m██[38;2;118;118;118m████[38;2;197;183;119m████████[38;2;0;0;0m████[38;2;241;224;156m████[38;2;141;141;141m██[38;2;242;242;242m██[38;2;255;255;255m████[38;2;141;141;141m██[38;2;241;224;156m██████[38;2;57;64;74m██[38;2;82;91;101m██[38;2;135;145;148m████████[38;2;137;145;148m██[38;2;87;94;98m██[38;2;0;0;0m██
              ██[38;2;255;255;255m████[38;2;140;140;140m██[38;2;116;116;116m██[38;2;255;255;255m██[38;2;222;224;217m██[38;2;118;118;118m██[38;2;197;183;119m████[38;2;0;0;0m██  ██[38;2;241;224;156m██[38;2;141;141;141m██[38;2;255;255;255m██████████[38;2;141;141;141m██[38;2;241;224;156m████[38;2;197;183;119m██[38;2;0;0;0m██████████████  
            ██[38;2;65;64;65m██[38;2;255;255;255m██[38;2;141;141;141m██[38;2;197;183;119m██[38;2;116;116;116m██[38;2;222;224;217m████[38;2;118;118;118m██[38;2;197;183;119m████[38;2;0;0;0m██  ██[38;2;241;224;156m██[38;2;141;141;141m██[38;2;255;255;255m████[38;2;0;0;0m██[38;2;255;255;255m████[38;2;141;141;141m██[38;2;241;224;156m██[38;2;197;183;119m████[38;2;0;0;0m██              
            [38;2;0;4;0m██[38;2;193;179;116m██[38;2;65;64;65m██[38;2;139;139;139m██[38;2;197;183;119m████[38;2;118;118;118m████[38;2;197;183;119m████[38;2;0;0;0m██      ██[38;2;134;134;134m██[38;2;255;255;255m████████[38;2;246;246;246m██[38;2;143;143;143m██[38;2;197;183;119m████[38;2;0;0;0m██                
            [38;2;0;4;0m██[38;2;122;108;58m██[38;2;183;168;107m██[38;2;65;64;65m████[38;2;197;183;119m████████[38;2;0;0;0m██        ██[38;2;206;191;127m██[38;2;141;141;141m██[38;2;255;255;255m██████[38;2;143;143;143m██[38;2;200;185;122m██[38;2;197;183;119m████[38;2;0;0;0m██                
              ██[38;2;123;111;58m██[38;2;193;179;116m██[38;2;183;168;107m██[38;2;65;64;65m██████[38;2;0;0;0m██          ██[38;2;54;62;71m██[38;2;202;187;124m██[38;2;133;133;133m██[38;2;141;141;141m████[38;2;197;183;119m████[38;2;200;185;122m██[38;2;54;68;76m██[38;2;0;0;0m██  ██            
                [38;2;8;4;0m██[38;2;63;68;65m██[38;2;65;64;65m██[38;2;131;148;148m██[38;2;65;64;65m██[38;2;79;90;104m██[38;2;139;145;148m██[38;2;0;0;0m██      ██[38;2;82;93;106m████[38;2;74;64;65m████[38;2;197;183;119m██████[38;2;0;0;0m██████[38;2;183;168;107m██[38;2;0;0;0m██[38;2;183;168;107m██[38;2;0;0;0m██          
                  ██[38;2;82;91;98m██[38;2;131;145;148m██[38;2;57;64;74m██[38;2;131;145;148m██[38;2;139;145;148m██[38;2;0;0;0m██    ██[38;2;87;94;98m██[38;2;137;145;148m████████[38;2;65;70;74m████[38;2;0;0;0m██      ██[38;2;183;168;107m██[38;2;84;73;27m██[38;2;0;0;0m██          
                  ██[38;2;131;145;148m██[38;2;57;64;74m██[38;2;82;91;98m██[38;2;131;145;148m██[38;2;0;0;0m██      ██[38;2;131;141;148m██[38;2;137;145;148m██[38;2;0;0;0m████[38;2;137;145;148m██[38;2;131;141;148m██[38;2;0;0;0m██      ██[38;2;183;168;107m██[38;2;86;75;29m██[38;2;0;0;0m██            
                ██[38;2;82;91;98m██[38;2;131;145;148m██[38;2;65;64;65m██[38;2;131;145;148m████[38;2;0;0;0m██    ██[38;2;87;94;98m██[38;2;135;145;148m██[38;2;0;0;0m██    ██[38;2;137;145;148m████[38;2;0;0;0m██      ████              
                ██[38;2;131;145;148m██[38;2;65;64;65m██[38;2;82;91;98m██[38;2;131;145;148m██[38;2;0;0;0m██      ██[38;2;135;145;148m████[38;2;0;0;0m██    ██[38;2;137;145;148m████[38;2;0;0;0m██                        
                  ████[38;2;131;141;148m████[38;2;0;0;0m██    ██[38;2;87;94;98m██[38;2;131;141;148m██[38;2;0;0;0m██    ██[38;2;87;94;98m██[38;2;137;145;148m██[38;2;0;0;0m██                          
                      ████      ██[38;2;131;141;148m████[38;2;0;0;0m██    ██[38;2;131;141;148m██[38;2;137;145;148m██[38;2;0;0;0m██                          
                                  ████    ██[38;2;87;94;98m██[38;2;131;141;148m██[38;2;0;0;0m██                            
                                          ██[38;2;131;141;148m████[38;2;0;0;0m██                            
                                            ████                              
[0m