                                        [38;2;0;0;0m██████                                
                                      ██[38;2;229;193;60m██[38;2;255;242;77m██[38;2;197;180;60m██[38;2;0;4;0m██                              
                  [38;2;0;0;0m██████              ██[38;2;255;242;77m████[38;2;255;254;77m██[38;2;0;4;0m██                              
                [38;2;0;0;0m██[38;2;204;188;184m██████[38;2;0;0;0m██            ██[38;2;206;181;63m██[38;2;255;254;77m██[38;2;225;193;60m██[38;2;0;0;0m██                              
              ██[38;2;204;188;184m████[38;2;92;85;82m██[38;2;151;135;131m██[38;2;149;133;129m██[38;2;0;0;0m██            [38;2;24;8;8m██[38;2;129;108;49m██[38;2;0;0;0m██                                
                ██[38;2;94;87;84m██[38;2;147;131;127m██[38;2;97;88;85m██[38;2;0;0;0m██              ██[38;2;225;193;60m██[38;2;0;0;0m██                                
                  ██[38;2;147;131;127m██[38;2;0;0;0m██          ██████[38;2;225;193;60m████[38;2;49;48;49m██[38;2;0;0;0m████                            
                ██[38;2;63;68;71m██[38;2;65;71;76m██[38;2;0;0;0m██    ██████[38;2;204;188;184m████[38;2;49;48;49m██[38;2;255;246;69m██[38;2;214;189;71m██[38;2;49;48;49m██[38;2;204;188;184m██[38;2;206;190;186m██[38;2;0;4;0m██[38;2;0;0;0m██                        
              ██[38;2;200;203;204m████[38;2;209;212;213m██[38;2;139;142;143m██[38;2;0;0;0m████[38;2;141;125;121m██[38;2;206;190;186m██[38;2;204;188;184m████████[38;2;49;48;49m████[38;2;204;188;184m████[38;2;206;190;186m██[38;2;142;126;122m██[38;2;149;133;129m██[38;2;0;0;0m██                      
            ██[38;2;218;221;222m██[38;2;201;204;205m████████[38;2;41;44;41m██[38;2;150;134;130m██[38;2;204;188;184m██[38;2;151;135;131m██[38;2;203;187;183m██[38;2;242;226;222m████[38;2;203;187;183m██[38;2;204;188;184m████████████[38;2;149;133;129m██[38;2;94;87;84m██[38;2;0;0;0m██          ██████    
        ████[38;2;218;221;222m████[38;2;255;255;255m██[38;2;201;204;205m████[38;2;49;48;49m██[38;2;198;182;178m██[38;2;95;89;85m██[38;2;92;85;82m██[38;2;204;188;184m██[38;2;203;187;183m██[38;2;242;226;222m████[38;2;203;187;183m██[38;2;204;188;184m████████████[38;2;94;87;84m██[38;2;149;133;129m██[38;2;94;87;84m██[38;2;0;0;0m██      ██[38;2;204;188;184m██████[38;2;0;0;0m██  
      ██[38;2;201;204;205m██[38;2;87;90;91m██[38;2;255;255;255m██[38;2;49;48;49m██[38;2;255;255;255m██[38;2;201;204;205m██[38;2;49;48;49m██[38;2;201;204;205m██[38;2;49;48;49m██[38;2;208;192;188m██[38;2;204;188;184m████████████████[38;2;148;132;128m████[38;2;204;188;184m████[38;2;94;87;82m██[38;2;151;135;131m██[38;2;97;89;87m██[38;2;147;131;127m██[38;2;0;0;0m██    ██[38;2;147;131;127m████[38;2;204;188;184m████[38;2;0;0;0m██
      ██[38;2;201;204;205m██[38;2;87;90;91m██[38;2;255;255;255m████[38;2;201;204;205m████[38;2;49;48;49m██[38;2;201;204;205m██[38;2;194;197;198m██[38;2;49;48;49m██[38;2;204;188;184m██████████████[38;2;148;132;128m██[38;2;204;188;184m████[38;2;96;86;82m██[38;2;204;188;184m██[38;2;202;186;182m██[38;2;94;87;82m██[38;2;147;131;127m██[38;2;49;48;49m██[38;2;0;0;0m██      ██[38;2;97;88;85m██[38;2;148;132;128m████[38;2;0;0;0m██
      ██[38;2;201;204;205m████[38;2;87;90;91m████[38;2;200;203;204m██[38;2;41;48;49m██[38;2;201;204;205m████[38;2;49;48;49m██[38;2;255;255;255m██[38;2;49;48;49m████[38;2;204;188;184m██████████[38;2;96;86;82m██[38;2;204;188;184m████[38;2;101;92;88m██[38;2;204;188;184m██[38;2;147;131;127m████[38;2;49;48;49m██[38;2;154;157;158m██[38;2;151;154;155m██[38;2;0;0;0m██  ██[38;2;94;87;84m██[38;2;149;133;129m██[38;2;46;45;43m██[38;2;149;133;129m██[38;2;0;0;0m██
        ██[38;2;201;204;205m██████[38;2;96;99;100m██[38;2;41;48;49m██[38;2;201;204;205m████[38;2;49;48;49m██[38;2;255;255;255m██[38;2;233;246;255m██[38;2;114;148;173m██[38;2;49;48;49m████[38;2;204;188;184m████████[38;2;96;86;82m████[38;2;204;188;184m██[38;2;49;44;41m██[38;2;49;48;49m████[38;2;154;157;158m████[38;2;46;52;57m████[38;2;0;0;0m██[38;2;49;48;49m██[38;2;149;133;129m██[38;2;94;87;84m██[38;2;0;0;0m████  
    ████[38;2;113;79;79m██[38;2;49;48;49m██[38;2;201;204;205m████████[38;2;87;90;91m██[38;2;201;204;205m██[38;2;49;52;49m██[38;2;255;255;255m████[38;2;27;112;165m██[38;2;81;166;219m██[38;2;25;110;163m██[38;2;49;48;49m██████████████[38;2;201;204;205m██[38;2;154;157;158m████[38;2;160;163;164m██[38;2;86;89;90m██[38;2;201;204;205m██████[38;2;154;157;158m██[38;2;46;52;57m██[38;2;0;0;0m██      
████[38;2;113;79;79m████████[38;2;49;48;49m████[38;2;201;204;205m████[38;2;87;90;91m██[38;2;201;204;205m██[38;2;185;188;189m██[38;2;49;52;49m██[38;2;255;255;255m██[38;2;81;166;219m██[38;2;25;110;163m██[38;2;81;166;219m██[38;2;114;148;173m██[38;2;233;246;255m██[38;2;255;255;255m████[38;2;49;48;49m██[38;2;201;204;205m████[38;2;149;152;153m██[38;2;154;157;158m████[38;2;86;89;90m██[38;2;197;200;201m██[38;2;201;204;205m████████[38;2;151;154;155m██[38;2;0;0;0m██      
██[38;2;113;79;79m██████[38;2;49;48;49m████[38;2;113;79;79m████[38;2;0;0;0m██[38;2;255;255;255m████[38;2;88;91;92m██[38;2;197;200;201m██[38;2;41;44;41m██[38;2;255;255;255m████[38;2;81;166;219m████[38;2;255;255;255m██████[38;2;49;52;49m██[38;2;201;204;205m██████[38;2;152;155;156m██[38;2;153;156;157m██[38;2;86;89;90m██[38;2;201;204;205m██[38;2;255;255;255m██████[38;2;201;204;205m████[38;2;154;157;158m████[38;2;0;0;0m██    
██[38;2;113;79;79m██[38;2;49;48;49m██████[38;2;113;79;79m██████[38;2;0;0;0m██[38;2;255;255;255m██████[38;2;93;96;97m████[38;2;49;48;49m████[38;2;255;255;255m██████[38;2;49;48;49m██[38;2;49;52;49m██[38;2;185;188;189m██[38;2;201;204;205m████[38;2;152;155;156m████[38;2;153;156;157m██[38;2;86;89;90m██[38;2;201;204;205m██[38;2;255;255;255m██[38;2;49;48;49m██[38;2;255;255;255m██[38;2;201;204;205m██[38;2;154;157;158m██████[38;2;0;0;0m██    
  ██[38;2;113;79;79m████████[38;2;0;0;0m████  ██[38;2;255;255;255m████████[38;2;88;91;92m████[38;2;41;48;49m████[38;2;41;44;41m██[38;2;197;200;201m██[38;2;201;204;205m████[38;2;153;156;157m████[38;2;87;90;91m████████[38;2;198;201;202m██[38;2;255;255;255m██████[38;2;201;204;205m██[38;2;152;155;156m██[38;2;160;163;164m██[38;2;86;89;90m██[38;2;201;204;205m██[38;2;0;0;0m██  
  ██[38;2;113;79;79m████[38;2;0;0;0m████        ██[38;2;255;255;255m████████[38;2;198;201;202m██[38;2;200;203;204m██[38;2;96;99;100m██[38;2;93;96;97m████[38;2;87;90;91m████[38;2;86;89;90m████[38;2;201;204;205m████████[38;2;88;91;92m████[38;2;255;255;255m██[38;2;201;204;205m██[38;2;152;155;156m████[38;2;86;89;90m██[38;2;197;200;201m██[38;2;201;204;205m████[38;2;0;0;0m██
    ████              ████[38;2;255;255;255m██[38;2;201;204;205m████████████████████████████████[38;2;87;90;91m████████[38;2;201;204;205m████[38;2;214;217;218m██[38;2;145;148;149m██[38;2;0;0;0m██
                          ██████[38;2;201;204;205m██████████████████[38;2;87;90;91m██████[38;2;201;204;205m████████████████[38;2;145;148;149m██[38;2;8;8;8m██  
                                [38;2;0;0;0m██████[38;2;86;89;90m████████████[38;2;0;0;0m██████[38;2;45;48;45m████[38;2;201;204;205m████[38;2;203;206;207m██[38;2;151;154;155m██[38;2;154;157;158m██[38;2;0;0;0m████    
                                      ████████████      [38;2;0;4;0m██[38;2;116;82;82m██[38;2;49;48;49m████████[38;2;0;0;0m██        
                                                        ██[38;2;113;79;79m██████[38;2;115;81;81m████[38;2;114;80;80m██[38;2;0;0;0m██      
                                                        ██[38;2;113;79;79m██████[38;2;49;48;49m██[38;2;159;125;125m████[38;2;0;0;0m██      
                                                          ██[38;2;113;79;79m████[38;2;49;48;49m██[38;2;159;125;125m██[38;2;160;126;126m████[38;2;0;0;0m██    
                                                          ██[38;2;113;79;79m████[38;2;115;81;81m██[38;2;49;48;49m██[38;2;160;126;126m████[38;2;0;0;0m██    
                                                            [38;2;0;4;8m██[38;2;111;64;57m██[38;2;230;113;98m██[38;2;76;40;38m██[38;2;106;186;222m████[38;2;0;0;0m██    
                                                            [38;2;0;4;8m██[38;2;222;125;106m██[38;2;230;113;98m██[38;2;0;4;8m██[38;2;0;0;0m████      
                                                              ████            
[0m