                    [38;2;0;0;0m██████                    
                  ██[38;2;255;255;255m██[38;2;151;142;141m████[38;2;0;0;0m██                  
      ████████  ████[38;2;65;65;65m██████[38;2;0;0;0m██                  
    ██[38;2;71;66;66m████[38;2;78;74;73m████[38;2;0;0;0m██[38;2;224;217;155m████[38;2;65;65;65m██████[38;2;224;217;155m██[38;2;0;0;0m██                
    ██[38;2;65;65;65m████████[38;2;224;217;155m████████████████[38;2;0;0;0m██              
  ██[38;2;65;65;65m██████████[38;2;255;255;255m██████[38;2;224;217;155m████[38;2;255;255;255m██[38;2;224;217;155m██████[38;2;0;0;0m████████████  
██[38;2;71;66;66m████[38;2;78;74;73m████[38;2;65;65;65m██[38;2;255;255;255m██████████[38;2;224;217;155m████████[38;2;65;65;65m██[38;2;151;142;141m████████[38;2;98;93;92m████[38;2;0;0;0m██
██[38;2;65;65;65m██████████[38;2;255;255;255m██[38;2;0;0;0m██[38;2;255;255;255m██████[38;2;224;217;155m████[38;2;191;171;122m██[38;2;65;65;65m██[38;2;151;142;141m████[38;2;78;74;73m██████[38;2;71;66;66m████[38;2;0;0;0m██
  ██████████[38;2;255;255;255m██████████[38;2;191;171;122m██████[38;2;65;65;65m██[38;2;151;142;141m████[38;2;0;0;0m██████████  
          ██[38;2;65;65;65m██[38;2;255;255;255m██████[38;2;191;171;122m████████[38;2;65;65;65m██[38;2;78;74;73m██[38;2;151;142;141m████[38;2;98;93;92m████[38;2;0;0;0m██    
        ██[38;2;151;142;141m██[38;2;78;74;73m██[38;2;65;65;65m██[38;2;191;171;122m██████████████[38;2;0;0;0m██[38;2;78;74;73m████[38;2;71;66;66m████[38;2;0;0;0m██    
        ██[38;2;78;74;73m████[38;2;0;0;0m████[38;2;191;171;122m████[38;2;65;65;65m████[38;2;191;171;122m██[38;2;0;0;0m██  ████████      
          ████    ████[38;2;151;142;141m██[38;2;78;74;73m██[38;2;0;0;0m██                  
                    ██[38;2;78;74;73m████[38;2;0;0;0m██                  
                      ████                    
[0m