                          [38;2;0;0;0m██████            
                      ████[38;2;52;167;174m██████[38;2;0;0;0m████        
                    ██[38;2;52;167;174m████[38;2;65;65;65m████████[38;2;52;167;174m██[38;2;0;0;0m██      
                  ██[38;2;52;167;174m██[38;2;65;65;65m████[38;2;97;225;217m████████[38;2;65;65;65m████[38;2;0;0;0m██    
                ██[38;2;52;167;174m██[38;2;65;65;65m██[38;2;97;225;217m████[38;2;0;0;0m████████[38;2;52;167;174m████[38;2;0;0;0m████  
            ████[38;2;97;225;217m██[38;2;65;65;65m██[38;2;97;225;217m██[38;2;0;0;0m████        ██[38;2;65;65;65m██[38;2;97;225;217m██[38;2;52;167;174m██[38;2;0;0;0m██
        ████[38;2;97;225;217m████████[38;2;0;0;0m██              ██[38;2;52;167;174m████[38;2;0;0;0m██
      ██[38;2;97;225;217m██████████████[38;2;0;0;0m██              ████  
    ██[38;2;138;254;248m██[38;2;200;255;48m██[38;2;97;225;217m██████████████[38;2;0;0;0m██                  
    ██[38;2;65;65;65m██[38;2;97;225;217m████████[38;2;200;255;48m██[38;2;97;225;217m██████[38;2;0;0;0m██                  
    ██[38;2;200;255;48m██[38;2;97;225;217m████████[38;2;65;65;65m██[38;2;97;225;217m██[38;2;200;255;48m██[38;2;97;225;217m████[38;2;0;0;0m██                
    ██[38;2;200;255;48m██[38;2;97;225;217m██████[38;2;52;167;174m██[38;2;200;255;48m████[38;2;52;167;174m██[38;2;97;225;217m████[38;2;0;0;0m██                
      ██[38;2;97;225;217m██████[38;2;200;255;48m██[38;2;0;0;0m██[38;2;200;255;48m██[38;2;52;167;174m██[38;2;97;225;217m██[38;2;52;167;174m██[38;2;0;0;0m██                
  ████████[38;2;52;167;174m██[38;2;97;225;217m██[38;2;200;255;48m██[38;2;43;127;141m██[38;2;200;255;48m██[38;2;52;167;174m████[38;2;0;0;0m██                  
██[38;2;52;167;174m████████[38;2;65;65;65m████[38;2;52;167;174m██[38;2;200;255;48m██[38;2;52;167;174m████[38;2;0;0;0m██                    
  ██[38;2;52;167;174m████[38;2;0;0;0m██[38;2;65;65;65m██[38;2;52;167;174m██[38;2;214;82;66m██[38;2;65;65;65m██████[38;2;52;167;174m██[38;2;0;0;0m██                  
    ████[38;2;41;140;99m██[38;2;0;0;0m██[38;2;97;225;217m██[38;2;214;82;66m██[38;2;97;225;217m████[38;2;65;65;65m██[38;2;52;167;174m██[38;2;97;225;217m██[38;2;0;0;0m████              
        ██[38;2;52;167;174m██[38;2;43;127;141m██[38;2;200;255;48m██[38;2;97;225;217m████[38;2;65;65;65m██[38;2;97;225;217m████████[38;2;0;0;0m██            
          ██████[38;2;65;65;65m██[38;2;52;167;174m████[38;2;0;0;0m██[38;2;97;225;217m██████[38;2;0;0;0m██            
                ██████  ██████              
[0m