                                          [38;2;0;0;0m████      
                                        ██[38;2;255;239;141m██[38;2;0;0;0m██      
            ██              ████    ████[38;2;255;239;141m████[38;2;0;0;0m██      
          ██[38;2;239;194;25m██[38;2;0;0;0m██    ██  ████[38;2;255;239;141m██[38;2;0;0;0m██  ██[38;2;239;194;25m██[38;2;255;239;141m████[38;2;0;0;0m██        
          ██[38;2;239;194;25m██[38;2;0;0;0m██  ██[38;2;255;239;141m██[38;2;0;0;0m██[38;2;239;194;25m██[38;2;255;239;141m████[38;2;0;0;0m████[38;2;255;239;141m████████[38;2;0;0;0m██  ██████
          ██[38;2;239;194;25m██[38;2;0;0;0m██  ██[38;2;255;239;141m██[38;2;65;65;65m██[38;2;255;239;141m██████[38;2;65;65;65m██[38;2;255;239;141m████████[38;2;199;151;1m██[38;2;0;0;0m████[38;2;255;239;141m████[38;2;0;0;0m██
        ██[38;2;239;194;25m████[38;2;65;65;65m██[38;2;0;0;0m██[38;2;239;194;25m██[38;2;255;239;141m██[38;2;239;194;25m██[38;2;65;65;65m██[38;2;255;239;141m██[38;2;239;194;25m████[38;2;255;239;141m████████[38;2;65;65;65m██[38;2;255;239;141m██████[38;2;0;0;0m██  
        ██[38;2;239;194;25m██[38;2;65;65;65m██[38;2;239;194;25m██[38;2;255;239;141m██[38;2;239;194;25m██[38;2;255;239;141m████[38;2;65;65;65m██[38;2;255;239;141m██[38;2;199;151;1m██[38;2;255;239;141m████████████████[38;2;239;194;25m██[38;2;0;0;0m██  
        ██[38;2;239;194;25m██[38;2;255;239;141m██████[38;2;239;194;25m██[38;2;255;239;141m████[38;2;65;65;65m██[38;2;255;239;141m████████████[38;2;65;65;65m██[38;2;255;239;141m██████[38;2;0;0;0m██    
    ████[38;2;255;239;141m██████████[38;2;239;194;25m██[38;2;255;239;141m██████[38;2;65;65;65m██[38;2;255;239;141m████████[38;2;65;65;65m██[38;2;123;128;167m██[38;2;65;65;65m██[38;2;255;239;141m██[38;2;65;65;65m████[38;2;0;0;0m████
  ██[38;2;239;194;25m██[38;2;255;239;141m████████████[38;2;239;194;25m██[38;2;255;239;141m██████[38;2;239;194;25m██[38;2;65;65;65m██[38;2;255;239;141m████[38;2;199;151;1m██[38;2;65;65;65m██[38;2;123;128;167m██[38;2;65;65;65m████[38;2;123;128;167m██[38;2;65;65;65m██[38;2;239;194;25m██[38;2;0;0;0m██
██[38;2;255;239;141m██████████████████████████[38;2;65;65;65m██[38;2;255;239;141m██[38;2;199;151;1m██[38;2;65;65;65m██[38;2;83;88;116m██[38;2;123;128;167m██[38;2;65;65;65m██[38;2;123;128;167m██[38;2;65;65;65m██[38;2;239;194;25m██[38;2;0;0;0m██  
  ██████[38;2;65;65;65m██[38;2;239;194;25m████[38;2;255;239;141m██[38;2;0;0;0m██[38;2;65;65;65m████[38;2;255;239;141m████[38;2;65;65;65m██[38;2;255;239;141m██[38;2;199;151;1m██[38;2;123;128;167m██[38;2;65;65;65m██[38;2;123;128;167m██[38;2;83;88;116m██[38;2;123;128;167m████[38;2;65;65;65m██[38;2;0;0;0m██    
        ██[38;2;255;239;141m████[38;2;65;65;65m██[38;2;222;82;58m██[38;2;255;255;255m██[38;2;199;151;1m██[38;2;239;194;25m████[38;2;65;65;65m██[38;2;255;239;141m██[38;2;199;151;1m██[38;2;65;65;65m██[38;2;123;128;167m████[38;2;83;88;116m██[38;2;123;128;167m██[38;2;65;65;65m██[38;2;0;0;0m██      
      ██[38;2;255;239;141m██[38;2;239;194;25m██[38;2;65;65;65m██[38;2;123;128;167m██[38;2;83;88;116m████[38;2;255;239;141m██[38;2;239;194;25m██[38;2;65;65;65m██[38;2;255;239;141m██[38;2;65;65;65m██[38;2;123;128;167m██[38;2;65;65;65m██[38;2;123;128;167m████████[38;2;0;0;0m██        
      ████[38;2;83;88;116m██[38;2;123;128;167m██████[38;2;255;239;141m████████[38;2;65;65;65m██[38;2;123;128;167m██████[38;2;65;65;65m██[38;2;123;128;167m████[38;2;83;88;116m██[38;2;0;0;0m██        
          ████[38;2;123;128;167m██████[38;2;255;239;141m██████[38;2;65;65;65m██[38;2;123;128;167m████[38;2;65;65;65m██[38;2;0;0;0m██[38;2;83;88;116m████████[38;2;0;0;0m██      
              ██[38;2;255;239;141m████████[38;2;65;65;65m██[38;2;123;128;167m██████[38;2;0;0;0m██  ████[38;2;83;88;116m████[38;2;0;0;0m██      
          ████[38;2;83;88;116m██[38;2;65;65;65m██[38;2;255;239;141m████[38;2;0;0;0m██[38;2;65;65;65m██[38;2;83;88;116m██[38;2;123;128;167m██[38;2;0;0;0m██      ██[38;2;83;88;116m██[38;2;65;65;65m██[38;2;0;0;0m██      
        ██[38;2;239;194;25m████[38;2;83;88;116m██[38;2;65;65;65m██[38;2;255;239;141m██[38;2;0;0;0m██████[38;2;255;239;141m██[38;2;83;88;116m██[38;2;239;194;25m██[38;2;0;0;0m██████[38;2;222;82;58m██[38;2;0;0;0m██[38;2;222;82;58m██[38;2;0;0;0m██      
      ██[38;2;222;82;58m██[38;2;83;88;116m██[38;2;239;194;25m██[38;2;0;0;0m██████  ██[38;2;255;239;141m██████[38;2;239;194;25m██████[38;2;0;0;0m████  ████      
        ██████      ██[38;2;222;82;58m██[38;2;65;65;65m████[38;2;255;239;141m██[38;2;65;65;65m██[38;2;0;0;0m████                
                    ██████[38;2;222;82;58m██[38;2;65;65;65m██[38;2;0;0;0m██                    
                          ████                      
[0m