            [38;2;0;0;0m██████                                              
          ██[38;2;237;223;35m████[38;2;246;230;19m██[38;2;8;0;8m██[38;2;0;0;0m████                  ██████                
      ████[38;2;148;104;0m██[38;2;237;223;35m████[38;2;166;135;10m██[38;2;246;230;19m██[38;2;238;222;34m████[38;2;0;0;0m██              ██[38;2;247;237;103m██[38;2;248;234;66m██[38;2;165;140;43m██[38;2;0;0;0m██              
    ██[38;2;238;222;34m██[38;2;237;223;35m████[38;2;167;147;70m██[38;2;66;77;66m██[38;2;66;73;66m████[38;2;238;224;41m████[38;2;0;0;0m██            ██[38;2;74;48;66m██[38;2;160;139;57m██[38;2;247;237;103m████[38;2;0;0;0m██  ██████      
    ██[38;2;238;222;34m██[38;2;237;223;35m████[38;2;66;77;66m██[38;2;137;106;104m██[38;2;184;110;129m██[38;2;240;132;160m██[38;2;82;52;60m██[38;2;0;8;8m██            [38;2;0;0;0m██[38;2;247;237;103m██[38;2;249;237;90m████[38;2;147;105;0m████[38;2;148;104;0m██[38;2;0;0;0m██[38;2;247;237;103m████[38;2;148;104;0m██[38;2;0;0;0m██    
      ██[38;2;179;148;18m██[38;2;66;60;66m██[38;2;157;198;77m████[38;2;238;120;151m██[38;2;255;207;220m██[38;2;177;111;128m██[38;2;180;203;74m██[38;2;0;0;0m██          [38;2;8;0;0m██[38;2;167;145;51m██[38;2;147;105;0m████[38;2;252;246;170m████[38;2;148;104;0m████[38;2;147;105;0m████[38;2;247;237;103m██[38;2;0;0;0m██    
      ██[38;2;238;220;2m██[38;2;66;60;66m██[38;2;157;198;77m████[38;2;238;120;151m██[38;2;126;80;92m██[38;2;156;82;101m██[38;2;180;203;74m██[38;2;161;199;77m██[38;2;0;0;0m██      ██[38;2;248;236;81m████[38;2;247;237;103m██[38;2;147;105;0m██[38;2;148;104;0m██[38;2;252;246;170m████[38;2;148;104;0m██[38;2;247;237;103m████[38;2;0;0;0m██      
    ██[38;2;238;222;34m██[38;2;238;223;19m██[38;2;66;52;66m██[38;2;161;199;77m████[38;2;157;198;77m████[38;2;161;199;77m████[38;2;159;194;77m██[38;2;0;0;0m██        ██[38;2;247;237;103m██████[38;2;152;108;0m████[38;2;147;105;0m██████[38;2;247;237;103m████[38;2;0;0;0m██    
    ██[38;2;238;222;34m██[38;2;181;150;27m██[38;2;238;223;19m██[38;2;66;65;66m██[38;2;161;199;77m██[38;2;157;198;77m████[38;2;161;199;77m██[38;2;82;78;68m██[38;2;159;194;77m██[38;2;105;129;51m██[38;2;0;0;0m██        ██[38;2;147;105;0m████[38;2;189;235;119m██[38;2;152;108;0m██[38;2;247;237;103m████[38;2;147;105;0m████[38;2;247;237;103m██[38;2;0;0;0m██    
      ██[38;2;111;105;25m██[38;2;222;210;48m██[38;2;75;92;44m██[38;2;149;184;88m██[38;2;161;199;77m████[38;2;82;81;66m██[38;2;255;211;223m██[38;2;66;81;82m██[38;2;142;126;71m██[38;2;0;0;0m██      ██[38;2;255;213;224m██[38;2;242;115;148m██[38;2;189;235;119m████[38;2;152;108;0m██[38;2;247;237;103m██████[38;2;85;62;66m██[38;2;0;0;0m██      
          ██████[38;2;161;199;77m██[38;2;199;30;144m██[38;2;82;81;66m██[38;2;255;211;223m██[38;2;255;208;221m██[38;2;66;81;82m██[38;2;66;65;66m██[38;2;0;0;0m██    ██[38;2;231;110;141m██[38;2;242;115;148m██[38;2;189;235;119m██████[38;2;147;105;0m██[38;2;247;237;103m████[38;2;0;4;0m██        
                [38;2;0;0;0m██[38;2;230;61;175m██[38;2;85;79;71m██[38;2;255;211;223m██████[38;2;82;81;74m██[38;2;191;207;113m██[38;2;0;0;8m████[38;2;201;32;146m██[38;2;189;235;119m████████[38;2;242;115;148m██[38;2;82;78;40m████[38;2;0;0;0m██          
                  ██[38;2;85;79;71m██[38;2;221;119;145m██[38;2;255;211;223m██[38;2;243;116;149m██[38;2;82;81;74m██[38;2;235;255;148m██[38;2;199;235;119m██[38;2;52;74;49m██[38;2;201;32;146m██[38;2;189;235;119m██[38;2;201;32;146m████[38;2;189;235;119m██[38;2;242;115;148m██[38;2;255;205;218m██[38;2;0;0;24m██            
                [38;2;0;8;16m██[38;2;228;127;153m██[38;2;244;255;148m██[38;2;82;81;66m██████[38;2;244;255;148m████[38;2;189;235;119m██[38;2;66;65;66m██[38;2;230;61;175m██[38;2;194;25;139m██[38;2;228;59;173m██[38;2;201;32;146m██[38;2;189;235;119m██[38;2;0;0;0m████              
        ██    ██[38;2;255;231;237m██[38;2;228;127;153m██[38;2;244;255;148m██████████[38;2;191;238;118m██[38;2;189;235;119m████[38;2;66;73;57m██[38;2;230;61;175m██[38;2;228;59;173m████[38;2;0;0;0m██        ██        
      ██[38;2;228;59;173m██[38;2;0;0;0m██  ██[38;2;255;211;223m██[38;2;243;116;149m██[38;2;191;238;118m██[38;2;244;255;148m██[38;2;227;255;148m██[38;2;198;214;112m██[38;2;123;82;93m████[38;2;137;80;95m██[38;2;233;238;100m██[38;2;189;235;119m██[38;2;66;65;66m██[38;2;199;30;144m██[38;2;0;0;0m██    ██  [38;2;8;4;0m██[38;2;237;68;182m██[38;2;0;0;0m██      
  ████[38;2;66;65;66m██[38;2;228;59;173m████[38;2;0;0;0m██[38;2;82;79;70m██[38;2;255;211;223m██[38;2;243;116;149m██[38;2;191;238;118m████[38;2;198;214;112m██[38;2;122;89;98m██[38;2;123;82;93m██[38;2;255;211;223m██[38;2;194;126;144m██[38;2;137;80;95m██[38;2;189;235;119m████[38;2;0;0;0m██    ██[38;2;230;61;175m██[38;2;0;0;0m██[38;2;194;25;139m████[38;2;0;0;0m██      
██[38;2;230;61;175m██[38;2;229;60;174m████[38;2;231;62;176m██[38;2;74;73;74m██[38;2;157;198;77m████[38;2;82;81;66m██[38;2;187;241;109m██[38;2;193;237;115m████[38;2;189;235;119m██[38;2;125;81;92m██[38;2;255;211;223m██████[38;2;243;116;149m██[38;2;193;237;115m████[38;2;0;0;0m██  [38;2;8;0;16m██[38;2;57;74;54m██[38;2;210;41;155m████[38;2;243;116;149m██[38;2;255;211;223m██[38;2;110;122;84m██[38;2;0;12;24m██[38;2;0;0;0m██  
  ██[38;2;229;60;174m████[38;2;74;73;74m██[38;2;137;192;96m██[38;2;157;198;77m████[38;2;82;81;66m██[38;2;155;188;94m██[38;2;193;237;115m████[38;2;189;235;119m██[38;2;125;81;92m██[38;2;243;116;149m██[38;2;255;211;223m██[38;2;243;116;149m████[38;2;193;237;115m██[38;2;161;199;77m██[38;2;66;65;66m██[38;2;0;0;0m██[38;2;199;235;119m██[38;2;57;74;54m██[38;2;210;41;155m██[38;2;255;211;223m██[38;2;243;116;149m████[38;2;165;178;115m██[38;2;110;122;84m██[38;2;230;61;175m██[38;2;0;0;0m██
██[38;2;252;246;170m██[38;2;66;65;66m██[38;2;229;60;174m██[38;2;82;77;74m██[38;2;137;192;96m██[38;2;157;198;77m████[38;2;161;199;77m██[38;2;66;65;66m██[38;2;105;134;72m██[38;2;189;246;108m██[38;2;100;146;65m██[38;2;197;241;109m██[38;2;107;128;73m██[38;2;237;130;158m██[38;2;243;113;147m██[38;2;161;199;77m██[38;2;155;188;94m██[38;2;82;81;66m██[38;2;193;237;115m████[38;2;174;234;128m██[38;2;66;65;74m██[38;2;210;41;155m██[38;2;244;114;148m██[38;2;189;235;119m██[38;2;242;115;148m██[38;2;255;195;211m██[38;2;148;154;74m██[38;2;0;0;0m██  
  ██[38;2;66;65;66m██[38;2;229;60;174m██[38;2;233;64;178m██[38;2;82;77;74m██[38;2;157;198;77m████[38;2;161;199;77m████[38;2;57;77;57m██[38;2;105;134;72m██[38;2;148;193;86m██[38;2;100;146;65m██[38;2;107;128;73m██[38;2;129;151;79m██[38;2;161;199;77m████[38;2;82;81;66m██[38;2;187;241;109m██[38;2;193;237;115m████[38;2;66;65;74m██[38;2;234;65;179m██[38;2;210;41;155m████[38;2;189;235;119m████[38;2;74;77;49m██[38;2;0;0;24m██    
    [38;2;0;0;0m██[38;2;228;59;173m██[38;2;230;61;175m██[38;2;0;0;0m██[38;2;186;17;131m████[38;2;161;199;77m████[38;2;123;170;101m██[38;2;182;13;127m██[38;2;82;81;66m██[38;2;82;127;93m██[38;2;137;192;96m██[38;2;82;77;74m██[38;2;78;75;69m████[38;2;66;65;66m██[38;2;189;235;119m██[38;2;193;237;115m████[38;2;195;251;98m██[38;2;66;69;57m██[38;2;54;81;60m██[38;2;244;75;189m██[38;2;194;25;139m██[38;2;66;73;57m██[38;2;0;0;0m██      
    ██[38;2;228;59;173m██[38;2;0;0;0m██  [38;2;8;0;0m██[38;2;225;56;170m██[38;2;0;0;0m████[38;2;8;0;8m██[38;2;182;13;127m██[38;2;231;62;176m██[38;2;82;81;66m██[38;2;82;77;74m██[38;2;233;64;178m██[38;2;230;61;175m██[38;2;78;75;69m██[38;2;189;235;119m████[38;2;193;237;115m████[38;2;154;190;83m████[38;2;101;162;112m██[38;2;8;0;8m██[38;2;230;61;175m████[38;2;0;0;0m██      
      ██      ██      ████[38;2;82;79;70m██[38;2;189;235;119m██[38;2;82;79;71m██[38;2;237;68;182m██[38;2;74;77;74m██[38;2;189;235;119m████[38;2;158;190;78m████[38;2;161;199;77m██[38;2;0;0;0m████  ██[38;2;230;61;175m██[38;2;0;0;0m██      
                          ██[38;2;189;235;119m████[38;2;74;77;74m██[38;2;172;230;129m██[38;2;189;235;119m██[38;2;66;65;66m██[38;2;75;94;43m██[38;2;0;0;8m██[38;2;0;0;0m██        ██        
                        ██[38;2;189;235;119m██[38;2;193;237;115m████[38;2;197;241;109m████[38;2;157;198;77m████[38;2;0;0;0m██                      
                        ██[38;2;201;32;146m██[38;2;193;237;115m████[38;2;203;34;148m██[38;2;147;180;84m██[38;2;157;198;77m████[38;2;0;0;0m██                      
                          ██[38;2;194;25;139m████[38;2;209;40;154m████[38;2;149;184;88m██[38;2;205;36;150m██[38;2;0;0;0m██                      
                      ████[38;2;230;61;175m██[38;2;66;73;57m██[38;2;233;64;178m██[38;2;229;60;174m████[38;2;205;36;150m██[38;2;0;0;8m██                        
                    [38;2;0;0;0m██[38;2;230;61;175m██[38;2;228;59;173m██████[38;2;201;32;146m██████[38;2;228;59;173m████[38;2;0;0;0m████                    
                      ██████[38;2;228;59;173m████████[38;2;0;0;0m██[38;2;228;59;173m██████[38;2;0;0;0m██                  
                            ██[38;2;230;61;175m████[38;2;0;0;0m██  ██████                    
                              ████                              
[0m