                          [38;2;0;4;0m████████                    
                      ████[38;2;109;130;146m████████[38;2;0;4;0m██                  
                    ██[38;2;53;60;66m██[38;2;109;130;148m████████████[38;2;0;4;0m██    ████        
                    ██[38;2;119;131;151m██[38;2;109;130;148m████████████[38;2;109;130;146m██[38;2;0;4;0m████[38;2;107;111;107m████[38;2;0;4;0m██      
                    ██[38;2;107;111;107m██[38;2;111;131;152m████[38;2;109;130;148m████[38;2;109;130;146m████[38;2;109;127;152m████[38;2;107;111;107m████[38;2;0;4;0m██        
          ██          ██[38;2;108;112;113m██[38;2;111;131;152m██[38;2;109;130;148m████[38;2;0;4;0m████[38;2;107;111;113m████[38;2;107;111;107m██[38;2;0;4;0m██          
        ██[38;2;109;130;146m██[38;2;0;4;0m████    ██[38;2;66;71;71m██[38;2;109;111;109m████[38;2;107;111;107m██[38;2;0;4;0m██    ██████            
        ██[38;2;109;130;146m██████[38;2;0;4;0m██[38;2;66;64;66m██[38;2;112;121;123m████[38;2;109;111;109m████[38;2;0;4;0m██                        
      ██[38;2;109;127;152m██[38;2;107;111;113m██[38;2;108;129;148m██[38;2;97;93;77m██[38;2;109;130;148m████[38;2;109;130;146m████[38;2;66;65;66m████[38;2;54;62;63m██[38;2;8;8;0m██    [38;2;0;4;0m████              
    ██[38;2;109;130;146m██[38;2;107;111;113m██[38;2;109;127;152m██[38;2;108;129;148m██[38;2;97;93;77m██[38;2;109;130;148m████[38;2;109;130;146m██[38;2;66;65;66m██[38;2;109;130;146m████[38;2;111;131;145m████[38;2;0;4;0m████[38;2;109;130;146m██[38;2;0;4;0m██              
    ██[38;2;109;130;146m██[38;2;103;109;109m██[38;2;110;128;142m██[38;2;97;93;77m██[38;2;108;129;148m██[38;2;109;130;148m████[38;2;66;65;66m██[38;2;109;130;146m██[38;2;109;130;148m████[38;2;108;129;148m████[38;2;109;130;148m████[38;2;109;130;146m██[38;2;0;4;0m██              
      ██[38;2;97;89;77m████[38;2;108;129;148m████[38;2;109;130;148m████[38;2;66;65;66m██[38;2;109;130;146m██[38;2;109;130;148m████[38;2;85;83;78m████[38;2;109;130;148m████[38;2;0;4;0m██                
    ██[38;2;109;130;146m██[38;2;109;130;148m████████████[38;2;66;65;66m██[38;2;109;130;146m██[38;2;109;130;148m████[38;2;66;65;66m██[38;2;109;130;146m██[38;2;66;65;66m██[38;2;109;130;146m██[38;2;0;4;0m██                
    ██[38;2;109;130;146m██[38;2;109;130;148m████████████[38;2;109;130;146m██[38;2;66;65;66m██[38;2;109;130;148m████[38;2;109;130;146m████[38;2;66;65;66m██[38;2;109;130;146m██[38;2;0;4;0m██                
  ██[38;2;109;130;146m████[38;2;87;81;76m████[38;2;109;130;146m████████████[38;2;66;65;66m████[38;2;109;130;146m██[38;2;66;65;66m██[38;2;109;130;146m██[38;2;0;4;0m██                  
  ██[38;2;109;130;146m██[38;2;66;65;66m██[38;2;255;239;132m██[38;2;87;81;76m██[38;2;66;65;66m██[38;2;109;130;146m████[38;2;66;65;66m██████[38;2;109;130;146m████████████[38;2;0;4;0m██                
  ██[38;2;119;131;151m██[38;2;57;62;66m██[38;2;255;136;67m██[38;2;105;104;94m██[38;2;66;65;57m██[38;2;110;128;142m██[38;2;66;65;66m██[38;2;97;92;77m██[38;2;97;96;75m████[38;2;66;65;57m██[38;2;110;128;142m██[38;2;109;130;148m████[38;2;109;130;146m████[38;2;0;4;0m██                
    [38;2;8;8;0m██[38;2;57;62;66m██[38;2;255;136;67m██[38;2;105;104;94m██[38;2;77;81;79m██[38;2;66;65;57m██[38;2;97;92;77m████[38;2;255;239;132m██[38;2;97;96;75m██[38;2;77;81;79m██[38;2;66;65;57m██[38;2;109;130;148m████[38;2;109;130;146m██[38;2;0;4;0m██                  
    ██[38;2;109;130;146m██[38;2;66;65;66m██[38;2;109;130;146m██[38;2;111;131;152m██[38;2;108;112;113m██[38;2;107;120;129m██[38;2;255;136;67m████[38;2;105;106;97m██[38;2;97;92;77m██[38;2;66;65;66m██[38;2;109;130;148m████[38;2;109;130;146m██[38;2;0;4;0m██                  
      ██[38;2;109;130;146m████[38;2;111;131;152m████[38;2;107;120;129m██[38;2;255;136;67m██[38;2;105;106;97m████[38;2;97;92;77m██[38;2;66;65;66m██[38;2;109;130;148m████[38;2;0;4;0m██                    
    ██[38;2;109;130;146m██[38;2;97;93;77m██[38;2;108;129;148m██[38;2;108;128;148m██[38;2;85;84;78m██[38;2;109;130;148m████████[38;2;66;65;66m██[38;2;109;130;146m██[38;2;112;121;123m██[38;2;0;4;0m██                      
  ██[38;2;109;130;146m████[38;2;108;129;148m██[38;2;97;93;77m██[38;2;85;84;78m████[38;2;109;130;148m████████[38;2;109;130;146m██[38;2;66;65;66m██[38;2;66;71;71m██[38;2;112;121;123m██[38;2;0;4;0m████                  
    ██[38;2;109;130;146m██████[38;2;109;130;148m████[38;2;97;93;77m████████[38;2;111;131;152m████[38;2;107;111;107m████████[38;2;0;4;0m██                
      ██[38;2;66;65;66m██[38;2;109;130;146m██[38;2;109;130;148m████[38;2;108;129;148m████████[38;2;111;131;152m██[38;2;108;112;113m██[38;2;107;111;107m██[38;2;0;4;0m██████                  
    [38;2;8;8;0m██[38;2;87;85;76m██[38;2;97;92;77m████[38;2;66;65;66m████[38;2;109;130;146m████[38;2;110;128;142m██[38;2;99;111;121m██[38;2;66;65;66m████[38;2;0;4;0m██                        
  ██[38;2;87;85;76m██[38;2;123;121;112m██[38;2;66;65;66m██[38;2;97;92;77m██████[38;2;66;65;66m████████[38;2;97;92;77m████[38;2;0;4;0m██                        
██[38;2;120;127;141m██[38;2;85;83;78m██[38;2;108;129;148m██[38;2;66;65;66m██[38;2;109;130;146m██[38;2;103;113;110m██[38;2;97;96;75m██[38;2;97;93;77m████[38;2;96;95;84m████[38;2;97;96;75m██[38;2;103;113;110m██[38;2;120;127;141m██[38;2;0;4;0m██                      
██[38;2;71;76;82m██[38;2;108;129;148m██[38;2;85;83;78m██[38;2;109;130;146m████[38;2;108;131;145m████[38;2;108;129;148m████[38;2;114;112;103m██[38;2;66;65;57m██[38;2;108;131;145m████[38;2;71;76;82m██[38;2;120;127;141m██[38;2;0;4;0m██                    
██[38;2;109;130;146m██[38;2;119;131;151m██[38;2;57;62;66m██[38;2;107;111;113m██[38;2;109;127;152m██[38;2;109;130;146m████[38;2;109;130;148m████[38;2;109;130;146m██[38;2;66;65;66m██[38;2;109;130;148m████[38;2;97;93;77m██[38;2;108;129;148m██[38;2;109;130;146m██[38;2;0;4;0m██        ████[38;2;0;5;0m████  
  [38;2;0;4;0m██[38;2;8;8;0m██[38;2;57;62;66m██[38;2;107;111;113m████[38;2;66;65;66m██[38;2;109;130;146m██[38;2;109;130;148m████[38;2;109;130;146m██[38;2;66;65;66m██[38;2;109;130;148m████[38;2;108;129;148m██[38;2;97;93;77m██[38;2;109;130;146m██[38;2;0;4;0m██    ████[38;2;97;92;77m████[38;2;0;5;0m████[38;2;0;4;0m██
      ██[38;2;107;111;107m████[38;2;113;111;113m██[38;2;66;66;66m██[38;2;85;83;78m██[38;2;108;129;148m██[38;2;109;130;148m████[38;2;66;65;66m██[38;2;109;130;146m██████[38;2;66;71;71m██[38;2;0;4;0m██[38;2;0;8;0m████[38;2;97;92;77m████[38;2;0;4;0m████      
      ██[38;2;97;96;75m██[38;2;107;111;107m██[38;2;113;111;113m██[38;2;0;4;0m██[38;2;85;83;78m██[38;2;108;129;148m██[38;2;109;130;148m████[38;2;109;130;146m██[38;2;66;65;66m██████[38;2;112;121;123m████[38;2;123;114;112m██[38;2;83;82;76m██[38;2;97;92;77m██[38;2;0;4;0m██          
        ██████  ██[38;2;109;130;146m████████[38;2;0;4;0m████████████████            
                  ████████                            
[0m