                          [38;2;0;0;0m████████                                  
                      ████[38;2;193;124;159m██[38;2;159;90;125m██████[38;2;0;0;0m████                              
                    [38;2;0;4;0m██[38;2;196;127;162m██[38;2;192;123;158m██████[38;2;158;89;124m██[38;2;159;90;125m████[38;2;160;91;126m██[38;2;0;0;0m██                            
                  ██[38;2;146;77;112m██[38;2;196;127;162m██[38;2;192;123;158m████[38;2;158;89;124m████[38;2;159;90;125m████[38;2;121;52;87m██[38;2;160;91;126m██[38;2;0;0;0m██                          
                  ██[38;2;159;90;125m██[38;2;247;215;148m████[38;2;159;90;125m██████████[38;2;127;58;93m██[38;2;105;80;93m██[38;2;66;66;66m██[38;2;0;0;0m████████                  
                  ██[38;2;247;215;148m████████[38;2;159;90;125m████████[38;2;65;64;65m██[38;2;127;58;93m██[38;2;66;66;66m████[38;2;129;60;95m██████[38;2;0;0;0m████              
                [38;2;0;0;8m██[38;2;155;86;121m██[38;2;247;214;148m████████[38;2;159;90;125m████[38;2;160;91;126m██[38;2;128;59;94m██[38;2;65;64;65m██[38;2;127;58;93m██[38;2;66;65;66m██[38;2;214;174;115m██[38;2;214;173;115m████[38;2;128;59;94m████[38;2;130;61;96m██[38;2;0;4;0m██[38;2;0;0;0m████        
                [38;2;0;0;8m██[38;2;247;219;165m██[38;2;247;214;148m████████[38;2;159;90;125m████[38;2;160;91;126m██[38;2;106;81;94m██[38;2;65;64;65m██[38;2;127;58;93m██[38;2;66;65;66m██[38;2;214;174;115m██[38;2;214;173;115m████[38;2;214;174;115m████[38;2;130;61;96m██[38;2;102;33;68m██[38;2;129;60;95m████[38;2;0;0;0m████    
                ██[38;2;247;215;148m██[38;2;247;214;148m████████[38;2;159;90;125m████[38;2;122;53;88m██[38;2;100;75;88m██[38;2;127;58;93m██[38;2;65;64;65m██[38;2;214;173;115m████████[38;2;222;166;115m██[38;2;90;40;49m██[38;2;247;215;148m██[38;2;117;48;83m██[38;2;111;42;77m██[38;2;0;0;0m██[38;2;121;52;87m██[38;2;160;91;126m██[38;2;0;0;0m██  
                ██[38;2;247;215;148m██[38;2;247;214;148m████████[38;2;159;90;125m████[38;2;100;75;88m██[38;2;198;186;222m██[38;2;127;58;93m██[38;2;65;64;65m██[38;2;214;173;115m████████[38;2;222;166;115m██[38;2;134;82;71m██[38;2;74;73;74m██[38;2;247;215;148m██[38;2;0;0;0m██  ██[38;2;160;91;126m██[38;2;129;60;95m██[38;2;0;0;0m██
                [38;2;0;4;16m██[38;2;247;219;165m██[38;2;247;214;148m████[38;2;247;215;148m██[38;2;159;90;125m██[38;2;158;89;124m████[38;2;82;65;66m██[38;2;239;199;239m██[38;2;115;46;81m██[38;2;71;71;71m██[38;2;214;173;115m████████[38;2;214;172;115m██[38;2;165;40;49m██[38;2;239;235;247m██[38;2;123;121;120m██[38;2;247;215;148m██[38;2;0;0;0m██  ██[38;2;129;60;95m██[38;2;0;0;0m██
              ██[38;2;156;87;122m████[38;2;247;214;148m████[38;2;159;90;125m████[38;2;158;89;124m██[38;2;128;59;94m██[38;2;160;132;152m██[38;2;82;65;66m██[38;2;71;71;71m██[38;2;214;174;115m██[38;2;214;173;115m████████[38;2;214;172;115m██[38;2;165;40;49m██[38;2;66;65;57m██[38;2;239;235;247m██[38;2;123;107;74m██[38;2;0;0;0m██  ██[38;2;129;60;95m██[38;2;0;0;0m██
              ██[38;2;159;90;125m████████████[38;2;169;100;135m██[38;2;82;81;74m██[38;2;189;97;132m██[38;2;129;60;95m██[38;2;71;60;43m██[38;2;214;174;115m██[38;2;214;173;115m████████████[38;2;181;60;41m██[38;2;247;251;222m██[38;2;247;215;148m██[38;2;0;0;0m██    ██  
              ██[38;2;159;90;125m████████████[38;2;82;81;74m██[38;2;214;211;239m██[38;2;57;69;57m██[38;2;129;60;95m██[38;2;0;4;8m██[38;2;214;174;115m██[38;2;214;173;115m████████████[38;2;225;187;161m████[38;2;247;215;148m██[38;2;0;0;0m██        
              ██[38;2;159;90;125m████████[38;2;158;89;124m████[38;2;87;68;74m██[38;2;214;174;222m██[38;2;129;60;95m██[38;2;0;0;0m██  ████[38;2;214;174;115m██[38;2;214;173;115m████[38;2;231;195;132m████[38;2;247;215;148m██[38;2;0;0;0m████          
            ██[38;2;159;90;125m██████████[38;2;158;89;124m██[38;2;128;59;94m██[38;2;150;121;148m██[38;2;87;68;74m██[38;2;129;60;95m██[38;2;0;0;0m██      ██[38;2;214;173;115m████[38;2;115;99;70m██[38;2;0;4;8m██[38;2;0;0;0m██              
            ██[38;2;159;90;125m██████████[38;2;171;102;137m██[38;2;107;69;74m██[38;2;189;97;132m██[38;2;129;60;95m██[38;2;0;0;0m██      ██[38;2;206;170;115m██[38;2;214;173;115m██[38;2;247;215;148m██[38;2;0;0;0m██                  
          ██[38;2;159;90;125m████████████[38;2;231;207;247m██[38;2;148;115;131m██[38;2;57;69;57m██[38;2;129;60;95m██[38;2;0;0;0m██    ██[38;2;206;170;115m██[38;2;137;113;76m██[38;2;214;173;115m██[38;2;247;215;148m████[38;2;0;0;0m████              
          ██[38;2;159;90;125m████████[38;2;147;78;113m██[38;2;90;89;82m██[38;2;255;247;255m██[38;2;82;56;66m██[38;2;129;60;95m██[38;2;0;0;0m██    [38;2;0;4;0m██[38;2;130;61;96m██[38;2;71;71;71m████[38;2;247;214;148m████[38;2;157;88;123m██[38;2;247;215;148m██[38;2;159;90;125m██[38;2;0;0;0m████          
        ██[38;2;159;90;125m██████████[38;2;90;89;82m██[38;2;189;105;140m██[38;2;139;119;129m██[38;2;82;56;66m██[38;2;129;60;95m██[38;2;0;0;0m██  ██[38;2;130;61;96m██[38;2;60;58;54m██[38;2;71;71;71m██[38;2;214;174;115m██[38;2;247;214;148m████[38;2;247;215;148m██[38;2;66;60;57m██[38;2;159;90;125m████[38;2;129;60;95m██[38;2;0;0;0m██        
      ██[38;2;159;90;125m████████[38;2;147;78;113m██[38;2;90;89;82m██[38;2;247;227;247m██[38;2;164;137;152m██[38;2;60;58;54m██[38;2;130;61;96m██[38;2;0;0;0m██      ██[38;2;206;170;115m██[38;2;214;174;115m████[38;2;214;173;115m██[38;2;247;215;148m████[38;2;214;173;115m██[38;2;76;67;57m██[38;2;113;44;79m██[38;2;0;0;0m██          
    ██[38;2;159;90;125m██████████[38;2;90;89;82m██[38;2;189;105;140m██[38;2;247;227;247m██[38;2;82;48;57m██[38;2;130;61;96m██[38;2;0;4;0m██      [38;2;0;0;0m██[38;2;206;170;115m██[38;2;137;113;76m██[38;2;214;174;115m██[38;2;153;84;119m██[38;2;247;215;148m████████[38;2;214;178;123m██[38;2;8;12;24m██            
  [38;2;0;0;0m██[38;2;159;90;125m████████[38;2;166;97;132m██[38;2;74;73;66m██[38;2;189;97;132m██[38;2;57;69;66m██[38;2;129;60;95m████[38;2;0;0;0m██      ██[38;2;214;174;115m██[38;2;153;84;119m██[38;2;214;174;115m██[38;2;192;169;120m██[38;2;66;69;66m██[38;2;247;215;148m██[38;2;205;178;126m██[38;2;247;215;148m████[38;2;214;174;115m████[38;2;0;0;0m██          
██[38;2;159;90;125m██████████[38;2;74;73;66m██[38;2;222;215;247m██[38;2;57;69;66m██[38;2;130;61;96m██[38;2;129;60;95m██[38;2;0;0;0m██        ██[38;2;214;174;115m██[38;2;153;84;119m██[38;2;214;174;115m██[38;2;66;69;66m██[38;2;255;219;148m██[38;2;247;215;148m██[38;2;152;83;118m██[38;2;247;215;148m██[38;2;214;173;115m██[38;2;153;84;119m██[38;2;214;174;115m██[38;2;0;0;0m██          
██[38;2;129;60;95m██[38;2;160;91;126m████[38;2;65;64;65m████[38;2;129;60;95m██[38;2;255;255;255m██[38;2;129;60;95m██[38;2;0;0;0m████            ██[38;2;71;60;46m██[38;2;214;174;123m██[38;2;82;71;54m██[38;2;247;215;148m████[38;2;153;84;119m██[38;2;247;215;148m██[38;2;214;173;115m██[38;2;153;84;119m██[38;2;214;174;115m████[38;2;0;0;0m██        
  ██[38;2;65;66;65m████[38;2;127;58;93m████[38;2;129;60;95m██[38;2;0;0;0m████                  [38;2;0;4;8m████[38;2;0;0;8m████[38;2;247;215;148m██[38;2;153;84;119m██[38;2;214;173;115m████[38;2;214;174;115m██[38;2;153;84;119m██[38;2;0;0;0m██          
    ██████████                              ████████████            
[0m