                              [38;2;0;0;0m████                          
                              ██[38;2;193;104;144m██[38;2;0;0;0m██                        
                                ██[38;2;193;104;144m██[38;2;0;0;0m██                      
                      ████████  ██[38;2;193;104;144m██[38;2;0;0;0m██                      
                      ██[38;2;161;74;114m██████[38;2;0;0;0m██[38;2;65;65;65m██[38;2;193;104;144m████[38;2;0;0;0m██                    
                        ██[38;2;65;65;65m████[38;2;193;104;144m████████[38;2;65;65;65m██[38;2;0;0;0m██████              
                    ████[38;2;161;74;114m████[38;2;65;65;65m██████[38;2;193;104;144m██[38;2;65;65;65m████[38;2;193;104;144m██████[38;2;0;0;0m████          
                  ██[38;2;161;74;114m████[38;2;65;65;65m████[38;2;193;104;144m██████████████[38;2;65;65;65m████[38;2;193;104;144m██[38;2;161;74;114m██[38;2;0;0;0m██        
                ██[38;2;161;74;114m████[38;2;65;65;65m██[38;2;193;104;144m██████████████████[38;2;65;65;65m██[38;2;161;74;114m██[38;2;65;65;65m██[38;2;161;74;114m██[38;2;0;0;0m██        
              ██[38;2;161;74;114m██████[38;2;65;65;65m██[38;2;255;226;124m████[38;2;193;104;144m████████[38;2;65;65;65m██[38;2;193;104;144m████[38;2;65;65;65m██[38;2;161;74;114m██[38;2;193;104;144m████[38;2;0;0;0m████      
              ██[38;2;161;74;114m████[38;2;65;65;65m██[38;2;255;226;124m████████[38;2;193;104;144m██████[38;2;65;65;65m██[38;2;193;104;144m████[38;2;161;74;114m██[38;2;65;65;65m████[38;2;193;104;144m██████[38;2;0;0;0m██    
            ██[38;2;161;74;114m██████[38;2;65;65;65m██[38;2;255;226;124m████████[38;2;193;104;144m████[38;2;65;65;65m██[38;2;86;72;99m██[38;2;193;104;144m██[38;2;161;74;114m████[38;2;65;65;65m██[38;2;255;226;124m██[38;2;232;173;43m██[38;2;65;65;65m██[38;2;193;104;144m██[38;2;0;0;0m██    
            ██[38;2;161;74;114m██████[38;2;65;65;65m██[38;2;255;226;124m████████[38;2;193;104;144m████[38;2;65;65;65m██[38;2;86;72;99m██[38;2;65;65;65m██[38;2;161;74;114m████[38;2;65;65;65m██[38;2;255;226;124m████[38;2;65;65;65m████[38;2;193;104;144m██[38;2;0;0;0m██  
        ████[38;2;161;74;114m██████[38;2;65;65;65m██[38;2;255;226;124m████████[38;2;193;104;144m████[38;2;65;65;65m██[38;2;206;206;206m██[38;2;110;96;125m██[38;2;65;65;65m██[38;2;161;74;114m██[38;2;65;65;65m██[38;2;232;173;43m████[38;2;65;65;65m██[38;2;193;104;144m██[38;2;65;65;65m██[38;2;232;173;43m██[38;2;0;0;0m██  
      ██[38;2;161;74;114m██████████[38;2;65;65;65m██[38;2;193;104;144m██[38;2;255;226;124m████[38;2;193;104;144m██████[38;2;65;65;65m██[38;2;255;255;255m██[38;2;110;96;125m██[38;2;65;65;65m██[38;2;161;74;114m██[38;2;0;0;0m████[38;2;232;173;43m██[38;2;65;65;65m██[38;2;193;104;144m██[38;2;65;65;65m██[38;2;232;173;43m██[38;2;0;0;0m██  
      ██[38;2;161;74;114m████████[38;2;65;65;65m██[38;2;193;104;144m████████████[38;2;65;65;65m██[38;2;110;96;125m████[38;2;65;65;65m██[38;2;161;74;114m████[38;2;0;0;0m██  ██[38;2;65;65;65m██[38;2;193;104;144m██[38;2;65;65;65m██[38;2;0;0;0m██    
  ████[38;2;161;74;114m████████[38;2;65;65;65m██[38;2;193;104;144m██████████████[38;2;65;65;65m██[38;2;110;96;125m██[38;2;65;65;65m██[38;2;255;255;255m██[38;2;161;74;114m██[38;2;0;0;0m██  ██[38;2;232;173;43m██[38;2;65;65;65m██[38;2;193;104;144m██[38;2;0;0;0m██      
██[38;2;161;74;114m██████████[38;2;65;65;65m██[38;2;193;104;144m████████████[38;2;65;65;65m████[38;2;206;206;206m██[38;2;110;96;125m██[38;2;65;65;65m████[38;2;161;74;114m██[38;2;0;0;0m████[38;2;232;173;43m██[38;2;65;65;65m██[38;2;193;104;144m████[38;2;0;0;0m██████  
  ████[38;2;161;74;114m██████[38;2;0;0;0m██[38;2;193;104;144m██████████[38;2;0;0;0m████[38;2;110;96;125m██[38;2;255;255;255m██[38;2;110;96;125m██[38;2;65;65;65m██[38;2;161;74;114m████[38;2;65;65;65m██[38;2;255;226;124m████[38;2;65;65;65m██[38;2;193;104;144m██[38;2;65;65;65m██[38;2;255;226;124m████[38;2;110;96;125m██[38;2;0;0;0m██
      ██████  ██[38;2;193;104;144m██████[38;2;0;0;0m██    ██[38;2;110;96;125m████[38;2;65;65;65m██[38;2;161;74;114m██[38;2;65;65;65m██[38;2;86;72;99m██[38;2;255;226;124m██[38;2;65;65;65m██[38;2;193;104;144m████[38;2;65;65;65m██[38;2;255;226;124m██[38;2;110;96;125m██[38;2;0;0;0m████
              ██[38;2;193;104;144m██████[38;2;0;0;0m██    ██[38;2;110;96;125m██[38;2;65;65;65m██[38;2;161;74;114m██[38;2;65;65;65m██[38;2;86;72;99m████[38;2;65;65;65m██[38;2;193;104;144m██████[38;2;65;65;65m████[38;2;0;0;0m████  
            ██[38;2;193;104;144m██████[38;2;65;65;65m██[38;2;206;206;206m██[38;2;0;0;0m██  ██[38;2;65;65;65m██[38;2;255;255;255m██[38;2;161;74;114m██[38;2;65;65;65m██[38;2;86;72;99m████[38;2;65;65;65m████[38;2;193;104;144m██[38;2;65;65;65m██[38;2;110;96;125m██[38;2;0;0;0m██      
          ██[38;2;193;104;144m██████[38;2;0;0;0m████[38;2;255;255;255m██[38;2;0;0;0m████[38;2;110;96;125m██[38;2;65;65;65m████[38;2;161;74;114m██[38;2;0;0;0m██[38;2;86;72;99m██████[38;2;110;96;125m██[38;2;65;65;65m██[38;2;86;72;99m██[38;2;110;96;125m████[38;2;0;0;0m██    
            ██████    ██  ██[38;2;110;96;125m██[38;2;161;74;114m████[38;2;0;0;0m██  ██████[38;2;110;96;125m████[38;2;86;72;99m██[38;2;110;96;125m██[38;2;0;0;0m██      
                        ██[38;2;161;74;114m████[38;2;0;0;0m████          ████████        
                        ██████                              
[0m