                  [38;2;0;0;0m████            
                ██[38;2;149;175;244m████[38;2;0;0;0m██          
                ██[38;2;149;175;244m██[38;2;103;130;216m██[38;2;0;0;0m██          
              ██[38;2;79;104;195m██[38;2;103;130;216m██[38;2;0;0;0m██            
          ████[38;2;149;175;244m████[38;2;79;104;195m██[38;2;0;0;0m██            
        ██[38;2;149;175;244m██████████[38;2;103;130;216m██[38;2;0;0;0m██          
    ████[38;2;149;175;244m██[38;2;255;210;131m██[38;2;149;175;244m██████████[38;2;0;0;0m██          
  ██[38;2;103;130;216m██[38;2;79;104;195m██[38;2;149;175;244m████████[38;2;255;210;131m██[38;2;149;175;244m████[38;2;103;130;216m██[38;2;0;0;0m██        
  ██[38;2;103;130;216m██[38;2;79;104;195m██[38;2;103;130;216m██[38;2;149;175;244m██[38;2;255;210;131m██[38;2;149;175;244m████[38;2;103;130;216m████[38;2;149;175;244m██[38;2;103;130;216m██[38;2;0;0;0m██      
    ██[38;2;255;218;93m██[38;2;255;240;157m██[38;2;103;130;216m████████[38;2;255;255;255m██[38;2;103;130;216m██[38;2;149;175;244m██████[38;2;0;0;0m██    
      ██[38;2;255;240;157m██████[38;2;65;65;65m██[38;2;0;0;0m██[38;2;255;255;255m██[38;2;255;218;93m██[38;2;0;0;0m██[38;2;149;175;244m████[38;2;0;0;0m██    
      ██[38;2;255;240;157m██████████[38;2;255;218;93m████[38;2;65;65;65m██[38;2;0;0;0m████      
        ██[38;2;149;175;244m██[38;2;255;240;157m████[38;2;255;218;93m████[38;2;0;0;0m██            
  ████    ██[38;2;65;65;65m████[38;2;255;218;93m██[38;2;0;0;0m██              
██[38;2;255;218;93m████[38;2;0;0;0m████[38;2;255;218;93m████[38;2;65;65;65m██[38;2;255;240;157m████[38;2;0;0;0m████    ████  
██[38;2;65;65;65m██[38;2;255;218;93m██████[38;2;65;65;65m████[38;2;255;240;157m████[38;2;255;218;93m██[38;2;255;240;157m████[38;2;0;0;0m████[38;2;255;240;157m████[38;2;0;0;0m██
  ██████[38;2;65;65;65m██[38;2;232;173;70m██[38;2;255;218;93m██[38;2;255;240;157m██[38;2;167;108;5m██[38;2;255;210;131m██[38;2;65;65;65m████[38;2;255;240;157m██████[38;2;65;65;65m██[38;2;0;0;0m██
        ██[38;2;232;173;70m██[38;2;255;218;93m██[38;2;167;108;5m██[38;2;255;210;131m██[38;2;149;175;244m██████[38;2;65;65;65m████[38;2;0;0;0m████  
      ██[38;2;103;130;216m████[38;2;232;173;70m██[38;2;167;108;5m██[38;2;255;210;131m██[38;2;149;175;244m████████[38;2;0;0;0m██      
      ██[38;2;232;173;70m██[38;2;103;130;216m████[38;2;167;108;5m██[38;2;149;175;244m████[38;2;255;210;131m████[38;2;149;175;244m██[38;2;0;0;0m██      
      ██[38;2;65;65;65m██[38;2;103;130;216m████[38;2;65;65;65m██[38;2;103;130;216m██[38;2;149;175;244m██[38;2;255;210;131m██[38;2;232;173;70m██[38;2;103;130;216m██[38;2;0;0;0m██      
        ██████[38;2;255;218;93m██[38;2;0;0;0m██[38;2;103;130;216m██████[38;2;0;0;0m██        
            ████  ██[38;2;255;218;93m██[38;2;0;0;0m██          
                  ██[38;2;255;240;157m██[38;2;0;0;0m██          
                    ████          
[0m