                      [38;2;0;0;0m██████                              
  [38;2;181;138;59m████████          [38;2;0;0;0m██[38;2;103;130;216m██[38;2;149;175;244m██[38;2;103;130;216m██[38;2;0;0;0m██                            
  [38;2;181;138;59m██[38;2;215;186;80m██████[38;2;181;138;59m██        [38;2;0;0;0m██[38;2;149;175;244m██████[38;2;0;0;0m██                            
  [38;2;181;138;59m██[38;2;215;186;80m████████[38;2;181;138;59m██  [38;2;0;0;0m██  ██[38;2;103;130;216m██[38;2;149;175;244m██[38;2;103;130;216m██[38;2;0;0;0m██                  [38;2;181;138;59m████████  
  ████[38;2;215;186;80m████████[38;2;0;0;0m██[38;2;242;229;108m██[38;2;0;0;0m██[38;2;255;206;222m██[38;2;0;0;0m██[38;2;149;175;244m██[38;2;0;0;0m██[38;2;255;206;222m██[38;2;0;0;0m████          [38;2;181;138;59m████[38;2;242;229;108m██[38;2;215;186;80m██[38;2;242;229;108m██[38;2;181;138;59m██  
      ████[38;2;215;186;80m████[38;2;0;0;0m██[38;2;242;229;108m██[38;2;65;65;65m██[38;2;0;0;0m██[38;2;255;255;255m██[38;2;65;65;65m██[38;2;242;229;108m██[38;2;0;0;0m██[38;2;255;255;255m████[38;2;0;0;0m██      [38;2;181;138;59m██[38;2;242;229;108m████████[38;2;215;186;80m██[38;2;181;138;59m██  
          ██[38;2;215;186;80m██[38;2;0;0;0m██[38;2;242;229;108m██[38;2;65;65;65m██[38;2;255;255;255m████[38;2;181;138;59m████[38;2;255;255;255m██████[38;2;0;0;0m██    [38;2;181;138;59m██[38;2;242;229;108m████████[38;2;215;186;80m██[38;2;242;229;108m██[38;2;181;138;59m██  
            ██[38;2;215;186;80m██[38;2;0;0;0m██[38;2;181;138;59m██[38;2;255;255;255m██[38;2;181;138;59m████[38;2;255;255;255m██████[38;2;0;0;0m██      [38;2;181;138;59m██[38;2;242;229;108m██████[38;2;181;138;59m████████  
████████  [38;2;0;0;0m██████[38;2;65;65;65m██[38;2;242;229;108m██[38;2;65;65;65m██[38;2;181;138;59m██[38;2;255;255;255m████[38;2;181;138;59m████[38;2;255;255;255m██[38;2;0;0;0m██  [38;2;181;138;59m██[38;2;242;229;108m██████[38;2;181;138;59m██          
██[38;2;215;186;80m██████[38;2;181;138;59m██[38;2;0;0;0m██[38;2;215;186;80m██[38;2;65;65;65m██[38;2;242;229;108m██[38;2;65;65;65m██[38;2;249;239;120m██[38;2;65;65;65m██[38;2;181;138;59m████[38;2;255;255;255m██████[38;2;0;0;0m██████[38;2;242;229;108m████[38;2;181;138;59m██            
██[38;2;215;186;80m██████████[38;2;0;0;0m██[38;2;65;65;65m██[38;2;242;229;108m██[38;2;65;65;65m██[38;2;249;239;120m██[38;2;65;65;65m██[38;2;255;255;255m████████[38;2;65;65;65m██[38;2;255;255;255m████[38;2;242;229;108m██[38;2;0;0;0m██[38;2;181;138;59m██              
████[38;2;215;186;80m██████████[38;2;0;0;0m████[38;2;65;65;65m████[38;2;255;255;255m██████[38;2;65;65;65m████[38;2;255;255;255m██████[38;2;0;0;0m██        [38;2;181;138;59m██████████
    ████████[38;2;215;186;80m████[38;2;0;0;0m██[38;2;242;229;108m██[38;2;65;65;65m██████[38;2;0;0;0m██[38;2;58;165;255m██[38;2;255;255;255m██[38;2;0;0;0m██████      [38;2;181;138;59m████[38;2;242;229;108m████[38;2;215;186;80m██[38;2;242;229;108m██[38;2;181;138;59m██
            ████[38;2;215;186;80m██[38;2;0;0;0m██[38;2;242;229;108m████[38;2;215;186;80m██[38;2;255;255;255m████[38;2;242;229;108m██[38;2;0;0;0m██        [38;2;181;138;59m██[38;2;242;229;108m██████████[38;2;215;186;80m██[38;2;181;138;59m██
                ██[38;2;255;206;222m██[38;2;0;0;0m██[38;2;149;175;244m████[38;2;242;229;108m██[38;2;65;65;65m██[38;2;0;0;0m██      [38;2;181;138;59m████[38;2;242;229;108m██████████[38;2;215;186;80m██[38;2;242;229;108m██[38;2;181;138;59m██
              [38;2;0;0;0m████[38;2;65;65;65m██[38;2;242;229;108m██[38;2;65;65;65m██████[38;2;215;186;80m██[38;2;0;0;0m██    [38;2;181;138;59m██[38;2;242;229;108m██████[38;2;181;138;59m██████████████
            [38;2;0;0;0m██[38;2;215;186;80m██[38;2;229;197;64m██[38;2;242;229;108m██[38;2;215;186;80m██[38;2;65;65;65m██[38;2;242;229;108m██[38;2;65;65;65m████[38;2;242;229;108m██[38;2;0;0;0m██    [38;2;181;138;59m██████              
              [38;2;0;0;0m██[38;2;229;197;64m██[38;2;242;229;108m██[38;2;65;65;65m████[38;2;242;229;108m██[38;2;229;197;64m██[38;2;249;239;120m██[38;2;181;138;59m██[38;2;65;65;65m██[38;2;0;0;0m██                      
                ██[38;2;65;65;65m████[38;2;215;186;80m██[38;2;65;65;65m██[38;2;249;239;120m██[38;2;229;197;64m██[38;2;242;229;108m████[38;2;0;0;0m██                      
              ██[38;2;58;165;255m██[38;2;65;65;65m██[38;2;229;197;64m████[38;2;215;186;80m██[38;2;65;65;65m██████[38;2;0;0;0m██                        
                ██[38;2;103;130;216m██[38;2;58;165;255m██[38;2;229;197;64m██[38;2;65;65;65m██[38;2;149;175;244m██[38;2;249;239;120m████[38;2;103;130;216m██[38;2;0;0;0m██                      
                ██[38;2;229;197;64m██[38;2;103;130;216m██████[38;2;149;175;244m██[38;2;249;239;120m████[38;2;149;175;244m██[38;2;0;0;0m██                      
                  ██[38;2;229;197;64m██[38;2;103;130;216m██[38;2;65;65;65m██[38;2;103;130;216m██[38;2;149;175;244m████[38;2;103;130;216m██[38;2;0;0;0m██                      
                    ██[38;2;103;130;216m████[38;2;65;65;65m██[38;2;242;229;108m██[38;2;0;0;0m████                        
                      ██[38;2;65;65;65m██[38;2;0;0;0m████                            
                      ██[38;2;215;186;80m██[38;2;0;0;0m██                              
                      ████                                
[0m