        [38;2;0;0;0m████                                  
      ██[38;2;255;197;0m████[38;2;0;0;0m██  ████                          
    ██[38;2;255;197;0m██[38;2;0;0;0m████  ██[38;2;255;197;0m████[38;2;0;0;0m██                        
    ██[38;2;255;197;0m██[38;2;0;0;0m██  ██[38;2;255;197;0m██[38;2;0;0;0m████                          
  ██[38;2;255;197;0m██[38;2;0;0;0m██  ██[38;2;255;197;0m██[38;2;0;0;0m██                              
  ██[38;2;255;197;0m██[38;2;0;0;0m████[38;2;255;197;0m██[38;2;65;65;65m██[38;2;0;0;0m████                            
  ██[38;2;255;197;0m██[38;2;138;132;34m██[38;2;255;197;0m██[38;2;189;173;16m██[38;2;184;185;56m██[38;2;230;224;69m██[38;2;138;132;34m██[38;2;0;0;0m██                          
  ██[38;2;138;132;34m██[38;2;230;224;69m██[38;2;255;197;0m██[38;2;184;185;56m██[38;2;230;224;69m████████[38;2;0;0;0m██  ████                  
  ██[38;2;230;224;69m██[38;2;255;197;0m██[38;2;184;185;56m██[38;2;230;224;69m██[38;2;184;185;56m██[38;2;138;132;34m██[38;2;230;224;69m████[38;2;184;185;56m██[38;2;0;0;0m██[38;2;255;255;255m████[38;2;0;0;0m██                
██[38;2;230;224;69m████[38;2;255;197;0m██[38;2;230;224;69m██[38;2;138;132;34m██[38;2;255;197;0m██[38;2;255;255;255m██[38;2;138;132;34m██[38;2;230;224;69m████[38;2;65;65;65m██[38;2;255;204;174m████[38;2;255;255;255m██[38;2;0;0;0m██              
██[38;2;251;230;178m██[38;2;230;224;69m██[38;2;184;185;56m██[38;2;230;224;69m██[38;2;255;255;255m██[38;2;65;65;65m██[38;2;255;255;255m██[38;2;184;185;56m██[38;2;230;224;69m██████[38;2;65;65;65m██[38;2;255;204;174m██[38;2;255;255;255m██[38;2;0;0;0m██████    ██████
██[38;2;251;230;178m████[38;2;230;224;69m████[38;2;189;173;16m██[38;2;65;65;65m██[38;2;255;255;255m██[38;2;230;224;69m████████[38;2;138;132;34m██[38;2;246;141;81m██[38;2;65;65;65m██[38;2;255;204;174m██[38;2;255;255;255m████[38;2;0;0;0m████[38;2;230;224;69m██[38;2;184;185;56m██[38;2;0;0;0m██
██[38;2;184;185;56m██[38;2;251;230;178m██[38;2;230;224;69m████████[38;2;138;132;34m██[38;2;230;224;69m██████████[38;2;138;132;34m██[38;2;222;89;20m██[38;2;246;141;81m██[38;2;255;204;174m██[38;2;255;255;255m██[38;2;65;65;65m██[38;2;230;224;69m████[38;2;184;185;56m██[38;2;0;0;0m██
  ██[38;2;230;224;69m██[38;2;184;185;56m██[38;2;230;224;69m████[38;2;65;65;65m██[38;2;230;224;69m████████████[38;2;138;132;34m██[38;2;246;141;81m████[38;2;255;204;174m██[38;2;255;255;255m██[38;2;65;65;65m██[38;2;138;132;34m██[38;2;230;224;69m██[38;2;184;185;56m██[38;2;0;0;0m██
    ████████[38;2;189;189;189m██[38;2;65;65;65m██[38;2;230;224;69m██████████[38;2;138;132;34m██[38;2;246;141;81m████[38;2;255;255;255m██[38;2;65;65;65m██[38;2;230;224;69m████[38;2;138;132;34m██[38;2;184;185;56m██[38;2;0;0;0m██
            ██[38;2;255;204;174m██[38;2;65;65;65m██[38;2;230;224;69m████████[38;2;138;132;34m██[38;2;222;89;20m██[38;2;65;65;65m██[38;2;138;132;34m██[38;2;184;185;56m██[38;2;230;224;69m██████[38;2;0;0;0m██  
          ██[38;2;255;255;255m██[38;2;246;141;81m██[38;2;65;65;65m██[38;2;184;185;56m██[38;2;230;224;69m████[38;2;138;132;34m██[38;2;255;197;0m██[38;2;246;141;81m██[38;2;255;204;174m██[38;2;65;65;65m██[38;2;230;224;69m████████[38;2;0;0;0m██  
          ██[38;2;255;255;255m██[38;2;246;141;81m██[38;2;255;197;0m██[38;2;222;89;20m██[38;2;138;132;34m████[38;2;222;89;20m██[38;2;255;197;0m██[38;2;246;141;81m██[38;2;255;204;174m██[38;2;255;255;255m██[38;2;65;65;65m██[38;2;230;224;69m████[38;2;184;185;56m████[38;2;0;0;0m██
          ██[38;2;255;255;255m████[38;2;222;89;20m██[38;2;246;141;81m██████[38;2;222;89;20m██[38;2;246;141;81m████[38;2;255;204;174m██[38;2;255;255;255m██[38;2;65;65;65m██[38;2;230;224;69m██[38;2;184;185;56m██████[38;2;0;0;0m██
            ██[38;2;138;132;34m██[38;2;65;65;65m██[38;2;255;204;174m██[38;2;246;141;81m████[38;2;255;255;255m██[38;2;65;65;65m██[38;2;255;255;255m██████[38;2;65;65;65m██[38;2;184;185;56m████████[38;2;0;0;0m██
            ██[38;2;230;224;69m██[38;2;65;65;65m██[38;2;255;255;255m██[38;2;255;204;174m██[38;2;255;255;255m████[38;2;138;132;34m████[38;2;65;65;65m████[38;2;184;185;56m████[38;2;65;65;65m██[38;2;184;185;56m████[38;2;0;0;0m██
            ██[38;2;184;185;56m██[38;2;230;224;69m██[38;2;65;65;65m██[38;2;255;255;255m██[38;2;65;65;65m██[38;2;138;132;34m██[38;2;230;224;69m██████[38;2;184;185;56m██[38;2;0;0;0m████[38;2;189;189;189m████[38;2;184;185;56m██[38;2;0;0;0m██
              ██[38;2;230;224;69m██[38;2;184;185;56m██[38;2;65;65;65m██[38;2;230;224;69m██████████[38;2;184;185;56m██[38;2;0;0;0m██  ██████  
            ██[38;2;255;255;255m██[38;2;189;189;189m██[38;2;184;185;56m██[38;2;0;0;0m████[38;2;184;185;56m██[38;2;230;224;69m████[38;2;184;185;56m██[38;2;0;0;0m██            
              ██████    ██[38;2;184;185;56m██[38;2;230;224;69m██[38;2;184;185;56m██[38;2;0;0;0m██            
                        ██[38;2;255;255;255m██[38;2;189;189;189m██[38;2;184;185;56m██[38;2;0;0;0m██            
                          ██████              
[0m