                                              [38;2;0;4;0m████████████                                          
                                            [38;2;2;6;19m██[38;2;65;65;65m██[38;2;255;224;197m████████[38;2;253;177;86m██[38;2;5;7;8m██                                        
                                          [38;2;0;4;0m██[38;2;65;65;65m██[38;2;253;177;86m██████████[38;2;188;119;80m████[38;2;0;4;0m██                                      
                            ████████      ██[38;2;253;177;86m████[38;2;65;65;65m██████[38;2;253;177;86m████[38;2;188;119;80m████[38;2;0;4;0m██                                    
                          ██[38;2;65;65;65m██[38;2;139;144;150m██████[38;2;0;4;0m██  ██[38;2;253;177;86m████[38;2;98;72;84m██[38;2;188;119;80m██[38;2;65;65;65m██[38;2;5;7;8m████[38;2;253;177;86m████[38;2;188;119;80m██[38;2;0;4;0m██        ████████                    
                          ██[38;2;139;144;150m██████[38;2;90;96;103m██[38;2;0;4;0m██  [38;2;2;6;19m██[38;2;253;177;86m██[38;2;98;72;84m██[38;2;188;119;80m██[38;2;65;65;65m██[38;2;0;4;0m██[38;2;253;253;253m██[38;2;65;65;65m██[38;2;0;4;0m██[38;2;253;177;86m██[38;2;188;119;80m████[38;2;0;4;0m██    ██[38;2;65;65;65m██[38;2;139;144;150m██████[38;2;0;4;0m██                  
                        ██[38;2;139;144;150m████████[38;2;65;65;65m████[38;2;0;4;0m██[38;2;65;65;65m██[38;2;253;177;86m██[38;2;98;72;84m██[38;2;188;119;80m██[38;2;65;65;65m██[38;2;0;4;0m██[38;2;65;65;65m████[38;2;0;4;0m██[38;2;253;177;86m████[38;2;188;119;80m██[38;2;0;4;0m██  ██[38;2;65;65;65m██[38;2;139;144;150m██████[38;2;79;90;104m████[38;2;0;4;0m██                
                      ██[38;2;65;65;65m██[38;2;139;144;150m██████[38;2;79;90;104m██[38;2;65;65;65m██[38;2;98;98;98m████[38;2;65;65;65m████[38;2;253;177;86m██[38;2;65;65;65m██[38;2;90;97;148m██[38;2;188;119;80m██[38;2;0;4;0m████[38;2;188;119;80m██[38;2;253;177;86m██[38;2;188;119;80m██[38;2;65;65;65m████[38;2;2;6;19m██[38;2;139;144;150m██[38;2;65;65;65m██[38;2;139;144;150m██████[38;2;79;90;104m████[38;2;0;4;0m██                
                      ██[38;2;65;65;65m██[38;2;139;144;150m██████[38;2;79;90;104m██[38;2;65;65;65m██[38;2;98;98;98m██[38;2;65;65;65m██[38;2;255;224;197m██[38;2;65;65;65m██████[38;2;139;144;150m██████[38;2;65;65;65m██[38;2;253;177;86m████[38;2;65;65;65m████[38;2;188;119;80m██[38;2;65;65;65m████[38;2;139;144;150m██████[38;2;79;90;104m████[38;2;65;65;65m██[38;2;0;4;0m██                
                    ██[38;2;172;174;172m██[38;2;65;65;65m██[38;2;79;90;104m██████[38;2;65;65;65m██████[38;2;255;224;197m████[38;2;98;72;84m████[38;2;238;238;238m██████████[38;2;65;65;65m████[38;2;98;72;84m██[38;2;188;119;80m██[38;2;65;65;65m██[38;2;98;72;84m██[38;2;65;65;65m██[38;2;139;144;150m██████[38;2;79;90;104m██[38;2;65;65;65m██[38;2;172;174;172m██[38;2;0;4;0m██                
                ████[38;2;172;174;172m████[38;2;65;65;65m██[38;2;79;90;104m██████[38;2;65;65;65m████[38;2;98;72;84m██[38;2;188;119;80m██[38;2;255;224;197m██████[38;2;98;72;84m██████████[38;2;255;224;197m████[38;2;253;177;86m██[38;2;98;72;84m██[38;2;253;177;86m██[38;2;65;65;65m████[38;2;139;144;150m██████[38;2;79;90;104m██[38;2;65;65;65m██[38;2;172;174;172m████[38;2;0;4;0m██              
            ████[38;2;65;65;65m██████[38;2;172;174;172m████[38;2;65;65;65m██[38;2;79;90;104m██████[38;2;65;65;65m██[38;2;188;119;80m██[38;2;98;72;84m████[38;2;188;119;80m██[38;2;255;224;197m████████████[38;2;98;72;84m██████[38;2;253;177;86m██[38;2;188;119;80m██[38;2;65;65;65m██[38;2;90;96;103m██[38;2;65;65;65m██[38;2;79;90;104m████[38;2;65;65;65m██[38;2;172;174;172m████████[38;2;5;7;8m██            
          [38;2;0;4;0m██[38;2;139;144;150m██████████[38;2;65;65;65m██[38;2;172;174;172m██[38;2;8;6;0m██[38;2;79;90;104m██████[38;2;65;65;65m██[38;2;188;119;80m██████[38;2;98;72;84m██████████████[38;2;253;177;86m██████[38;2;98;72;84m██[38;2;188;119;80m████[38;2;8;6;0m██[38;2;65;65;65m██[38;2;79;90;104m████[38;2;65;65;65m██[38;2;172;174;172m████[38;2;65;65;65m██████[38;2;0;4;0m████        
        ██[38;2;139;144;150m██[38;2;65;65;65m████████[38;2;139;144;150m██[38;2;90;96;103m██[38;2;0;4;0m██  ████████[38;2;188;119;80m████████[38;2;98;72;84m██[38;2;253;177;86m████████████████[38;2;98;72;84m██[38;2;188;119;80m██[38;2;5;7;8m██  [38;2;0;4;0m██[38;2;65;65;65m██[38;2;79;90;104m██[38;2;65;65;65m██[38;2;172;174;172m██[38;2;65;65;65m██[38;2;79;90;104m██[38;2;139;144;150m██████[38;2;79;90;104m██[38;2;0;4;0m██      
        ██[38;2;65;65;65m██[38;2;222;222;222m██████[38;2;65;65;65m████[38;2;90;96;103m██[38;2;79;90;104m██[38;2;0;4;0m██        [38;2;2;6;19m██[38;2;65;65;65m██[38;2;188;119;80m████[38;2;98;72;84m██[38;2;253;177;86m████████████████[38;2;98;72;84m██[38;2;65;65;65m██[38;2;5;7;8m██    [38;2;0;4;0m████[38;2;5;7;8m██[38;2;65;65;65m██[38;2;79;90;104m██[38;2;139;144;150m██[38;2;65;65;65m██████[38;2;139;144;150m██[38;2;79;90;104m██[38;2;0;4;0m██    
      ██[38;2;222;222;222m████████████[38;2;65;65;65m████[38;2;79;90;104m██[38;2;0;4;0m██          ██[38;2;65;65;65m████[38;2;98;72;84m██[38;2;253;177;86m██████████[38;2;65;65;65m██████[38;2;172;174;172m██[38;2;0;4;0m██            ██[38;2;139;144;150m██[38;2;65;65;65m██[38;2;222;222;222m████[38;2;172;174;172m██[38;2;65;65;65m██[38;2;139;144;150m██[38;2;0;4;0m██    
    ██[38;2;222;222;222m████[38;2;65;65;65m████████[38;2;222;222;222m████[38;2;65;65;65m██[38;2;79;90;104m██[38;2;0;4;0m██            [38;2;5;7;8m██[38;2;172;174;172m██[38;2;65;65;65m████████████[38;2;172;174;172m████████[38;2;0;4;0m██            ██[38;2;65;65;65m██[38;2;222;222;222m██[38;2;253;253;253m██[38;2;222;222;222m████[38;2;172;174;172m██[38;2;65;65;65m██[38;2;0;4;0m██    
  ██[38;2;222;222;222m██[38;2;65;65;65m████[38;2;172;174;172m████████[38;2;65;65;65m██[38;2;222;222;222m██[38;2;65;65;65m██[38;2;0;4;0m██                ██[38;2;172;174;172m██[38;2;65;65;65m██[38;2;172;174;172m████[38;2;90;96;103m██[38;2;65;65;65m██[38;2;172;174;172m██████[38;2;0;4;0m██  ████        ██[38;2;222;222;222m████████[38;2;172;174;172m██████[38;2;5;7;8m██    
  [38;2;0;4;0m██[38;2;65;65;65m████[38;2;90;96;103m████[38;2;79;90;104m████[38;2;65;65;65m████[38;2;222;222;222m██[38;2;172;174;172m██[38;2;0;4;0m██                ██[38;2;65;65;65m██[38;2;172;174;172m██[38;2;65;65;65m████[38;2;172;174;172m██[38;2;90;96;103m██[38;2;65;65;65m██[38;2;222;222;222m████[38;2;0;4;0m████[38;2;47;128;218m████[38;2;0;4;0m██    ██[38;2;222;222;222m████[38;2;65;65;65m██████████[38;2;172;174;172m██[38;2;253;253;253m██[38;2;0;4;0m██  
██[38;2;222;222;222m██[38;2;65;65;65m██[38;2;139;144;150m██████[38;2;79;90;104m████[38;2;65;65;65m██[38;2;222;222;222m████[38;2;139;144;150m██[38;2;0;4;0m██                ██[38;2;65;65;65m██[38;2;172;174;172m██[38;2;65;65;65m████[38;2;172;174;172m██[38;2;90;96;103m██[38;2;65;65;65m██[38;2;222;222;222m████[38;2;0;4;0m██[38;2;47;128;218m██[38;2;47;70;99m██[38;2;0;4;0m██      [38;2;5;7;8m██[38;2;222;222;222m██[38;2;65;65;65m██[38;2;172;174;172m██████████[38;2;65;65;65m██[38;2;222;222;222m██[38;2;0;4;0m██  
██[38;2;65;65;65m██[38;2;139;144;150m██████[38;2;79;90;104m████[38;2;65;65;65m██[38;2;222;222;222m████[38;2;172;174;172m██[38;2;139;144;150m██[38;2;0;4;0m██              ██[38;2;172;174;172m██[38;2;222;222;222m██[38;2;65;65;65m██[38;2;172;174;172m████[38;2;90;96;103m██[38;2;65;65;65m██[38;2;222;222;222m████████[38;2;47;70;99m██[38;2;0;20;8m██      [38;2;0;4;0m██[38;2;173;173;173m██[38;2;222;222;222m██[38;2;65;65;65m██[38;2;90;96;103m██[38;2;79;90;104m████████[38;2;65;65;65m██[38;2;222;222;222m██[38;2;139;144;150m██[38;2;0;4;0m██
██[38;2;65;65;65m██[38;2;139;144;150m██████[38;2;79;90;104m██[38;2;65;65;65m██[38;2;172;174;172m██[38;2;222;222;222m████[38;2;172;174;172m██[38;2;0;4;0m██              ██[38;2;172;174;172m████[38;2;222;222;222m████[38;2;65;65;65m██████[38;2;222;222;222m██████████[38;2;0;4;0m██        ██[38;2;173;173;173m██[38;2;222;222;222m██[38;2;65;65;65m██[38;2;139;144;150m██████████[38;2;65;65;65m██[38;2;222;222;222m██[38;2;139;144;150m██[38;2;0;4;0m██
██[38;2;65;65;65m██[38;2;139;144;150m██████[38;2;79;90;104m██[38;2;65;65;65m██[38;2;172;174;172m████████[38;2;0;4;0m██              ██[38;2;172;174;172m██████[38;2;222;222;222m████████████████[38;2;253;253;253m██[38;2;222;222;222m██[38;2;0;4;0m██      ██[38;2;173;173;173m████[38;2;65;65;65m██[38;2;139;144;150m██████████[38;2;65;65;65m██[38;2;139;144;150m████[38;2;0;4;0m██
  ██[38;2;79;90;104m████████[38;2;65;65;65m██[38;2;172;174;172m██████[38;2;0;4;0m██              ██[38;2;172;174;172m██████████[38;2;222;222;222m██████████████[38;2;253;253;253m████[38;2;222;222;222m██[38;2;0;4;0m██      ██[38;2;173;173;173m██[38;2;65;65;65m██[38;2;139;144;150m██████████[38;2;65;65;65m██[38;2;139;144;150m██[38;2;0;4;0m██  
  ██[38;2;65;65;65m██[38;2;79;90;104m██████[38;2;90;96;103m██[38;2;65;65;65m██[38;2;172;174;172m██[38;2;0;4;0m██                ██[38;2;172;174;172m██████████████[38;2;222;222;222m████████████[38;2;253;253;253m██[38;2;222;222;222m██[38;2;0;4;0m██      ██[38;2;173;173;173m██[38;2;65;65;65m██[38;2;139;144;150m██████████[38;2;65;65;65m██[38;2;139;144;150m██[38;2;0;4;0m██  
    ██[38;2;79;90;104m████████[38;2;65;65;65m██[38;2;172;174;172m██[38;2;0;4;0m██                  ██[38;2;172;174;172m████████[38;2;0;4;0m████[38;2;90;96;103m██[38;2;222;222;222m████████████[38;2;172;174;172m██[38;2;0;4;0m██        ██[38;2;65;65;65m██[38;2;79;90;104m██████████[38;2;65;65;65m██[38;2;0;4;0m██    
      ████████████                      ████████    [38;2;2;6;19m██[38;2;155;160;158m██[38;2;65;65;65m████████[38;2;172;174;172m██████[38;2;0;4;0m██        ██[38;2;79;90;104m██████████[38;2;0;4;0m██      
                                                      ██[38;2;139;144;150m████[38;2;79;90;104m████[38;2;65;65;65m██[38;2;172;174;172m████[38;2;0;4;0m██        ██[38;2;79;90;104m██████████[38;2;0;4;0m██      
                                                        ██████████████            ██████████        
[0m