        [38;2;0;0;0m██                                              
      ██[38;2;255;255;255m██[38;2;0;0;0m██                                            
    ██[38;2;255;255;255m████[38;2;0;0;0m██                            ████            
    ██[38;2;240;240;0m██[38;2;239;239;0m████[38;2;0;0;0m██                      [38;2;0;0;16m████[38;2;255;255;255m████[38;2;0;0;0m██          
  ██[38;2;240;240;0m████[38;2;239;239;0m████[38;2;0;0;0m██          ████      ██[38;2;119;125;135m██[38;2;239;251;255m██[38;2;255;255;255m████[38;2;0;0;0m██          
  ██[38;2;239;239;0m████[38;2;212;183;0m██[38;2;230;216;0m██[38;2;202;174;0m██[38;2;0;0;0m██    [38;2;0;4;0m████[38;2;255;255;255m████[38;2;0;0;0m██  ██[38;2;240;240;0m██[38;2;239;239;0m████[38;2;255;255;255m████[38;2;0;0;0m██          
██[38;2;240;240;0m██[38;2;239;239;0m██[38;2;201;201;0m██[38;2;57;60;66m██[38;2;212;183;0m██[38;2;202;174;0m████[38;2;0;0;0m████[38;2;170;171;170m██[38;2;255;255;255m██████[38;2;66;65;66m██[38;2;0;0;0m██[38;2;240;240;0m████[38;2;239;239;0m████[38;2;240;240;0m████[38;2;0;0;0m██          
██[38;2;240;240;0m██[38;2;249;249;44m██[38;2;247;251;255m██[38;2;173;186;198m██[38;2;49;60;74m██[38;2;202;174;0m██[38;2;66;65;66m██[38;2;255;255;255m██[38;2;189;188;189m██[38;2;255;255;255m████████[38;2;65;64;66m██[38;2;240;240;0m██[38;2;65;64;66m██[38;2;240;240;0m██[38;2;239;239;0m████[38;2;240;240;0m████[38;2;0;0;0m██          
██[38;2;203;203;0m██[38;2;247;251;255m██[38;2;119;95;0m██[38;2;90;102;115m██[38;2;49;60;74m██[38;2;202;174;0m██[38;2;66;65;66m██[38;2;255;255;255m██████████[38;2;189;188;189m██[38;2;65;64;66m████[38;2;203;203;0m██[38;2;240;240;0m██[38;2;239;239;0m████[38;2;240;240;0m██[38;2;0;0;0m██            
  ██[38;2;147;120;0m██[38;2;189;190;189m████[38;2;66;65;66m████[38;2;255;255;255m██████████[38;2;189;190;189m██[38;2;66;65;66m██[38;2;219;191;0m██[38;2;66;65;66m██[38;2;255;255;255m██[38;2;203;203;0m██[38;2;240;240;0m██████[38;2;0;0;0m██            
  ██[38;2;189;190;189m██████[38;2;66;65;66m████[38;2;192;191;192m██[38;2;129;131;129m██[38;2;255;255;255m████[38;2;189;188;189m██[38;2;189;190;189m██[38;2;66;65;66m████[38;2;189;189;0m██[38;2;203;203;0m██[38;2;255;255;255m██[38;2;146;119;0m██[38;2;202;174;0m██[38;2;0;0;0m██              
    ██[38;2;189;190;189m██[38;2;66;65;66m██[38;2;240;240;0m██[38;2;65;64;66m████[38;2;255;255;255m████[38;2;189;190;189m████[38;2;66;65;66m██[38;2;240;240;0m██[38;2;66;65;66m██[38;2;189;190;189m██[38;2;147;120;0m████[38;2;189;190;189m██[38;2;0;0;0m██                
      ██[38;2;66;65;66m██[38;2;240;240;0m████[38;2;65;64;66m██[38;2;189;188;189m████[38;2;189;190;189m██[38;2;66;65;66m██[38;2;240;240;0m██[38;2;66;65;66m██[38;2;189;190;189m██████[38;2;147;120;0m██[38;2;0;0;0m██                  
      ██[38;2;240;240;0m██[38;2;203;175;0m██[38;2;66;65;66m██[38;2;189;190;189m██[38;2;173;186;214m██[38;2;57;64;76m██[38;2;65;64;66m██[38;2;240;240;0m██[38;2;230;216;0m██[38;2;57;60;66m██[38;2;189;190;189m████[38;2;66;65;66m████[38;2;0;0;0m██                  
      ██[38;2;197;171;0m██[38;2;90;235;206m██[38;2;66;65;66m████[38;2;57;64;76m██[38;2;115;125;145m██[38;2;240;240;0m████[38;2;212;183;0m████[38;2;66;65;66m████[38;2;202;174;0m████[38;2;0;0;0m██                  
      ██[38;2;231;255;255m██[38;2;77;111;85m██[38;2;1;124;99m██[38;2;203;175;0m██[38;2;239;239;0m████[38;2;255;255;76m██[38;2;188;156;0m██[38;2;90;239;198m████[38;2;203;175;0m████[38;2;202;174;0m████[38;2;0;0;0m██                  
        [38;2;0;40;0m██[38;2;77;111;85m██[38;2;90;235;206m██[38;2;203;175;0m██[38;2;239;239;0m████[38;2;188;156;0m██[38;2;247;251;255m██[38;2;0;150;82m██[38;2;90;239;198m██[38;2;74;203;165m██[38;2;203;175;0m██[38;2;202;174;0m██[38;2;0;0;0m██      ████████      
        ██[38;2;203;175;0m██[38;2;233;233;0m██[38;2;66;65;66m██[38;2;240;240;0m████[38;2;203;175;0m██[38;2;90;239;198m██[38;2;46;132;137m██[38;2;57;211;148m██[38;2;202;174;0m████[38;2;66;65;66m██[38;2;0;0;0m██  ████[38;2;203;203;0m██[38;2;255;255;255m██[38;2;203;203;0m██[38;2;249;249;43m██[38;2;0;0;24m██    
          [38;2;0;0;0m██[38;2;66;65;66m██[38;2;219;191;0m██[38;2;202;174;0m████[38;2;203;175;0m████[38;2;195;167;0m████[38;2;66;65;66m████[38;2;0;0;0m██  ██[38;2;203;175;0m██[38;2;240;240;0m████[38;2;203;203;0m██[38;2;255;255;255m██[38;2;227;227;28m██[38;2;255;255;136m██[38;2;0;0;0m██  
        ██[38;2;189;190;189m████[38;2;66;65;66m████████████[38;2;127;127;127m██[38;2;132;130;132m██[38;2;0;0;0m██  ██[38;2;202;174;0m██████[38;2;240;240;0m██[38;2;147;120;0m██[38;2;189;190;189m██[38;2;147;120;0m██[38;2;189;190;189m██[38;2;0;0;0m██  
          ██[38;2;66;65;66m██[38;2;127;127;127m██[38;2;255;255;255m████[38;2;189;190;189m████████[38;2;66;65;66m████[38;2;0;0;0m██[38;2;203;175;0m██[38;2;202;174;0m████████[38;2;147;120;0m██[38;2;189;190;189m██[38;2;147;120;0m██[38;2;203;175;0m██[38;2;189;190;189m██[38;2;0;0;0m██
            [38;2;0;0;16m██[38;2;247;251;255m██[38;2;255;255;255m██[38;2;66;65;66m██[38;2;255;255;255m██[38;2;192;191;192m██[38;2;247;255;255m██[38;2;164;135;0m██[38;2;65;64;66m████[38;2;202;174;0m██████[38;2;66;65;66m██████[38;2;49;60;74m████[38;2;146;119;0m██[38;2;202;174;0m██[38;2;189;190;189m██[38;2;0;0;0m██
          ██[38;2;82;83;95m████[38;2;66;65;66m██[38;2;255;255;255m████[38;2;66;65;66m██[38;2;164;135;0m██[38;2;120;128;139m██[38;2;240;240;0m██[38;2;65;64;66m██[38;2;202;174;0m██[38;2;66;65;66m████[38;2;202;174;0m████[38;2;146;119;0m██[38;2;173;186;198m██[38;2;90;102;115m██[38;2;66;65;66m████[38;2;63;63;63m██[38;2;0;0;0m██
        ██[38;2;189;190;189m██[38;2;146;119;0m██[38;2;66;65;66m██[38;2;240;240;0m██[38;2;65;64;66m████[38;2;240;240;0m██[38;2;239;239;0m██[38;2;203;175;0m██[38;2;109;125;151m██[38;2;247;255;255m██[38;2;126;99;0m██[38;2;182;149;0m██[38;2;202;174;0m████[38;2;220;192;0m██[38;2;169;136;0m██[38;2;189;190;189m██[38;2;147;120;0m██[38;2;203;175;0m██[38;2;189;190;189m██[38;2;0;0;0m██  
          ██[38;2;66;65;66m██[38;2;202;174;0m██[38;2;240;240;0m████████[38;2;239;239;0m████[38;2;99;80;0m██[38;2;247;255;255m██[38;2;255;255;255m██[38;2;126;99;0m██[38;2;0;0;0m████[38;2;0;0;24m██[38;2;173;186;214m██[38;2;147;120;0m██[38;2;203;175;0m██[38;2;189;190;189m████[38;2;0;0;0m██  
            ██[38;2;240;240;0m██[38;2;212;183;0m██[38;2;230;216;0m██[38;2;240;240;0m████[38;2;239;239;0m████[38;2;202;174;0m██[38;2;82;66;0m██[38;2;0;0;0m████      ██[38;2;66;65;66m██[38;2;189;190;189m████[38;2;0;0;0m██    
              ██[38;2;57;60;66m██[38;2;212;183;0m██[38;2;65;64;66m██[38;2;240;240;0m██[38;2;239;239;0m██[38;2;203;175;0m██[38;2;242;242;5m██[38;2;16;12;0m██        [38;2;0;0;0m██[38;2;189;190;189m██████[38;2;0;0;0m██      
                ██[38;2;189;190;189m██[38;2;0;0;0m██[38;2;203;175;0m██[38;2;119;125;135m██[38;2;0;0;16m██[38;2;0;0;0m██            ██████        
                  ██  ██[38;2;239;251;255m██[38;2;0;0;16m██                            
                        [38;2;0;0;0m██                              
[0m