            [38;2;0;0;0m██████      ████████                      
            ██[38;2;227;170;18m████[38;2;0;0;0m██████[38;2;222;217;226m████[38;2;188;179;193m██[38;2;222;217;226m██[38;2;0;0;0m████                  
        ████[38;2;65;65;65m██[38;2;172;87;0m██[38;2;65;65;65m████[38;2;222;217;226m██████[38;2;188;179;193m██[38;2;222;217;226m██████[38;2;188;179;193m██[38;2;0;0;0m██                
    ██  ██[38;2;227;170;18m████[38;2;65;65;65m██[38;2;143;132;151m██[38;2;222;217;226m██████[38;2;188;179;193m██[38;2;222;217;226m████[38;2;188;179;193m████[38;2;222;217;226m████[38;2;0;0;0m██              
  ██[38;2;188;179;193m██[38;2;0;0;0m████[38;2;172;87;0m██[38;2;65;65;65m██[38;2;188;179;193m██[38;2;143;132;151m██[38;2;222;217;226m██[38;2;188;179;193m████[38;2;222;217;226m████[38;2;188;179;193m██[38;2;222;217;226m████████[38;2;65;65;65m██[38;2;0;0;0m██            
  ██[38;2;188;179;193m██[38;2;143;132;151m████[38;2;65;65;65m██[38;2;188;179;193m██████[38;2;143;132;151m██[38;2;222;217;226m██████[38;2;188;179;193m██[38;2;222;217;226m████████[38;2;143;132;151m████[38;2;222;217;226m██[38;2;0;0;0m██          
██[38;2;188;179;193m██████[38;2;65;65;65m██[38;2;222;217;226m██[38;2;65;65;65m██[38;2;188;179;193m██████[38;2;143;132;151m████[38;2;222;217;226m██[38;2;188;179;193m██[38;2;222;217;226m████[38;2;143;132;151m████[38;2;188;179;193m████[38;2;143;132;151m██[38;2;222;217;226m██[38;2;0;0;0m██        
██[38;2;188;179;193m██[38;2;143;132;151m████[38;2;65;65;65m██[38;2;222;217;226m██[38;2;65;65;65m██[38;2;188;179;193m██[38;2;143;132;151m██[38;2;188;179;193m██████[38;2;143;132;151m████████[38;2;188;179;193m████████[38;2;65;65;65m██[38;2;222;217;226m██[38;2;0;0;0m██        
██[38;2;143;132;151m██[38;2;188;179;193m████[38;2;65;65;65m██[38;2;143;132;151m██[38;2;222;217;226m██[38;2;65;65;65m██[38;2;244;211;91m██[38;2;143;132;151m██[38;2;188;179;193m████[38;2;143;132;151m██[38;2;188;179;193m████████████[38;2;65;65;65m██[38;2;244;211;91m████[38;2;172;87;0m██[38;2;0;0;0m██      
██[38;2;65;65;65m██[38;2;188;179;193m████[38;2;0;0;0m██[38;2;143;132;151m██[38;2;65;65;65m██[38;2;244;211;91m██████[38;2;143;132;151m██[38;2;65;65;65m██[38;2;173;66;66m██[38;2;65;65;65m████[38;2;188;179;193m██████[38;2;65;65;65m████[38;2;227;170;18m████[38;2;244;211;91m████[38;2;0;0;0m██    
██[38;2;227;170;18m██[38;2;65;65;65m██[38;2;0;0;0m██  ██[38;2;244;211;91m████████[38;2;65;65;65m██[38;2;239;99;66m██[38;2;0;0;0m██[38;2;239;99;66m██[38;2;65;65;65m██[38;2;188;179;193m██[38;2;143;132;151m██[38;2;65;65;65m██[38;2;244;211;91m████[38;2;172;87;0m████[38;2;227;170;18m██[38;2;0;0;0m████    
  ████  ██[38;2;244;211;91m████[38;2;227;170;18m██[38;2;65;65;65m████[38;2;222;217;226m██[38;2;65;65;65m██[38;2;239;99;66m██[38;2;65;65;65m██████[38;2;222;217;226m██[38;2;65;65;65m██[38;2;227;170;18m████[38;2;244;211;91m████[38;2;0;0;0m██    ██  
        ████[38;2;65;65;65m████[38;2;222;217;226m████████[38;2;188;179;193m██[38;2;222;217;226m██████████[38;2;65;65;65m██[38;2;227;170;18m████[38;2;65;65;65m██[38;2;0;0;0m██  ██[38;2;222;217;226m██[38;2;0;0;0m██
            ██[38;2;143;132;151m██[38;2;65;65;65m████[38;2;222;217;226m████[38;2;188;179;193m██[38;2;222;217;226m██████[38;2;65;65;65m████████[38;2;0;0;0m██[38;2;188;179;193m████[38;2;0;0;0m██[38;2;143;132;151m██[38;2;222;217;226m██[38;2;0;0;0m██
              ██[38;2;143;132;151m████[38;2;65;65;65m████████████[38;2;143;132;151m██████[38;2;0;0;0m██  ██[38;2;143;132;151m██[38;2;222;217;226m██[38;2;143;132;151m██[38;2;222;217;226m██[38;2;0;0;0m██
                ████[38;2;143;132;151m████[38;2;65;65;65m██[38;2;143;132;151m████████[38;2;0;0;0m████  ██[38;2;222;217;226m██[38;2;188;179;193m██[38;2;222;217;226m██[38;2;143;132;151m██[38;2;0;0;0m██  
                    ██████████████    ██[38;2;222;217;226m██[38;2;143;132;151m████[38;2;222;217;226m████[38;2;0;0;0m██  
                                      ██[38;2;222;217;226m██████[38;2;143;132;151m████[38;2;0;0;0m██  
                                    ██[38;2;244;211;91m██[38;2;65;65;65m████[38;2;222;217;226m████[38;2;0;0;0m██    
                                    ████[38;2;65;65;65m██[38;2;244;211;91m██[38;2;65;65;65m████[38;2;0;0;0m██    
                                      ██[38;2;244;211;91m██[38;2;65;65;65m██[38;2;227;170;18m██[38;2;0;0;0m██      
                                      ████████        
[0m