            [38;2;0;0;0m██████              ████████                        
      ██████[38;2;222;217;226m████[38;2;143;132;151m██[38;2;0;0;0m████████    ██[38;2;143;132;151m████[38;2;65;65;65m██[38;2;226;178;58m██[38;2;0;0;0m██                      
    ██[38;2;188;179;193m██████[38;2;143;132;151m██[38;2;222;217;226m████[38;2;143;132;151m██[38;2;222;217;226m██████[38;2;0;0;0m████[38;2;143;132;151m████████[38;2;0;0;0m██          ████████      
  ██[38;2;188;179;193m████[38;2;143;132;151m████[38;2;188;179;193m██[38;2;143;132;151m██[38;2;222;217;226m████[38;2;143;132;151m████████[38;2;65;65;65m████████████[38;2;0;0;0m██      ██[38;2;143;132;151m████████[38;2;0;0;0m██    
██[38;2;188;179;193m██[38;2;143;132;151m████[38;2;244;211;91m██[38;2;143;132;151m██[38;2;188;179;193m████[38;2;143;132;151m██████████[38;2;65;65;65m██[38;2;143;132;151m██[38;2;222;217;226m████████████[38;2;0;0;0m██████[38;2;143;132;151m████[38;2;65;65;65m██████[38;2;0;0;0m██    
██[38;2;143;132;151m██[38;2;244;211;91m██[38;2;199;128;9m██[38;2;244;211;91m████[38;2;65;65;65m██[38;2;188;179;193m██[38;2;143;132;151m████████[38;2;65;65;65m██[38;2;143;132;151m██[38;2;222;217;226m████████████████[38;2;143;132;151m██[38;2;65;65;65m██████[38;2;222;217;226m████████[38;2;0;0;0m██  
██[38;2;199;128;9m██[38;2;244;211;91m████[38;2;199;128;9m██[38;2;244;211;91m██[38;2;65;65;65m██[38;2;188;179;193m██[38;2;143;132;151m████[38;2;65;65;65m████[38;2;188;179;193m████[38;2;143;132;151m██[38;2;222;217;226m████████████[38;2;65;65;65m██████[38;2;188;179;193m██[38;2;143;132;151m████[38;2;222;217;226m██████[38;2;143;132;151m██[38;2;0;0;0m██
██[38;2;226;178;58m██[38;2;199;128;9m██[38;2;244;211;91m████[38;2;65;65;65m██[38;2;143;132;151m████[38;2;65;65;65m████[38;2;90;155;205m██[38;2;65;65;65m██[38;2;188;179;193m██████[38;2;143;132;151m████████[38;2;65;65;65m████[38;2;90;155;205m██[38;2;65;65;65m██[38;2;143;132;151m██[38;2;188;179;193m██████[38;2;143;132;151m██████[38;2;222;217;226m██[38;2;0;0;0m██
  ██[38;2;226;178;58m██[38;2;199;128;9m██[38;2;65;65;65m██[38;2;143;132;151m████[38;2;0;0;0m██[38;2;65;65;65m████[38;2;90;155;205m████[38;2;65;65;65m██[38;2;188;179;193m████████[38;2;65;65;65m████[38;2;90;155;205m██████[38;2;65;65;65m██[38;2;244;211;91m██[38;2;143;132;151m████[38;2;188;179;193m████[38;2;143;132;151m██[38;2;222;217;226m████[38;2;0;0;0m██
    ██████████  ██[38;2;65;65;65m██[38;2;86;125;144m██[38;2;90;155;205m██[38;2;65;65;65m██[38;2;188;179;193m██[38;2;65;65;65m██████[38;2;90;155;205m████████[38;2;65;65;65m██[38;2;244;211;91m██[38;2;199;128;9m██[38;2;244;211;91m████[38;2;143;132;151m██[38;2;188;179;193m██[38;2;143;132;151m██[38;2;222;217;226m████[38;2;0;0;0m██
              ██[38;2;188;179;193m██[38;2;65;65;65m████[38;2;90;155;205m████[38;2;65;65;65m██[38;2;86;125;144m██[38;2;90;155;205m████████[38;2;65;65;65m██████[38;2;199;128;9m██[38;2;244;211;91m████[38;2;199;128;9m██[38;2;143;132;151m██[38;2;188;179;193m████[38;2;143;132;151m██[38;2;0;0;0m██  
          ████[38;2;65;65;65m██[38;2;188;179;193m████[38;2;143;132;151m██[38;2;86;125;144m██[38;2;90;155;205m████████[38;2;86;125;144m██[38;2;0;0;0m██[38;2;172;65;65m██[38;2;65;65;65m██[38;2;143;132;151m██[38;2;65;65;65m██[38;2;244;211;91m████[38;2;199;128;9m██[38;2;244;211;91m████[38;2;143;132;151m██[38;2;188;179;193m██[38;2;222;217;226m██[38;2;0;0;0m██  
      ████[38;2;188;179;193m████[38;2;65;65;65m██[38;2;143;132;151m██[38;2;188;179;193m██[38;2;65;65;65m██[38;2;90;155;205m████████[38;2;65;65;65m████[38;2;238;90;57m████[38;2;65;65;65m██[38;2;188;179;193m████[38;2;65;65;65m████[38;2;244;211;91m██[38;2;0;0;0m████[38;2;188;179;193m████[38;2;0;0;0m██    
    ██[38;2;244;211;91m██[38;2;65;65;65m██[38;2;188;179;193m██[38;2;143;132;151m████[38;2;65;65;65m████[38;2;90;155;205m██[38;2;86;125;144m██[38;2;65;65;65m██[38;2;90;155;205m██████[38;2;65;65;65m██████[38;2;188;179;193m████[38;2;143;132;151m██[38;2;226;178;58m██[38;2;65;65;65m██[38;2;0;0;0m██    ████      
  ██[38;2;244;211;91m██[38;2;199;128;9m██[38;2;244;211;91m██[38;2;65;65;65m██[38;2;143;132;151m████[38;2;65;65;65m██[38;2;86;125;144m██[38;2;65;65;65m████[38;2;188;179;193m██[38;2;65;65;65m██[38;2;90;155;205m██████[38;2;143;132;151m██[38;2;188;179;193m██[38;2;143;132;151m████████[38;2;226;178;58m██[38;2;0;0;0m██████[38;2;143;132;151m██[38;2;0;0;0m██      
  ██[38;2;199;128;9m██[38;2;244;211;91m████[38;2;199;128;9m██[38;2;65;65;65m██[38;2;143;132;151m████[38;2;0;0;0m████[38;2;143;132;151m████[38;2;188;179;193m██[38;2;65;65;65m██[38;2;90;155;205m██████[38;2;143;132;151m██[38;2;188;179;193m████[38;2;143;132;151m██[38;2;226;178;58m██[38;2;65;65;65m████[38;2;143;132;151m██████[38;2;188;179;193m██[38;2;0;0;0m██    
    ██[38;2;244;211;91m██[38;2;199;128;9m██[38;2;244;211;91m██[38;2;65;65;65m██[38;2;143;132;151m████[38;2;0;0;0m██  ██[38;2;226;178;58m██[38;2;143;132;151m████[38;2;65;65;65m██[38;2;90;155;205m██[38;2;65;65;65m██[38;2;86;125;144m████[38;2;143;132;151m██[38;2;0;0;0m████[38;2;143;132;151m████[38;2;65;65;65m████[38;2;188;179;193m████[38;2;0;0;0m██    
      ██[38;2;199;128;9m██[38;2;244;211;91m██[38;2;143;132;151m██[38;2;0;0;0m████    ██[38;2;226;178;58m██████[38;2;0;0;0m████[38;2;86;125;144m████[38;2;0;0;0m████  ██[38;2;65;65;65m██[38;2;143;132;151m██[38;2;188;179;193m████[38;2;65;65;65m██[38;2;188;179;193m██[38;2;0;0;0m██    
        ██████      ██[38;2;244;211;91m████[38;2;199;128;9m██[38;2;0;0;0m██    ████    ██[38;2;244;211;91m████[38;2;65;65;65m██[38;2;188;179;193m████[38;2;65;65;65m██[38;2;0;0;0m██      
                    ██[38;2;244;211;91m██[38;2;0;0;0m████            ██[38;2;199;128;9m████[38;2;244;211;91m████[38;2;65;65;65m██[38;2;143;132;151m████[38;2;0;0;0m██      
                    ████                ██[38;2;244;211;91m████[38;2;199;128;9m████[38;2;65;65;65m██[38;2;143;132;151m████[38;2;0;0;0m██      
                                        ██[38;2;199;128;9m████[38;2;244;211;91m████[38;2;65;65;65m██[38;2;143;132;151m██[38;2;0;0;0m██        
                                          ██[38;2;226;178;58m██[38;2;65;65;65m██[38;2;143;132;151m██[38;2;0;0;0m████          
                                            ██████              
[0m