                  [38;2;0;0;0m████████              
              ████[38;2;234;234;234m██████[38;2;111;111;111m██[38;2;0;0;0m██            
            ██[38;2;234;234;234m██[38;2;199;199;199m██[38;2;0;0;0m████[38;2;234;234;234m████[38;2;111;111;111m██[38;2;0;0;0m██          
          ██[38;2;234;234;234m██[38;2;156;156;156m██[38;2;0;0;0m██    ██[38;2;234;234;234m████[38;2;0;0;0m██          
        ██[38;2;111;111;111m██[38;2;199;199;199m██[38;2;65;65;65m████[38;2;0;0;0m████[38;2;65;65;65m██[38;2;234;234;234m████[38;2;0;0;0m██          
    ██  ██[38;2;199;199;199m██[38;2;65;65;65m██[38;2;234;234;234m██████[38;2;65;65;65m██[38;2;199;199;199m██[38;2;234;234;234m██[38;2;156;156;156m██[38;2;0;0;0m██          
  ██[38;2;199;199;199m██[38;2;0;0;0m██[38;2;65;65;65m████[38;2;234;234;234m████[38;2;65;65;65m██[38;2;234;234;234m██[38;2;111;111;111m██[38;2;234;234;234m████[38;2;65;65;65m██[38;2;234;234;234m██[38;2;0;0;0m██        
  ██[38;2;199;199;199m████[38;2;65;65;65m██[38;2;234;234;234m████[38;2;65;65;65m██[38;2;234;234;234m██[38;2;65;65;65m██[38;2;234;234;234m████[38;2;199;199;199m██[38;2;111;111;111m██[38;2;234;234;234m████[38;2;0;0;0m██      
    ██[38;2;199;199;199m██[38;2;65;65;65m██[38;2;234;234;234m████[38;2;65;65;65m██[38;2;234;234;234m████████[38;2;111;111;111m██[38;2;234;234;234m██████[38;2;175;242;12m██[38;2;0;0;0m██    
      ██[38;2;234;234;234m████████[38;2;156;156;156m██[38;2;234;234;234m████████████[38;2;175;242;12m██[38;2;141;211;1m██[38;2;111;173;1m██[38;2;0;0;0m██  
      ██[38;2;234;234;234m████[38;2;199;199;199m██[38;2;234;234;234m████[38;2;65;65;65m██[38;2;156;156;156m██[38;2;234;234;234m██[38;2;65;65;65m██[38;2;175;242;12m██[38;2;141;211;1m████[38;2;111;173;1m████[38;2;0;0;0m██  
      ██[38;2;65;65;65m██[38;2;234;234;234m██[38;2;199;199;199m██[38;2;234;234;234m██[38;2;0;0;0m██[38;2;234;234;234m██[38;2;156;156;156m██[38;2;199;199;199m██[38;2;0;0;0m████[38;2;111;173;1m██████████[38;2;0;0;0m██
        ██[38;2;234;234;234m████[38;2;65;65;65m██[38;2;120;184;1m██[38;2;199;199;199m████[38;2;0;0;0m██    ██[38;2;111;173;1m████████[38;2;0;0;0m██
        ██[38;2;199;199;199m██[38;2;234;234;234m██[38;2;199;199;199m██████[38;2;0;0;0m██      ██[38;2;111;173;1m████████[38;2;0;0;0m██
          ██[38;2;156;156;156m██[38;2;199;199;199m██[38;2;65;65;65m████[38;2;156;156;156m██[38;2;0;0;0m██  ██[38;2;84;133;1m████[38;2;111;173;1m████[38;2;84;133;1m██[38;2;0;0;0m██
          ██[38;2;65;65;65m████[38;2;156;156;156m████[38;2;199;199;199m██[38;2;234;234;234m██[38;2;0;0;0m████[38;2;84;133;1m████████[38;2;0;0;0m██  
          ██[38;2;111;111;111m██[38;2;65;65;65m██[38;2;156;156;156m██[38;2;199;199;199m██[38;2;65;65;65m██[38;2;234;234;234m████[38;2;199;199;199m██[38;2;0;0;0m██[38;2;84;133;1m██████[38;2;0;0;0m██  
        ██[38;2;111;111;111m██[38;2;65;65;65m██[38;2;199;199;199m████████[38;2;65;65;65m██[38;2;234;234;234m██████[38;2;0;0;0m██[38;2;84;133;1m██[38;2;0;0;0m██    
      ██[38;2;84;133;1m██[38;2;111;111;111m██[38;2;65;65;65m██[38;2;199;199;199m████[38;2;65;65;65m██[38;2;234;234;234m████[38;2;65;65;65m██[38;2;234;234;234m████[38;2;111;173;1m██[38;2;0;0;0m██      
      ██[38;2;84;133;1m██[38;2;65;65;65m██[38;2;199;199;199m████[38;2;65;65;65m██[38;2;234;234;234m██████[38;2;65;65;65m██[38;2;234;234;234m██[38;2;111;173;1m██[38;2;141;211;1m██[38;2;0;0;0m██      
        ██[38;2;156;156;156m██[38;2;65;65;65m██[38;2;199;199;199m██[38;2;65;65;65m██[38;2;234;234;234m████████[38;2;65;65;65m██[38;2;141;211;1m██[38;2;0;0;0m██        
        ██[38;2;156;156;156m████[38;2;65;65;65m██[38;2;0;0;0m██[38;2;65;65;65m██[38;2;234;234;234m████[38;2;156;156;156m██[38;2;0;0;0m██████        
      ██[38;2;84;133;1m██[38;2;65;65;65m██[38;2;156;156;156m██[38;2;0;0;0m██  ██[38;2;199;199;199m████[38;2;0;0;0m██              
    ██[38;2;84;133;1m████[38;2;65;65;65m██[38;2;156;156;156m████[38;2;0;0;0m██  ██[38;2;199;199;199m██[38;2;156;156;156m██[38;2;0;0;0m██            
  ██[38;2;84;133;1m████[38;2;0;0;0m████[38;2;111;173;1m██[38;2;156;156;156m██[38;2;0;0;0m██  ██[38;2;199;199;199m████[38;2;0;0;0m██            
  ██[38;2;84;133;1m██[38;2;0;0;0m██  ██[38;2;111;173;1m██[38;2;0;0;0m██  ██[38;2;111;173;1m██[38;2;199;199;199m██[38;2;111;173;1m██[38;2;141;211;1m██[38;2;0;0;0m██          
██[38;2;111;173;1m████[38;2;0;0;0m██    ██    ██[38;2;65;65;65m██[38;2;141;211;1m██[38;2;65;65;65m██[38;2;141;211;1m██[38;2;0;0;0m██          
██[38;2;111;173;1m██████[38;2;0;0;0m██          ██[38;2;141;211;1m██[38;2;0;0;0m████            
██[38;2;65;65;65m██[38;2;111;173;1m██[38;2;65;65;65m██[38;2;0;0;0m██            ██                
  ██████                                
[0m