        [38;2;0;0;0m████                        
      ██[38;2;239;240;203m████[38;2;0;0;0m██████                  
      ██[38;2;200;201;164m██[38;2;162;163;126m██[38;2;239;240;203m████[38;2;200;201;164m██[38;2;0;0;0m██████            
      ██[38;2;123;123;107m████[38;2;239;240;203m██████[38;2;65;65;65m██[38;2;239;240;203m████[38;2;0;0;0m██          
    ██[38;2;239;240;203m██[38;2;123;123;107m████[38;2;239;240;203m██[38;2;123;123;107m████[38;2;239;240;203m██████[38;2;0;0;0m██          
    ██[38;2;162;163;126m██[38;2;239;240;203m██████[38;2;123;123;107m████[38;2;239;240;203m██[38;2;162;163;126m██[38;2;0;0;0m██            
    ██[38;2;255;255;255m██[38;2;200;201;164m██[38;2;239;240;203m████[38;2;200;201;164m██[38;2;162;163;126m██[38;2;239;240;203m██[38;2;200;201;164m██[38;2;0;0;0m██            
  ██[38;2;65;65;65m██[38;2;84;58;255m██[38;2;239;240;203m████[38;2;162;163;126m██[38;2;255;255;255m██[38;2;239;240;203m██[38;2;200;201;164m██[38;2;162;163;126m██[38;2;0;0;0m██            
██[38;2;110;88;255m██[38;2;84;58;255m██[38;2;239;240;203m████████[38;2;84;58;255m██[38;2;200;201;164m██[38;2;162;163;126m██[38;2;0;0;0m██              
██[38;2;239;240;203m██[38;2;162;163;126m██[38;2;65;65;65m██[38;2;162;163;126m██[38;2;239;240;203m██[38;2;200;201;164m████[38;2;65;65;65m██[38;2;239;240;203m████[38;2;0;0;0m██            
██[38;2;239;240;203m████[38;2;110;88;255m██[38;2;65;65;65m████[38;2;123;123;107m██[38;2;162;163;126m████[38;2;65;65;65m██[38;2;84;58;255m██[38;2;0;0;0m██      ████  
  ██[38;2;84;58;255m████[38;2;65;65;65m██[38;2;200;201;164m██████[38;2;65;65;65m██[38;2;110;88;255m██████[38;2;0;0;0m██  ██[38;2;110;88;255m██[38;2;0;0;0m████
    ██[38;2;65;65;65m██[38;2;239;240;203m████[38;2;200;201;164m██[38;2;65;65;65m██[38;2;239;240;203m██[38;2;162;163;126m██[38;2;110;88;255m██[38;2;84;58;255m██[38;2;0;0;0m████[38;2;239;240;203m██[38;2;110;88;255m████[38;2;0;0;0m██
    ██[38;2;239;240;203m████████[38;2;65;65;65m██[38;2;239;240;203m████[38;2;84;58;255m██[38;2;65;65;65m██[38;2;162;163;126m██[38;2;239;240;203m██[38;2;200;201;164m██[38;2;84;58;255m██[38;2;0;0;0m██  
      ██[38;2;84;58;255m██[38;2;200;201;164m██████[38;2;65;65;65m██████[38;2;162;163;126m██[38;2;200;201;164m████[38;2;0;0;0m████    
    ██[38;2;110;88;255m████[38;2;0;0;0m██████[38;2;200;201;164m██████[38;2;65;65;65m██[38;2;0;0;0m████        
      ████      ██[38;2;65;65;65m██[38;2;84;58;255m██[38;2;0;0;0m██            
                ██[38;2;110;88;255m████[38;2;0;0;0m██            
                  ████              
[0m