                                      [38;2;0;0;0m████  ████  
        ██                          ██[38;2;136;92;43m██[38;2;0;0;0m████[38;2;136;92;43m██[38;2;0;0;0m████
      ██[38;2;136;92;43m██[38;2;0;0;0m██      ██              ██[38;2;136;92;43m██[38;2;104;65;23m██[38;2;136;92;43m████[38;2;104;65;23m██[38;2;136;92;43m██[38;2;0;0;0m██
      ██[38;2;136;92;43m██[38;2;0;0;0m██    ██[38;2;236;208;89m██[38;2;0;0;0m██          ██[38;2;136;92;43m████████████[38;2;0;0;0m██  
    ██[38;2;136;92;43m████[38;2;0;0;0m██  ██[38;2;236;208;89m████[38;2;0;0;0m██          ██[38;2;136;92;43m████████[38;2;0;0;0m████    
  ██[38;2;136;92;43m████[38;2;104;65;23m████[38;2;0;0;0m██[38;2;236;208;89m████[38;2;104;65;23m██[38;2;0;0;0m██            ██[38;2;136;92;43m████[38;2;0;0;0m██        
  ██[38;2;136;92;43m██[38;2;104;65;23m██[38;2;236;208;89m████[38;2;104;65;23m██[38;2;236;208;89m██[38;2;104;65;23m████[38;2;0;0;0m██          ████[38;2;136;92;43m██[38;2;0;0;0m██          
    ██[38;2;236;208;89m████[38;2;136;92;43m████[38;2;236;208;89m██[38;2;104;65;23m██[38;2;217;159;82m██[38;2;104;65;23m██[38;2;0;0;0m██      ██[38;2;136;92;43m████[38;2;104;65;23m██[38;2;0;0;0m██          
    ██[38;2;236;208;89m██[38;2;136;92;43m████[38;2;236;208;89m██████[38;2;104;65;23m██[38;2;136;92;43m██[38;2;104;65;23m██[38;2;0;0;0m██████[38;2;136;92;43m██████████[38;2;0;0;0m██        
  ██[38;2;236;208;89m████[38;2;136;92;43m██[38;2;236;208;89m██[38;2;12;101;197m██[38;2;205;228;255m██[38;2;236;208;89m████[38;2;104;65;23m██[38;2;136;92;43m██[38;2;104;65;23m██[38;2;136;92;43m████████████[38;2;104;65;23m██[38;2;0;0;0m██        
██[38;2;236;208;89m████████[38;2;0;0;0m██[38;2;60;149;245m██[38;2;205;228;255m██[38;2;136;92;43m██[38;2;236;208;89m██[38;2;104;65;23m██[38;2;136;92;43m████[38;2;104;65;23m██████████[38;2;136;92;43m██████[38;2;0;0;0m██      
██[38;2;60;149;245m██[38;2;12;101;197m██[38;2;236;208;89m██████[38;2;205;228;255m██[38;2;136;92;43m████[38;2;104;65;23m██[38;2;136;92;43m████[38;2;104;65;23m████[38;2;217;159;82m██████[38;2;236;208;89m██[38;2;104;65;23m████[38;2;0;0;0m████      
  ██[38;2;236;208;89m████[38;2;136;92;43m████[38;2;236;208;89m████[38;2;217;159;82m██[38;2;104;65;23m████[38;2;136;92;43m██[38;2;104;65;23m██[38;2;217;159;82m██████[38;2;236;208;89m██████[38;2;217;159;82m██[38;2;0;0;0m██        
    ██████[38;2;236;208;89m██[38;2;136;92;43m██[38;2;217;159;82m██████[38;2;104;65;23m████[38;2;217;159;82m████████[38;2;136;92;43m██[38;2;236;208;89m████[38;2;104;65;23m██[38;2;0;0;0m██        
          ██[38;2;217;159;82m████████[38;2;236;208;89m██[38;2;136;92;43m██[38;2;217;159;82m████[38;2;136;92;43m██[38;2;0;0;0m████[38;2;104;65;23m████[38;2;136;92;43m██[38;2;104;65;23m██[38;2;0;0;0m██      
        ████[38;2;104;65;23m████[38;2;217;159;82m██[38;2;236;208;89m██████[38;2;136;92;43m██[38;2;0;0;0m████  ██[38;2;236;208;89m██[38;2;104;65;23m██[38;2;136;92;43m████[38;2;0;0;0m██      
      ██[38;2;236;208;89m██[38;2;136;92;43m████[38;2;104;65;23m████[38;2;136;92;43m██[38;2;236;208;89m████[38;2;136;92;43m██[38;2;0;0;0m██      ██[38;2;236;208;89m██[38;2;136;92;43m██[38;2;236;208;89m██[38;2;0;0;0m██      
      ██[38;2;104;65;23m██[38;2;236;208;89m██[38;2;104;65;23m██████[38;2;136;92;43m██████[38;2;104;65;23m██[38;2;0;0;0m██        ██████        
        ████████[38;2;236;208;89m██[38;2;136;92;43m████[38;2;104;65;23m██[38;2;0;0;0m██                        
                ██[38;2;236;208;89m██[38;2;136;92;43m██[38;2;236;208;89m██[38;2;0;0;0m██                        
                  ██████                          
[0m