                          [38;2;0;0;0m████  
                        ██[38;2;255;254;253m██[38;2;254;236;228m██[38;2;0;0;0m██
                        ██[38;2;254;236;228m████[38;2;0;0;0m██
      ████        ████    ████  
    ██[38;2;255;254;253m████[38;2;0;0;0m██    ██[38;2;255;254;253m████[38;2;0;0;0m██        
    ██[38;2;255;254;253m████[38;2;0;0;0m██  ██[38;2;255;254;253m██████[38;2;0;0;0m██        
      ██[38;2;255;254;253m████[38;2;16;8;0m██[38;2;95;90;77m██[38;2;255;254;253m████[38;2;255;252;251m██[38;2;8;4;0m██[38;2;0;0;0m████    
      ██[38;2;255;254;253m████[38;2;95;90;77m██[38;2;255;254;253m██████[38;2;90;86;74m██[38;2;200;182;175m██[38;2;209;172;158m████[38;2;0;0;0m██  
    ██[38;2;255;248;245m██[38;2;255;254;253m████████████[38;2;107;97;82m██[38;2;201;176;167m████[38;2;107;97;82m██[38;2;0;0;0m██  
  ██[38;2;255;248;245m████[38;2;255;254;253m██████████[38;2;254;236;228m██[38;2;252;234;226m██[38;2;107;97;82m████[38;2;252;234;226m██[38;2;254;236;228m██[38;2;0;0;0m██
██[38;2;209;172;158m██[38;2;126;96;86m██[38;2;207;169;154m██[38;2;254;236;228m██[38;2;255;254;253m██████[38;2;254;236;228m██████████████[38;2;0;0;0m██
██[38;2;209;172;158m██[38;2;126;96;86m██[38;2;207;169;154m██[38;2;254;236;228m██████████████████[38;2;0;0;0m████  
██[38;2;254;236;228m██████████[38;2;207;169;154m██[38;2;126;96;86m██[38;2;208;171;157m██[38;2;254;236;228m██████[38;2;0;0;0m██      
  ██[38;2;254;236;228m████[38;2;208;171;157m██[38;2;254;236;228m██[38;2;207;169;154m██[38;2;126;96;86m██[38;2;208;171;157m██[38;2;254;236;228m██[38;2;208;171;157m████[38;2;107;99;82m██[38;2;0;0;0m██    
    ████[38;2;254;236;228m████████████████████[38;2;0;0;0m██  
        ██████████████[38;2;254;236;228m██████[38;2;0;0;0m██  
                      ██████    
[0m