                [38;2;0;0;0m████              
              ██[38;2;255;255;255m██[38;2;223;220;66m██[38;2;0;0;0m██            
            ██[38;2;223;220;66m██[38;2;255;255;255m████[38;2;150;120;3m██[38;2;0;0;0m██          
      ██████[38;2;150;120;3m██[38;2;194;172;0m██[38;2;223;220;66m████[38;2;194;172;0m██[38;2;0;0;0m██          
    ██[38;2;249;242;167m██[38;2;178;151;1m██[38;2;150;120;3m██[38;2;194;172;0m██[38;2;155;136;0m██████[38;2;194;172;0m██[38;2;150;120;3m██[38;2;0;0;0m██        
    ██[38;2;178;151;1m██[38;2;70;70;42m██[38;2;194;172;0m██[38;2;155;136;0m██[38;2;98;85;0m██[38;2;123;106;0m██[38;2;150;120;3m████[38;2;194;172;0m██[38;2;178;151;1m██[38;2;0;0;0m██      
  ██[38;2;178;151;1m██[38;2;70;70;42m██[38;2;194;172;0m██[38;2;155;136;0m██[38;2;116;92;0m██[38;2;178;151;1m██[38;2;98;85;0m████[38;2;123;106;0m██[38;2;155;136;0m██[38;2;194;172;0m██[38;2;150;120;3m██[38;2;0;0;0m████  
  ██[38;2;249;242;167m██[38;2;150;120;3m██[38;2;155;136;0m██[38;2;123;106;0m██[38;2;116;92;0m████[38;2;98;85;0m██[38;2;178;151;1m██[38;2;98;85;0m██[38;2;123;106;0m██[38;2;155;136;0m██[38;2;194;172;0m██[38;2;255;255;255m██[38;2;150;120;3m██[38;2;0;0;0m██
██[38;2;223;220;66m██[38;2;249;242;167m████[38;2;178;151;1m██[38;2;98;85;0m██████[38;2;178;151;1m██[38;2;249;242;167m██[38;2;178;151;1m██[38;2;98;85;0m██[38;2;155;136;0m██[38;2;194;172;0m██[38;2;249;242;167m██[38;2;255;255;255m██[38;2;0;0;0m██
██[38;2;223;220;66m██[38;2;255;255;255m██[38;2;249;242;167m██[38;2;178;151;1m██[38;2;98;85;0m████[38;2;178;151;1m██████[38;2;249;242;167m██[38;2;178;151;1m██[38;2;123;106;0m██[38;2;155;136;0m██[38;2;249;242;167m██[38;2;70;70;42m██[38;2;0;0;0m██
██[38;2;150;120;3m██[38;2;255;255;255m██[38;2;249;242;167m██[38;2;178;151;1m██[38;2;98;85;0m██[38;2;178;151;1m██[38;2;249;242;167m████[38;2;178;151;1m██[38;2;223;220;66m██[38;2;249;242;167m██[38;2;135;112;0m██[38;2;150;120;3m████[38;2;0;0;0m██  
  ██[38;2;249;242;167m██[38;2;178;151;1m██[38;2;249;242;167m██[38;2;178;151;1m██[38;2;249;242;167m██[38;2;255;255;255m████[38;2;249;242;167m██[38;2;223;220;66m██[38;2;249;242;167m██[38;2;109;89;0m██[38;2;178;151;1m██[38;2;0;0;0m██    
    ██[38;2;178;151;1m██[38;2;194;172;0m██[38;2;178;151;1m██[38;2;249;242;167m██[38;2;255;255;255m████[38;2;249;242;167m████[38;2;178;151;1m██[38;2;135;112;0m██[38;2;178;151;1m██[38;2;0;0;0m██    
    ██[38;2;249;242;167m██[38;2;150;120;3m██[38;2;194;172;0m██[38;2;178;151;1m██[38;2;249;242;167m██████[38;2;178;151;1m██[38;2;123;106;0m██[38;2;155;136;0m██[38;2;150;120;3m██[38;2;0;0;0m██    
      ██[38;2;223;220;66m██[38;2;150;120;3m████[38;2;178;151;1m██████[38;2;155;136;0m████[38;2;194;172;0m██[38;2;0;0;0m██      
        ██████[38;2;70;70;42m██[38;2;150;120;3m██[38;2;178;151;1m████[38;2;194;172;0m██[38;2;255;255;255m██[38;2;0;0;0m██      
              ██████[38;2;255;255;255m████[38;2;150;120;3m██[38;2;0;0;0m██      
                    ██████        
[0m