                [38;2;0;0;0m████              
              ██[38;2;255;255;255m██[38;2;159;224;110m██[38;2;0;0;0m██            
            ██[38;2;159;224;110m██[38;2;255;255;255m████[38;2;77;136;50m██[38;2;0;0;0m██          
      ██████[38;2;77;136;50m██[38;2;112;197;51m██[38;2;159;224;110m████[38;2;112;197;51m██[38;2;0;0;0m██          
    ██[38;2;218;245;182m██[38;2;92;168;49m██[38;2;77;136;50m██[38;2;111;197;51m██[38;2;77;165;20m██████[38;2;112;197;51m██[38;2;77;136;50m██[38;2;0;0;0m██        
    ██[38;2;92;168;49m██[38;2;65;64;72m██[38;2;112;197;51m██[38;2;77;165;20m██[38;2;40;108;1m██[38;2;51;136;1m██[38;2;77;136;50m████[38;2;112;197;51m██[38;2;92;168;49m██[38;2;0;0;0m██      
  ██[38;2;92;168;49m██[38;2;65;64;72m██[38;2;112;197;51m██[38;2;77;165;20m██[38;2;54;114;29m██[38;2;92;168;49m██[38;2;40;108;1m████[38;2;51;136;1m██[38;2;77;165;20m██[38;2;112;197;51m██[38;2;77;136;50m██[38;2;0;0;0m████  
  ██[38;2;218;245;182m██[38;2;77;136;50m██[38;2;77;165;20m██[38;2;51;136;1m██[38;2;54;114;29m████[38;2;40;108;1m██[38;2;92;168;49m██[38;2;40;108;1m██[38;2;51;136;1m██[38;2;77;165;20m██[38;2;112;197;51m██[38;2;255;255;255m██[38;2;77;136;50m██[38;2;0;0;0m██
██[38;2;159;224;110m██[38;2;218;245;182m████[38;2;92;168;49m██[38;2;40;108;1m██████[38;2;92;168;49m██[38;2;218;245;182m██[38;2;92;168;49m██[38;2;40;108;1m██[38;2;77;165;20m██[38;2;111;197;51m██[38;2;218;245;182m██[38;2;255;255;255m██[38;2;0;0;0m██
██[38;2;159;224;110m██[38;2;255;255;255m██[38;2;218;245;182m██[38;2;92;168;49m██[38;2;40;108;1m████[38;2;92;168;49m██████[38;2;218;245;182m██[38;2;92;168;49m██[38;2;51;136;1m██[38;2;77;165;20m██[38;2;218;245;182m██[38;2;65;64;72m██[38;2;0;0;0m██
██[38;2;77;136;50m██[38;2;255;255;255m██[38;2;218;245;182m██[38;2;92;168;49m██[38;2;40;108;1m██[38;2;92;168;49m██[38;2;218;245;182m████[38;2;92;168;49m██[38;2;159;224;110m██[38;2;218;245;182m██[38;2;62;140;22m██[38;2;77;136;50m████[38;2;0;0;0m██  
  ██[38;2;218;245;182m██[38;2;92;168;49m██[38;2;218;245;182m██[38;2;92;168;49m██[38;2;218;245;182m██[38;2;255;255;255m████[38;2;218;245;182m██[38;2;159;224;110m██[38;2;218;245;182m██[38;2;40;119;2m██[38;2;92;168;49m██[38;2;0;0;0m██    
    ██[38;2;92;168;49m██[38;2;111;197;51m██[38;2;92;168;49m██[38;2;218;245;182m██[38;2;255;255;255m████[38;2;218;245;182m████[38;2;92;168;49m██[38;2;62;140;22m██[38;2;92;168;49m██[38;2;0;0;0m██    
    ██[38;2;218;245;182m██[38;2;77;136;50m██[38;2;112;197;51m██[38;2;92;168;49m██[38;2;218;245;182m██████[38;2;92;168;49m██[38;2;51;136;1m██[38;2;77;165;20m██[38;2;77;136;50m██[38;2;0;0;0m██    
      ██[38;2;159;224;110m██[38;2;77;136;50m████[38;2;92;168;49m██████[38;2;77;165;20m████[38;2;112;197;51m██[38;2;0;0;0m██      
        ██████[38;2;65;64;72m██[38;2;77;136;50m██[38;2;92;168;49m████[38;2;111;197;51m██[38;2;255;255;255m██[38;2;0;0;0m██      
              ██████[38;2;255;255;255m████[38;2;77;136;50m██[38;2;0;0;0m██      
                    ██████        
[0m