                [38;2;0;0;0m████              
              ██[38;2;255;255;255m██[38;2;114;181;245m██[38;2;0;0;0m██            
            ██[38;2;114;181;245m██[38;2;255;255;255m████[38;2;64;86;149m██[38;2;0;0;0m██          
      ██████[38;2;64;86;149m██[38;2;81;136;222m██[38;2;114;181;245m████[38;2;81;136;222m██[38;2;0;0;0m██          
    ██[38;2;192;213;255m██[38;2;68;113;180m██[38;2;64;86;149m██[38;2;81;136;222m██[38;2;55;105;182m██████[38;2;81;136;222m██[38;2;64;86;149m██[38;2;0;0;0m██        
    ██[38;2;68;113;180m██[38;2;52;52;52m██[38;2;81;136;222m██[38;2;55;105;182m██[38;2;19;62;134m██[38;2;34;80;155m██[38;2;64;86;149m████[38;2;81;136;222m██[38;2;68;113;180m██[38;2;0;0;0m██      
  ██[38;2;68;113;180m██[38;2;52;52;52m██[38;2;81;136;222m██[38;2;55;105;182m██[38;2;47;66;128m██[38;2;68;113;180m██[38;2;19;62;134m████[38;2;34;80;155m██[38;2;55;106;182m██[38;2;81;136;222m██[38;2;64;86;149m██[38;2;0;0;0m████  
  ██[38;2;192;213;255m██[38;2;64;86;149m██[38;2;55;105;182m██[38;2;34;80;155m██[38;2;47;66;128m████[38;2;19;62;134m██[38;2;68;113;180m██[38;2;19;62;134m██[38;2;34;80;155m██[38;2;55;105;182m██[38;2;81;136;222m██[38;2;255;255;255m██[38;2;64;86;149m██[38;2;0;0;0m██
██[38;2;114;181;245m██[38;2;192;213;255m████[38;2;68;113;180m██[38;2;19;62;134m██████[38;2;68;113;180m██[38;2;192;213;255m██[38;2;68;113;180m██[38;2;19;62;134m██[38;2;55;105;182m██[38;2;81;136;222m██[38;2;192;213;255m██[38;2;255;255;255m██[38;2;0;0;0m██
██[38;2;114;181;245m██[38;2;255;255;255m██[38;2;192;213;255m██[38;2;68;113;180m██[38;2;19;62;134m████[38;2;68;113;180m██████[38;2;192;213;255m██[38;2;68;113;180m██[38;2;34;80;155m██[38;2;55;106;182m██[38;2;192;213;255m██[38;2;52;52;52m██[38;2;0;0;0m██
██[38;2;64;86;149m██[38;2;255;255;255m██[38;2;192;213;255m██[38;2;68;113;180m██[38;2;19;62;134m██[38;2;68;113;180m██[38;2;192;213;255m████[38;2;68;113;180m██[38;2;114;181;245m██[38;2;192;213;255m██[38;2;46;87;151m██[38;2;64;86;149m████[38;2;0;0;0m██  
  ██[38;2;192;213;255m██[38;2;68;113;180m██[38;2;192;213;255m██[38;2;68;113;180m██[38;2;192;213;255m██[38;2;255;255;255m████[38;2;192;213;255m██[38;2;114;181;245m██[38;2;192;213;255m██[38;2;30;68;131m██[38;2;68;113;180m██[38;2;0;0;0m██    
    ██[38;2;68;113;180m██[38;2;81;136;222m██[38;2;68;113;180m██[38;2;192;213;255m██[38;2;255;255;255m████[38;2;192;213;255m████[38;2;68;113;180m██[38;2;46;87;151m██[38;2;68;113;180m██[38;2;0;0;0m██    
    ██[38;2;192;213;255m██[38;2;64;86;149m██[38;2;81;136;222m██[38;2;68;113;180m██[38;2;192;213;255m██████[38;2;68;113;180m██[38;2;34;80;155m██[38;2;55;106;182m██[38;2;64;86;149m██[38;2;0;0;0m██    
      ██[38;2;114;181;245m██[38;2;64;86;149m████[38;2;68;113;180m██████[38;2;55;105;182m██[38;2;55;106;182m██[38;2;81;136;222m██[38;2;0;0;0m██      
        ██████[38;2;52;52;52m██[38;2;64;86;149m██[38;2;68;113;180m████[38;2;81;136;222m██[38;2;255;255;255m██[38;2;0;0;0m██      
              ██████[38;2;255;255;255m████[38;2;64;86;149m██[38;2;0;0;0m██      
                    ██████        
[0m