                [38;2;0;0;0m██    ██        
        ████  ██[38;2;236;176;1m██[38;2;0;0;0m████[38;2;236;176;1m██[38;2;0;0;0m██      
    ████[38;2;255;211;31m██[38;2;0;0;0m████[38;2;129;172;18m██[38;2;198;141;1m██[38;2;0;0;0m██[38;2;198;141;1m██[38;2;236;176;1m██[38;2;0;0;0m██  ██  
  ██[38;2;236;176;1m██[38;2;255;211;31m██[38;2;236;176;1m████[38;2;65;65;65m██[38;2;129;172;18m██[38;2;172;196;42m████[38;2;236;176;1m██[38;2;172;196;42m██[38;2;198;141;1m██[38;2;0;0;0m██[38;2;236;176;1m██[38;2;0;0;0m██
  ██[38;2;236;176;1m████[38;2;65;65;65m████[38;2;172;196;42m██████████████[38;2;236;176;1m████[38;2;0;0;0m██
██[38;2;198;217;72m██[38;2;172;196;42m██[38;2;65;65;65m██[38;2;129;172;18m██[38;2;172;196;42m██████████[38;2;65;65;65m██[38;2;172;196;42m██[38;2;65;65;65m██[38;2;172;196;42m██[38;2;0;0;0m██  
██[38;2;198;217;72m████[38;2;65;65;65m██[38;2;172;196;42m██████████[38;2;65;65;65m██[38;2;236;176;1m██[38;2;65;65;65m██[38;2;255;211;31m██[38;2;65;65;65m██[38;2;0;0;0m██  
██[38;2;172;196;42m██[38;2;198;217;72m████[38;2;129;172;18m██[38;2;172;196;42m██████[38;2;129;172;18m██[38;2;65;65;65m██[38;2;236;176;1m██[38;2;255;211;31m██[38;2;236;176;1m██[38;2;65;65;65m██[38;2;172;196;42m██[38;2;0;0;0m██
  ██[38;2;65;65;65m██[38;2;172;196;42m██[38;2;198;217;72m██[38;2;172;196;42m██[38;2;129;172;18m██[38;2;65;65;65m████[38;2;198;217;72m██[38;2;236;176;1m████[38;2;198;141;1m██[38;2;65;65;65m██[38;2;172;196;42m██[38;2;0;0;0m██
  ██[38;2;247;148;41m██[38;2;0;0;0m██[38;2;129;172;18m██[38;2;172;196;42m██████[38;2;198;217;72m██████[38;2;65;65;65m████[38;2;172;196;42m██[38;2;0;0;0m██  
  ██[38;2;233;70;45m██[38;2;65;65;65m██[38;2;129;172;18m████[38;2;65;65;65m██[38;2;129;172;18m████[38;2;65;65;65m████[38;2;172;196;42m████[38;2;129;172;18m██[38;2;0;0;0m██  
    ██[38;2;129;172;18m██████[38;2;0;0;0m██[38;2;239;222;181m██[38;2;233;70;45m██[38;2;247;148;41m██[38;2;0;0;0m██[38;2;129;172;18m██[38;2;0;0;0m████    
      ██[38;2;129;172;18m██████[38;2;0;0;0m██[38;2;233;70;45m██[38;2;65;65;65m██[38;2;129;172;18m██[38;2;0;0;0m██        
        ████[38;2;129;172;18m██████[38;2;0;0;0m████[38;2;129;172;18m██[38;2;0;0;0m██      
      ██[38;2;200;37;12m██[38;2;255;255;255m██[38;2;200;37;12m██[38;2;0;0;0m████[38;2;233;70;45m██[38;2;129;172;18m██[38;2;172;196;42m████[38;2;0;0;0m██    
      ██[38;2;129;172;18m██[38;2;200;37;12m██[38;2;233;70;45m██[38;2;65;65;65m██[38;2;233;70;45m██[38;2;129;172;18m██[38;2;172;196;42m██[38;2;129;172;18m██[38;2;172;196;42m██[38;2;0;0;0m██    
        ████[38;2;129;172;18m████[38;2;172;196;42m████████[38;2;0;0;0m██      
            ██[38;2;172;196;42m████[38;2;129;172;18m██[38;2;0;0;0m████        
              ██████            
[0m