    [38;2;160;64;74m██████                                                                                    
  [38;2;164;56;65m██[38;2;255;157;82m██[38;2;255;165;82m████[38;2;160;64;74m██                                                                                  
██[38;2;224;124;76m██[38;2;255;157;82m██[38;2;255;165;82m██[38;2;156;64;74m██                                                                      [38;2;160;64;74m██    ████    
██[38;2;255;97;57m██████[38;2;160;64;74m██      ██                                                            [38;2;197;48;65m██[38;2;216;109;63m██[38;2;164;60;74m████[38;2;255;97;57m████[38;2;160;64;74m██  
  ██[38;2;255;97;57m██████[38;2;160;64;74m██  ██[38;2;255;97;57m██[38;2;160;64;74m██                                                        ██[38;2;216;109;63m██[38;2;255;230;57m██[38;2;255;149;74m██[38;2;224;120;74m██[38;2;255;97;57m██[38;2;160;64;74m██    
  [38;2;131;52;45m██[38;2;255;101;74m██[38;2;254;167;84m██[38;2;255;238;65m██[38;2;164;60;74m████[38;2;255;97;57m██[38;2;160;64;74m██                                                          [38;2;143;78;98m██[38;2;255;141;74m████[38;2;254;97;60m████[38;2;160;64;74m██      
    [38;2;8;4;16m██[38;2;255;238;65m████[38;2;255;234;74m██[38;2;224;176;74m██[38;2;255;97;57m██[38;2;160;64;74m██                                                        [38;2;8;0;8m██[38;2;255;145;179m██[38;2;143;78;98m██[38;2;255;141;74m██[38;2;254;97;60m████[38;2;160;64;74m██  ████
  [38;2;0;0;0m██[38;2;216;87;126m██[38;2;143;78;98m██[38;2;255;230;57m██[38;2;143;78;98m██[38;2;255;113;57m██[38;2;255;97;57m██[38;2;254;167;84m██[38;2;156;64;74m██                                                    [38;2;0;0;0m██[38;2;255;152;184m████[38;2;143;78;98m██[38;2;255;97;57m████[38;2;254;167;84m██[38;2;227;174;76m██[38;2;172;60;82m██[38;2;255;165;82m██[38;2;156;64;74m██
  [38;2;0;0;0m██[38;2;216;87;126m██[38;2;227;98;137m██[38;2;143;78;98m██[38;2;201;72;111m██[38;2;143;78;98m██[38;2;254;167;84m████[38;2;255;165;82m██[38;2;156;64;74m██                                                [38;2;0;0;0m██[38;2;255;152;184m████[38;2;143;78;98m██[38;2;255;97;57m████[38;2;254;167;84m████[38;2;255;230;74m██[38;2;227;174;76m██[38;2;156;64;74m██  
  [38;2;0;0;0m██[38;2;216;87;126m████[38;2;143;78;98m██[38;2;216;87;126m██[38;2;143;78;98m██[38;2;255;238;65m██[38;2;254;167;84m██[38;2;255;165;82m██[38;2;156;64;74m██          [38;2;160;64;74m██[38;2;156;64;74m██                                [38;2;0;0;0m██[38;2;255;152;184m████[38;2;255;136;172m██[38;2;143;78;98m██[38;2;254;95;60m████[38;2;254;97;60m████[38;2;255;157;82m████[38;2;160;64;74m██  
    [38;2;0;0;0m██[38;2;216;87;126m██████[38;2;143;78;98m██[38;2;255;238;65m████[38;2;255;165;82m██[38;2;156;64;74m██        [38;2;160;64;74m██[38;2;255;97;57m██[38;2;255;165;82m██[38;2;156;64;74m██                            [38;2;0;0;0m██[38;2;255;152;184m██████[38;2;143;78;98m██[38;2;255;194;98m██[38;2;255;165;82m██[38;2;254;95;60m██[38;2;254;97;60m████[38;2;224;124;76m██[38;2;164;56;65m██    
      [38;2;0;0;0m██[38;2;216;87;126m██████[38;2;143;78;98m██[38;2;255;133;74m██[38;2;255;97;57m████[38;2;160;64;74m██    ██[38;2;255;97;57m██[38;2;254;167;84m██████[38;2;156;64;74m██████                      [38;2;0;0;0m██[38;2;255;152;184m██████[38;2;255;160;189m██[38;2;143;78;98m██[38;2;255;238;65m██[38;2;254;167;84m██[38;2;255;97;57m████[38;2;160;64;74m██      
      [38;2;0;0;0m██[38;2;216;87;126m██████[38;2;143;78;98m██[38;2;255;133;74m██[38;2;255;97;57m██[38;2;160;64;74m██[38;2;255;97;57m██[38;2;160;64;74m██  ██[38;2;254;167;84m████████[38;2;255;165;82m██████[38;2;156;64;74m██                    [38;2;0;0;0m██[38;2;255;152;184m████[38;2;143;78;98m████[38;2;255;226;82m██[38;2;255;238;65m████[38;2;255;97;57m██[38;2;160;64;74m██        
      [38;2;0;0;0m██[38;2;216;87;126m██████[38;2;143;78;98m██[38;2;255;97;145m██[38;2;160;64;74m██[38;2;255;97;57m████[38;2;160;64;74m██  ██[38;2;254;97;60m████[38;2;255;157;82m████[38;2;255;165;82m██[38;2;156;64;74m██[38;2;160;64;74m██                    [38;2;0;0;0m██[38;2;255;152;184m████[38;2;255;136;172m██[38;2;143;78;98m██[38;2;255;238;65m████████[38;2;255;149;74m██[38;2;224;120;74m██[38;2;160;64;74m██      
        [38;2;0;0;0m██[38;2;216;87;126m████[38;2;201;72;111m██[38;2;143;78;98m██[38;2;160;64;74m██[38;2;255;97;57m██[38;2;160;64;74m██  ██[38;2;255;97;57m██[38;2;254;97;60m████[38;2;224;124;76m██[38;2;164;56;65m██[38;2;156;64;74m██                        [38;2;0;0;0m██[38;2;255;152;184m████[38;2;143;78;98m██[38;2;255;194;98m██[38;2;254;167;84m████[38;2;255;238;65m██[38;2;254;167;84m██[38;2;164;60;74m████        
          [38;2;0;0;0m██[38;2;216;87;126m██[38;2;222;93;132m██[38;2;156;64;74m██[38;2;255;238;65m██[38;2;254;167;84m██[38;2;164;60;74m████[38;2;254;95;60m████[38;2;211;111;74m██[38;2;233;171;74m██[38;2;160;64;74m██                          [38;2;0;0;0m██[38;2;255;152;184m██████[38;2;143;78;98m██[38;2;255;97;57m██[38;2;254;97;60m████[38;2;255;149;74m██[38;2;164;60;74m██            
          [38;2;0;0;0m██[38;2;216;87;126m██[38;2;156;64;74m██[38;2;246;238;65m██[38;2;255;238;65m████[38;2;255;149;74m██[38;2;224;120;74m██[38;2;254;95;60m██[38;2;255;165;82m██[38;2;255;230;74m██[38;2;189;52;74m██                            [38;2;0;0;0m██[38;2;255;152;184m██████[38;2;143;78;98m██[38;2;255;97;57m██[38;2;254;97;60m████[38;2;224;120;74m██[38;2;164;60;74m██            
            [38;2;0;0;0m██[38;2;143;78;98m██[38;2;255;194;82m██[38;2;255;238;74m██[38;2;255;167;69m██[38;2;254;97;60m████[38;2;233;171;74m██[38;2;255;230;74m██[38;2;255;238;65m██[38;2;156;64;74m██                          [38;2;0;0;0m██[38;2;255;152;184m████[38;2;254;125;164m██[38;2;143;78;98m██[38;2;254;97;60m████[38;2;255;97;57m████[38;2;160;64;74m██              
              [38;2;8;0;16m██[38;2;255;194;82m██[38;2;255;97;65m████[38;2;254;97;60m████[38;2;211;111;74m██[38;2;189;52;74m██[38;2;156;64;74m██                            [38;2;0;0;0m██[38;2;255;152;184m████[38;2;143;78;98m██[38;2;216;151;90m██[38;2;254;97;60m████[38;2;160;64;74m████                
            [38;2;0;0;0m██[38;2;255;97;57m████[38;2;254;97;60m████[38;2;200;111;76m██[38;2;172;60;65m██[38;2;131;101;61m██                              [38;2;0;0;0m██[38;2;255;152;184m████[38;2;143;78;98m██[38;2;255;165;82m████[38;2;224;120;74m██[38;2;164;60;74m██                    
              [38;2;0;0;0m██[38;2;255;97;57m██[38;2;254;97;60m████[38;2;172;60;65m██[38;2;255;152;184m██[38;2;255;145;179m██[38;2;8;0;8m██                          [38;2;0;0;0m██[38;2;255;152;184m████████[38;2;143;78;98m██[38;2;255;165;82m██[38;2;255;149;74m██[38;2;164;60;74m██                    
            [38;2;0;0;0m██[38;2;254;97;60m████[38;2;255;97;57m████[38;2;156;64;74m██[38;2;255;152;184m██████[38;2;0;0;0m██                        ██[38;2;255;152;184m████[38;2;143;78;98m████[38;2;254;167;84m████[38;2;255;165;82m████[38;2;160;64;74m██                  
            [38;2;0;0;0m██[38;2;254;97;60m████[38;2;255;97;57m██[38;2;160;64;74m██[38;2;255;152;184m████[38;2;93;97;95m████[38;2;216;87;126m██[38;2;0;0;0m██                    ██[38;2;255;152;184m████[38;2;143;78;98m██[38;2;255;165;82m████[38;2;254;167;84m████[38;2;156;64;74m████                    
              [38;2;0;0;0m██[38;2;255;97;57m██[38;2;156;64;74m██[38;2;255;152;184m██[38;2;255;149;182m██[38;2;0;0;8m██[38;2;246;255;255m██[38;2;213;200;164m██[38;2;218;89;128m██[38;2;0;8;16m██                  [38;2;0;0;0m██[38;2;255;152;184m████████[38;2;143;78;98m██[38;2;255;121;65m██[38;2;255;97;57m██[38;2;160;64;74m██                        
              [38;2;0;0;0m██[38;2;255;97;57m██[38;2;156;64;74m██[38;2;255;152;184m██[38;2;97;58;70m██[38;2;0;0;8m██[38;2;246;255;255m██[38;2;214;85;124m██[38;2;218;89;128m██[38;2;76;45;54m██[38;2;0;0;0m██              ██[38;2;255;152;184m██████[38;2;143;78;98m████[38;2;255;121;65m████[38;2;255;97;57m██[38;2;160;64;74m██                        
            [38;2;0;0;0m██[38;2;235;91;76m██[38;2;156;64;74m██[38;2;236;92;77m██[38;2;191;47;32m██[38;2;217;88;127m██[38;2;146;89;106m██[38;2;216;87;126m████████[38;2;91;61;70m██[38;2;0;0;16m██[38;2;0;0;0m██      ████[38;2;255;152;184m████[38;2;143;78;98m████[38;2;254;97;60m████[38;2;255;97;57m██[38;2;160;64;74m████                          
            [38;2;0;0;0m██[38;2;235;91;76m████[38;2;236;92;77m████[38;2;65;64;74m██[38;2;217;88;127m██[38;2;0;0;0m████[38;2;216;87;126m████[38;2;255;148;181m██[38;2;91;61;70m██[38;2;216;87;126m██[38;2;0;0;0m██████[38;2;255;152;184m██████[38;2;143;78;98m██[38;2;255;97;57m████[38;2;254;97;60m████[38;2;160;64;74m██          ██    ████          
          [38;2;0;0;0m██[38;2;235;91;76m██████[38;2;188;44;29m██[38;2;0;0;0m██████    [38;2;0;0;8m██[38;2;255;152;184m██████[38;2;132;96;107m████[38;2;255;152;184m████[38;2;254;125;164m██[38;2;143;78;98m████[38;2;219;179;82m██[38;2;255;165;82m██[38;2;156;64;74m██[38;2;160;64;74m████[38;2;255;97;57m██[38;2;160;64;74m████    [38;2;156;64;74m██[38;2;255;238;65m██[38;2;156;64;74m██[38;2;164;60;74m██[38;2;224;120;74m██[38;2;160;64;74m██          
        [38;2;0;0;0m██[38;2;235;91;76m████[38;2;0;0;0m██████          [38;2;0;0;8m██[38;2;146;88;106m██[38;2;255;152;184m██████████[38;2;216;87;126m██[38;2;143;78;98m██[38;2;216;151;90m██[38;2;219;179;82m██[38;2;255;222;74m██[38;2;156;64;74m██  [38;2;160;64;74m██[38;2;255;97;57m████████[38;2;160;64;74m██[38;2;156;64;74m██[38;2;255;238;65m██████[38;2;255;149;74m██[38;2;164;60;74m██            
      [38;2;0;0;0m██[38;2;235;91;76m██[38;2;0;0;0m████                ██[38;2;255;152;184m██████████[38;2;180;51;90m██[38;2;65;64;74m██[38;2;255;93;65m████[38;2;255;149;74m██[38;2;224;120;74m██[38;2;160;64;74m████[38;2;254;95;60m████[38;2;254;97;60m████████[38;2;254;167;74m██[38;2;255;238;74m██[38;2;254;238;63m████[38;2;160;64;74m██              
      [38;2;0;0;0m████                    ██[38;2;255;152;184m██████████[38;2;217;88;127m████[38;2;65;60;65m██[38;2;160;76;65m██[38;2;164;60;74m████  [38;2;160;64;74m██[38;2;255;165;82m██[38;2;254;95;60m██[38;2;254;97;60m████████[38;2;254;95;74m██[38;2;254;167;74m██[38;2;254;238;63m████[38;2;160;64;74m██              
                                [38;2;0;0;0m██[38;2;255;152;184m██████[38;2;216;87;126m██████[38;2;224;95;134m██[38;2;65;56;57m██    [38;2;160;64;74m██[38;2;255;97;57m██[38;2;255;238;65m████[38;2;233;171;74m██[38;2;211;111;74m██[38;2;160;64;74m████[38;2;255;97;57m██████[38;2;160;64;74m██                
                                [38;2;0;0;0m██[38;2;132;96;107m██[38;2;255;152;184m██[38;2;216;87;126m██████[38;2;255;152;184m██[38;2;255;145;179m██[38;2;224;95;134m██[38;2;65;64;65m██[38;2;160;64;74m██[38;2;255;97;57m████[38;2;254;167;84m██[38;2;255;238;65m██[38;2;255;230;74m██[38;2;189;52;74m██    [38;2;160;64;74m██████                  
                                  [38;2;0;0;8m██[38;2;176;47;86m██[38;2;217;88;127m████[38;2;255;152;184m████████[38;2;65;56;74m██[38;2;255;89;65m██[38;2;254;97;60m████[38;2;254;95;60m██[38;2;255;238;65m██[38;2;160;64;74m██                              
                                  [38;2;0;0;8m██[38;2;221;92;131m██[38;2;180;51;90m██[38;2;65;64;74m██[38;2;0;0;0m██[38;2;255;152;184m████[38;2;0;0;0m██[38;2;160;72;69m████[38;2;254;97;60m████[38;2;254;95;60m████[38;2;255;97;57m██[38;2;160;64;74m██                            
                                    [38;2;0;0;0m██[38;2;137;14;1m██[38;2;0;0;8m██  [38;2;0;0;0m██[38;2;189;45;30m██[38;2;0;0;0m██    [38;2;160;64;74m██████████                              
                                    [38;2;0;0;0m██[38;2;200;56;41m██[38;2;0;0;8m██    [38;2;0;0;0m██[38;2;189;45;30m██[38;2;0;0;0m██                                          
                                ██[38;2;8;0;0m██[38;2;196;52;37m██[38;2;0;0;0m██      [38;2;0;4;8m██[38;2;192;48;33m██[38;2;0;0;0m██                                          
                            ████[38;2;235;91;76m██[38;2;196;52;37m██[38;2;241;97;82m██[38;2;0;0;0m██    ██[38;2;235;91;76m██[38;2;63;55;52m██[38;2;0;0;0m██                                          
                          ██[38;2;235;91;76m██[38;2;0;0;0m██[38;2;65;64;65m██[38;2;235;91;76m██[38;2;0;0;0m██    [38;2;0;4;8m██[38;2;235;91;76m██[38;2;190;46;31m██[38;2;0;0;0m██                                            
                          ████  ██[38;2;235;91;76m██[38;2;0;0;0m██  ██[38;2;235;91;76m██[38;2;63;55;52m██[38;2;233;89;74m██[38;2;0;0;0m██                                            
                                  ██    ██[38;2;235;91;76m██[38;2;0;0;0m██[38;2;235;91;76m██[38;2;0;0;0m██                                            
                                          ██  ██                                              
[0m