                                        [38;2;0;0;0m██  
                                      ██[38;2;239;107;74m██[38;2;0;0;0m██
                    ██████            ██[38;2;239;107;74m██[38;2;0;0;0m██
                ████[38;2;231;77;113m████[38;2;0;0;0m██          ██[38;2;239;107;74m██[38;2;0;0;0m██  
        ██    ██[38;2;231;77;113m██████[38;2;0;0;0m██          ██[38;2;239;107;74m████[38;2;0;0;0m██  
      ██[38;2;212;198;123m██[38;2;0;0;0m████[38;2;231;77;113m████████[38;2;0;0;0m████        ██[38;2;239;107;74m████[38;2;0;0;0m██  
    ██[38;2;212;198;123m████[38;2;65;65;65m██[38;2;231;77;113m██████████████[38;2;0;0;0m██    ██[38;2;247;181;58m██[38;2;239;107;74m██████[38;2;0;0;0m██
    ██[38;2;212;198;123m██[38;2;65;65;65m██[38;2;231;77;113m██████████████████[38;2;0;0;0m██████[38;2;247;222;74m██[38;2;247;181;58m██[38;2;247;222;74m██[38;2;247;181;58m██[38;2;0;0;0m██
      ██[38;2;122;75;156m██[38;2;231;77;113m████[38;2;122;75;156m██████[38;2;231;77;113m██████[38;2;65;65;65m██[38;2;250;236;161m██[38;2;212;198;123m██[38;2;0;0;0m██[38;2;247;222;74m████████[38;2;0;0;0m██
    ██[38;2;154;87;208m██[38;2;122;75;156m██[38;2;231;77;113m██[38;2;122;75;156m██[38;2;154;87;208m██████[38;2;122;75;156m██[38;2;231;77;113m██[38;2;65;65;65m██[38;2;250;236;161m██████[38;2;0;0;0m████[38;2;247;222;74m████[38;2;0;0;0m██  
    ██[38;2;154;87;208m██[38;2;122;75;156m████[38;2;154;87;208m██████████[38;2;122;75;156m██[38;2;65;65;65m██[38;2;250;236;161m██[38;2;212;198;123m██[38;2;250;236;161m██[38;2;0;0;0m████[38;2;247;222;74m████[38;2;0;0;0m██  
      ██[38;2;154;87;208m██████[38;2;231;77;113m██████[38;2;154;87;208m██[38;2;122;75;156m██[38;2;65;65;65m██[38;2;250;236;161m██[38;2;212;198;123m██[38;2;250;236;161m██[38;2;0;0;0m██  ██[38;2;247;222;74m████[38;2;0;0;0m██
      ██[38;2;122;75;156m██[38;2;154;87;208m██[38;2;239;107;74m██[38;2;231;77;113m██[38;2;0;0;0m██[38;2;255;255;255m██[38;2;122;75;156m██[38;2;231;77;113m██[38;2;65;65;65m██[38;2;250;236;161m██[38;2;212;198;123m██[38;2;0;0;0m██      ██[38;2;247;181;58m██[38;2;0;0;0m██
        ██[38;2;239;107;74m████[38;2;250;236;161m██[38;2;0;0;0m██[38;2;255;255;255m██[38;2;250;236;161m██[38;2;231;77;113m████[38;2;65;65;65m██[38;2;0;0;0m██        ██[38;2;231;77;113m██[38;2;0;0;0m██
    ████[38;2;65;65;65m██[38;2;250;236;161m████████████[38;2;65;65;65m████[38;2;255;255;255m██[38;2;0;0;0m██      ██[38;2;180;72;108m██[38;2;0;0;0m██  
  ██[38;2;151;53;100m██[38;2;180;72;108m████[38;2;65;65;65m██[38;2;250;236;161m██[38;2;212;198;123m██[38;2;250;236;161m██[38;2;65;65;65m████[38;2;255;255;255m████[38;2;231;77;113m████[38;2;0;0;0m██    ██[38;2;180;72;108m██[38;2;0;0;0m██  
██[38;2;180;72;108m██████[38;2;151;53;100m██[38;2;0;0;0m██[38;2;65;65;65m██████[38;2;255;255;255m██████[38;2;65;65;65m██[38;2;231;77;113m██[38;2;247;222;74m████[38;2;0;0;0m████[38;2;180;72;108m██[38;2;0;0;0m██    
██[38;2;212;198;123m██[38;2;180;72;108m██[38;2;0;0;0m████  ██[38;2;180;72;108m██[38;2;151;53;100m██[38;2;250;236;161m██████[38;2;231;77;113m██[38;2;65;65;65m██[38;2;247;222;74m██[38;2;231;77;113m████[38;2;65;65;65m██[38;2;0;0;0m██      
  ████      ██[38;2;65;65;65m██[38;2;180;72;108m██[38;2;151;53;100m██[38;2;250;236;161m██[38;2;180;72;108m██[38;2;231;77;113m████[38;2;65;65;65m██[38;2;231;77;113m██████[38;2;0;0;0m██      
              ██████[38;2;65;65;65m██[38;2;231;77;113m████[38;2;180;72;108m██[38;2;65;65;65m██[38;2;231;77;113m██[38;2;180;72;108m████[38;2;0;0;0m██      
                    ██[38;2;250;236;161m██[38;2;212;198;123m██[38;2;250;236;161m██[38;2;0;0;0m██[38;2;180;72;108m██[38;2;212;198;123m██[38;2;250;236;161m██[38;2;0;0;0m██      
                      ██████  ██[38;2;250;236;161m██[38;2;212;198;123m██[38;2;0;0;0m██      
                                ████        
[0m