            [38;2;0;0;0m████                  
          ██[38;2;90;89;82m████[38;2;0;0;0m██                
        ██[38;2;90;88;82m██[38;2;65;64;65m██[38;2;90;89;82m██[38;2;0;0;0m██                
        ██[38;2;90;88;82m██[38;2;65;64;65m██[38;2;90;89;82m██[38;2;0;0;0m██        ██████  
        ██[38;2;65;68;65m██[38;2;90;88;82m██[38;2;71;73;62m████[38;2;0;0;0m██    ██[38;2;115;108;99m████[38;2;115;107;99m██[38;2;0;0;0m██
      ██[38;2;66;67;66m██[38;2;115;109;99m████[38;2;83;81;108m██[38;2;91;91;154m██[38;2;76;79;162m██[38;2;0;0;0m████[38;2;115;107;99m██[38;2;65;66;66m████[38;2;115;107;99m██[38;2;0;0;0m██
    ██[38;2;115;107;99m████[38;2;115;108;99m██[38;2;77;81;162m████[38;2;115;108;99m██[38;2;115;107;99m██████[38;2;66;65;66m██[38;2;115;107;99m████[38;2;0;0;0m██  
  ██[38;2;66;67;66m██[38;2;115;107;99m████[38;2;77;81;162m██████[38;2;115;108;99m██[38;2;115;107;99m██████████[38;2;0;0;0m██    
  [38;2;16;0;0m██[38;2;175;94;98m██[38;2;66;65;66m██[38;2;76;79;162m██[38;2;77;81;162m██[38;2;115;108;99m██[38;2;115;107;99m██████████[38;2;66;65;66m██[38;2;115;105;99m████[38;2;0;0;0m██  
██[38;2;255;142;148m██[38;2;175;94;98m██[38;2;76;79;162m████[38;2;77;81;162m██[38;2;115;108;99m██[38;2;115;107;99m██[38;2;66;65;66m██[38;2;115;107;99m████████[38;2;76;70;66m██[38;2;0;0;0m██    
██[38;2;247;174;231m██[38;2;123;87;132m██[38;2;66;65;66m██[38;2;76;79;162m██[38;2;72;75;132m████[38;2;66;65;66m██[38;2;231;56;57m██[38;2;115;105;99m████[38;2;115;107;99m████[38;2;0;0;0m██      
  [38;2;1;16;31m██[38;2;123;87;132m██[38;2;76;79;162m████[38;2;72;75;132m██[38;2;231;56;57m██████[38;2;255;182;198m██[38;2;115;105;99m██[38;2;115;107;99m████[38;2;0;0;0m██      
  ██[38;2;98;93;131m██[38;2;172;166;196m██[38;2;255;255;239m██[38;2;76;79;162m████[38;2;86;85;140m██[38;2;255;182;198m██████[38;2;115;107;99m██████[38;2;0;0;0m██    
  ██[38;2;98;93;131m██[38;2;79;80;153m████[38;2;173;174;173m██[38;2;76;79;162m██[38;2;86;85;140m████[38;2;255;182;198m██[38;2;115;105;99m██[38;2;115;107;99m██████[38;2;0;0;0m██    
    ██[38;2;77;81;162m██████[38;2;115;108;99m██[38;2;115;107;99m████[38;2;66;65;66m██[38;2;115;107;99m██████[38;2;93;83;110m██[38;2;0;0;0m██    
    ██[38;2;77;81;162m████████[38;2;115;107;99m██[38;2;66;65;66m██[38;2;115;107;99m████[38;2;66;65;66m██[38;2;115;107;99m██[38;2;93;83;110m██[38;2;0;0;0m██    
      ██[38;2;76;79;162m██[38;2;64;65;134m██[38;2;115;105;99m████[38;2;60;61;102m██[38;2;110;95;112m██[38;2;61;60;73m██[38;2;115;107;98m██[38;2;58;58;121m██[38;2;0;0;0m██      
        ██[38;2;64;65;134m████[38;2;60;61;102m████[38;2;61;60;73m██[38;2;87;77;93m██[38;2;58;58;121m████[38;2;0;0;0m██      
          ██████[38;2;66;67;66m██[38;2;59;60;121m████[38;2;58;58;121m██[38;2;0;0;0m██        
                ██[38;2;59;60;121m████[38;2;0;0;0m██          
                  ████            
[0m