            [38;2;0;0;0m████                  
          ██[38;2;148;113;57m████[38;2;0;0;0m██                
        ██[38;2;148;115;57m██[38;2;66;65;66m██[38;2;148;113;57m██[38;2;0;0;0m██                
        ██[38;2;148;115;57m██[38;2;66;65;66m██[38;2;148;113;57m██[38;2;0;0;0m██        ██████  
        ██[38;2;74;69;57m██[38;2;136;113;69m██[38;2;66;65;66m████[38;2;0;0;0m██    ██[38;2;115;108;99m████[38;2;115;107;99m██[38;2;0;0;0m██
      ██[38;2;66;67;66m██[38;2;198;158;82m████[38;2;230;216;176m██[38;2;255;246;220m██[38;2;255;255;255m██[38;2;0;0;0m████[38;2;115;107;99m██[38;2;65;66;66m████[38;2;115;107;99m██[38;2;0;0;0m██
    ██[38;2;198;158;90m████[38;2;197;156;90m██[38;2;255;255;255m████[38;2;115;105;99m██[38;2;115;107;99m██████[38;2;66;65;66m██[38;2;115;107;99m████[38;2;0;0;0m██  
  ██[38;2;198;158;90m██[38;2;66;65;66m██[38;2;198;158;90m██[38;2;255;255;255m██████[38;2;115;105;99m██[38;2;115;107;99m██████████[38;2;0;0;0m██    
  ██[38;2;255;215;222m██[38;2;66;65;66m██[38;2;255;255;255m████[38;2;115;105;99m██[38;2;115;107;99m██████████[38;2;66;65;66m██[38;2;115;105;99m████[38;2;0;0;0m██  
██[38;2;255;215;222m██[38;2;85;71;74m██[38;2;255;255;255m██████[38;2;115;105;99m██[38;2;66;65;66m██[38;2;115;107;99m██████████[38;2;76;70;66m██[38;2;0;0;0m██    
██[38;2;255;215;222m████[38;2;129;93;98m██[38;2;255;251;242m██[38;2;255;255;255m██[38;2;115;105;99m██[38;2;255;255;255m██[38;2;57;60;57m██[38;2;115;105;99m████[38;2;115;107;99m████[38;2;0;0;0m██      
  ██[38;2;255;220;176m██[38;2;192;158;123m██[38;2;255;251;242m██[38;2;255;255;255m████[38;2;57;60;57m████[38;2;255;182;198m██[38;2;115;105;99m██[38;2;115;107;99m████[38;2;0;0;0m██      
  ██[38;2;255;255;255m████[38;2;198;105;90m██[38;2;198;101;90m██[38;2;217;144;109m██[38;2;255;255;255m██[38;2;255;182;198m██████[38;2;115;107;99m██████[38;2;0;0;0m██    
  ██[38;2;170;154;98m██[38;2;255;255;255m████████[38;2;115;105;99m████[38;2;255;182;198m██[38;2;115;105;99m██[38;2;115;107;99m██████[38;2;0;0;0m██    
    ██[38;2;255;255;255m██████[38;2;115;105;99m██[38;2;115;107;99m████[38;2;66;65;66m██[38;2;115;107;99m██████[38;2;139;130;116m██[38;2;0;0;0m██    
    ██[38;2;255;255;255m████████[38;2;115;107;99m██[38;2;66;65;66m██[38;2;115;107;99m████[38;2;66;65;66m██[38;2;115;107;99m██[38;2;232;227;211m██[38;2;0;0;0m██    
      ██[38;2;255;255;255m██[38;2;255;252;241m██[38;2;115;105;90m██[38;2;115;106;87m██[38;2;66;65;74m██[38;2;115;106;87m██[38;2;66;65;74m██[38;2;115;107;98m██[38;2;238;234;217m██[38;2;0;0;0m██      
        ██[38;2;237;233;219m████[38;2;238;234;217m████[38;2;66;65;74m██[38;2;238;234;217m██████[38;2;0;0;0m██      
          ██████[38;2;66;67;66m██[38;2;180;169;147m██[38;2;238;234;217m██[38;2;180;168;147m██[38;2;0;0;0m██        
                ██[38;2;238;234;217m████[38;2;0;0;0m██          
                  ████            
[0m