            [38;2;0;0;0m██████                                
        ████[38;2;73;161;216m████[38;2;0;0;0m██                                
      ██[38;2;255;255;255m██[38;2;73;161;216m████[38;2;0;0;0m██        ██████                    
    ██[38;2;189;189;189m██[38;2;255;255;255m████[38;2;65;65;65m██[38;2;0;0;0m██    ████[38;2;73;161;216m████[38;2;0;0;0m██                    
    ██[38;2;255;255;255m██████[38;2;0;0;0m██    ██[38;2;73;161;216m████████[38;2;0;0;0m██          ████      
    ██[38;2;255;255;255m████[38;2;65;65;65m████[38;2;0;0;0m████[38;2;255;255;255m████[38;2;73;161;216m████[38;2;0;0;0m██          ██[38;2;73;161;216m████[38;2;0;0;0m████  
    ██[38;2;255;255;255m██[38;2;65;65;65m██[38;2;132;132;115m████[38;2;65;65;65m██[38;2;255;255;255m████████[38;2;73;161;216m██[38;2;0;0;0m██    ██████[38;2;240;244;104m████[38;2;65;65;65m██[38;2;73;161;216m████[38;2;0;0;0m██
  ██[38;2;189;189;189m██[38;2;132;132;115m████████[38;2;255;255;255m██████[38;2;189;189;189m██[38;2;0;0;0m████  ████[38;2;240;244;104m██████████████[38;2;65;65;65m██[38;2;0;0;0m██
  ██[38;2;132;132;115m████████[38;2;255;255;255m████[38;2;65;65;65m████[38;2;0;0;0m██    ██[38;2;240;244;104m████████████████[38;2;65;65;65m██[38;2;73;161;216m██[38;2;0;0;0m██
██[38;2;189;189;189m██[38;2;132;132;115m██████[38;2;255;255;255m██[38;2;73;161;216m████[38;2;132;132;115m████[38;2;0;0;0m██  ██[38;2;240;244;104m████████████████████[38;2;73;161;216m██[38;2;0;0;0m██
██[38;2;132;132;115m████████[38;2;255;255;255m██[38;2;0;0;0m██[38;2;73;161;216m██[38;2;132;132;115m████[38;2;0;0;0m████[38;2;240;244;104m██[38;2;157;203;160m██[38;2;73;161;216m██████[38;2;240;244;104m████████[38;2;0;0;0m██████  
██[38;2;132;132;115m██[38;2;65;65;65m██[38;2;132;132;115m██[38;2;255;255;255m██[38;2;73;161;216m██[38;2;0;0;0m██[38;2;73;161;216m██[38;2;132;132;115m████[38;2;65;65;65m██[38;2;73;161;216m██████████[38;2;157;203;160m██[38;2;240;244;104m██████[38;2;0;0;0m██        
  ██[38;2;132;132;115m████[38;2;189;189;189m██[38;2;73;161;216m████[38;2;132;132;115m████[38;2;65;65;65m██[38;2;28;122;159m██[38;2;73;161;216m████████[38;2;157;203;160m██[38;2;240;244;104m████[38;2;189;165;66m██[38;2;0;0;0m██          
  ██[38;2;132;132;115m██[38;2;65;65;65m██[38;2;0;0;0m████[38;2;65;65;65m████[38;2;255;255;255m██[38;2;189;189;189m██[38;2;65;65;65m████[38;2;189;165;66m██[38;2;240;244;104m██████[38;2;65;65;65m██[38;2;0;0;0m████            
    ████  ██[38;2;28;122;159m██[38;2;65;65;65m██[38;2;189;189;189m██[38;2;255;255;255m██[38;2;65;65;65m██[38;2;28;122;159m██[38;2;65;65;65m████████[38;2;0;0;0m██                
          ██[38;2;28;122;159m████[38;2;65;65;65m██████[38;2;189;165;66m██[38;2;28;122;159m████[38;2;189;165;66m████[38;2;65;65;65m██[38;2;0;0;0m██              
        ██[38;2;189;189;189m██[38;2;65;65;65m██[38;2;28;122;159m██████[38;2;65;65;65m██[38;2;0;0;0m██[38;2;189;165;66m██████[38;2;65;65;65m██[38;2;28;122;159m██[38;2;0;0;0m██              
        ██████[38;2;65;65;65m██[38;2;255;255;255m██[38;2;65;65;65m██[38;2;0;0;0m██  ████[38;2;28;122;159m████[38;2;0;0;0m██                
              ██[38;2;65;65;65m██[38;2;0;0;0m██[38;2;65;65;65m██[38;2;0;0;0m██    ████                  
              ████  ████                          
[0m