        [38;2;0;4;0m████                                                      
      ██[38;2;104;88;111m████[38;2;0;4;0m██                                                    
    ██[38;2;104;88;111m██████[38;2;0;4;0m██            ██████                    ████          
    ██[38;2;104;88;111m██████[38;2;0;4;0m██        ████[38;2;125;109;132m██████[38;2;0;4;0m██████            ██[38;2;125;109;132m████[38;2;0;4;0m████      
  ██[38;2;104;88;111m████[38;2;66;65;66m██[38;2;103;87;110m██[38;2;0;4;0m██      [38;2;0;8;0m██[38;2;129;113;136m██[38;2;126;110;133m████████████[38;2;125;109;132m██[38;2;0;4;0m██          ██[38;2;126;110;133m████████[38;2;0;4;0m██    
  ██[38;2;104;88;111m██[38;2;0;4;0m██[38;2;66;65;66m██[38;2;103;87;110m██[38;2;104;88;111m██[38;2;0;4;0m██  ██[38;2;61;60;74m████[38;2;66;65;66m████[38;2;126;110;133m████████[38;2;125;109;132m████[38;2;0;4;0m██        ██[38;2;126;110;133m████████[38;2;125;109;132m██[38;2;0;4;0m██  
    ██  ██[38;2;104;88;111m██[38;2;103;87;110m██[38;2;66;65;66m██[38;2;0;4;0m██[38;2;125;109;132m██[38;2;126;110;133m████████[38;2;66;65;66m██████[38;2;126;110;133m██████[38;2;125;109;132m██[38;2;0;4;0m██    ██[38;2;125;109;132m██[38;2;126;110;133m████████[38;2;125;109;132m██[38;2;0;4;0m██  
      ██[38;2;104;88;111m██[38;2;0;4;0m██[38;2;103;87;110m██[38;2;66;65;66m██[38;2;125;109;132m████[38;2;126;110;133m██████████████[38;2;66;65;66m████[38;2;126;110;133m██[38;2;125;109;132m██[38;2;0;4;0m██    ██[38;2;125;109;132m██[38;2;126;110;133m██[38;2;66;65;66m██[38;2;126;110;133m████[38;2;125;109;132m████[38;2;0;4;0m██
      ████  ██[38;2;125;109;132m██[38;2;126;110;133m████[38;2;66;65;66m████████[38;2;126;110;133m██████████[38;2;66;65;66m██[38;2;129;113;136m██[38;2;0;8;0m██  [38;2;0;4;0m██[38;2;126;110;133m████████[38;2;66;64;66m██[38;2;0;4;0m██[38;2;125;109;132m████[38;2;0;4;0m██
          ██[38;2;125;109;132m████[38;2;66;65;66m████[38;2;255;219;214m████████[38;2;66;65;66m██████[38;2;126;110;133m██████[38;2;61;60;74m████[38;2;0;4;0m██[38;2;125;109;132m██[38;2;126;110;133m██[38;2;66;65;66m██[38;2;126;110;133m████[38;2;0;4;0m██  ██[38;2;125;109;132m██[38;2;0;4;0m██
          ██[38;2;126;110;133m██[38;2;66;65;66m██[38;2;225;199;134m██[38;2;214;174;74m██[38;2;134;145;148m██[38;2;255;219;214m██[38;2;238;222;219m██[38;2;206;174;148m██[38;2;255;255;255m████[38;2;134;136;139m██[38;2;74;77;82m██[38;2;66;65;74m██[38;2;129;113;136m██[38;2;126;110;133m████[38;2;127;111;134m████[38;2;0;4;0m████[38;2;125;109;132m████[38;2;0;4;0m██    ██  
          ██[38;2;126;110;133m██[38;2;66;65;66m██[38;2;247;251;255m██[38;2;214;174;74m██[38;2;134;145;148m██[38;2;255;219;214m██[38;2;238;222;219m██[38;2;255;247;255m██[38;2;222;178;66m████[38;2;255;255;255m██[38;2;134;136;139m██[38;2;255;215;222m██[38;2;66;65;74m██[38;2;126;110;133m██[38;2;105;89;112m██[38;2;60;59;77m██[38;2;0;8;0m██    [38;2;0;4;0m██[38;2;125;109;132m██[38;2;0;4;0m██        
            ██[38;2;66;64;66m██[38;2;192;178;173m██[38;2;255;235;231m██[38;2;66;65;66m████[38;2;255;231;231m████[38;2;189;146;66m████[38;2;255;255;255m██[38;2;148;146;132m██[38;2;255;219;214m██[38;2;66;65;66m██[38;2;125;109;132m██[38;2;105;89;112m██[38;2;104;88;111m██[38;2;0;4;0m██      ██          
              ██[38;2;255;235;231m██[38;2;66;65;57m██[38;2;126;110;133m████[38;2;66;65;66m██[38;2;255;231;231m██[38;2;255;255;255m██████[38;2;183;182;173m██[38;2;255;219;214m██[38;2;66;65;66m██[38;2;105;89;112m████[38;2;104;88;111m██[38;2;0;4;0m██                  
                ██[38;2;125;109;132m██[38;2;126;110;133m██████[38;2;66;65;66m████[38;2;255;235;239m██[38;2;203;181;148m██[38;2;255;219;214m██[38;2;247;211;222m██[38;2;57;56;74m██[38;2;104;88;111m██[38;2;0;4;0m████                    
                ██[38;2;125;109;132m██[38;2;66;65;66m████[38;2;126;110;133m████[38;2;66;65;66m██[38;2;255;235;239m██[38;2;255;219;214m████[38;2;57;56;74m██[38;2;122;106;129m██[38;2;0;4;0m██                        
                  ██[38;2;57;56;74m██[38;2;247;211;222m██[38;2;66;65;66m████[38;2;255;219;214m████[38;2;66;65;66m████[38;2;112;96;119m██[38;2;8;16;0m██                          
            [38;2;0;4;0m██████[38;2;100;84;107m██[38;2;122;106;129m██[38;2;57;56;74m██[38;2;66;65;66m████████[38;2;103;87;110m████[38;2;54;56;68m████[38;2;0;4;0m██                        
        ████[38;2;97;95;126m████[38;2;66;65;66m██[38;2;100;84;107m██[38;2;66;65;66m██[38;2;126;110;133m██████████[38;2;66;65;66m████[38;2;126;110;133m████[38;2;43;60;82m██[38;2;8;8;0m██[38;2;0;4;0m██                    
      ██[38;2;137;135;166m████[38;2;0;4;0m████[38;2;66;65;66m████[38;2;126;110;133m████████████[38;2;124;108;131m██[38;2;107;91;114m██[38;2;126;110;133m██[38;2;66;65;66m██[38;2;137;135;166m██████[38;2;0;4;0m████                
    [38;2;0;4;16m██[38;2;159;171;175m██[38;2;97;95;126m██[38;2;0;4;0m██    ██[38;2;125;109;132m██[38;2;126;110;133m████[38;2;66;60;74m██[38;2;129;123;134m██[38;2;126;110;133m██████[38;2;66;65;66m██[38;2;103;87;110m████[38;2;66;64;66m██[38;2;0;4;0m██[38;2;77;93;117m██[38;2;154;174;186m██[38;2;159;171;175m██[38;2;0;4;16m██              
  [38;2;0;4;0m██[38;2;239;255;255m████[38;2;0;4;0m██    ██[38;2;125;109;132m████[38;2;66;65;66m████[38;2;255;251;255m██[38;2;66;60;74m██[38;2;126;110;133m████████[38;2;66;65;66m████[38;2;0;4;0m██  [38;2;0;12;49m██[38;2;231;255;255m██[38;2;239;255;255m████[38;2;0;4;0m██            
██[38;2;255;255;255m██████[38;2;222;223;222m██[38;2;0;4;0m██  ██[38;2;242;226;167m██[38;2;99;83;106m██[38;2;224;152;161m████[38;2;66;65;66m████[38;2;125;109;132m████[38;2;77;61;84m██[38;2;123;113;90m██[38;2;104;88;111m██████[38;2;0;4;0m██[38;2;255;255;255m██████[38;2;222;225;218m██[38;2;222;223;214m██[38;2;0;0;0m██          
[38;2;0;4;0m██[38;2;255;255;255m████[38;2;135;145;148m██[38;2;222;223;222m██[38;2;0;4;0m██  ██[38;2;242;226;167m██[38;2;163;140;115m██[38;2;255;255;255m██[38;2;224;152;161m██[38;2;222;145;150m██[38;2;170;118;122m██[38;2;66;65;66m██[38;2;108;92;115m██[38;2;238;230;181m██[38;2;77;61;84m██[38;2;104;88;111m██████[38;2;0;4;0m██[38;2;194;194;194m██[38;2;74;73;74m██[38;2;222;225;218m████[38;2;222;223;214m██[38;2;74;74;71m██[38;2;0;4;0m██        
██[38;2;255;255;255m████[38;2;140;146;148m██[38;2;0;4;0m██    ██[38;2;103;101;132m██[38;2;54;52;83m██[38;2;190;115;114m████████[38;2;57;56;66m██[38;2;120;119;129m██[38;2;238;228;165m██[38;2;84;68;91m██[38;2;104;88;111m██████[38;2;0;4;0m██[38;2;87;91;93m██[38;2;140;149;153m██[38;2;57;65;74m██[38;2;198;227;239m██[38;2;38;56;68m██[38;2;145;160;170m██[38;2;0;4;0m██        
  ██[38;2;255;255;255m██[38;2;216;218;219m██[38;2;0;4;0m██      [38;2;16;4;0m██[38;2;135;133;164m██[38;2;66;65;66m████████[38;2;247;247;255m██[38;2;57;56;66m██[38;2;84;68;91m████[38;2;104;88;111m████[38;2;0;4;0m██  ██[38;2;195;208;215m██[38;2;127;146;156m██[38;2;57;65;74m██[38;2;16;8;0m██[38;2;145;160;170m██[38;2;0;4;0m██        
    ████        [38;2;0;4;8m██[38;2;94;92;123m██[38;2;134;132;163m██[38;2;194;192;223m██[38;2;255;255;255m████[38;2;137;135;166m████[38;2;135;133;164m██[38;2;58;56;87m██[38;2;56;54;85m██[38;2;8;8;0m██    [38;2;0;4;0m██[38;2;194;204;209m██[38;2;141;152;157m██[38;2;0;8;16m██  [38;2;0;4;0m██          
          ██████[38;2;94;92;123m██[38;2;136;134;165m██[38;2;52;50;81m██[38;2;134;132;163m██[38;2;101;99;130m██[38;2;132;130;161m██[38;2;137;135;166m████[38;2;106;104;135m██[38;2;135;133;164m██[38;2;139;137;168m██[38;2;8;8;0m██      [38;2;0;4;0m██[38;2;193;209;216m██[38;2;141;152;157m██[38;2;0;4;0m██            
        [38;2;0;8;8m██[38;2;198;211;219m██[38;2;146;160;171m████[38;2;66;65;66m████[38;2;105;103;134m██[38;2;43;49;66m██[38;2;0;4;0m██████[38;2;97;95;126m██[38;2;136;134;165m████[38;2;139;145;151m██[38;2;57;60;74m██[38;2;0;4;0m██    ██[38;2;141;152;157m████[38;2;0;4;0m██            
        [38;2;0;8;8m██[38;2;143;153;158m██[38;2;146;160;171m████[38;2;100;84;107m████[38;2;79;77;108m██[38;2;24;16;0m██      [38;2;0;4;0m██[38;2;87;85;116m██[38;2;101;99;130m██[38;2;57;60;74m██[38;2;191;202;212m██[38;2;194;204;209m██[38;2;0;4;0m██  ██[38;2;193;209;216m██[38;2;0;8;16m██              
        [38;2;0;4;0m██[38;2;145;160;170m████████[38;2;0;4;0m████          [38;2;8;4;0m██[38;2;85;83;114m██[38;2;193;203;208m██[38;2;255;255;255m██[38;2;193;203;207m████[38;2;0;4;0m██  [38;2;0;8;8m██[38;2;198;211;219m██[38;2;0;4;0m██            
          ████████              [38;2;8;4;0m██[38;2;117;115;146m██[38;2;193;203;208m████[38;2;193;203;207m████[38;2;0;4;0m██  [38;2;0;8;8m██[38;2;143;153;158m██[38;2;0;4;0m██            
                                  ████[38;2;194;204;209m██████[38;2;0;4;0m██  ██[38;2;145;160;170m██[38;2;0;4;0m██            
                                      ██████      ██              
[0m