  [38;2;0;0;0m██████          ██                      
  ██[38;2;174;118;16m████[38;2;0;0;0m██████  ██[38;2;215;159;57m██[38;2;0;0;0m██                    
    ██[38;2;174;118;16m██[38;2;65;117;163m██[38;2;38;90;136m██[38;2;65;117;163m██[38;2;0;0;0m██[38;2;215;159;57m████[38;2;0;0;0m██                    
    ██[38;2;174;118;16m████[38;2;38;90;136m██[38;2;65;117;163m████[38;2;238;164;131m██[38;2;215;159;57m██[38;2;0;0;0m██                    
      ██[38;2;65;117;163m██[38;2;38;90;136m██[38;2;65;117;163m██[38;2;215;159;57m██[38;2;238;164;131m██[38;2;215;159;57m██[38;2;65;117;163m██[38;2;0;0;0m██                  
    ██[38;2;65;117;163m██[38;2;38;90;136m██[38;2;65;117;163m████[38;2;38;90;136m██[38;2;215;159;57m██[38;2;65;117;163m████[38;2;0;0;0m██                  
  ██[38;2;65;117;163m██[38;2;38;90;136m██[38;2;215;159;57m██[38;2;38;90;136m██████[38;2;215;159;57m██[38;2;65;117;163m██[38;2;0;0;0m██                    
    ██[38;2;215;159;57m██████[38;2;255;255;255m████[38;2;215;159;57m████[38;2;65;117;163m██[38;2;0;0;0m██                  
    ██[38;2;238;205;189m██[38;2;215;159;57m████[38;2;0;0;0m████[38;2;215;159;57m████[38;2;65;117;163m██[38;2;0;0;0m██                  
  ██[38;2;215;159;57m██[38;2;238;205;189m██[38;2;215;159;57m████[38;2;255;255;255m████[38;2;215;159;57m██[38;2;238;205;189m██[38;2;0;0;0m██            ████    
██[38;2;238;205;189m████[38;2;82;82;74m██[38;2;238;205;189m██[38;2;215;159;57m████████[38;2;213;164;139m██[38;2;0;0;0m██      ██████[38;2;65;117;163m████[38;2;0;0;0m██  
██[38;2;238;205;189m████[38;2;82;82;74m██[38;2;238;205;189m██[38;2;215;159;57m██████[38;2;174;118;16m██████[38;2;0;0;0m██████[38;2;215;159;57m██████[38;2;38;90;136m██[38;2;65;117;163m████[38;2;0;0;0m██
  ██[38;2;238;205;189m██████[38;2;0;0;0m████[38;2;174;118;16m████████[38;2;215;159;57m██████████████[38;2;38;90;136m██[38;2;65;117;163m██[38;2;0;0;0m██
    ██████  ██[38;2;174;118;16m██████[38;2;215;159;57m████████████████[38;2;0;0;0m████  
            ██[38;2;238;205;189m████[38;2;215;159;57m████████[38;2;238;205;189m██[38;2;215;159;57m██[38;2;238;205;189m██[38;2;215;159;57m██[38;2;174;118;16m██[38;2;0;0;0m██    
              ██[38;2;238;205;189m████[38;2;215;159;57m██████[38;2;238;205;189m████[38;2;0;0;0m██[38;2;174;118;16m████[38;2;213;164;139m██[38;2;0;0;0m██  
              ██[38;2;65;65;65m██[38;2;215;159;57m████████[38;2;0;0;0m████  ██[38;2;213;164;139m████[38;2;0;0;0m██  
              ██[38;2;213;164;139m██[38;2;65;65;65m██[38;2;215;159;57m████[38;2;0;0;0m██      ██[38;2;213;164;139m██████[38;2;0;0;0m██
            ██[38;2;213;164;139m████[38;2;65;65;65m██[38;2;238;205;189m██[38;2;215;159;57m██[38;2;0;0;0m██    ██[38;2;65;117;163m████[38;2;213;164;139m██[38;2;0;0;0m██  
          ██[38;2;65;117;163m████[38;2;213;164;139m██[38;2;65;65;65m██[38;2;238;205;189m████[38;2;0;0;0m██      ██████    
            ██████[38;2;238;205;189m████████[38;2;0;0;0m██              
                ██[38;2;65;117;163m████[38;2;238;205;189m██[38;2;0;0;0m██                
                  ██████                  
[0m