          [38;2;0;0;0m██████████          
      ████[38;2;245;232;94m████████[38;2;108;192;101m██[38;2;0;0;0m████      
    ██[38;2;245;232;94m██████████[38;2;108;192;101m██[38;2;219;102;183m████[38;2;108;192;101m██[38;2;0;0;0m██    
  ██[38;2;245;232;94m██[38;2;245;255;134m████[38;2;245;232;94m██████[38;2;108;192;101m████[38;2;219;102;183m██[38;2;108;192;101m██[38;2;245;232;94m██[38;2;0;0;0m██  
  ██[38;2;245;255;134m██████[38;2;245;232;94m████████[38;2;108;192;101m████[38;2;245;232;94m████[38;2;0;0;0m██  
██[38;2;245;232;94m██[38;2;245;255;134m██[38;2;245;232;94m██████████████████████[38;2;0;0;0m██
██[38;2;245;232;94m██████████████████████████[38;2;0;0;0m██
██[38;2;219;102;183m██[38;2;245;232;94m████████[38;2;255;255;255m██[38;2;245;232;94m████████████[38;2;232;201;19m██[38;2;0;0;0m██
██[38;2;219;102;183m████[38;2;245;232;94m██████[38;2;189;66;66m██[38;2;245;232;94m██████[38;2;108;192;101m████[38;2;232;201;19m████[38;2;0;0;0m██
██[38;2;245;128;209m██[38;2;219;102;183m██[38;2;245;232;94m██████[38;2;214;82;82m██[38;2;245;232;94m████[38;2;108;192;101m████[38;2;219;102;183m██[38;2;108;192;101m██[38;2;0;0;0m██  
  ██[38;2;245;232;94m██████[38;2;232;201;19m████████[38;2;60;144;53m██[38;2;108;192;101m████[38;2;60;144;53m██[38;2;0;0;0m██  
    ██[38;2;232;201;19m████[38;2;65;65;65m██[38;2;232;201;19m████[38;2;65;65;65m██[38;2;0;0;0m██[38;2;151;119;0m██[38;2;232;201;19m██[38;2;0;0;0m██    
      ██████[38;2;151;119;0m██[38;2;232;201;19m██[38;2;0;0;0m██  ████      
            ████              
[0m