                                  [38;2;0;0;0m██                                          
                                ██[38;2;232;147;33m██[38;2;0;0;0m██                                        
                                ██[38;2;232;147;33m██[38;2;0;0;0m██                                        
                              ██[38;2;232;147;33m██[38;2;0;0;0m██                                          
                ████          ██[38;2;232;147;33m██[38;2;0;0;0m██                                          
            ████[38;2;107;106;107m████[38;2;0;0;0m██      ██[38;2;232;147;33m████[38;2;0;0;0m██                                          
          ██[38;2;109;107;108m████[38;2;57;57;57m██[38;2;0;12;0m██      [38;2;0;0;0m██[38;2;232;147;33m████[38;2;0;0;0m██        ██████                              
██████  ██[38;2;232;147;33m██[38;2;229;148;33m████[38;2;0;0;0m██      ██[38;2;255;194;41m██[38;2;229;147;32m████[38;2;0;0;0m██        ██[38;2;155;155;155m████[38;2;0;0;0m████                          
██[38;2;232;147;33m████[38;2;0;0;0m██[38;2;232;147;33m████[38;2;64;64;64m████[38;2;109;107;108m██[38;2;0;0;0m██    ██[38;2;255;194;41m██[38;2;229;147;32m████[38;2;0;0;0m██  ████    ████[38;2;155;155;155m████[38;2;0;0;0m████                      
  ██[38;2;229;148;33m██[38;2;107;105;106m██[38;2;108;106;107m██[38;2;64;64;64m██[38;2;49;46;42m██[38;2;64;64;64m██[38;2;108;107;108m██[38;2;0;12;0m██    [38;2;0;0;0m██[38;2;255;194;41m██[38;2;211;135;30m██[38;2;8;7;0m██  [38;2;0;0;0m██[38;2;155;155;155m██[38;2;0;0;0m██        ██[38;2;155;155;155m██████[38;2;0;0;0m██            ████    
  ██[38;2;229;148;33m████[38;2;108;106;107m████[38;2;49;46;42m██[38;2;64;64;64m██[38;2;158;158;158m██[38;2;57;57;57m██[38;2;0;0;0m██  ██[38;2;255;194;41m██[38;2;255;194;95m██[38;2;112;71;17m██[38;2;0;0;0m██[38;2;155;155;155m██[38;2;0;0;0m██            ██[38;2;155;155;155m██[38;2;255;191;46m██[38;2;255;194;41m██[38;2;0;0;0m████    ████[38;2;255;194;41m██[38;2;0;0;0m██    
    ██[38;2;232;147;33m██[38;2;64;64;64m██[38;2;49;46;42m████[38;2;64;64;64m██[38;2;155;155;155m██[38;2;64;64;64m██[38;2;47;44;40m██[38;2;9;16;0m██[38;2;60;56;52m██[38;2;255;191;43m██[38;2;139;139;139m██[38;2;76;50;56m██[38;2;104;103;104m██[38;2;155;155;155m██[38;2;0;0;0m██          ██[38;2;255;194;41m████████████[38;2;0;0;0m████[38;2;255;194;41m██████[38;2;0;0;0m██    
  ████[38;2;232;147;33m██[38;2;64;64;64m██[38;2;49;46;42m████[38;2;64;64;64m██[38;2;155;155;155m██[38;2;64;64;64m██[38;2;42;42;42m██[38;2;65;62;57m██[38;2;255;191;43m████[38;2;110;110;110m████[38;2;155;155;155m██[38;2;8;0;0m██          [38;2;0;0;0m██[38;2;255;194;41m████[38;2;51;48;44m████████[38;2;219;188;113m████[38;2;255;194;41m██████[38;2;0;0;0m██      
██[38;2;232;147;33m██[38;2;114;114;114m████[38;2;50;47;43m██[38;2;0;0;0m██[38;2;57;57;57m██[38;2;158;158;158m██[38;2;64;64;64m██[38;2;155;155;155m██[38;2;255;191;43m████[38;2;255;194;41m██[38;2;109;107;108m██[38;2;107;105;106m██[38;2;155;155;155m██[38;2;104;103;104m██[38;2;8;0;0m██        [38;2;0;0;0m██[38;2;255;194;41m████[38;2;51;48;44m██[38;2;48;45;41m██[38;2;62;58;53m██████[38;2;48;45;41m██[38;2;155;155;155m████[38;2;255;191;46m██[38;2;255;194;41m██[38;2;0;0;0m██      
  ██[38;2;114;114;114m██[38;2;64;64;64m██[38;2;0;0;0m██  [38;2;0;12;0m██[38;2;158;158;158m██[38;2;64;64;64m██[38;2;155;155;155m██[38;2;255;191;43m████[38;2;255;194;41m██[38;2;109;107;108m██[38;2;155;155;155m██[38;2;107;105;106m██[38;2;155;155;155m████[38;2;0;0;0m██        ██[38;2;255;194;41m██[38;2;51;48;44m██[38;2;62;58;53m████████[38;2;48;45;41m██[38;2;155;155;155m████[38;2;255;191;46m██[38;2;0;0;0m██        
  ██[38;2;232;147;33m██[38;2;0;0;0m██    ██[38;2;155;155;155m██[38;2;64;64;64m██[38;2;155;155;155m██[38;2;255;194;41m██[38;2;109;107;108m██[38;2;107;105;106m██[38;2;155;155;155m██████[38;2;0;0;0m████          ██[38;2;255;184;42m██[38;2;48;45;41m██[38;2;62;58;53m██████████[38;2;48;45;41m████[38;2;152;152;152m██[38;2;255;194;41m██[38;2;0;0;0m██      
  ██[38;2;232;147;33m██[38;2;0;0;0m██    ██[38;2;155;155;155m██[38;2;64;64;64m██[38;2;155;155;155m██[38;2;255;194;41m██[38;2;109;107;108m██[38;2;155;155;155m████[38;2;104;103;104m██[38;2;8;0;0m██          [38;2;0;0;0m████[38;2;255;194;41m██[38;2;48;45;41m██[38;2;70;66;61m██[38;2;62;58;53m████████████[38;2;67;63;59m██[38;2;48;45;41m██[38;2;255;194;41m██[38;2;0;0;0m██      
    ██        [38;2;64;64;64m██[38;2;155;155;155m██[38;2;255;191;46m██[38;2;155;155;155m██[38;2;109;107;108m██[38;2;148;148;148m██[38;2;109;108;109m██[38;2;152;152;152m██[38;2;106;106;106m██[38;2;0;0;0m████    [38;2;8;0;0m██[38;2;255;187;49m██[38;2;255;194;41m██[38;2;51;48;44m██[38;2;49;46;42m████[38;2;60;56;52m██[38;2;0;0;0m██████[38;2;60;56;52m████████[38;2;76;76;76m██[38;2;255;194;41m██[38;2;0;0;0m████  
          ██[38;2;64;64;64m████[38;2;155;155;155m██[38;2;255;191;46m██[38;2;109;107;108m██[38;2;155;155;155m██[38;2;109;108;109m██[38;2;205;238;255m██[38;2;152;152;152m██[38;2;58;60;77m██[38;2;236;236;236m████[38;2;0;0;0m████[38;2;255;187;49m██[38;2;50;47;43m██[38;2;51;48;44m████[38;2;49;46;42m██[38;2;64;64;64m██[38;2;0;0;0m██      ██████[38;2;60;56;52m██[38;2;76;76;76m██[38;2;255;194;41m██████[38;2;0;0;0m██
        [38;2;0;12;0m██[38;2;57;57;57m██[38;2;155;155;155m████[38;2;255;194;41m██[38;2;109;107;108m██[38;2;155;155;155m██[38;2;107;105;106m██[38;2;186;242;254m████[38;2;152;152;152m██[38;2;58;60;77m██[38;2;237;237;237m████[38;2;240;240;240m██[38;2;65;63;57m██[38;2;49;46;42m████[38;2;44;41;38m██[38;2;66;66;66m██[38;2;78;78;78m██[38;2;236;236;236m██[38;2;0;0;0m██            ██[38;2;152;152;152m██[38;2;77;77;77m██[38;2;255;194;41m██[38;2;0;0;0m██  
      ██[38;2;158;158;158m████[38;2;255;191;46m████[38;2;255;194;41m██[38;2;109;107;108m██[38;2;155;155;155m██[38;2;107;105;106m██[38;2;186;242;254m████[38;2;152;152;152m██[38;2;106;106;106m██[38;2;74;67;57m██[38;2;160;151;152m██[38;2;156;151;152m██[38;2;65;63;57m██[38;2;49;46;42m██[38;2;64;64;64m██[38;2;66;66;66m██[38;2;236;236;236m████[38;2;0;0;0m██                [38;2;0;4;0m██[38;2;77;77;77m██[38;2;255;194;41m██[38;2;0;0;0m██  
        ████[38;2;255;194;41m████[38;2;255;208;103m██[38;2;104;104;104m██[38;2;114;113;114m██[38;2;156;226;238m██[38;2;193;193;193m████[38;2;60;56;52m██[38;2;64;64;64m████[38;2;236;236;236m████[38;2;64;64;64m██[38;2;53;53;53m██[38;2;54;50;46m██[38;2;172;155;135m██[38;2;236;236;236m████[38;2;0;0;0m██                ██[38;2;50;47;43m██[38;2;255;194;41m██[38;2;0;0;0m██  
            ████[38;2;104;104;104m██[38;2;123;202;230m██[38;2;156;226;238m██[38;2;144;144;144m██[38;2;64;64;64m████████[38;2;236;236;236m████[38;2;64;64;64m████[38;2;255;180;73m██[38;2;54;50;46m██[38;2;172;155;135m████[38;2;0;0;0m██                    ██[38;2;255;194;41m██[38;2;0;0;0m██  
      ██████    ████[38;2;60;60;60m██[38;2;158;158;158m██[38;2;64;64;64m██[38;2;229;148;33m██[38;2;62;61;61m██[38;2;220;220;220m██[38;2;64;64;64m████[38;2;107;107;107m██[38;2;57;64;74m██[38;2;255;194;41m████[38;2;54;50;46m████[38;2;0;0;0m██                      ██    
    ██[38;2;155;155;155m██[38;2;255;194;41m████[38;2;0;0;0m██      [38;2;0;16;0m██[38;2;60;60;60m██[38;2;229;148;33m██[38;2;64;64;64m██[38;2;167;167;167m██[38;2;62;61;61m██[38;2;60;56;52m████[38;2;152;152;152m██[38;2;57;64;74m██[38;2;64;64;64m██[38;2;255;194;41m██[38;2;255;180;73m██[38;2;53;53;53m██[38;2;0;0;0m██                            
      ██[38;2;61;61;61m██[38;2;255;184;42m██[38;2;255;192;47m██[38;2;8;7;0m██[38;2;0;0;0m██    ██[38;2;64;64;64m██[38;2;0;0;0m██[38;2;59;59;59m██[38;2;160;160;160m██[38;2;155;155;155m████[38;2;104;98;91m██[38;2;75;71;66m██[38;2;64;64;64m██[38;2;0;0;0m████[38;2;64;64;64m██[38;2;153;153;153m██[38;2;0;0;0m██                          
    ██[38;2;232;147;33m██[38;2;228;148;32m████[38;2;255;192;47m██[38;2;55;55;55m██[38;2;255;194;41m██[38;2;0;0;0m████[38;2;232;147;33m██[38;2;0;0;0m██  [38;2;0;12;0m██[38;2;109;109;109m██[38;2;155;155;155m██[38;2;77;73;67m██[38;2;75;71;66m██[38;2;49;46;42m██[38;2;0;0;0m██    ██[38;2;153;153;153m████[38;2;0;0;0m██                        
  ██[38;2;155;155;155m██[38;2;0;0;0m████[38;2;64;64;64m██[38;2;230;152;33m██[38;2;255;188;43m██[38;2;60;60;60m██[38;2;255;196;50m████[38;2;55;55;55m██[38;2;0;0;0m██    ██[38;2;76;72;67m██[38;2;54;50;46m██[38;2;47;44;40m██[38;2;9;16;0m██  [38;2;0;0;0m████[38;2;76;72;67m██[38;2;255;191;46m████[38;2;0;0;0m██                        
  ████    ██[38;2;64;64;64m██[38;2;255;188;43m██[38;2;60;60;60m██[38;2;9;12;0m██[38;2;0;4;0m████        [38;2;9;12;0m██[38;2;45;45;45m██[38;2;42;42;42m██[38;2;65;62;57m██[38;2;0;0;0m██[38;2;76;72;67m████████[38;2;255;191;46m██[38;2;0;0;0m██                        
            ██[38;2;155;155;155m██[38;2;0;0;0m██        ██████[38;2;229;147;32m████[38;2;226;128;31m██[38;2;61;61;61m██[38;2;160;160;160m██[38;2;109;109;109m██[38;2;0;0;0m████[38;2;60;60;60m██[38;2;255;196;50m██[38;2;255;194;41m██[38;2;0;0;0m██                      
              ██        ██[38;2;60;56;52m██[38;2;50;47;43m██[38;2;230;141;32m██[38;2;229;147;32m██[38;2;50;47;43m██[38;2;54;50;46m██[38;2;67;63;59m██[38;2;59;59;59m██[38;2;0;12;0m██    [38;2;9;12;0m██[38;2;60;60;60m██[38;2;255;194;41m██[38;2;0;0;0m██                      
                      ██[38;2;107;105;106m████[38;2;110;109;110m██[38;2;70;70;70m██[38;2;48;45;41m██[38;2;62;58;53m██████[38;2;43;40;37m██[38;2;228;116;31m██[38;2;0;0;0m██    ██[38;2;155;155;155m██[38;2;0;0;0m██                      
                ██████[38;2;64;64;64m██[38;2;155;155;155m████[38;2;150;149;150m██[38;2;110;109;110m██[38;2;62;58;53m████[38;2;48;45;41m████[38;2;228;116;31m██[38;2;0;4;0m██        [38;2;0;0;0m██                        
              ██[38;2;169;154;137m██████[38;2;64;64;64m██[38;2;109;107;108m████[38;2;155;155;155m████[38;2;111;109;110m██[38;2;60;56;52m██[38;2;105;105;105m██[38;2;231;154;33m██[38;2;150;93;22m██[38;2;0;0;0m██                                  
                ████[38;2;64;64;64m████[38;2;236;236;236m████[38;2;107;105;106m██[38;2;155;155;155m██[38;2;111;109;110m██[38;2;98;98;98m██[38;2;74;71;57m██[38;2;231;154;33m██[38;2;0;0;0m██                                    
                    [38;2;16;11;0m██[38;2;135;129;127m██[38;2;237;237;237m████[38;2;102;102;102m██[38;2;155;155;155m██[38;2;110;109;110m██[38;2;56;56;56m██[38;2;236;236;236m██[38;2;0;0;0m██                                      
                  ██[38;2;135;129;127m██[38;2;249;249;249m██[38;2;158;158;158m██[38;2;0;0;0m██████[38;2;0;4;0m████[38;2;236;236;236m██[38;2;0;0;0m██                                      
                  ██[38;2;240;240;240m██[38;2;121;121;121m██[38;2;0;0;0m██          ██[38;2;255;255;255m██[38;2;0;0;0m██                                    
                ██[38;2;236;236;236m██[38;2;0;4;0m████            [38;2;0;0;0m██[38;2;255;255;255m██[38;2;0;0;0m██                                    
              ██[38;2;172;155;139m██[38;2;0;0;0m██                  ██                                      
              ████                                                            
[0m