                    [38;2;0;0;0m████          
                  ██[38;2;241;150;71m████[38;2;0;0;0m██        
                ██[38;2;241;150;71m██[38;2;210;101;28m██[38;2;0;0;0m██          
              ██[38;2;241;150;71m██[38;2;65;65;65m██[38;2;0;0;0m██            
            ████████              
        ████[38;2;194;234;100m████████[38;2;0;0;0m████          
      ██[38;2;114;171;30m██[38;2;194;234;100m████████████[38;2;120;208;30m██[38;2;0;0;0m██        
      ██[38;2;218;236;147m████[38;2;194;234;100m████████████[38;2;120;208;30m██[38;2;0;0;0m████    
    ██[38;2;194;234;100m██[38;2;218;236;147m████[38;2;194;234;100m████████████[38;2;65;65;65m████[38;2;241;150;71m██[38;2;0;0;0m██  
    ██[38;2;194;234;100m████████[38;2;120;208;30m██████[38;2;194;234;100m██[38;2;65;65;65m██[38;2;255;214;33m██[38;2;65;65;65m████[38;2;0;0;0m██  
    ██████[38;2;194;234;100m██[38;2;120;208;30m██[38;2;65;65;65m██[38;2;0;0;0m██[38;2;255;255;255m██[38;2;65;65;65m██[38;2;255;214;33m████[38;2;65;65;65m██[38;2;241;150;71m██[38;2;0;0;0m██  
  ██[38;2;255;232;123m██[38;2;255;214;33m████[38;2;0;0;0m██[38;2;255;255;255m██[38;2;0;0;0m████[38;2;255;255;255m██[38;2;65;65;65m██[38;2;255;214;33m██[38;2;229;177;29m██[38;2;65;65;65m████[38;2;0;0;0m██  
██[38;2;255;214;33m██████[38;2;229;177;29m██[38;2;0;0;0m██[38;2;120;208;30m████████[38;2;65;65;65m██[38;2;229;177;29m██[38;2;65;65;65m██[38;2;241;150;71m██[38;2;0;0;0m██[38;2;210;101;28m██[38;2;0;0;0m██
  ██████[38;2;65;65;65m██[38;2;120;208;30m████████████[38;2;0;0;0m██████[38;2;241;150;71m████[38;2;0;0;0m██
        ██[38;2;65;65;65m██[38;2;120;208;30m████████[38;2;114;171;30m██[38;2;65;65;65m██[38;2;210;101;28m██[38;2;0;0;0m██████  
          ██[38;2;255;255;255m██[38;2;0;0;0m████[38;2;65;65;65m██[38;2;241;150;71m██[38;2;0;0;0m████        
          ████  ██[38;2;255;255;255m██[38;2;0;0;0m██            
                ████              
[0m