                              [38;2;0;0;0m████                                                
                              ██[38;2;104;153;206m██[38;2;0;0;0m██    ████                                      
                                ██[38;2;52;98;154m██[38;2;0;0;0m████[38;2;49;94;150m██[38;2;151;184;204m██[38;2;0;0;0m██                                    
                                ██[38;2;60;62;60m██[38;2;52;98;154m██[38;2;49;94;150m██[38;2;151;184;204m██[38;2;78;128;174m████[38;2;0;0;0m██                                  
                        ████      [38;2;0;4;8m██[38;2;60;60;63m██[38;2;51;97;152m██[38;2;113;148;169m██[38;2;76;126;172m████[38;2;77;127;173m██[38;2;0;4;0m██                                
                        [38;2;0;0;0m██[38;2;104;153;206m██[38;2;0;0;0m██  ██[38;2;60;60;63m██[38;2;151;184;204m██[38;2;113;148;169m████[38;2;76;126;172m████[38;2;77;127;173m██[38;2;76;79;76m██[38;2;0;0;0m██                              
                          ██[38;2;52;98;154m██[38;2;0;0;0m██[38;2;60;62;60m██[38;2;50;95;151m██[38;2;151;184;204m██[38;2;76;126;172m████[38;2;150;182;204m██[38;2;74;124;171m██[38;2;51;97;152m████[38;2;50;95;151m██[38;2;0;0;0m██                            
                          ██[38;2;60;62;60m██[38;2;52;98;154m████[38;2;151;184;204m██[38;2;79;129;175m██[38;2;76;126;172m████[38;2;74;124;171m██[38;2;150;182;204m██[38;2;51;97;152m████[38;2;50;95;151m████[38;2;0;0;0m██  ██                      
                            ██[38;2;66;65;66m██[38;2;51;97;152m██[38;2;113;148;169m██[38;2;74;124;171m██[38;2;76;126;172m████[38;2;51;97;152m████[38;2;151;184;204m██[38;2;50;95;151m██[38;2;51;97;152m████[38;2;76;78;76m██[38;2;0;0;0m████                      
                    ████  ██[38;2;50;95;151m██[38;2;51;97;152m██[38;2;114;150;170m██[38;2;113;148;169m██[38;2;74;124;171m██[38;2;76;126;172m████[38;2;51;97;152m████[38;2;50;95;151m██[38;2;151;184;204m██[38;2;51;97;152m████[38;2;38;83;137m██[38;2;115;117;115m██[38;2;0;0;0m██                      
            ██      ██[38;2;101;151;204m██[38;2;0;0;0m██[38;2;66;65;66m██[38;2;50;95;151m██[38;2;150;182;204m██[38;2;74;124;171m██[38;2;79;129;175m██[38;2;151;184;204m██[38;2;79;129;175m██[38;2;50;95;151m██[38;2;51;97;152m████████[38;2;145;179;201m██[38;2;55;100;157m██[38;2;65;64;65m██[38;2;50;95;151m██[38;2;0;0;0m██                      
          ██[38;2;50;95;151m██[38;2;0;0;0m██      ██[38;2;52;98;154m██[38;2;66;65;66m██[38;2;50;95;151m██[38;2;150;182;204m██[38;2;74;124;171m██[38;2;79;129;175m██[38;2;50;95;151m██[38;2;151;184;204m██[38;2;50;95;151m██[38;2;51;97;152m████████[38;2;55;100;157m██[38;2;57;56;57m██[38;2;74;124;171m██[38;2;50;95;151m██[38;2;66;67;66m██[38;2;0;0;0m████                  
          ██[38;2;50;95;151m██[38;2;49;94;150m██[38;2;0;0;0m██    ██[38;2;66;67;66m██[38;2;51;97;152m██[38;2;113;148;169m██[38;2;76;126;172m████[38;2;77;127;173m██[38;2;51;97;152m██[38;2;50;95;151m██[38;2;151;184;204m██[38;2;62;108;165m██[38;2;66;65;66m██[38;2;50;95;151m████[38;2;65;66;65m████[38;2;52;98;154m██[38;2;60;62;60m██[38;2;66;65;66m██[38;2;102;152;205m██[38;2;50;95;151m██[38;2;0;0;0m██                
          ██[38;2;50;95;151m██[38;2;143;191;238m██[38;2;0;0;0m██      ██[38;2;113;148;169m████[38;2;76;126;172m████[38;2;51;97;152m████[38;2;50;95;151m████[38;2;150;181;203m██[38;2;66;65;66m██[38;2;50;95;151m██[38;2;65;64;65m██[38;2;65;66;65m██[38;2;77;127;173m██[38;2;52;98;154m██[38;2;0;0;0m██[38;2;102;152;205m██[38;2;66;65;66m██[38;2;50;95;151m██[38;2;0;0;0m██                
          [38;2;0;4;0m██[38;2;126;175;225m██[38;2;49;94;150m██[38;2;0;0;0m██    ██[38;2;151;184;204m██[38;2;76;126;172m████[38;2;151;184;204m██[38;2;50;95;151m██[38;2;51;97;152m████[38;2;50;95;151m████[38;2;66;65;66m██[38;2;113;148;169m██[38;2;65;66;65m████[38;2;77;127;173m██[38;2;51;97;152m██[38;2;0;0;0m██  ██[38;2;60;62;60m██[38;2;50;95;151m██[38;2;0;0;0m██          ██    
          [38;2;0;4;0m██[38;2;247;239;239m██[38;2;143;191;238m██[38;2;0;0;0m██    ██[38;2;151;184;204m██[38;2;76;126;172m████[38;2;50;95;151m██[38;2;151;184;204m██[38;2;51;97;152m████[38;2;66;65;66m██████[38;2;102;152;205m██[38;2;65;66;65m██[38;2;77;127;173m██[38;2;51;97;152m████[38;2;0;0;0m██  ██[38;2;52;98;154m██[38;2;0;0;0m██          ██[38;2;50;95;151m██[38;2;0;0;0m██  
          [38;2;0;4;0m██[38;2;126;175;225m██[38;2;223;238;255m██[38;2;74;73;74m██[38;2;0;0;0m████[38;2;150;182;204m██[38;2;74;124;171m████[38;2;50;95;151m██████[38;2;107;69;49m████[38;2;121;83;84m██[38;2;231;73;74m██[38;2;66;65;66m██[38;2;51;97;152m██[38;2;65;64;65m██[38;2;50;95;151m██████[38;2;60;62;60m██[38;2;0;0;0m██[38;2;60;62;60m██[38;2;52;98;154m██[38;2;0;0;0m██        ██[38;2;51;97;152m████[38;2;50;95;151m██[38;2;0;0;0m██
          [38;2;0;4;0m██[38;2;247;239;239m██[38;2;74;73;74m████[38;2;111;146;167m██[38;2;68;69;68m██[38;2;150;182;204m██[38;2;74;124;171m██[38;2;50;95;151m██[38;2;65;64;65m██[38;2;66;65;66m████[38;2;120;127;106m██[38;2;148;243;222m██[38;2;231;73;74m██[38;2;66;89;90m██[38;2;104;153;206m██[38;2;51;97;152m██[38;2;50;95;151m██████[38;2;65;64;65m██[38;2;52;98;154m████[38;2;60;62;60m██[38;2;0;0;0m██          ██[38;2;51;97;152m████[38;2;50;95;151m██[38;2;0;0;0m██
          ██[38;2;60;62;60m██[38;2;50;95;151m██[38;2;117;152;174m██[38;2;76;126;172m██[38;2;66;65;66m██[38;2;50;95;151m██[38;2;0;0;0m████[38;2;66;67;66m██[38;2;74;124;171m████[38;2;51;97;152m██████[38;2;66;65;66m██[38;2;102;152;205m██[38;2;51;97;152m██[38;2;50;95;151m██[38;2;66;65;66m██[38;2;60;62;60m██[38;2;52;98;154m██[38;2;0;0;0m████[38;2;50;95;151m████[38;2;0;0;0m██      ██[38;2;50;95;151m██[38;2;51;97;152m████[38;2;0;0;0m██  
        ██[38;2;52;98;154m████[38;2;145;179;201m██[38;2;77;127;173m██[38;2;76;126;172m████[38;2;0;0;0m██    ██[38;2;66;65;66m██[38;2;50;95;151m██[38;2;107;239;140m██[38;2;51;97;152m██[38;2;66;65;66m██[38;2;104;153;206m██[38;2;51;97;152m████[38;2;66;65;66m██[38;2;50;95;151m██[38;2;52;98;154m██[38;2;0;0;0m██    ██[38;2;50;95;151m████[38;2;0;0;0m██  ██[38;2;50;95;151m████[38;2;51;97;152m████[38;2;0;0;0m██  
      ██[38;2;52;98;154m██[38;2;48;93;149m██[38;2;154;187;208m██[38;2;76;126;172m████████[38;2;0;0;0m██    ██[38;2;50;95;151m██[38;2;66;65;66m██[38;2;65;64;65m████[38;2;102;152;205m██[38;2;51;97;152m██[38;2;50;95;151m██[38;2;65;64;65m██[38;2;52;98;154m████[38;2;0;0;0m██        ██[38;2;52;98;154m██[38;2;60;62;60m██[38;2;0;0;0m██[38;2;45;91;146m██[38;2;143;191;238m██[38;2;50;95;151m██████[38;2;0;0;0m██  
  ████[38;2;60;62;60m██[38;2;52;98;154m██[38;2;154;187;208m██[38;2;214;234;255m██[38;2;76;126;172m██████[38;2;0;0;0m██      ██[38;2;74;124;171m██[38;2;66;65;66m██[38;2;50;95;151m██[38;2;65;64;65m██[38;2;102;152;205m██[38;2;51;97;152m██[38;2;50;95;151m████[38;2;60;62;60m██[38;2;0;0;0m██            ██[38;2;52;98;154m██[38;2;45;91;146m██[38;2;136;185;233m██[38;2;50;95;151m██[38;2;143;191;238m██[38;2;50;95;151m██[38;2;0;0;0m██    
██[38;2;50;95;151m████[38;2;66;65;66m██[38;2;151;184;204m██[38;2;50;95;151m██[38;2;223;238;255m████[38;2;76;126;172m██[38;2;78;128;174m██[38;2;0;0;0m██        ██[38;2;76;126;172m██[38;2;66;65;66m██[38;2;50;95;151m██[38;2;65;66;65m██[38;2;77;127;173m██[38;2;51;97;152m████[38;2;76;126;172m██[38;2;0;0;0m██          ██[38;2;50;95;151m██[38;2;66;65;66m██[38;2;223;238;255m██[38;2;50;95;151m██[38;2;150;197;243m██[38;2;50;95;151m██[38;2;143;191;238m██[38;2;0;0;0m██    
██[38;2;50;95;151m██[38;2;0;0;0m██[38;2;66;65;66m████[38;2;50;95;151m██[38;2;223;238;255m██████[38;2;143;191;238m██[38;2;0;0;0m██          ██[38;2;66;65;66m██[38;2;50;95;151m██[38;2;65;66;65m██[38;2;77;127;173m██[38;2;51;97;152m██[38;2;77;127;173m██[38;2;0;0;0m██            ██[38;2;50;95;151m██[38;2;66;65;66m██[38;2;223;238;255m████[38;2;50;95;151m██[38;2;219;236;255m██[38;2;143;191;238m██[38;2;0;0;0m██    
  ██  ██[38;2;50;95;151m██[38;2;77;77;77m██[38;2;223;238;255m████[38;2;76;126;172m██[38;2;0;0;0m██          ██[38;2;50;95;151m██[38;2;60;62;60m████[38;2;50;95;151m██[38;2;65;64;65m██[38;2;76;126;172m████[38;2;0;0;0m██          ██[38;2;50;95;151m████[38;2;223;238;255m██████████[38;2;0;0;0m██      
      ██[38;2;50;95;151m██[38;2;77;77;77m██[38;2;0;0;0m██[38;2;76;126;172m██[38;2;0;0;0m██          ██[38;2;50;95;151m████[38;2;0;0;0m██[38;2;52;98;154m██[38;2;65;64;65m████[38;2;76;126;172m██[38;2;0;0;0m██            ██[38;2;50;95;151m████[38;2;223;238;255m████████[38;2;142;190;237m██[38;2;0;0;0m██      
    ██[38;2;50;95;151m██[38;2;0;0;0m██  ██[38;2;50;95;151m██[38;2;0;0;0m██          ██[38;2;49;94;150m██[38;2;0;0;0m██  ██[38;2;52;98;154m████[38;2;78;79;78m██            [38;2;0;0;0m██[38;2;51;97;152m██[38;2;102;152;205m████[38;2;51;97;152m██[38;2;223;238;255m██████[38;2;74;73;74m██[38;2;0;0;0m██      
    ██[38;2;50;95;151m██[38;2;0;0;0m██  ██[38;2;50;95;151m████[38;2;0;0;0m██        ██[38;2;143;191;238m██[38;2;49;94;150m██[38;2;0;0;0m██  ██[38;2;60;62;60m██[38;2;78;79;78m██[38;2;0;0;0m██          ██[38;2;102;152;205m████████[38;2;50;95;151m██[38;2;223;238;255m██[38;2;74;73;74m████[38;2;0;0;0m██      
      ████    ██████          ██[38;2;52;98;154m██[38;2;0;0;0m██    ██[38;2;49;94;150m██[38;2;0;0;0m██          ██[38;2;51;97;152m██[38;2;104;153;206m██[38;2;102;152;205m████[38;2;104;153;206m██[38;2;66;65;66m██[38;2;51;97;152m████[38;2;0;0;0m██      
                          ████[38;2;60;62;60m██[38;2;0;0;0m██      ██[38;2;143;191;238m██[38;2;0;0;0m██          ██[38;2;66;65;66m██[38;2;51;97;152m██[38;2;102;152;205m████[38;2;104;153;206m██[38;2;51;97;152m██████[38;2;0;0;0m██      
                            ████          ██[38;2;66;66;66m██[38;2;0;0;0m██      ██[38;2;50;95;151m██[38;2;52;98;154m██[38;2;60;62;60m██[38;2;51;97;152m██[38;2;104;153;206m██[38;2;50;95;151m████[38;2;52;98;154m██[38;2;0;0;0m██        
                          ████            ██[38;2;66;66;66m██[38;2;66;67;66m██[38;2;0;0;0m██  ██[38;2;50;95;151m████[38;2;0;0;0m████[38;2;51;97;152m██[38;2;66;65;66m██[38;2;50;95;151m██[38;2;0;0;0m██[38;2;60;62;60m██[38;2;52;98;154m██[38;2;0;0;0m██      
                                            ██[38;2;66;67;66m██[38;2;0;0;0m██  ██████    ██[38;2;50;95;151m██[38;2;0;0;0m██  ██[38;2;50;95;151m██[38;2;0;0;0m██      
                                          ██████              ██[38;2;50;95;151m██[38;2;0;0;0m██    ████      
                                              ██            ██[38;2;50;95;151m██[38;2;0;0;0m██      ██        
                                                            ████                  
[0m