              [38;2;0;0;0m██      ████████                
            ██[38;2;162;217;42m██[38;2;0;0;0m██████[38;2;222;164;44m██[38;2;255;250;127m██████[38;2;0;0;0m████            
            ██[38;2;162;217;42m██[38;2;115;115;115m██[38;2;255;250;127m██████[38;2;222;164;44m████[38;2;115;115;115m██████[38;2;0;0;0m██          
            ██[38;2;65;65;65m██[38;2;115;115;115m████[38;2;255;250;127m██████[38;2;115;115;115m██[38;2;162;217;42m████[38;2;115;115;115m██[38;2;222;164;44m██[38;2;0;0;0m██        
          ██[38;2;255;250;127m████████[38;2;115;115;115m██[38;2;222;164;44m██[38;2;115;115;115m██[38;2;162;217;42m████[38;2;115;115;115m██[38;2;222;164;44m██[38;2;115;115;115m██[38;2;0;0;0m██        
    ██████[38;2;255;250;127m████████████[38;2;115;115;115m██[38;2;222;164;44m██[38;2;115;115;115m████[38;2;222;164;44m██[38;2;115;115;115m██[38;2;255;250;127m██[38;2;222;164;44m██[38;2;0;0;0m██      
  ██[38;2;208;180;132m██[38;2;175;149;99m██[38;2;65;65;65m██[38;2;222;164;44m██[38;2;255;250;127m██[38;2;222;164;44m████[38;2;65;65;65m██[38;2;255;250;127m████[38;2;65;65;65m██[38;2;222;164;44m████[38;2;115;115;115m██[38;2;255;250;127m██[38;2;115;115;115m██[38;2;255;250;127m████[38;2;0;0;0m██    
██[38;2;208;180;132m██[38;2;175;149;99m████[38;2;65;65;65m██[38;2;255;250;127m██[38;2;222;164;44m██[38;2;255;250;127m██[38;2;65;65;65m██[38;2;162;217;42m██[38;2;65;65;65m██[38;2;255;250;127m██[38;2;65;65;65m██████[38;2;222;164;44m██[38;2;115;115;115m██[38;2;0;0;0m██[38;2;222;164;44m██[38;2;255;250;127m████[38;2;0;0;0m██  
██[38;2;65;65;65m██[38;2;128;110;74m██[38;2;65;65;65m████[38;2;255;250;127m██████[38;2;115;115;115m██[38;2;162;217;42m██[38;2;115;115;115m██[38;2;222;164;44m██[38;2;65;65;65m██[38;2;208;180;132m██[38;2;175;149;99m██[38;2;0;0;0m████  ██[38;2;222;164;44m██[38;2;255;250;127m████[38;2;0;0;0m██
██[38;2;175;149;99m██[38;2;65;65;65m████[38;2;255;250;127m██[38;2;65;65;65m██[38;2;255;250;127m██[38;2;115;115;115m██[38;2;65;65;65m██[38;2;115;115;115m██[38;2;222;164;44m██[38;2;65;65;65m██[38;2;208;180;132m██[38;2;175;149;99m████[38;2;0;0;0m██      ██[38;2;222;164;44m████[38;2;0;0;0m██
  ████[38;2;255;250;127m██[38;2;0;0;0m██  ████[38;2;255;250;127m██[38;2;65;65;65m██[38;2;0;0;0m████[38;2;175;149;99m████[38;2;128;110;74m██[38;2;0;0;0m██    ██[38;2;222;164;44m██[38;2;65;65;65m██[38;2;222;164;44m██[38;2;0;0;0m██
    ██[38;2;222;164;44m██[38;2;0;0;0m██    ██[38;2;255;250;127m██[38;2;0;0;0m██  ██[38;2;65;65;65m████[38;2;128;110;74m██[38;2;0;0;0m██      ██████  
      ██      ██[38;2;222;164;44m██[38;2;0;0;0m██    ██[38;2;175;149;99m██[38;2;0;0;0m██                
                ██      ████                  
[0m