                              [38;2;0;0;0m████                          
                    ██      ██[38;2;220;228;255m██[38;2;0;0;0m██                          
            ████  ██[38;2;220;228;255m██[38;2;0;0;0m██  ██[38;2;220;228;255m██[38;2;0;0;0m██            ████  ████      
          ██[38;2;220;228;255m████[38;2;0;0;0m██[38;2;138;143;183m██[38;2;220;228;255m██[38;2;0;0;0m██  ██[38;2;220;228;255m██[38;2;0;0;0m██████      ██[38;2;253;251;255m████[38;2;0;0;0m██[38;2;253;251;255m██[38;2;0;0;0m██      
      ████[38;2;220;228;255m██████████[38;2;0;0;0m██  ██[38;2;65;65;65m████[38;2;138;143;183m██[38;2;220;228;255m████[38;2;0;0;0m██  ██[38;2;220;228;255m████[38;2;253;251;255m████[38;2;0;0;0m██        
    ██[38;2;220;228;255m██[38;2;65;65;65m██[38;2;220;228;255m████[38;2;138;143;183m████[38;2;0;0;0m██  ██[38;2;138;143;183m██[38;2;220;228;255m██[38;2;138;143;183m██[38;2;220;228;255m██████[38;2;191;194;228m██[38;2;0;0;0m██[38;2;65;65;65m██[38;2;220;228;255m██[38;2;0;0;0m██████          
    ██[38;2;138;143;183m██[38;2;220;228;255m████[38;2;138;143;183m██[38;2;191;194;228m██[38;2;0;0;0m██  ██[38;2;138;143;183m██[38;2;220;228;255m████████████[38;2;138;143;183m██[38;2;220;228;255m████[38;2;0;0;0m██      ████      
  ██[38;2;220;228;255m██████[38;2;191;194;228m████[38;2;65;65;65m██[38;2;0;0;0m████[38;2;65;65;65m██[38;2;191;194;228m██[38;2;220;228;255m██[38;2;191;194;228m████[38;2;220;228;255m████████████[38;2;138;143;183m██[38;2;0;0;0m██████[38;2;253;251;255m████[38;2;0;0;0m██    
  ██[38;2;191;194;228m██[38;2;220;228;255m██[38;2;191;194;228m████[38;2;65;65;65m██[38;2;220;228;255m██[38;2;65;65;65m██[38;2;138;143;183m██[38;2;65;65;65m██[38;2;191;194;228m██████████████[38;2;220;228;255m████████[38;2;65;65;65m██[38;2;220;228;255m████[38;2;253;251;255m██[38;2;0;0;0m██      
    ██[38;2;191;194;228m██[38;2;138;143;183m████[38;2;220;228;255m██[38;2;176;97;189m██[38;2;65;65;65m██[38;2;138;143;183m██[38;2;65;65;65m██[38;2;191;194;228m██████████████████[38;2;220;228;255m██████[38;2;65;65;65m██[38;2;0;0;0m████        
    ██[38;2;220;228;255m████[38;2;191;194;228m██[38;2;220;228;255m██[38;2;176;97;189m██[38;2;220;228;255m██[38;2;65;65;65m██[38;2;138;143;183m██[38;2;65;65;65m██[38;2;191;194;228m██[38;2;138;143;183m██[38;2;191;194;228m████[38;2;138;143;183m██[38;2;191;194;228m██████[38;2;220;228;255m██[38;2;191;194;228m████[38;2;0;0;0m██            
    ██[38;2;220;228;255m██[38;2;191;194;228m██[38;2;255;255;255m██[38;2;176;97;189m██[38;2;191;194;228m██[38;2;220;228;255m████[38;2;65;65;65m████[38;2;191;194;228m██[38;2;138;143;183m██[38;2;191;194;228m██[38;2;138;143;183m██[38;2;191;194;228m██████████[38;2;138;143;183m██[38;2;191;194;228m██[38;2;0;0;0m██  ██████    
  ██[38;2;220;228;255m██████[38;2;176;97;189m██[38;2;170;132;189m██[38;2;191;194;228m████[38;2;220;228;255m████[38;2;65;65;65m████[38;2;138;143;183m██[38;2;191;194;228m██[38;2;138;143;183m██[38;2;191;194;228m████████[38;2;138;143;183m██[38;2;191;194;228m████[38;2;220;228;255m██[38;2;0;0;0m██[38;2;253;251;255m██████[38;2;0;0;0m██  
██[38;2;220;228;255m████████[38;2;191;194;228m████[38;2;65;65;65m██[38;2;191;194;228m████[38;2;220;228;255m██[38;2;138;143;183m██[38;2;191;194;228m██[38;2;65;65;65m████[38;2;138;143;183m████████[38;2;191;194;228m██[38;2;0;0;0m████[38;2;191;194;228m██[38;2;220;228;255m██[38;2;253;251;255m████[38;2;0;0;0m████[38;2;253;251;255m██[38;2;0;0;0m██
██[38;2;65;65;65m██[38;2;191;194;228m████[38;2;138;143;183m██[38;2;65;65;65m████[38;2;191;194;228m██████████[38;2;138;143;183m██[38;2;191;194;228m████[38;2;65;65;65m████[38;2;191;194;228m████[38;2;65;65;65m██[38;2;0;0;0m██  ██[38;2;253;251;255m████[38;2;0;0;0m██  ██████
  ██████████[38;2;191;194;228m██████████[38;2;138;143;183m██[38;2;191;194;228m████████[38;2;65;65;65m████[38;2;220;228;255m████[38;2;191;194;228m██[38;2;0;0;0m██  ████          
          ██[38;2;191;194;228m██████████[38;2;138;143;183m██[38;2;65;65;65m██[38;2;191;194;228m████[38;2;138;143;183m██[38;2;191;194;228m██[38;2;65;65;65m██[38;2;220;228;255m████████[38;2;0;0;0m██              
            ██[38;2;191;194;228m██████[38;2;138;143;183m██[38;2;191;194;228m██[38;2;65;65;65m██[38;2;191;194;228m████[38;2;65;65;65m██[38;2;191;194;228m████[38;2;65;65;65m██[38;2;191;194;228m██[38;2;220;228;255m████[38;2;0;0;0m██              
            ██[38;2;65;65;65m██[38;2;191;194;228m██[38;2;138;143;183m██[38;2;191;194;228m████[38;2;65;65;65m██[38;2;138;143;183m████[38;2;65;65;65m██[38;2;220;228;255m████[38;2;65;65;65m██[38;2;191;194;228m██████[38;2;0;0;0m██              
              ██[38;2;65;65;65m████[38;2;191;194;228m██[38;2;65;65;65m██[38;2;138;143;183m████[38;2;65;65;65m██[38;2;220;228;255m██████[38;2;65;65;65m██[38;2;253;251;255m██[38;2;191;194;228m██[38;2;0;0;0m██                
              ██[38;2;138;143;183m██[38;2;65;65;65m██[38;2;191;194;228m██[38;2;65;65;65m██████[38;2;253;251;255m██████[38;2;65;65;65m██[38;2;253;251;255m████[38;2;0;0;0m██  ████            
            ██[38;2;138;143;183m██[38;2;65;65;65m██[38;2;138;143;183m██[38;2;191;194;228m██[38;2;0;0;0m██    ██[38;2;253;251;255m████[38;2;0;0;0m████[38;2;253;251;255m████[38;2;0;0;0m██[38;2;253;251;255m██[38;2;0;0;0m██            
              ██[38;2;65;65;65m██[38;2;191;194;228m██[38;2;65;65;65m██[38;2;0;0;0m██    ██[38;2;253;251;255m██[38;2;0;0;0m██    ██[38;2;253;251;255m████[38;2;0;0;0m██              
                ██████        ██[38;2;253;251;255m██[38;2;0;0;0m██    ████                
                                ████                        
[0m