                    [38;2;0;4;0m████                                                    
                ████[38;2;234;230;240m████[38;2;0;4;0m██                                                  
            ████[38;2;234;230;240m██████[38;2;0;4;0m██      ████                                          
          ██[38;2;234;230;240m██████[38;2;134;130;140m██[38;2;145;141;151m██[38;2;66;52;66m██[38;2;0;4;0m██████[38;2;234;230;240m██[38;2;0;4;0m██                                          
        ██[38;2;234;230;240m██████[38;2;134;130;140m██[38;2;234;230;240m██[38;2;231;227;237m████[38;2;234;230;240m██████[38;2;0;4;0m██                                            
        ██[38;2;234;230;240m██████████████[38;2;237;233;243m██[38;2;180;176;186m██[38;2;66;65;66m████[38;2;0;4;0m██████            ██████                    
    ████[38;2;234;230;240m████████[38;2;66;65;66m██[38;2;234;230;240m████[38;2;190;186;196m██[38;2;66;65;66m████[38;2;189;185;195m████[38;2;234;230;240m██████[38;2;0;4;0m██    ██████[38;2;234;230;240m██████[38;2;0;4;0m████                
  ██[38;2;190;186;196m██[38;2;68;64;54m██[38;2;234;230;240m████[38;2;237;233;243m██[38;2;66;65;66m██[38;2;231;227;237m██[38;2;66;52;66m██[38;2;189;185;195m████[38;2;190;186;196m████[38;2;189;185;195m██████[38;2;0;4;0m████  ████[38;2;247;243;253m██[38;2;133;129;139m██[38;2;245;241;251m██[38;2;234;230;240m██████████[38;2;0;4;0m██              
    [38;2;0;4;8m██[38;2;68;64;54m██[38;2;234;230;240m████[38;2;180;176;186m██[38;2;66;65;66m██[38;2;145;141;151m██[38;2;231;227;237m██[38;2;66;65;66m██[38;2;189;185;195m██[38;2;190;186;196m████[38;2;189;185;195m██[38;2;66;65;66m██[38;2;0;4;0m██    ██[38;2;247;243;253m████[38;2;133;129;139m██[38;2;247;243;253m██[38;2;245;241;251m████[38;2;234;230;240m████[38;2;66;65;66m████[38;2;66;64;66m██[38;2;0;4;0m██            
    ██[38;2;189;185;195m██[38;2;66;65;66m██[38;2;189;185;195m██[38;2;180;176;186m██[38;2;66;65;66m██[38;2;134;130;140m██[38;2;234;230;240m██[38;2;66;65;66m██[38;2;180;176;186m██[38;2;190;186;196m██[38;2;133;129;139m██[38;2;129;125;135m██[38;2;8;4;0m██    [38;2;0;4;0m██[38;2;234;230;240m████[38;2;134;130;140m██[38;2;234;230;240m██[38;2;244;240;250m██[38;2;242;238;248m████[38;2;133;129;139m████[38;2;234;230;240m██████[38;2;190;186;196m██[38;2;0;4;0m██          
      ██[38;2;189;185;195m██[38;2;66;65;66m████[38;2;237;233;243m██[38;2;134;130;140m██[38;2;234;230;240m██[38;2;237;233;243m██[38;2;66;65;66m██[38;2;190;186;196m████[38;2;191;187;197m████[38;2;0;4;0m████[38;2;234;230;240m██████[38;2;134;130;140m██[38;2;234;230;240m████[38;2;242;238;248m██[38;2;132;128;138m██[38;2;247;243;253m████[38;2;244;240;250m██[38;2;234;230;240m██████[38;2;189;185;195m██[38;2;0;4;0m██        
      ██[38;2;245;241;251m████[38;2;234;230;240m████████[38;2;211;207;217m██[38;2;77;70;52m██[38;2;0;4;0m██[38;2;189;185;195m██████[38;2;191;187;197m██[38;2;130;126;136m██[38;2;66;65;66m██[38;2;237;233;243m██[38;2;134;130;140m██[38;2;234;230;240m██████[38;2;134;130;140m██[38;2;238;234;244m██[38;2;245;241;251m████████[38;2;234;230;240m████[38;2;189;185;195m████[38;2;0;4;0m██      
    ██[38;2;247;243;253m██[38;2;245;241;251m████[38;2;244;240;250m██[38;2;234;230;240m██████[38;2;211;207;217m██[38;2;0;0;8m██  [38;2;0;4;0m██████[38;2;76;62;62m██[38;2;191;187;197m██[38;2;180;176;186m██[38;2;66;65;66m██[38;2;134;130;140m██[38;2;234;230;240m████[38;2;134;130;140m██[38;2;238;234;244m████[38;2;234;230;240m██[38;2;245;241;251m██████[38;2;66;65;66m████████[38;2;0;4;0m██      
    ██[38;2;234;230;240m██[38;2;238;234;244m████[38;2;216;174;165m██[38;2;140;20;33m██[38;2;132;40;57m██[38;2;189;185;195m██[38;2;190;186;196m████[38;2;0;4;0m██      [38;2;0;4;8m██[38;2;68;64;54m██[38;2;71;64;62m██[38;2;129;125;135m██[38;2;234;230;240m██████[38;2;134;130;140m██[38;2;234;230;240m████████[38;2;133;129;139m████[38;2;245;241;251m██[38;2;234;230;240m██████[38;2;206;202;212m██[38;2;0;4;0m██    
    ██[38;2;234;230;240m██[38;2;238;234;244m██[38;2;191;187;197m██[38;2;255;251;231m██[38;2;178;97;99m██[38;2;132;40;57m██[38;2;189;185;195m██[38;2;190;186;196m████[38;2;0;4;0m██    ██[38;2;190;186;196m██[38;2;68;64;54m██[38;2;191;187;197m██[38;2;71;64;62m██[38;2;190;186;196m██[38;2;234;230;240m██[38;2;134;130;140m██[38;2;234;230;240m████████[38;2;134;130;140m██[38;2;239;235;245m████[38;2;245;241;251m████[38;2;234;230;240m██[38;2;190;186;196m██[38;2;206;202;212m████[38;2;0;4;0m██  
  ██[38;2;234;230;240m██████[38;2;189;185;195m██[38;2;132;40;57m████[38;2;189;185;195m████[38;2;190;186;196m████[38;2;0;4;0m██    ██[38;2;189;185;195m██[38;2;66;65;66m██[38;2;189;185;195m██[38;2;66;65;66m██[38;2;189;185;195m████[38;2;66;65;66m██[38;2;189;185;195m██[38;2;235;231;241m████[38;2;134;130;140m██[38;2;234;230;240m██████[38;2;245;241;251m████[38;2;246;242;252m██[38;2;227;223;233m██[38;2;190;186;196m██[38;2;234;230;240m██[38;2;0;4;0m██  
██[38;2;234;230;240m██████[38;2;189;185;195m██████████[38;2;66;65;66m██[38;2;190;186;196m████[38;2;189;185;195m██[38;2;0;4;0m██  ██[38;2;189;185;195m██[38;2;66;65;66m██[38;2;189;185;195m██[38;2;66;65;66m██[38;2;189;185;195m██[38;2;66;65;66m██[38;2;189;185;195m████[38;2;179;175;185m██[38;2;66;65;74m██[38;2;234;230;240m██████████[38;2;245;241;251m██[38;2;246;242;252m██[38;2;193;189;199m██[38;2;234;230;240m██[38;2;190;186;196m██[38;2;189;185;195m██[38;2;0;4;0m██
██[38;2;66;64;66m██[38;2;189;185;195m████████[38;2;0;4;0m██[38;2;66;64;66m██[38;2;66;65;66m██[38;2;189;185;195m██[38;2;190;186;196m████[38;2;220;216;226m██[38;2;0;4;0m██    [38;2;0;4;8m██[38;2;68;64;54m██[38;2;189;185;195m██████[38;2;66;65;66m██[38;2;190;186;196m████[38;2;66;65;66m██[38;2;189;185;195m████[38;2;234;230;240m██████[38;2;239;235;245m████[38;2;189;185;195m██[38;2;66;65;66m██[38;2;190;186;196m████[38;2;189;185;195m██[38;2;0;4;0m██
  ██████████  ██[38;2;189;185;195m████[38;2;190;186;196m████[38;2;220;216;226m████[38;2;0;4;0m██  [38;2;0;4;8m██[38;2;190;186;196m██[38;2;66;65;66m██[38;2;189;185;195m████[38;2;66;65;66m██[38;2;190;186;196m████[38;2;66;65;66m██[38;2;189;185;195m██████[38;2;190;186;196m████[38;2;66;65;66m██████[38;2;189;185;195m██[38;2;190;186;196m████[38;2;189;185;195m██[38;2;0;4;0m██
              ██[38;2;190;186;196m██████[38;2;234;230;240m██████[38;2;229;225;235m██[38;2;0;0;0m██  [38;2;0;4;0m██[38;2;66;65;66m██[38;2;189;185;195m██[38;2;66;65;66m██[38;2;189;185;195m████[38;2;66;65;66m██[38;2;190;186;196m████████[38;2;189;185;195m██[38;2;66;65;66m██[38;2;189;185;195m████[38;2;190;186;196m████████[38;2;0;4;0m██  
              ██[38;2;234;230;240m████████████[38;2;154;150;160m██[38;2;229;225;235m██[38;2;0;4;0m██[38;2;66;64;66m██[38;2;189;185;195m████[38;2;66;65;66m██[38;2;189;185;195m████[38;2;66;65;66m██[38;2;190;186;196m████████[38;2;66;65;66m████████[38;2;190;186;196m████████[38;2;0;4;0m██  
            ██[38;2;239;235;245m██[38;2;234;230;240m████[38;2;245;241;251m████[38;2;234;230;240m██████[38;2;134;130;140m██[38;2;234;230;240m████[38;2;66;65;66m████[38;2;189;185;195m████[38;2;66;65;66m██[38;2;189;185;195m██████[38;2;66;65;66m████[38;2;189;185;195m████[38;2;183;179;189m████[38;2;66;65;66m████[38;2;189;185;195m██[38;2;0;4;0m██    
            ██[38;2;239;235;245m██[38;2;244;240;250m████[38;2;245;241;251m██[38;2;234;230;240m████████[38;2;134;130;140m██[38;2;234;230;240m██████[38;2;66;65;66m████[38;2;189;185;195m████████[38;2;66;65;66m██[38;2;189;185;195m██[38;2;66;65;66m██████[38;2;74;69;74m██[38;2;238;234;244m██[38;2;239;235;245m████[38;2;0;4;0m██      
            ██[38;2;234;230;240m██[38;2;244;240;250m██[38;2;234;230;240m██████[38;2;140;136;146m██[38;2;224;220;230m██[38;2;66;65;66m██[38;2;189;185;195m██[38;2;235;231;241m████[38;2;234;230;240m██████[38;2;66;65;66m██[38;2;189;185;195m████[38;2;66;65;66m██████[38;2;189;185;195m██[38;2;183;179;189m████[38;2;179;175;185m██[38;2;66;65;74m██[38;2;247;243;253m████[38;2;239;235;245m██[38;2;0;4;0m██    
              ██[38;2;234;230;240m████████[38;2;140;136;146m██[38;2;66;48;66m██[38;2;189;185;195m████[38;2;179;175;185m██[38;2;66;65;74m██[38;2;234;230;240m████████[38;2;66;65;66m████[38;2;189;185;195m██[38;2;66;65;66m██[38;2;189;185;195m██[38;2;66;65;66m██[38;2;74;69;74m██[38;2;238;234;244m██[38;2;235;231;241m████[38;2;66;65;66m██[38;2;247;243;253m██[38;2;239;235;245m██[38;2;0;4;0m██    
              ██[38;2;234;230;240m████[38;2;140;136;146m██[38;2;224;220;230m██[38;2;66;65;66m██[38;2;189;185;195m██████[38;2;66;65;66m██[38;2;189;185;195m████[38;2;234;230;240m██[38;2;238;234;244m██[38;2;183;179;189m██[38;2;66;65;66m██[38;2;247;243;253m██[38;2;238;234;244m██[38;2;191;187;197m██[38;2;66;65;66m██[38;2;187;183;193m██[38;2;238;234;244m██[38;2;66;65;66m██[38;2;242;238;248m████[38;2;247;243;253m██[38;2;66;65;66m██[38;2;234;230;240m██[38;2;0;4;0m██    
                ██[38;2;234;230;240m██[38;2;140;136;146m██[38;2;66;48;66m██[38;2;189;185;195m████[38;2;66;65;66m██[38;2;189;185;195m██[38;2;66;65;66m██[38;2;189;185;195m██████[38;2;183;179;189m██[38;2;74;69;74m██[38;2;247;243;253m████[38;2;238;234;244m████[38;2;66;65;66m██[38;2;247;243;253m██[38;2;238;234;244m████[38;2;66;65;66m██[38;2;242;238;248m██[38;2;247;243;253m██[38;2;66;65;66m██[38;2;0;4;0m██      
                ██[38;2;189;185;195m██[38;2;66;65;66m██[38;2;189;185;195m██████[38;2;68;64;54m██[38;2;190;186;196m██[38;2;189;185;195m████[38;2;184;180;190m██[38;2;74;60;57m██[38;2;66;65;66m██[38;2;234;230;240m████[38;2;244;240;250m██[38;2;239;235;245m██[38;2;66;65;66m██[38;2;244;240;250m████[38;2;245;241;251m████[38;2;66;65;66m██[38;2;234;230;240m████[38;2;0;4;0m██        
                  ██[38;2;189;185;195m██[38;2;66;65;66m██[38;2;234;230;240m██[38;2;189;185;195m██[38;2;68;64;54m██[38;2;0;4;8m██[38;2;189;185;195m██[38;2;66;65;66m██[38;2;74;60;57m██[38;2;121;138;223m██[38;2;234;230;240m████████[38;2;66;65;66m██[38;2;239;235;245m██[38;2;234;230;240m████[38;2;245;241;251m████[38;2;66;65;66m██[38;2;234;230;240m██[38;2;0;4;0m██          
                  ██[38;2;180;176;186m██[38;2;66;65;66m██[38;2;234;230;240m████[38;2;0;4;0m██  ██[38;2;164;179;255m██[38;2;163;178;255m████[38;2;120;137;222m██[38;2;213;220;255m██[38;2;66;65;66m████[38;2;111;128;213m████[38;2;234;230;240m████[38;2;229;225;235m██[38;2;78;74;84m██[38;2;0;4;0m████            
                ██[38;2;189;185;195m██[38;2;66;65;66m██[38;2;237;233;243m██[38;2;234;230;240m██[38;2;0;4;0m██  ██[38;2;164;179;255m████[38;2;163;178;255m████[38;2;74;56;57m████[38;2;164;179;255m████████[38;2;110;127;212m██[38;2;234;230;240m██[38;2;0;0;8m████                
                [38;2;0;4;0m████[38;2;225;221;231m██[38;2;150;146;156m██[38;2;234;230;240m██[38;2;0;4;0m██    ██████[38;2;66;64;66m██[38;2;164;179;255m██████████[38;2;0;4;0m██████                    
                    [38;2;0;0;0m████[38;2;0;4;0m██            ████████████                          
[0m