                [38;2;0;0;0m████████          
              ██[38;2;248;229;129m██████[38;2;193;140;35m██[38;2;0;0;0m██        
            ██[38;2;248;229;129m████████[38;2;193;140;35m██[38;2;220;176;64m██[38;2;0;0;0m██      
          ██[38;2;248;229;129m████████[38;2;193;140;35m██[38;2;220;176;64m████[38;2;193;140;35m██[38;2;0;0;0m██    
        ██[38;2;248;229;129m██████████[38;2;193;140;35m██[38;2;220;176;64m██████[38;2;0;0;0m██    
        ██[38;2;193;140;35m██[38;2;248;229;129m██████[38;2;193;140;35m██[38;2;220;176;64m████████[38;2;193;140;35m██[38;2;0;0;0m██  
      ██[38;2;65;65;65m██████[38;2;166;108;14m██[38;2;193;140;35m████[38;2;220;176;64m████[38;2;193;140;35m██[38;2;166;108;14m████[38;2;0;0;0m██  
    ██[38;2;230;94;101m████[38;2;65;65;65m████████████[38;2;193;140;35m██[38;2;166;108;14m██[38;2;193;140;35m████[38;2;0;0;0m██  
  ██[38;2;255;127;134m██[38;2;230;94;101m██[38;2;193;57;64m████[38;2;65;65;65m██[38;2;220;176;64m██[38;2;65;65;65m██████[38;2;193;140;35m██[38;2;166;108;14m██[38;2;65;65;65m████[38;2;193;140;35m██[38;2;0;0;0m██
██[38;2;255;127;134m██[38;2;230;94;101m████████[38;2;65;65;65m████[38;2;220;176;64m████[38;2;65;65;65m██[38;2;193;140;35m████[38;2;65;65;65m████[38;2;193;140;35m██[38;2;0;0;0m██
██[38;2;193;57;64m████[38;2;65;65;65m████[38;2;230;94;101m████[38;2;65;65;65m██████[38;2;193;140;35m████[38;2;65;65;65m██████[38;2;166;108;14m██[38;2;0;0;0m██
  ████[38;2;166;108;14m████[38;2;65;65;65m████[38;2;166;108;14m██[38;2;193;140;35m████[38;2;65;65;65m████[38;2;220;176;64m██████[38;2;65;65;65m██[38;2;0;0;0m██
      ██[38;2;193;140;35m██████████[38;2;65;65;65m██[38;2;220;176;64m████████[38;2;193;140;35m████[38;2;0;0;0m██
      ██[38;2;65;65;65m██[38;2;193;140;35m████████[38;2;65;65;65m██[38;2;220;176;64m████[38;2;193;140;35m████████[38;2;0;0;0m██
        ██[38;2;65;65;65m████[38;2;193;140;35m██████[38;2;65;65;65m████[38;2;193;140;35m████[38;2;166;108;14m██[38;2;0;0;0m██  
        ██[38;2;193;140;35m████[38;2;65;65;65m██[38;2;0;0;0m████[38;2;166;108;14m████[38;2;65;65;65m████[38;2;0;0;0m██    
          ██████    ██[38;2;193;140;35m██████[38;2;0;0;0m██    
                      ██████      
[0m