      [38;2;0;0;0m██████                          
    ██[38;2;65;65;65m██[38;2;196;172;99m████[38;2;0;0;0m██████  ██████            
    ██[38;2;196;172;99m████[38;2;153;129;56m██[38;2;65;65;65m██[38;2;241;217;144m██[38;2;153;129;56m██[38;2;0;0;0m██[38;2;103;177;253m██████[38;2;0;0;0m████        
    ██[38;2;65;65;65m██████[38;2;241;217;144m██████[38;2;65;65;65m██[38;2;103;177;253m██████████[38;2;0;0;0m██      
    ██[38;2;196;172;99m██[38;2;241;217;144m██[38;2;153;129;56m██[38;2;241;217;144m████[38;2;196;172;99m██[38;2;65;65;65m██[38;2;103;177;253m██[38;2;65;65;65m████[38;2;103;177;253m██████[38;2;0;0;0m██    
  ██[38;2;196;172;99m██[38;2;241;217;144m██[38;2;196;172;99m██[38;2;241;217;144m██[38;2;153;129;56m██[38;2;196;172;99m██[38;2;65;65;65m██[38;2;103;177;253m██████████████[38;2;0;0;0m██    
  ██[38;2;65;65;65m██[38;2;241;217;144m██[38;2;196;172;99m██[38;2;241;217;144m██[38;2;65;65;65m██[38;2;241;217;144m██[38;2;65;65;65m██[38;2;103;177;253m████████████[38;2;241;217;144m████[38;2;0;0;0m██  
  ██[38;2;241;217;144m██[38;2;65;65;65m██████[38;2;241;217;144m████[38;2;196;172;99m██[38;2;65;65;65m██[38;2;103;177;253m██████████[38;2;241;217;144m████[38;2;0;0;0m██  
██[38;2;247;239;189m██████[38;2;241;217;144m██[38;2;132;115;90m██[38;2;0;0;0m██[38;2;214;214;214m██[38;2;196;172;99m██[38;2;65;65;65m██[38;2;241;217;144m██[38;2;103;177;253m████[38;2;241;217;144m████████[38;2;0;0;0m██  
██[38;2;247;239;189m████████[38;2;132;115;90m██[38;2;255;255;255m████[38;2;65;65;65m██[38;2;241;217;144m██████████[38;2;103;177;253m██[38;2;241;217;144m██[38;2;196;172;99m████[38;2;0;0;0m██
██[38;2;247;239;189m████████[38;2;218;194;121m██[38;2;132;115;90m████[38;2;196;172;99m██[38;2;153;129;56m██[38;2;241;217;144m██[38;2;103;177;253m████[38;2;241;217;144m████[38;2;196;172;99m██████[38;2;0;0;0m██
  ██[38;2;247;239;189m████[38;2;218;194;121m██[38;2;153;129;56m██[38;2;65;65;65m██[38;2;196;172;99m████████[38;2;241;217;144m████[38;2;196;172;99m██████[38;2;65;65;65m██[38;2;196;172;99m██[38;2;0;0;0m██
    ████[38;2;65;65;65m████[38;2;153;129;56m████[38;2;196;172;99m██████████████[38;2;218;194;121m██[38;2;65;65;65m██[38;2;196;172;99m██[38;2;0;0;0m██
        ██[38;2;153;129;56m████[38;2;218;194;121m██[38;2;153;129;56m████[38;2;196;172;99m██████[38;2;65;65;65m██[38;2;218;194;121m██[38;2;65;65;65m██[38;2;196;172;99m██[38;2;0;0;0m██  
        ██[38;2;65;65;65m██[38;2;153;129;56m██[38;2;65;65;65m██[38;2;218;194;121m████[38;2;65;65;65m██[38;2;196;172;99m██████[38;2;65;65;65m██[38;2;0;0;0m████    
          ██████████[38;2;196;172;99m████████[38;2;65;65;65m██        
                  [38;2;0;0;0m██[38;2;153;129;56m██[38;2;196;172;99m████[38;2;153;129;56m██[38;2;0;0;0m██        
                    ████████          
[0m