                        [38;2;0;0;0m████                          
                    ████[38;2;255;227;41m████[38;2;0;0;0m████                      
                ████[38;2;206;180;1m████[38;2;112;97;22m████[38;2;206;180;1m████[38;2;0;0;0m████                  
              ██[38;2;198;178;25m██[38;2;121;100;6m██[38;2;118;100;13m██[38;2;229;214;35m██[38;2;231;218;50m████[38;2;205;180;1m████[38;2;206;180;1m██[38;2;156;127;1m██[38;2;0;0;0m██                
            ██[38;2;206;180;1m██[38;2;121;100;6m██[38;2;255;235;49m██[38;2;255;190;74m██[38;2;118;100;13m██[38;2;231;218;50m██████[38;2;205;180;1m██[38;2;206;180;1m████[38;2;156;127;1m██[38;2;0;0;0m██              
            ██[38;2;206;180;1m██[38;2;114;95;9m██[38;2;255;186;49m████[38;2;114;95;9m██[38;2;231;218;50m████[38;2;206;180;1m████████[38;2;156;127;1m██[38;2;0;0;0m██              
          ██[38;2;206;180;1m████[38;2;210;189;18m██[38;2;114;95;9m████[38;2;210;189;18m██[38;2;205;180;1m████[38;2;206;180;1m████████[38;2;156;127;1m████[38;2;0;0;0m██            
          ██[38;2;206;180;1m████████████████████████[38;2;156;127;1m████[38;2;0;0;0m██            
          ██[38;2;112;97;22m██[38;2;206;180;1m████[38;2;66;65;66m████[38;2;206;180;1m██████[38;2;112;97;22m████[38;2;206;180;1m██[38;2;156;127;1m██████[38;2;0;0;0m██            
          ██[38;2;144;116;1m████[38;2;66;65;66m██[38;2;206;180;1m████[38;2;112;97;22m██[38;2;200;173;1m██[38;2;107;90;13m██[38;2;206;180;1m████[38;2;112;97;22m██[38;2;152;123;1m██[38;2;156;127;1m████[38;2;0;0;0m██            
          ██[38;2;189;190;189m██[38;2;144;116;1m██[38;2;66;65;66m██[38;2;206;180;1m████[38;2;112;97;22m██[38;2;176;147;0m██[38;2;200;173;1m██[38;2;206;180;1m██[38;2;156;127;1m██[38;2;152;123;1m██[38;2;112;97;22m██[38;2;156;127;1m████[38;2;0;0;0m██            
            [38;2;0;8;8m██[38;2;60;51;4m██[38;2;205;180;1m████[38;2;206;180;1m██[38;2;156;127;1m██[38;2;112;97;22m██[38;2;255;255;255m██[38;2;8;4;8m██[38;2;172;171;172m██[38;2;152;123;1m██[38;2;112;97;22m██[38;2;156;127;1m██[38;2;0;0;0m██              
            [38;2;0;8;8m██[38;2;165;138;3m██[38;2;231;218;50m██[38;2;205;180;1m██[38;2;206;180;1m██[38;2;156;127;1m██[38;2;112;97;22m██[38;2;255;255;255m██████[38;2;152;123;1m██[38;2;112;97;22m██[38;2;156;127;1m██[38;2;0;0;0m██              
          ██[38;2;174;151;11m██[38;2;218;195;4m██[38;2;206;180;1m████[38;2;156;127;1m████[38;2;152;123;1m██[38;2;112;97;22m██[38;2;255;255;255m██[38;2;129;105;6m██[38;2;112;97;22m██[38;2;152;123;1m██[38;2;0;0;0m██                
    ██    ██[38;2;174;151;11m██[38;2;66;48;49m██[38;2;66;65;66m██[38;2;206;180;1m██[38;2;156;127;1m████[38;2;152;123;1m████[38;2;129;105;6m████[38;2;152;123;1m████[38;2;66;65;66m██[38;2;0;0;0m██████          
  ██[38;2;231;218;50m██[38;2;0;0;0m██    ██[38;2;156;127;1m██[38;2;164;136;1m████[38;2;66;65;66m██[38;2;156;127;1m████████████[38;2;66;65;66m██[38;2;112;97;22m██[38;2;152;123;1m██████[38;2;0;0;0m██        
  ██[38;2;231;218;50m██[38;2;0;0;0m██      ██[38;2;0;20;24m██[38;2;43;37;10m██[38;2;156;127;1m██████████████[38;2;66;65;66m██[38;2;152;123;1m██[38;2;112;97;22m██████[38;2;156;127;1m██[38;2;0;0;0m██      
██[38;2;206;180;1m██[38;2;197;176;17m██[38;2;225;208;23m██[38;2;0;0;0m████      ██[38;2;206;180;1m██[38;2;156;127;1m██████[38;2;206;180;1m██[38;2;156;127;1m██████[38;2;66;65;66m██[38;2;156;127;1m██████[38;2;66;65;66m████[38;2;0;4;0m████  
[38;2;0;0;0m██[38;2;206;180;1m██[38;2;111;92;8m██[38;2;197;176;17m██[38;2;220;201;17m████[38;2;0;0;0m██████[38;2;206;180;1m██████████[38;2;156;127;1m██████████[38;2;66;65;66m██████[38;2;156;127;1m████[38;2;97;78;1m██[38;2;171;144;0m██[38;2;0;0;0m██
  ██[38;2;247;243;49m██[38;2;112;97;22m██[38;2;206;180;1m████████████████████[38;2;156;127;1m████████[38;2;66;60;57m██[38;2;180;159;22m██[38;2;156;127;1m████[38;2;152;123;1m████[38;2;156;127;1m████[38;2;0;0;0m██
  ██[38;2;189;154;57m██[38;2;112;97;22m██[38;2;156;127;1m██[38;2;206;180;1m██████[38;2;156;127;1m████[38;2;206;180;1m████[38;2;156;127;1m██[38;2;206;180;1m██[38;2;156;127;1m██████[38;2;66;65;66m██[38;2;222;202;13m██[38;2;66;60;57m██[38;2;156;127;1m████[38;2;112;97;22m██[38;2;152;123;1m██[38;2;156;127;1m██[38;2;0;0;0m██  
    ██[38;2;156;127;1m██[38;2;139;107;36m████[38;2;112;93;8m██[38;2;170;147;13m██[38;2;164;136;1m██[38;2;92;73;1m██[38;2;156;127;1m████[38;2;112;97;22m██[38;2;197;170;1m██[38;2;206;180;1m██[38;2;156;127;1m██[38;2;66;65;66m██[38;2;231;218;50m██[38;2;229;215;44m██[38;2;152;123;1m██[38;2;76;56;57m██[38;2;115;81;82m██[38;2;189;142;66m██[38;2;0;0;0m████    
      ██[38;2;24;0;16m██[38;2;255;215;57m██[38;2;206;121;60m██[38;2;112;93;8m██[38;2;164;136;1m██[38;2;0;8;8m██[38;2;0;0;0m████[38;2;112;97;22m██[38;2;176;149;1m██[38;2;206;180;1m████[38;2;231;218;50m████[38;2;202;178;7m██[38;2;152;123;1m██[38;2;76;56;57m██[38;2;0;8;8m██[38;2;0;0;0m██        
          ████████      ██[38;2;156;127;1m██[38;2;176;149;1m████[38;2;206;180;1m████[38;2;156;127;1m████[38;2;0;0;0m██            
                          ████[38;2;176;149;1m██[38;2;112;97;22m████[38;2;156;127;1m██[38;2;0;0;0m██              
                              ██[38;2;255;235;57m██[38;2;170;156;40m██[38;2;0;0;0m██                
                                [38;2;0;0;8m████                  
[0m