                            [38;2;0;4;0m██████████                    
                      ████[38;2;0;8;8m██[38;2;138;111;228m██[38;2;96;83;160m████[38;2;144;110;228m████[38;2;0;4;0m██████              
                  ████[38;2;62;79;156m████[38;2;138;111;228m██[38;2;94;77;152m██[38;2;144;111;228m████[38;2;54;64;135m████[38;2;53;64;138m████[38;2;144;110;228m██[38;2;0;4;0m████          
                ██[38;2;65;76;155m████[38;2;144;111;228m████[38;2;96;83;160m██[38;2;144;111;228m██[38;2;144;110;228m██[38;2;54;64;135m██[38;2;64;77;158m████████[38;2;54;64;135m██[38;2;144;110;228m████[38;2;0;4;0m██        
            ████[38;2;144;110;228m██████[38;2;144;111;228m██[38;2;96;83;160m██[38;2;144;111;228m████[38;2;144;110;228m████[38;2;54;64;135m████████[38;2;144;110;228m████████[38;2;0;4;0m██      
          ██[38;2;171;100;112m██[38;2;66;65;66m██[38;2;144;110;228m██████[38;2;54;64;135m████[38;2;144;111;228m██[38;2;72;55;76m██[38;2;144;110;228m████[38;2;142;111;228m████████████████[38;2;133;113;220m██[38;2;0;16;33m██    
          [38;2;0;4;0m██[38;2;171;100;112m██[38;2;66;65;66m██[38;2;144;110;228m████[38;2;54;64;135m██[38;2;64;77;158m████[38;2;72;55;76m██[38;2;215;98;114m██[38;2;66;65;66m██[38;2;144;110;228m██[38;2;142;111;228m████████████████[38;2;133;113;220m██[38;2;65;62;110m██[38;2;0;4;0m██  
          [38;2;0;8;16m██[38;2;171;100;112m██[38;2;66;65;66m██[38;2;144;110;228m██████[38;2;57;67;115m████[38;2;66;65;66m██[38;2;215;98;114m██[38;2;66;65;66m██[38;2;144;110;228m██████████████[38;2;144;111;228m████[38;2;140;109;228m██[38;2;54;58;135m██[38;2;0;4;0m██  
  ████  ██[38;2;58;42;43m██[38;2;171;100;112m██[38;2;66;65;66m██[38;2;144;110;228m████[38;2;66;65;66m██[38;2;144;110;228m██[38;2;57;67;115m██[38;2;215;98;114m██[38;2;66;65;66m██[38;2;144;110;228m██████[38;2;54;64;135m██[38;2;59;63;106m████[38;2;54;64;135m████[38;2;144;111;228m██[38;2;96;83;160m██[38;2;140;109;228m██[38;2;101;95;175m██[38;2;53;63;140m██[38;2;0;4;0m██
██[38;2;171;100;112m████[38;2;7;1;18m██[38;2;96;83;163m██[38;2;66;65;66m██[38;2;176;92;103m██[38;2;66;65;66m██[38;2;144;110;228m██[38;2;66;65;66m██[38;2;126;116;140m██[38;2;66;65;66m██[38;2;215;98;114m████[38;2;66;65;66m██[38;2;144;110;228m████[38;2;66;65;66m████[38;2;215;98;114m██[38;2;66;65;66m██[38;2;58;74;163m██[38;2;60;70;130m██[38;2;54;64;135m██[38;2;136;102;220m██[38;2;96;83;160m██[38;2;144;111;228m██[38;2;84;52;97m██[38;2;0;8;8m██
  [38;2;0;4;0m██[38;2;171;100;112m██[38;2;209;92;86m██[38;2;79;43;35m██[38;2;66;65;66m██[38;2;176;92;103m██[38;2;66;65;66m████[38;2;126;116;140m██[38;2;66;65;66m████[38;2;215;98;114m██[38;2;66;65;66m████████[38;2;215;98;114m████████[38;2;66;65;66m██[38;2;58;74;163m██[38;2;54;64;135m██[38;2;100;93;168m██[38;2;144;111;228m██[38;2;96;83;160m██[38;2;120;77;147m██[38;2;0;8;8m██
    [38;2;0;4;0m████[38;2;171;100;112m██[38;2;170;98;110m████[38;2;66;65;66m██[38;2;83;81;90m████[38;2;66;65;66m██[38;2;212;97;110m████[38;2;66;65;66m██[38;2;215;98;114m████████[38;2;61;71;95m██[38;2;66;65;66m████[38;2;64;77;158m████[38;2;55;59;125m██[38;2;135;95;220m██[38;2;96;83;163m████[38;2;107;93;160m██[38;2;0;8;0m██
        [38;2;0;4;0m██[38;2;170;98;110m████[38;2;66;65;66m██[38;2;122;118;141m████[38;2;66;65;66m██[38;2;212;97;110m████[38;2;215;98;114m████[38;2;66;65;66m████[38;2;61;71;95m████[38;2;64;77;158m██████[38;2;54;64;135m██[38;2;102;89;169m████[38;2;96;83;163m████[38;2;76;65;106m██[38;2;0;8;0m██
          [38;2;0;0;0m██[38;2;82;83;82m██[38;2;66;65;66m██[38;2;83;81;90m██[38;2;66;65;66m██[38;2;215;98;114m██[38;2;212;97;110m██[38;2;69;53;55m██[38;2;66;65;66m████[38;2;245;240;240m██[38;2;66;65;66m██[38;2;95;82;164m██[38;2;59;63;106m██[38;2;54;64;135m██████[38;2;97;83;163m██[38;2;96;83;163m████[38;2;98;82;163m████[38;2;0;4;0m██  
          [38;2;0;0;0m██[38;2;246;252;246m██[38;2;66;65;66m██[38;2;122;118;141m██[38;2;66;65;66m████[38;2;69;53;55m██[38;2;245;210;208m██[38;2;160;248;218m██[38;2;66;65;66m██[38;2;245;240;240m████[38;2;59;63;106m██[38;2;95;82;164m██[38;2;97;83;163m████████[38;2;96;83;163m████[38;2;0;4;0m████    
          ██[38;2;160;248;218m██[38;2;249;243;255m██[38;2;69;53;127m██[38;2;82;68;136m██[38;2;247;245;255m██[38;2;156;246;214m██[38;2;255;255;255m██[38;2;174;222;198m██[38;2;80;76;117m██[38;2;255;247;250m██[38;2;194;185;188m██[38;2;66;65;66m████[38;2;96;83;160m██████[38;2;0;4;0m██████        
        ██  ██[38;2;131;118;169m████[38;2;135;127;175m██[38;2;82;68;136m██[38;2;255;255;255m██[38;2;156;246;214m██[38;2;80;76;117m██[38;2;174;222;198m██[38;2;194;185;188m██[38;2;74;67;74m██[38;2;83;77;94m██[38;2;66;65;66m██[38;2;65;69;65m██[38;2;78;72;96m██[38;2;0;4;0m██              
      ██[38;2;80;76;94m██[38;2;0;4;0m██[38;2;80;76;94m██[38;2;66;64;63m██[38;2;199;189;187m██[38;2;98;84;164m██[38;2;199;189;187m██[38;2;98;84;164m████[38;2;199;189;187m██[38;2;69;67;76m██[38;2;66;65;66m██[38;2;83;77;94m██[38;2;56;56;66m██[38;2;82;81;99m██[38;2;80;76;94m██[38;2;0;4;0m██    ██          
      ██[38;2;80;76;94m██████[38;2;0;4;0m████[38;2;199;189;187m████[38;2;66;65;66m████[38;2;69;67;76m████[38;2;83;77;94m████[38;2;82;81;99m██[38;2;0;8;8m██[38;2;80;76;94m████[38;2;0;4;0m████[38;2;122;118;141m██[38;2;0;4;0m██        
    ██[38;2;80;76;94m██████[38;2;0;4;0m██    ██████[38;2;80;76;94m██[38;2;83;77;94m████[38;2;82;81;99m████[38;2;0;4;0m██  ████[38;2;80;74;88m████[38;2;122;118;141m██[38;2;0;4;0m██        
    ██[38;2;80;76;94m██[38;2;0;4;0m██[38;2;80;76;94m██[38;2;0;4;0m██          ██[38;2;66;65;66m████[38;2;56;56;66m██[38;2;0;8;8m██        [38;2;0;4;0m██[38;2;119;112;133m██[38;2;83;79;93m██[38;2;122;118;141m██[38;2;0;4;0m██      
      ██  ██      ██      [38;2;0;8;8m██[38;2;82;81;99m██[38;2;83;77;94m██[38;2;66;65;66m██[38;2;0;4;0m██        ██[38;2;122;118;141m██████[38;2;0;4;0m██    
                ██[38;2;80;76;94m██[38;2;0;4;0m██  ██[38;2;56;56;66m██[38;2;82;81;99m██[38;2;83;77;94m████[38;2;0;4;0m██  ██    ██[38;2;122;118;141m██[38;2;0;4;0m██[38;2;122;118;141m██[38;2;0;4;0m██    
                ██[38;2;80;76;94m████[38;2;0;8;8m██[38;2;82;81;99m██[38;2;98;84;164m██[38;2;66;65;66m██[38;2;61;56;74m██[38;2;114;104;151m██[38;2;80;74;88m██[38;2;0;4;0m██[38;2;122;118;141m██[38;2;0;4;0m██    ██  ██      
                  ██[38;2;80;76;94m██[38;2;82;81;99m██[38;2;56;56;66m██[38;2;66;65;66m██[38;2;98;84;164m██[38;2;114;104;151m██[38;2;0;12;8m██[38;2;119;112;133m██[38;2;80;74;88m██[38;2;122;118;141m██[38;2;0;4;0m██                
                ██[38;2;98;84;164m██[38;2;66;65;66m██[38;2;83;77;94m████[38;2;66;63;66m██[38;2;0;4;0m████  ██[38;2;122;118;141m████[38;2;83;81;90m██[38;2;0;4;0m██              
                ██[38;2;66;65;66m██[38;2;98;84;164m██[38;2;66;65;66m██[38;2;83;77;94m██[38;2;0;4;0m██    ██[38;2;122;118;141m████[38;2;66;65;66m████[38;2;80;76;94m██[38;2;0;4;0m██            
                  ██[38;2;171;100;112m████[38;2;0;4;0m██      ██[38;2;103;93;144m██[38;2;58;55;71m██[38;2;148;104;211m████[38;2;56;43;76m██[38;2;0;12;8m██            
                    [38;2;0;4;0m██[38;2;171;100;112m██[38;2;0;4;0m██        [38;2;0;24;24m██[38;2;148;129;219m██[38;2;84;68;189m██[38;2;245;87;92m██[38;2;148;116;228m██[38;2;0;12;8m██            
                    [38;2;0;4;0m██[38;2;171;100;112m██[38;2;0;4;0m██          ██[38;2;215;98;114m██[38;2;178;92;101m██[38;2;215;98;114m██[38;2;0;4;0m██            
                      ██            ██[38;2;215;98;114m██[38;2;178;92;101m██[38;2;0;4;0m██              
                                      ██[38;2;215;98;114m██[38;2;0;4;0m██              
                                        ██                
[0m