          [38;2;0;0;0m████████                
        ██[38;2;65;65;65m██[38;2;147;147;221m████[38;2;65;65;65m██[38;2;0;0;0m██              
  ████  ██[38;2;147;147;221m████████[38;2;65;65;65m██[38;2;0;0;0m██            
  ██[38;2;147;147;221m██[38;2;0;0;0m████[38;2;188;254;238m██[38;2;205;197;255m████[38;2;147;147;221m████[38;2;0;0;0m██            
    ██[38;2;65;65;65m██[38;2;188;254;238m██[38;2;65;65;65m██[38;2;188;254;238m████[38;2;205;197;255m██[38;2;0;0;0m██████████      
  ██[38;2;147;147;221m██[38;2;188;254;238m██[38;2;65;65;65m████[38;2;188;254;238m████[38;2;65;65;65m██[38;2;188;254;238m██████[38;2;147;147;221m██[38;2;0;0;0m██      
  ████[38;2;65;65;65m██[38;2;188;254;238m████[38;2;135;213;194m██[38;2;65;65;65m██[38;2;188;254;238m██[38;2;65;65;65m██████[38;2;0;0;0m██        
      ██[38;2;188;254;238m████████[38;2;65;65;65m██[38;2;188;254;238m████[38;2;0;0;0m██          
    ██[38;2;188;254;238m██████[38;2;135;213;194m██[38;2;188;254;238m████[38;2;65;65;65m████[38;2;147;147;221m██[38;2;0;0;0m██        
    ██[38;2;135;213;194m██[38;2;188;254;238m██[38;2;135;213;194m██[38;2;255;255;255m██[38;2;135;213;194m██[38;2;147;147;221m██[38;2;188;254;238m██[38;2;0;0;0m██████        
  ██[38;2;255;189;189m████[38;2;65;65;65m██[38;2;188;254;238m██[38;2;0;0;0m██[38;2;188;254;238m██████[38;2;0;0;0m██            
██[38;2;197;139;139m██[38;2;255;189;189m██[38;2;197;139;139m██[38;2;65;65;65m██[38;2;188;254;238m██████████[38;2;0;0;0m████          
██[38;2;255;189;189m██[38;2;65;65;65m████[38;2;188;254;238m████████[38;2;110;187;168m██[38;2;188;254;238m████[38;2;110;187;168m██[38;2;0;0;0m██        
████[38;2;135;213;194m██[38;2;65;65;65m██[38;2;188;254;238m██████[38;2;110;187;168m██[38;2;188;254;238m████████[38;2;0;0;0m██        
  ██[38;2;135;213;194m██[38;2;65;65;65m██[38;2;188;254;238m██████[38;2;110;187;168m██[38;2;188;254;238m████████[38;2;0;0;0m████████  
    ██[38;2;135;213;194m██[38;2;65;65;65m██[38;2;188;254;238m████[38;2;135;213;194m██[38;2;65;65;65m██[38;2;188;254;238m████████[38;2;205;197;255m██[38;2;176;168;226m██[38;2;147;147;221m██[38;2;0;0;0m██
      ████[38;2;65;65;65m██[38;2;135;213;194m██████[38;2;65;65;65m██[38;2;188;254;238m████[38;2;205;197;255m██[38;2;176;168;226m██[38;2;147;147;221m████[38;2;0;0;0m██
          ██[38;2;65;65;65m████[38;2;135;213;194m████[38;2;65;65;65m██████[38;2;147;147;221m████[38;2;0;0;0m██  
        ████[38;2;197;139;139m██[38;2;0;0;0m██[38;2;65;65;65m██[38;2;197;139;139m██[38;2;110;187;168m██████[38;2;65;65;65m████[38;2;0;0;0m██  
      ██[38;2;197;139;139m████[38;2;0;0;0m██  ██[38;2;197;139;139m██[38;2;0;0;0m████[38;2;110;187;168m██████[38;2;135;213;194m██[38;2;0;0;0m██
        ████  ██[38;2;197;139;139m██[38;2;0;0;0m██    ████████  
            ██[38;2;255;189;189m██[38;2;197;139;139m██[38;2;255;189;189m██[38;2;0;0;0m██            
              ██████              
[0m