      [38;2;0;0;0m████████                                                                            
      ██[38;2;255;255;255m██████[38;2;0;0;0m██████                                                                      
        ██[38;2;255;223;232m██████████[38;2;0;0;0m██████                                                                
        ██[38;2;255;223;232m████████████[38;2;255;224;234m████[38;2;0;0;0m████                  ██████                                    
      ██[38;2;255;223;232m██[38;2;126;127;111m██████████[38;2;255;223;232m██[38;2;255;224;234m████[38;2;255;223;232m████[38;2;0;0;0m████          ████[38;2;197;153;166m████[38;2;0;0;0m██                      ██████████    
    ██[38;2;255;224;234m████████[38;2;255;223;232m████[38;2;255;226;235m██[38;2;125;123;117m██[38;2;126;127;111m██[38;2;255;223;232m██████[38;2;255;224;234m████[38;2;0;0;0m████  ████[38;2;197;153;166m██[38;2;198;154;167m████[38;2;197;153;166m██[38;2;0;0;0m██            [38;2;0;4;0m████[38;2;0;0;0m██████[38;2;255;244;247m████████[38;2;0;0;0m██    
    ██[38;2;223;179;192m████████[38;2;65;64;65m████[38;2;74;68;57m██[38;2;255;226;235m██[38;2;255;223;232m██[38;2;126;127;111m██████[38;2;255;224;234m████[38;2;255;223;232m████[38;2;0;0;0m██[38;2;65;64;65m██[38;2;197;153;166m████[38;2;198;154;167m██[38;2;126;127;109m██[38;2;0;0;0m██      ████████[38;2;113;69;82m██[38;2;255;248;250m██[38;2;255;244;247m████████████[38;2;0;0;0m██      
      ██[38;2;223;179;192m██[38;2;131;40;53m██[38;2;65;64;65m██[38;2;255;101;65m██[38;2;0;16;16m██[38;2;168;135;127m██[38;2;82;56;49m██[38;2;255;223;232m████[38;2;82;80;65m██[38;2;255;244;247m██[38;2;65;64;65m████[38;2;255;223;232m████[38;2;255;224;234m████[38;2;65;64;65m██[38;2;211;167;180m██[38;2;126;118;115m██[38;2;207;163;176m██[38;2;0;0;0m██  ████[38;2;255;223;232m████[38;2;255;235;241m██[38;2;93;98;93m██[38;2;255;244;247m████████████████[38;2;0;0;0m██      
      ██[38;2;223;179;192m██[38;2;131;40;53m████[38;2;84;44;32m██[38;2;255;101;65m██[38;2;82;56;49m██[38;2;255;214;205m██[38;2;255;223;232m██[38;2;82;80;65m██[38;2;255;244;247m████████[38;2;65;64;65m████[38;2;255;224;234m████[38;2;211;167;180m██[38;2;65;64;65m██[38;2;62;62;58m██[38;2;0;8;0m██  [38;2;0;0;0m██[38;2;65;64;65m████[38;2;110;66;79m████[38;2;93;98;93m██[38;2;255;235;241m██[38;2;255;244;247m████████[38;2;95;96;95m████[38;2;117;73;86m██[38;2;8;8;8m██        
  [38;2;0;0;0m████  ██[38;2;189;68;131m████[38;2;197;64;123m██[38;2;82;48;41m██[38;2;255;239;244m██[38;2;65;64;65m████[38;2;255;223;232m██[38;2;65;64;65m██[38;2;255;244;247m██[38;2;228;113;161m██████[38;2;255;244;247m██[38;2;65;64;65m████[38;2;223;179;192m██████[38;2;65;64;65m██[38;2;8;0;8m██[38;2;255;233;240m██[38;2;255;244;247m██[38;2;228;113;161m██[38;2;229;113;161m██[38;2;65;64;65m██[38;2;255;244;247m██[38;2;110;66;79m██[38;2;95;96;95m████████[38;2;255;244;247m████[38;2;0;0;0m██          
██[38;2;223;179;192m████[38;2;0;0;0m██[38;2;65;64;65m██[38;2;74;52;49m██[38;2;112;58;76m██[38;2;120;53;68m████[38;2;65;64;65m██[38;2;255;239;244m██[38;2;255;223;232m████[38;2;65;64;65m██[38;2;255;244;247m████[38;2;228;113;161m██████[38;2;229;113;161m████[38;2;65;64;65m████[38;2;223;179;192m██[38;2;65;64;65m██[38;2;187;88;129m████[38;2;255;244;247m████[38;2;229;113;161m████[38;2;110;66;79m██[38;2;255;244;247m██████████[38;2;117;73;86m██[38;2;8;8;8m██            
  [38;2;0;0;0m██[38;2;223;179;192m██[38;2;222;178;191m██[38;2;129;128;122m██[38;2;222;178;191m██[38;2;63;62;58m██[38;2;255;251;252m████[38;2;255;224;234m████[38;2;255;218;229m██[38;2;65;64;65m██[38;2;255;244;247m████████[38;2;228;113;161m████[38;2;255;244;247m████[38;2;228;113;161m████[38;2;65;64;65m████[38;2;228;113;161m████[38;2;183;147;128m██[38;2;98;89;106m██[38;2;90;97;98m██[38;2;199;111;88m██[38;2;254;210;223m██[38;2;65;64;65m██[38;2;95;96;95m████[38;2;90;90;90m████[38;2;255;244;247m██[38;2;0;0;0m██            
    ██████[38;2;129;128;121m██[38;2;222;178;191m██[38;2;112;68;81m██[38;2;0;0;0m██[38;2;255;224;234m████[38;2;65;64;65m██[38;2;204;160;173m██[38;2;65;64;65m██[38;2;255;244;247m██████████[38;2;228;113;161m████[38;2;255;244;247m████[38;2;65;64;65m██[38;2;255;244;247m████[38;2;228;113;161m██[38;2;98;89;106m██[38;2;255;186;164m██[38;2;189;97;123m██[38;2;90;97;98m██[38;2;254;210;223m██[38;2;65;64;65m██[38;2;255;244;247m████[38;2;255;248;250m██[38;2;8;12;8m██[38;2;0;0;0m██              
          ██████  ████[38;2;200;156;169m██[38;2;60;60;65m██[38;2;126;118;117m██[38;2;65;68;65m██[38;2;63;62;58m██[38;2;255;242;246m██[38;2;255;244;247m██████[38;2;228;113;161m████[38;2;255;244;247m██[38;2;65;64;65m██[38;2;255;244;247m██████[38;2;90;93;98m██[38;2;255;137;98m██[38;2;255;250;238m██[38;2;98;97;90m██[38;2;228;113;161m████[38;2;65;64;65m██[38;2;0;0;0m████                  
                      [38;2;0;8;8m██[38;2;60;60;65m██[38;2;203;159;172m██[38;2;65;68;65m██[38;2;128;124;120m██[38;2;63;62;58m██[38;2;65;64;65m██[38;2;255;244;247m██████[38;2;228;113;161m████[38;2;65;64;65m████[38;2;255;244;247m██[38;2;228;113;161m██[38;2;90;93;98m██[38;2;200;122;98m██[38;2;228;184;197m██[38;2;98;97;90m██[38;2;228;113;161m████[38;2;0;0;0m██                      
                        ██[38;2;166;67;75m██[38;2;65;64;65m██[38;2;126;127;109m██[38;2;65;64;65m██[38;2;255;218;229m██[38;2;74;68;57m██[38;2;255;238;243m██[38;2;134;118;134m██[38;2;65;68;65m████[38;2;254;210;223m██[38;2;65;64;65m██[38;2;229;113;161m████[38;2;213;107;148m██[38;2;98;72;98m██[38;2;95;95;95m██[38;2;229;113;161m██[38;2;254;210;223m██[38;2;0;0;0m██                        
                        ██[38;2;166;67;75m██[38;2;65;64;65m██[38;2;126;127;109m██[38;2;65;64;65m██[38;2;255;218;229m██[38;2;128;121;115m██[38;2;74;60;74m████[38;2;123;121;117m██[38;2;255;217;228m██[38;2;254;210;223m████[38;2;65;64;65m██[38;2;229;113;161m██[38;2;213;107;148m██[38;2;250;206;219m██[38;2;229;113;161m████[38;2;254;210;223m██[38;2;104;60;73m██[38;2;0;0;0m██                      
                          ██[38;2;197;153;166m██[38;2;65;64;65m██[38;2;126;127;109m██[38;2;65;64;74m██[38;2;128;129;118m██[38;2;254;210;223m████[38;2;126;125;109m████[38;2;254;210;223m████[38;2;65;64;65m████[38;2;254;210;223m████[38;2;190;91;132m██[38;2;74;60;74m██[38;2;74;68;74m██[38;2;255;244;247m████[38;2;0;0;0m██                    
                            ██[38;2;126;127;109m████[38;2;87;87;87m██[38;2;65;64;74m██[38;2;126;125;109m██[38;2;254;210;223m████[38;2;126;125;109m██[38;2;65;64;65m████[38;2;126;127;109m████[38;2;65;64;65m████[38;2;74;60;74m██[38;2;255;238;243m██[38;2;255;244;247m██[38;2;188;144;157m██[38;2;193;149;162m██[38;2;255;244;247m██[38;2;0;0;0m██                  
                        ██[38;2;0;0;8m██[38;2;128;129;118m██[38;2;126;125;110m██[38;2;78;89;106m████[38;2;126;125;110m██[38;2;65;64;65m████████[38;2;126;127;109m████[38;2;126;101;115m██[38;2;65;68;65m██[38;2;74;60;74m██[38;2;255;238;243m██[38;2;255;244;247m██[38;2;197;153;166m████[38;2;255;244;247m████[38;2;0;0;0m██                    
                    ████[38;2;126;125;110m██[38;2;128;129;118m██[38;2;86;87;81m██[38;2;78;89;106m████[38;2;126;125;110m████[38;2;65;64;65m██[38;2;126;127;109m██████[38;2;65;64;65m████[38;2;65;68;65m██[38;2;192;119;124m██[38;2;134;118;134m██[38;2;74;60;74m██[38;2;197;153;166m██[38;2;255;244;247m████[38;2;197;153;166m██[38;2;193;149;162m████[38;2;0;0;0m██              ██  
                  ██[38;2;222;178;191m██[38;2;64;63;61m██[38;2;129;128;122m██[38;2;65;64;65m██[38;2;126;127;109m██████[38;2;65;60;65m████[38;2;126;127;109m██[38;2;65;64;65m██████[38;2;255;255;255m██[38;2;248;162;195m██[38;2;255;255;255m██[38;2;178;77;115m██[38;2;229;113;161m████[38;2;65;60;65m██[38;2;208;164;177m██[38;2;194;150;163m██[38;2;255;244;247m██[38;2;255;241;245m████[38;2;0;0;0m██            ██[38;2;255;229;237m██[38;2;0;0;0m██
                ██[38;2;222;178;191m██[38;2;129;128;122m██[38;2;222;178;191m██[38;2;64;63;61m██[38;2;126;127;109m██[38;2;65;64;65m██████[38;2;250;155;184m██[38;2;215;109;149m██[38;2;65;64;65m██[38;2;126;127;109m████[38;2;65;64;65m████[38;2;255;255;255m██[38;2;178;77;115m██[38;2;255;255;255m██[38;2;172;66;71m██[38;2;229;113;161m██[38;2;65;60;65m██[38;2;255;229;237m██[38;2;255;244;247m██[38;2;90;80;74m██[38;2;110;66;79m██[38;2;0;0;0m██              ██[38;2;201;99;138m██[38;2;0;0;0m██
                  ████[38;2;127;126;115m██[38;2;64;63;61m██[38;2;65;64;65m████[38;2;197;153;166m████[38;2;65;64;65m██[38;2;229;113;161m██[38;2;255;215;227m██[38;2;82;56;82m████[38;2;255;215;227m██[38;2;65;68;65m██[38;2;150;51;91m██[38;2;255;254;254m██[38;2;190;94;130m██[38;2;65;64;65m████[38;2;102;58;71m██████[38;2;189;145;158m██[38;2;0;0;0m██              [38;2;16;0;8m██[38;2;255;244;247m██[38;2;166;67;75m██[38;2;0;0;0m██
                      [38;2;0;0;8m██[38;2;64;63;61m██[38;2;197;153;166m████████[38;2;65;64;65m██[38;2;229;113;161m██[38;2;255;215;227m██[38;2;186;85;127m████[38;2;255;215;227m██[38;2;186;104;146m██[38;2;65;68;65m██[38;2;63;62;58m████[38;2;197;153;166m████[38;2;189;145;158m██[38;2;255;244;247m████[38;2;102;58;71m██[38;2;197;153;166m██[38;2;0;0;0m██        ████[38;2;255;244;247m██[38;2;163;61;100m██[38;2;0;0;0m██  
                      ██[38;2;197;153;166m██[38;2;198;154;167m████[38;2;197;153;166m████[38;2;65;60;65m██[38;2;215;109;149m██[38;2;254;210;223m██[38;2;195;91;154m████[38;2;254;210;223m██[38;2;195;91;154m██[38;2;254;210;223m██[38;2;65;64;65m██[38;2;197;153;166m████[38;2;255;244;247m██████████[38;2;197;153;166m████[38;2;0;0;0m████████[38;2;255;244;247m████[38;2;163;61;100m██[38;2;255;244;247m██[38;2;0;0;0m██  
                      ██[38;2;197;153;166m██[38;2;126;127;109m██[38;2;198;154;167m██[38;2;197;153;166m████[38;2;193;149;162m██[38;2;65;60;65m██[38;2;195;91;154m██[38;2;254;210;223m██[38;2;195;91;154m████[38;2;254;210;223m██[38;2;195;91;154m██[38;2;65;64;65m██[38;2;197;153;166m██[38;2;255;244;247m████████████[38;2;65;64;65m██[38;2;197;153;166m██[38;2;255;244;247m██████████[38;2;172;66;71m██[38;2;255;244;247m██[38;2;16;0;8m██    
                        [38;2;0;0;0m██[38;2;189;178;164m██[38;2;126;121;109m██[38;2;197;153;166m████████[38;2;60;58;60m██[38;2;200;156;169m██[38;2;164;71;79m████[38;2;197;153;166m██[38;2;164;71;79m██[38;2;65;52;57m██[38;2;255;232;239m██[38;2;197;153;166m██[38;2;255;244;247m██████████[38;2;65;64;65m██[38;2;197;153;166m████[38;2;255;244;247m██[38;2;255;241;245m██[38;2;160;69;82m██[38;2;163;61;100m██[38;2;255;244;247m██[38;2;0;0;0m██      
                          [38;2;0;8;0m██[38;2;126;121;109m██[38;2;197;153;166m██████[38;2;65;64;65m██[38;2;0;4;0m████[38;2;197;153;166m██[38;2;164;71;79m████[38;2;197;153;166m██[38;2;128;111;120m██[38;2;65;52;57m██[38;2;197;153;166m██[38;2;255;244;247m████████[38;2;65;64;65m██[38;2;197;153;166m████████[38;2;198;154;167m████[38;2;195;151;164m██[38;2;16;0;8m██        
                          [38;2;0;4;0m██[38;2;199;155;168m██[38;2;126;121;112m██[38;2;65;69;60m██[38;2;60;56;57m██[38;2;0;4;0m██    [38;2;0;0;0m████[38;2;166;67;75m████[38;2;159;75;83m████[38;2;65;69;64m██[38;2;199;155;168m██[38;2;255;244;247m████[38;2;199;155;168m██[38;2;65;69;64m██[38;2;197;153;166m██████████[38;2;0;0;0m████          
                      ████[38;2;199;155;168m██[38;2;120;111;115m██[38;2;203;159;172m██[38;2;126;121;112m██[38;2;197;153;166m████[38;2;0;0;0m██      ████[38;2;0;4;0m██[38;2;105;52;57m██[38;2;199;155;168m██[38;2;123;118;117m██[38;2;197;153;166m████[38;2;123;118;117m██[38;2;199;155;168m██[38;2;65;64;65m████[38;2;0;0;0m██████              
                  ████[38;2;255;223;232m████[38;2;65;64;65m██[38;2;199;155;168m██[38;2;126;127;109m██[38;2;198;154;167m██[38;2;197;153;166m██[38;2;176;61;101m██[38;2;179;69;107m██[38;2;0;0;0m██          ██[38;2;203;159;172m██[38;2;126;118;117m██[38;2;65;64;65m████[38;2;126;118;117m██[38;2;203;159;172m██[38;2;192;148;161m██[38;2;0;0;0m██                    
                ██[38;2;255;223;232m██████[38;2;169;175;172m██[38;2;199;155;168m██[38;2;65;64;65m██[38;2;126;127;109m██[38;2;198;154;167m██[38;2;176;61;101m████[38;2;140;34;72m██[38;2;0;0;0m██        ██[38;2;197;153;166m██[38;2;65;68;65m████[38;2;255;223;232m████[38;2;65;68;65m████[38;2;192;148;161m██[38;2;120;102;115m██[38;2;0;0;0m██                  
              ██[38;2;255;223;232m██[38;2;255;233;240m██[38;2;159;163;159m████[38;2;255;233;240m██[38;2;255;218;229m██[38;2;105;61;74m██[38;2;175;59;98m██████[38;2;0;0;0m████          ██[38;2;105;61;74m██[38;2;255;224;234m██[38;2;223;179;192m██[38;2;255;224;234m████[38;2;223;179;192m██[38;2;255;224;234m██[38;2;65;52;65m██[38;2;123;109;120m██[38;2;0;0;0m██                  
                ██[38;2;0;4;0m████████[38;2;0;0;0m██████████              ██[38;2;255;218;229m██[38;2;255;224;234m██[38;2;223;179;192m██[38;2;255;224;234m████[38;2;223;179;192m██[38;2;255;224;234m██[38;2;255;215;227m██[38;2;65;52;65m██[38;2;0;0;0m██                  
                                                    ██[38;2;243;199;212m████[38;2;255;224;234m████[38;2;243;199;212m████[38;2;65;64;65m██[38;2;0;0;0m██                    
                                                      ████[38;2;255;224;234m████[38;2;0;0;0m██████                      
                                                          ████                            
[0m