                        [38;2;0;0;0m██      ██████                            
                      ██[38;2;247;247;239m██[38;2;8;8;8m██[38;2;0;0;0m████[38;2;247;243;239m████[38;2;0;0;0m██                            
                    ██[38;2;247;243;239m██[38;2;247;247;239m██[38;2;96;58;42m██[38;2;247;243;239m██████[38;2;185;182;169m██[38;2;66;65;66m██[38;2;0;0;0m██                          
                ████[38;2;74;73;66m██[38;2;247;247;239m██[38;2;244;244;236m████████[38;2;247;243;239m████[38;2;247;243;231m████[38;2;0;0;0m████                      
              ██[38;2;81;43;26m██[38;2;70;69;74m██[38;2;160;160;152m██[38;2;247;247;239m██[38;2;244;244;236m████████[38;2;66;65;66m██████[38;2;186;183;176m██[38;2;247;243;239m████[38;2;0;0;0m██                    
              ██[38;2;66;65;66m██[38;2;247;243;239m██[38;2;244;244;236m████████[38;2;247;243;239m██[38;2;66;65;66m██[38;2;103;65;50m██████[38;2;66;65;66m██[38;2;181;182;173m██[38;2;99;61;45m██[38;2;0;0;0m██                    
  ██          ██[38;2;66;65;66m██[38;2;247;243;239m██[38;2;244;244;236m████████[38;2;247;243;239m████[38;2;66;65;66m██[38;2;103;65;50m████[38;2;66;65;66m██[38;2;181;182;173m██[38;2;0;0;8m██                      
[38;2;0;0;0m██[38;2;16;190;41m██[38;2;0;0;0m██          ██[38;2;247;247;239m██[38;2;247;243;239m████[38;2;244;244;236m████████[38;2;247;243;239m██[38;2;86;47;31m██[38;2;108;70;56m██[38;2;66;65;66m██[38;2;186;181;170m██[38;2;66;65;66m██[38;2;0;0;0m████                  
██[38;2;16;190;41m████[38;2;0;0;0m██        ██[38;2;164;164;159m██[38;2;247;243;239m██[38;2;173;172;156m██[38;2;244;244;236m████████[38;2;247;243;239m██[38;2;144;102;86m██[38;2;66;65;66m██[38;2;181;178;173m██[38;2;186;181;170m██[38;2;66;65;66m██[38;2;66;64;71m██[38;2;106;68;52m██[38;2;0;0;0m████              
  ██[38;2;16;190;41m██[38;2;0;0;0m██      ██[38;2;247;243;239m██████[38;2;173;172;156m██[38;2;255;251;239m██[38;2;170;167;159m██[38;2;90;52;34m████[38;2;244;244;236m████[38;2;247;243;231m██[38;2;186;183;176m██[38;2;186;181;170m████[38;2;66;65;66m████[38;2;103;65;50m████[38;2;0;0;0m██            
    ██[38;2;16;190;41m██[38;2;0;0;0m██    ██[38;2;66;65;66m████[38;2;247;243;239m████[38;2;93;53;39m██[38;2;0;0;0m████[38;2;239;239;231m██[38;2;244;244;236m████[38;2;186;183;176m██[38;2;66;65;66m██[38;2;186;181;170m██[38;2;66;65;66m██[38;2;103;65;50m██████[38;2;0;0;0m██              
  ██[38;2;16;190;41m██[38;2;0;0;0m██  ██  ██[38;2;90;52;34m████[38;2;66;65;66m██[38;2;247;243;239m██[38;2;244;244;236m████[38;2;247;243;239m████[38;2;66;65;66m██[38;2;247;247;239m██[38;2;66;65;66m██[38;2;103;65;50m██[38;2;66;65;66m██[38;2;103;65;50m██████[38;2;0;0;0m██                
    ██      ██[38;2;103;65;50m██[38;2;0;0;0m██[38;2;239;239;231m██[38;2;247;243;239m████[38;2;244;244;236m████[38;2;247;243;239m██[38;2;66;65;66m██[38;2;139;97;83m██[38;2;66;65;66m██[38;2;103;65;50m██████████[38;2;0;0;0m██                  
              ██[38;2;103;65;50m██[38;2;66;65;66m████████[38;2;186;181;170m██[38;2;66;65;66m██[38;2;146;104;90m██[38;2;103;65;50m██████[38;2;146;104;88m██[38;2;103;65;50m██[38;2;146;104;88m██[38;2;146;104;90m██[38;2;66;65;66m██[38;2;0;0;0m██                
  ██████    ██[38;2;103;65;50m██████[38;2;66;65;66m██[38;2;186;181;170m████[38;2;66;65;66m██[38;2;146;104;90m████[38;2;103;65;50m██[38;2;146;104;88m██████████[38;2;146;104;90m████[38;2;146;104;88m██[38;2;0;0;0m██              
██[38;2;174;63;61m██████[38;2;0;0;0m██    ██[38;2;145;103;87m██[38;2;105;67;52m██[38;2;145;103;87m██[38;2;66;65;66m████[38;2;146;104;90m██[38;2;146;104;88m██[38;2;103;65;50m██[38;2;146;104;90m██████████[38;2;66;65;66m██[38;2;146;104;90m██[38;2;66;65;66m██[38;2;146;104;90m████[38;2;0;0;0m██            
██[38;2;174;63;61m██[38;2;143;32;30m██████[38;2;0;0;0m████[38;2;103;65;50m██[38;2;66;65;66m██[38;2;145;103;87m████[38;2;105;67;52m██[38;2;146;104;90m████[38;2;146;104;88m████[38;2;146;104;90m██[38;2;66;65;66m████████[38;2;146;104;90m██[38;2;66;65;66m██[38;2;146;104;90m██[38;2;66;65;66m██[38;2;146;104;90m██[38;2;146;104;88m██[38;2;0;0;0m██          
██[38;2;174;63;61m██████[38;2;143;32;30m██[38;2;103;65;50m████[38;2;66;65;66m██[38;2;146;104;90m████[38;2;91;53;37m██[38;2;148;106;92m██[38;2;146;104;90m████████[38;2;66;65;66m██[38;2;174;63;61m████████[38;2;66;65;66m██[38;2;146;104;90m████[38;2;66;65;66m██[38;2;145;103;87m██[38;2;146;104;90m██[38;2;0;0;0m██          
  ██[38;2;174;63;61m██[38;2;143;32;30m████[38;2;103;65;50m████[38;2;66;65;66m██[38;2;146;104;90m██[38;2;66;65;66m██[38;2;247;243;239m██[38;2;91;53;37m██[38;2;66;65;66m██[38;2;146;104;90m████[38;2;66;65;66m██[38;2;174;63;61m████[38;2;143;32;30m████[38;2;174;63;61m████[38;2;66;65;66m██[38;2;146;104;90m██[38;2;105;67;52m██[38;2;66;65;66m██[38;2;146;104;90m████[38;2;0;0;0m██        
  ██[38;2;177;66;64m████[38;2;172;61;59m██[38;2;66;65;66m████[38;2;186;183;176m██[38;2;66;65;66m██[38;2;247;243;239m████[38;2;66;65;66m██[38;2;247;243;239m██[38;2;66;65;66m██[38;2;139;97;83m██[38;2;66;65;66m██[38;2;174;63;61m██[38;2;143;32;30m██[38;2;174;63;61m████████[38;2;66;65;66m██[38;2;145;103;87m██[38;2;146;104;90m████[38;2;66;65;66m██[38;2;146;104;90m██[38;2;0;0;0m██        
    ██[38;2;143;32;30m██[38;2;66;65;66m██[38;2;86;47;33m██[38;2;66;65;66m██[38;2;247;243;231m██[38;2;247;243;239m████████████[38;2;66;65;66m██[38;2;247;247;239m██[38;2;66;65;66m██[38;2;174;63;61m████[38;2;143;32;30m████[38;2;174;63;61m██[38;2;176;65;63m██[38;2;66;65;66m██[38;2;146;104;90m██[38;2;66;65;66m██[38;2;146;104;90m████[38;2;0;0;0m██        
      ██[38;2;103;65;50m██[38;2;0;0;0m████[38;2;247;243;239m██[38;2;244;244;236m████████████[38;2;247;243;239m████[38;2;66;65;66m██[38;2;180;69;67m██[38;2;143;32;30m██[38;2;174;63;61m██████[38;2;176;65;63m██[38;2;66;65;66m██[38;2;146;104;90m██[38;2;66;65;66m██[38;2;145;103;87m██[38;2;0;0;0m██          
        ██    ██[38;2;244;244;236m████████████[38;2;247;243;239m██[38;2;185;182;169m██[38;2;181;178;173m██[38;2;66;65;66m████[38;2;174;63;61m████[38;2;143;32;30m██[38;2;66;65;66m██[38;2;145;103;87m██[38;2;146;104;90m████[38;2;66;65;68m██[38;2;0;0;0m██          
              ██[38;2;186;181;170m████[38;2;247;243;239m██████[38;2;185;182;169m██[38;2;184;182;167m████[38;2;186;181;170m████[38;2;181;178;173m██[38;2;66;65;66m██████[38;2;146;104;90m████[38;2;105;67;52m██[38;2;66;65;66m██[38;2;103;65;50m████[38;2;0;0;0m██        
            ██[38;2;103;65;50m██[38;2;66;65;66m██[38;2;186;181;170m██[38;2;185;182;169m████████[38;2;184;182;167m████[38;2;66;65;66m██[38;2;186;181;170m██[38;2;66;65;66m██[38;2;153;111;95m██[38;2;146;104;90m████[38;2;66;65;66m██[38;2;146;104;90m██[38;2;66;65;66m██[38;2;145;103;87m██[38;2;146;104;88m██[38;2;103;65;50m██[38;2;0;0;0m██        
            ██[38;2;103;65;50m████[38;2;66;65;66m██[38;2;66;69;74m██[38;2;181;182;167m██[38;2;186;181;170m████[38;2;181;178;173m██[38;2;66;65;66m██[38;2;105;67;52m██[38;2;66;64;68m██[38;2;146;104;88m████████[38;2;105;67;52m██[38;2;66;65;66m██[38;2;82;44;28m████[38;2;146;104;90m████[38;2;98;60;43m██[38;2;0;0;0m██      
          ██[38;2;103;65;50m████████[38;2;66;69;74m████[38;2;66;65;66m██████[38;2;108;70;56m██[38;2;105;67;52m██[38;2;146;104;88m██████████[38;2;145;103;87m██[38;2;66;65;66m██[38;2;0;0;0m██[38;2;82;44;28m██[38;2;66;65;66m████[38;2;147;105;91m████[38;2;0;0;0m████  
          ██[38;2;106;68;52m████[38;2;101;63;48m██[38;2;86;47;33m██[38;2;82;44;28m████[38;2;0;0;0m████████[38;2;66;64;71m██[38;2;106;68;52m██[38;2;146;104;88m████████[38;2;146;104;90m██[38;2;0;0;0m██  ████[38;2;86;47;33m██[38;2;68;67;71m████[38;2;146;104;90m████[38;2;0;0;0m██
            ██[38;2;143;32;30m██[38;2;66;65;66m██[38;2;153;42;40m██[38;2;82;44;28m██[38;2;0;0;0m██        ██[38;2;106;68;52m██[38;2;146;104;88m████████[38;2;146;104;90m██[38;2;66;66;68m██[38;2;0;0;0m██    ██[38;2;68;67;71m██[38;2;0;0;0m██[38;2;146;104;90m██[38;2;0;0;0m██  
          ██[38;2;177;66;64m██[38;2;143;32;30m██[38;2;174;63;61m██[38;2;0;0;0m████            ██[38;2;66;65;68m██[38;2;145;103;87m██████[38;2;66;65;66m████[38;2;0;0;0m██      ██  ██    
            ██████                  ██[38;2;66;65;68m██[38;2;143;32;30m██[38;2;176;65;63m██[38;2;143;32;30m████[38;2;66;65;66m██[38;2;0;0;0m██              
                                      ██[38;2;177;66;64m██[38;2;143;32;30m██[38;2;177;66;64m██[38;2;143;32;30m██[38;2;0;0;0m██                
                                        ████████                  
[0m