                      [38;2;0;0;0m████              
                  ████[38;2;244;142;49m██[38;2;0;0;0m██              
            ██████[38;2;212;103;38m██[38;2;244;142;49m████[38;2;0;0;0m██              
          ██[38;2;244;142;49m████[38;2;212;103;38m██[38;2;152;66;32m██[38;2;244;142;49m████[38;2;0;0;0m██              
        ██[38;2;244;142;49m████████[38;2;152;66;32m██[38;2;244;142;49m████[38;2;212;103;38m██[38;2;0;0;0m██            
  ████  ██[38;2;244;142;49m██████[38;2;152;66;32m██[38;2;244;142;49m██████[38;2;212;103;38m██[38;2;0;0;0m██            
██[38;2;244;142;49m████[38;2;0;0;0m██[38;2;152;66;32m██[38;2;212;103;38m██[38;2;244;142;49m██████████[38;2;212;103;38m██[38;2;152;66;32m██[38;2;0;0;0m██            
██[38;2;255;171;41m██[38;2;244;142;49m██[38;2;152;66;32m██[38;2;244;142;49m██[38;2;152;66;32m████[38;2;244;142;49m██████[38;2;152;66;32m████[38;2;212;103;38m████[38;2;0;0;0m██          
██[38;2;255;171;41m██[38;2;152;66;32m██[38;2;244;142;49m████████[38;2;152;66;32m████[38;2;212;103;38m██[38;2;244;142;49m██████[38;2;152;66;32m██[38;2;0;0;0m████        
██[38;2;65;65;65m██[38;2;152;66;32m██[38;2;0;0;0m██[38;2;189;189;181m██[38;2;244;142;49m████[38;2;212;103;38m██[38;2;244;142;49m████████[38;2;152;66;32m██[38;2;244;142;49m██████[38;2;0;0;0m██      
  ██[38;2;212;103;38m██[38;2;65;65;65m██[38;2;255;255;255m██[38;2;244;142;49m████[38;2;0;0;0m██[38;2;189;189;181m██[38;2;212;103;38m██[38;2;244;142;49m██[38;2;152;66;32m██[38;2;244;142;49m██[38;2;255;214;69m████[38;2;244;142;49m██[38;2;0;0;0m██      
    ██[38;2;255;232;149m██[38;2;209;176;96m██[38;2;255;232;149m████[38;2;65;65;65m██[38;2;255;255;255m██[38;2;255;232;149m██[38;2;212;103;38m██[38;2;152;66;32m██[38;2;255;214;69m████[38;2;255;171;41m██[38;2;244;142;49m██[38;2;0;0;0m██  ██  
      ██[38;2;255;232;149m████████████[38;2;209;176;96m██[38;2;212;103;38m██[38;2;255;214;69m████[38;2;244;142;49m██[38;2;0;0;0m██  ██[38;2;244;142;49m██[38;2;0;0;0m██
        ██[38;2;65;65;65m██[38;2;209;176;96m██[38;2;255;232;149m████[38;2;209;176;96m██[38;2;65;65;65m████[38;2;212;103;38m██[38;2;0;0;0m████  ██[38;2;244;142;49m████[38;2;0;0;0m██
        ██[38;2;238;209;114m██[38;2;65;65;65m██████[38;2;149;122;52m██[38;2;209;176;96m████[38;2;149;122;52m██[38;2;0;0;0m██    ██[38;2;212;103;38m██[38;2;244;142;49m██[38;2;0;0;0m██
          ████[38;2;209;176;96m██[38;2;238;209;114m████[38;2;149;122;52m██[38;2;65;65;65m██[38;2;238;209;114m████[38;2;0;0;0m████[38;2;212;103;38m██[38;2;0;0;0m████  
              ██[38;2;212;103;38m██████[38;2;152;66;32m██[38;2;65;65;65m██[38;2;255;232;149m██[38;2;152;66;32m██[38;2;212;103;38m██[38;2;0;0;0m██      
            ██[38;2;212;103;38m██[38;2;152;66;32m██[38;2;0;0;0m██[38;2;65;65;65m██[38;2;152;66;32m██[38;2;212;103;38m██[38;2;0;0;0m██████        
              ████  ██[38;2;212;103;38m████[38;2;0;0;0m██            
                      ████              
[0m