                              [38;2;0;0;0m████        
                            ██[38;2;255;250;85m██[38;2;65;65;65m██[38;2;0;0;0m████    
        ██    ██████        ██[38;2;255;250;85m██[38;2;65;65;65m██[38;2;239;222;148m██[38;2;65;65;65m██[38;2;0;0;0m████
      ██[38;2;255;250;85m██[38;2;0;0;0m████[38;2;255;250;85m██████[38;2;0;0;0m██    ██[38;2;219;195;28m██[38;2;65;65;65m██[38;2;239;222;148m████[38;2;65;65;65m██[38;2;255;250;85m██[38;2;0;0;0m██
      ██[38;2;255;250;85m██[38;2;65;65;65m██[38;2;255;250;85m████[38;2;65;65;65m██[38;2;0;0;0m██      ██[38;2;219;195;28m██[38;2;65;65;65m██[38;2;206;189;99m██[38;2;65;65;65m██[38;2;219;195;28m██[38;2;255;250;85m██[38;2;0;0;0m██
    ██[38;2;255;250;85m██[38;2;65;65;65m██[38;2;255;250;85m████[38;2;65;65;65m██[38;2;255;250;85m████[38;2;0;0;0m████  ██[38;2;65;65;65m██[38;2;206;189;99m██[38;2;65;65;65m██[38;2;219;195;28m████[38;2;0;0;0m██  
  ██[38;2;219;195;28m████[38;2;65;65;65m██[38;2;255;250;85m██[38;2;65;65;65m██[38;2;255;250;85m████[38;2;219;195;28m██████[38;2;0;0;0m██[38;2;195;186;78m██[38;2;65;65;65m████[38;2;219;195;28m████[38;2;0;0;0m██    
  ██[38;2;219;195;28m██[38;2;65;65;65m██[38;2;219;195;28m██[38;2;65;65;65m██[38;2;219;195;28m██████[38;2;65;65;65m██████[38;2;195;186;78m██[38;2;161;152;41m██[38;2;65;65;65m██[38;2;239;222;148m██[38;2;65;65;65m██[38;2;0;0;0m██      
    ██[38;2;65;65;65m██[38;2;219;195;28m██[38;2;0;0;0m██[38;2;189;189;189m██[38;2;65;65;65m████[38;2;161;152;41m████[38;2;195;186;78m████[38;2;65;65;65m██[38;2;239;222;148m████[38;2;206;189;99m██[38;2;0;0;0m██      
  ██[38;2;255;233;122m████[38;2;65;65;65m██[38;2;0;0;0m██[38;2;255;255;255m██[38;2;65;65;65m██████[38;2;161;152;41m████[38;2;65;65;65m██[38;2;195;186;78m██[38;2;239;222;148m██[38;2;206;189;99m████[38;2;0;0;0m██      
██[38;2;255;233;122m████████[38;2;65;65;65m████[38;2;206;189;99m██[38;2;65;65;65m████[38;2;161;152;41m██[38;2;130;121;11m██[38;2;195;186;78m████[38;2;161;152;41m██[38;2;206;189;99m████[38;2;0;0;0m██      
██[38;2;255;233;122m██[38;2;208;177;37m██[38;2;65;65;65m██████[38;2;206;189;99m████[38;2;65;65;65m██[38;2;161;152;41m██[38;2;130;121;11m██[38;2;195;186;78m████[38;2;161;152;41m██████[38;2;0;0;0m██        
  ████[38;2;208;177;37m████[38;2;65;65;65m██[38;2;206;189;99m██[38;2;161;152;41m██████[38;2;195;186;78m████[38;2;161;152;41m████████[38;2;0;0;0m██        
      ████[38;2;161;152;41m████████[38;2;65;65;65m██[38;2;161;152;41m██████████[38;2;0;0;0m██          
          ██[38;2;65;65;65m██[38;2;239;222;148m████[38;2;65;65;65m████[38;2;161;152;41m████[38;2;65;65;65m██[38;2;0;0;0m██            
        ██[38;2;208;177;37m██[38;2;0;0;0m██████[38;2;206;189;99m██[38;2;65;65;65m██████[38;2;208;177;37m██[38;2;0;0;0m██            
        ██████    ██[38;2;208;177;37m██████[38;2;0;0;0m██              
                ██[38;2;255;255;255m██[38;2;208;177;37m██[38;2;255;233;122m██[38;2;0;0;0m██                
                ██████[38;2;255;255;255m██[38;2;0;0;0m██                
                      ██                  
[0m