                              [38;2;0;0;0m████                                    
                            ██[38;2;166;147;1m██[38;2;0;0;0m██  ██████  ██                        
                        ████[38;2;166;147;1m██[38;2;255;234;91m██[38;2;65;65;65m██[38;2;0;0;0m██[38;2;255;245;174m████[38;2;255;234;91m██[38;2;0;0;0m██[38;2;242;220;46m██[38;2;0;0;0m██                      
                    ████[38;2;255;234;91m██████[38;2;255;245;174m████████[38;2;255;234;91m██[38;2;255;245;174m██[38;2;185;158;6m██[38;2;242;220;46m██[38;2;0;0;0m██                      
            ████████[38;2;255;234;91m████[38;2;255;245;174m██████████[38;2;255;234;91m████[38;2;255;245;174m██[38;2;185;158;6m██[38;2;242;220;46m██[38;2;0;0;0m██                        
        ████[38;2;255;234;91m██[38;2;255;245;174m██[38;2;255;234;91m████[38;2;255;245;174m██████[38;2;255;234;91m████████[38;2;255;245;174m██████[38;2;185;158;6m██[38;2;242;220;46m██[38;2;0;0;0m██        ██████          
      ██[38;2;166;147;1m██[38;2;255;234;91m██[38;2;255;245;174m██[38;2;255;234;91m██[38;2;255;245;174m██████[38;2;255;234;91m██████[38;2;255;245;174m██████████[38;2;185;158;6m██[38;2;242;220;46m██[38;2;0;0;0m██      ████[38;2;242;220;46m██[38;2;185;158;6m██[38;2;242;220;46m██[38;2;0;0;0m██        
    ██[38;2;166;147;1m██[38;2;255;234;91m██[38;2;255;245;174m██[38;2;255;234;91m██[38;2;255;245;174m████[38;2;255;234;91m████[38;2;255;245;174m████████████[38;2;185;158;6m████[38;2;242;220;46m████[38;2;0;0;0m██    ██[38;2;242;220;46m████[38;2;185;158;6m██[38;2;242;220;46m██████[38;2;0;0;0m████    
    ██[38;2;185;158;6m██[38;2;255;245;174m██[38;2;255;234;91m██[38;2;255;245;174m████[38;2;255;234;91m██[38;2;255;245;174m████████[38;2;185;158;6m████████[38;2;242;220;46m██████[38;2;0;0;0m██      ██[38;2;242;220;46m████[38;2;185;158;6m██[38;2;242;220;46m██████[38;2;185;158;6m██[38;2;242;220;46m██[38;2;0;0;0m██  
  ██[38;2;166;147;1m██[38;2;185;158;6m██[38;2;255;245;174m██████[38;2;255;234;91m██[38;2;255;245;174m██████[38;2;185;158;6m████[38;2;242;220;46m████████████[38;2;0;0;0m██        ██[38;2;242;220;46m████[38;2;185;158;6m██[38;2;242;220;46m████[38;2;185;158;6m██[38;2;242;220;46m██████[38;2;0;0;0m██
  ██[38;2;185;158;6m██[38;2;255;245;174m██████[38;2;255;234;91m██[38;2;255;245;174m██████[38;2;185;158;6m██[38;2;242;220;46m████████████[38;2;0;0;0m████        ██[38;2;242;220;46m████[38;2;185;158;6m██[38;2;242;220;46m██████[38;2;185;158;6m██[38;2;242;220;46m██████[38;2;0;0;0m██
  ██[38;2;185;158;6m██[38;2;255;245;174m████[38;2;255;234;91m██[38;2;255;245;174m██████[38;2;185;158;6m██[38;2;242;220;46m██████████[38;2;0;0;0m████            ██[38;2;242;220;46m████[38;2;185;158;6m██[38;2;242;220;46m████[38;2;185;158;6m██[38;2;242;220;46m██████[38;2;0;0;0m██  
  ██[38;2;185;158;6m██[38;2;255;245;174m████████[38;2;185;158;6m████[38;2;242;220;46m██████[38;2;65;65;65m████[38;2;0;0;0m██                ██[38;2;242;220;46m██[38;2;185;158;6m██[38;2;242;220;46m████[38;2;185;158;6m██[38;2;242;220;46m██████[38;2;0;0;0m██    
    ██[38;2;255;245;174m██████[38;2;185;158;6m██[38;2;242;220;46m████████[38;2;65;65;65m████[38;2;192;119;34m████[38;2;0;0;0m████            ██[38;2;185;158;6m████[38;2;242;220;46m██[38;2;185;158;6m██[38;2;242;220;46m████[38;2;185;158;6m██[38;2;0;0;0m██      
    ██[38;2;65;65;65m██[38;2;255;245;174m██[38;2;185;158;6m██[38;2;242;220;46m██████[38;2;65;65;65m████[38;2;255;255;255m██[38;2;65;65;65m████[38;2;192;119;34m████[38;2;217;151;11m██[38;2;0;0;0m████    ████[38;2;192;119;34m██████[38;2;185;158;6m██[38;2;65;65;65m██████[38;2;0;0;0m██        
      ██[38;2;65;65;65m██[38;2;242;220;46m████[38;2;65;65;65m████[38;2;0;0;0m██[38;2;255;255;255m████[38;2;65;65;65m██████[38;2;217;151;11m████████[38;2;0;0;0m████[38;2;192;119;34m██████[38;2;65;65;65m██████[38;2;247;229;127m██████[38;2;202;184;70m██[38;2;0;0;0m██      
    ██[38;2;249;210;51m████[38;2;65;65;65m████[38;2;255;255;255m██[38;2;0;0;0m████[38;2;255;255;255m██[38;2;82;90;106m██[38;2;65;65;65m████████[38;2;217;151;11m██████████[38;2;65;65;65m██████[38;2;247;229;127m████████[38;2;202;184;70m██[38;2;65;65;65m████[38;2;0;0;0m██      
  ██[38;2;249;210;51m████████[38;2;65;65;65m██[38;2;188;163;46m████████[38;2;247;229;127m██████[38;2;65;65;65m████[38;2;217;151;11m██████[38;2;192;119;34m████[38;2;217;151;11m████[38;2;247;229;127m████████[38;2;65;65;65m████[38;2;202;184;70m██[38;2;0;0;0m██        
██[38;2;249;210;51m████████████[38;2;65;65;65m██[38;2;247;229;127m██████████[38;2;82;90;106m██[38;2;65;65;65m██[38;2;217;151;11m████[38;2;192;119;34m██[38;2;217;151;11m████████████[38;2;247;229;127m████████[38;2;202;184;70m████[38;2;0;0;0m██        
██[38;2;249;210;51m██████[38;2;136;97;1m██████[38;2;65;65;65m██[38;2;247;229;127m██████████[38;2;65;65;65m██[38;2;217;151;11m████[38;2;192;119;34m██[38;2;217;151;11m██████████████[38;2;247;229;127m██████[38;2;202;184;70m████[38;2;0;0;0m██          
  ████[38;2;136;97;1m██[38;2;201;155;3m██████[38;2;65;65;65m██[38;2;247;229;127m██████████[38;2;192;119;34m████[38;2;217;151;11m██[38;2;192;119;34m██[38;2;217;151;11m████████████[38;2;247;229;127m████[38;2;202;184;70m████[38;2;65;65;65m██[38;2;0;0;0m██            
      ████[38;2;201;155;3m██[38;2;65;65;65m██[38;2;247;229;127m██████████████[38;2;192;119;34m████[38;2;65;65;65m██[38;2;192;119;34m██[38;2;217;151;11m██████[38;2;192;119;34m████[38;2;202;184;70m████████████[38;2;0;0;0m██          
          ████[38;2;247;229;127m████████████[38;2;202;184;70m██████[38;2;65;65;65m██[38;2;192;119;34m██████████[38;2;202;184;70m████████████[38;2;0;0;0m██            
              ████[38;2;247;229;127m████[38;2;202;184;70m████████████[38;2;65;65;65m██[38;2;192;119;34m██████████[38;2;202;184;70m██████[38;2;0;0;0m████              
                  ██[38;2;65;65;65m██[38;2;202;184;70m██████████████[38;2;65;65;65m████[38;2;192;119;34m████[38;2;202;184;70m████[38;2;0;0;0m████                  
                  ██[38;2;188;163;46m██[38;2;65;65;65m██████[38;2;0;0;0m██[38;2;202;184;70m████████████[38;2;0;0;0m██████                      
              ████[38;2;201;155;3m██[38;2;133;96;1m██[38;2;188;163;46m████[38;2;0;0;0m██  ██[38;2;202;184;70m████████[38;2;0;0;0m██                            
            ██[38;2;213;213;213m██[38;2;133;96;1m████[38;2;201;155;3m████████[38;2;0;0;0m██[38;2;65;65;65m████[38;2;202;184;70m████[38;2;0;0;0m██                              
            ██[38;2;65;65;65m██[38;2;213;213;213m██[38;2;201;155;3m████[38;2;0;0;0m████[38;2;65;65;65m██[38;2;201;155;3m██[38;2;133;96;1m██[38;2;201;155;3m████████[38;2;0;0;0m██                            
              ████████  ██[38;2;249;210;51m██[38;2;133;96;1m██[38;2;249;210;51m████[38;2;133;96;1m██[38;2;249;210;51m██[38;2;201;155;3m████[38;2;0;0;0m██                          
                        ██[38;2;65;65;65m██[38;2;249;210;51m████[38;2;133;96;1m██[38;2;249;210;51m████[38;2;65;65;65m██[38;2;0;0;0m██                            
                          ██[38;2;255;255;255m██[38;2;65;65;65m██[38;2;133;96;1m██[38;2;249;210;51m██[38;2;65;65;65m██[38;2;0;0;0m██                              
                            ██████[38;2;255;255;255m██[38;2;0;0;0m██                                
                                  ██                                  
[0m