            [38;2;0;0;0m██                      
    ████  ██[38;2;218;206;113m██[38;2;0;0;0m██                    
    ██[38;2;250;249;184m██[38;2;0;0;0m██[38;2;218;206;113m████[38;2;0;0;0m██  ████      ██████  
    ██[38;2;250;249;184m██[38;2;65;65;65m██[38;2;218;206;113m████[38;2;65;65;65m██[38;2;0;0;0m██[38;2;250;249;184m██[38;2;0;0;0m██  ████[38;2;165;135;56m████[38;2;0;0;0m████
    ██[38;2;250;249;184m██[38;2;183;168;71m██[38;2;218;206;113m████[38;2;183;168;71m██[38;2;250;249;184m████[38;2;0;0;0m████[38;2;165;135;56m██[38;2;65;65;65m██[38;2;165;135;56m██[38;2;65;65;65m██[38;2;165;135;56m██[38;2;0;0;0m██
  ██[38;2;250;249;184m██[38;2;183;168;71m██[38;2;218;206;113m████[38;2;183;168;71m██[38;2;250;249;184m████[38;2;225;222;128m████[38;2;65;65;65m██[38;2;165;135;56m██[38;2;65;65;65m████[38;2;165;135;56m████[38;2;0;0;0m██
  ██[38;2;225;222;128m██[38;2;183;168;71m██[38;2;218;206;113m██[38;2;183;168;71m██[38;2;250;249;184m████[38;2;225;222;128m████[38;2;65;65;65m██████████[38;2;165;135;56m██[38;2;0;0;0m██  
  ██[38;2;225;222;128m██[38;2;218;206;113m██[38;2;183;168;71m██[38;2;250;249;184m██[38;2;225;222;128m████[38;2;65;65;65m████[38;2;183;168;71m██[38;2;218;206;113m████[38;2;65;65;65m██[38;2;250;249;184m██[38;2;0;0;0m██    
    ██[38;2;65;65;65m██[38;2;250;249;184m██[38;2;225;222;128m██[38;2;255;255;255m██[38;2;65;65;65m████[38;2;183;168;71m████[38;2;165;135;56m████[38;2;250;249;184m████[38;2;225;222;128m██[38;2;0;0;0m██  
  ██[38;2;255;217;143m████[38;2;65;65;65m██[38;2;0;0;0m██[38;2;255;255;255m██[38;2;65;65;65m████[38;2;183;168;71m██[38;2;165;135;56m██[38;2;218;206;113m████[38;2;250;249;184m██[38;2;225;222;128m████[38;2;0;0;0m██  
██[38;2;255;217;143m████████[38;2;65;65;65m██████████[38;2;218;206;113m██████[38;2;183;168;71m██[38;2;225;222;128m██[38;2;0;0;0m██    
██[38;2;255;217;143m██[38;2;228;173;54m██[38;2;65;65;65m██████[38;2;250;249;184m██████[38;2;65;65;65m██[38;2;218;206;113m████[38;2;183;168;71m██████[38;2;0;0;0m██    
  ████[38;2;228;173;54m████[38;2;65;65;65m██[38;2;225;222;128m██[38;2;250;249;184m████[38;2;65;65;65m████[38;2;183;168;71m██████[38;2;0;0;0m██      
      ████[38;2;225;222;128m██[38;2;165;148;90m██[38;2;225;222;128m██[38;2;165;148;90m██[38;2;225;222;128m██[38;2;65;65;65m████[38;2;0;0;0m████        
          ████[38;2;225;222;128m██[38;2;65;65;65m████[38;2;228;173;54m██[38;2;0;0;0m██            
              ████[38;2;189;189;189m██[38;2;0;0;0m██              
                ████                
[0m