                [38;2;0;0;0m████            
          ██████[38;2;198;208;208m██[38;2;65;65;65m██[38;2;0;0;0m██          
      ████[38;2;198;208;208m████[38;2;173;184;184m████[38;2;198;208;208m██[38;2;65;65;65m██[38;2;0;0;0m██        
    ██[38;2;125;135;135m██[38;2;198;208;208m██████████[38;2;125;135;135m██[38;2;173;184;184m██[38;2;0;0;0m██        
    ██[38;2;198;208;208m██████████████[38;2;0;0;0m██    ████  
  ██[38;2;255;181;165m██[38;2;198;208;208m██████████████[38;2;125;135;135m██[38;2;0;0;0m████[38;2;65;65;65m██[38;2;0;0;0m██  
  ██[38;2;239;115;156m██[38;2;255;181;165m████[38;2;198;208;208m██[38;2;255;255;255m██[38;2;198;208;208m██████[38;2;173;184;184m██[38;2;65;65;65m██[38;2;125;135;135m████[38;2;0;0;0m██  
██[38;2;68;83;133m████[38;2;239;115;156m████[38;2;255;158;0m██[38;2;68;83;133m██[38;2;255;158;0m██[38;2;198;208;208m██[38;2;173;184;184m████[38;2;125;135;135m████[38;2;65;65;65m██[38;2;68;83;133m██[38;2;0;0;0m██
████[38;2;65;65;65m████[38;2;173;184;184m██[38;2;255;158;0m██[38;2;0;0;0m██[38;2;255;158;0m██[38;2;173;184;184m████[38;2;125;135;135m██[38;2;65;65;65m████[38;2;68;83;133m████[38;2;0;0;0m██
    ██[38;2;255;255;255m██[38;2;173;184;184m████[38;2;255;158;0m██[38;2;173;184;184m██████[38;2;65;65;65m██[38;2;125;135;135m████[38;2;68;83;133m██[38;2;0;0;0m██  
    ██[38;2;255;255;255m██[38;2;198;208;208m██[38;2;255;255;255m████[38;2;173;184;184m████[38;2;65;65;65m██[38;2;68;83;133m██[38;2;125;135;135m██████[38;2;0;0;0m██  
  ██[38;2;239;115;156m██[38;2;198;208;208m██[38;2;255;255;255m████████[38;2;173;184;184m██[38;2;65;65;65m██[38;2;68;83;133m████[38;2;125;135;135m██[38;2;0;0;0m██    
    ████[38;2;198;208;208m██[38;2;255;255;255m████[38;2;198;208;208m██[38;2;173;184;184m██[38;2;125;135;135m██[38;2;65;65;65m████[38;2;0;0;0m██      
        ████[38;2;198;208;208m██[38;2;125;135;135m██[38;2;65;65;65m██[38;2;125;135;135m██[38;2;65;65;65m██[38;2;0;0;0m██        
            ████[38;2;239;115;156m██[38;2;0;0;0m██[38;2;239;115;156m██[38;2;0;0;0m██        
                ██  ██          
[0m