          [38;2;0;0;0m████                  ████      
        ██[38;2;65;65;65m██[38;2;0;0;0m██                ██[38;2;65;65;65m████[38;2;0;0;0m██    
        ██[38;2;65;65;65m██[38;2;0;0;0m████              ██[38;2;65;65;65m████[38;2;0;0;0m████  
      ████[38;2;106;106;106m██████[38;2;0;0;0m████    ██████[38;2;214;127;19m██[38;2;65;65;65m████████[38;2;0;0;0m██
    ██[38;2;106;106;106m██████████████[38;2;0;0;0m████[38;2;65;65;65m██████[38;2;214;127;19m██[38;2;65;65;65m████████[38;2;0;0;0m██
      ██[38;2;65;65;65m████[38;2;106;106;106m████[38;2;65;65;65m██[38;2;0;0;0m██[38;2;214;127;19m██[38;2;253;180;19m██[38;2;65;65;65m████[38;2;214;127;19m████[38;2;65;65;65m████[38;2;214;127;19m██[38;2;0;0;0m██  
    ██[38;2;139;106;82m██[38;2;65;65;65m██████[38;2;0;0;0m████[38;2;253;180;19m██████[38;2;65;65;65m██[38;2;214;127;19m██████████[38;2;0;0;0m██    
  ██[38;2;222;222;222m██[38;2;65;65;65m██[38;2;139;106;82m██████[38;2;106;82;57m██[38;2;214;127;19m██[38;2;253;180;19m██[38;2;65;65;65m████[38;2;214;127;19m██████████[38;2;0;0;0m██      
  ██[38;2;222;222;222m██[38;2;65;65;65m██[38;2;139;106;82m██[38;2;65;65;65m██[38;2;106;82;57m██[38;2;253;180;19m████[38;2;65;65;65m██[38;2;139;106;82m████[38;2;0;0;0m██[38;2;214;127;19m██████[38;2;0;0;0m██        
██[38;2;253;180;19m██[38;2;65;65;65m██[38;2;253;180;19m██[38;2;65;65;65m██[38;2;255;255;255m██[38;2;65;65;65m██[38;2;253;180;19m████[38;2;65;65;65m██[38;2;139;106;82m██[38;2;106;82;57m██[38;2;65;65;65m██[38;2;0;0;0m██[38;2;214;127;19m██████[38;2;0;0;0m██      
██[38;2;253;180;19m██[38;2;162;113;57m██[38;2;253;180;19m██[38;2;65;65;65m██[38;2;255;255;255m██[38;2;65;65;65m██[38;2;253;180;19m██████[38;2;65;65;65m████[38;2;0;0;0m██  ██[38;2;214;127;19m████[38;2;0;0;0m██      
  ██[38;2;253;180;19m██████[38;2;65;65;65m██[38;2;253;180;19m██[38;2;246;98;82m████[38;2;253;180;19m██[38;2;65;65;65m██[38;2;139;106;82m██[38;2;65;65;65m██[38;2;0;0;0m██[38;2;214;127;19m████[38;2;0;0;0m██        
██[38;2;214;127;19m██[38;2;65;65;65m██[38;2;214;127;19m██[38;2;253;180;19m██████[38;2;246;98;82m████[38;2;214;127;19m██[38;2;255;255;255m██[38;2;65;65;65m██[38;2;139;106;82m██[38;2;123;180;106m██[38;2;65;65;65m██[38;2;165;84;49m██[38;2;65;65;65m██[38;2;0;0;0m██      
  ██████[38;2;214;127;19m████[38;2;255;255;255m████[38;2;65;65;65m██[38;2;255;255;255m████[38;2;65;65;65m██[38;2;123;180;106m██[38;2;139;106;82m██[38;2;65;65;65m████[38;2;189;180;180m████[38;2;0;0;0m████  
        ██[38;2;222;222;222m██[38;2;214;127;19m██[38;2;65;65;65m██[38;2;253;180;19m██[38;2;255;255;255m██[38;2;65;65;65m██[38;2;255;255;255m██[38;2;65;65;65m██████[38;2;189;180;180m██████████[38;2;0;0;0m██
        ██[38;2;222;222;222m██[38;2;123;180;106m████[38;2;65;65;65m████[38;2;255;255;255m████████[38;2;189;180;180m████████[38;2;0;0;0m████  
          ██[38;2;65;65;65m██[38;2;123;180;106m████[38;2;65;65;65m████[38;2;189;180;180m██████[38;2;255;255;255m██[38;2;0;0;0m██████      
            ██████[38;2;65;65;65m██████[38;2;255;255;255m████[38;2;0;0;0m██            
                  ██[38;2;253;180;19m████[38;2;0;0;0m████              
                    ████                  
[0m