              [38;2;0;0;0m██████                            
          ████[38;2;106;106;115m██████[38;2;0;0;0m████                        
        ██[38;2;106;106;115m██████████[38;2;230;106;74m████[38;2;0;0;0m██              ████    
      ██[38;2;123;172;246m████[38;2;106;106;115m██████[38;2;230;106;74m████████[38;2;0;0;0m██          ██[38;2;253;180;19m██[38;2;214;127;19m██[38;2;0;0;0m██  
      ██[38;2;106;106;115m██[38;2;115;139;180m██[38;2;123;172;246m██[38;2;106;106;115m██[38;2;230;106;74m██████████[38;2;0;0;0m██        ██[38;2;253;180;19m██[38;2;214;127;19m██████[38;2;0;0;0m██
      ██[38;2;123;172;246m██[38;2;106;106;115m██[38;2;123;172;246m██[38;2;106;106;115m██[38;2;230;106;74m██████[38;2;180;82;90m████[38;2;0;0;0m██      ██[38;2;253;180;19m██[38;2;214;127;19m████████[38;2;0;0;0m██
    ██[38;2;65;65;65m██[38;2;106;106;115m████████[38;2;230;106;74m████[38;2;180;82;90m██████[38;2;0;0;0m████████[38;2;214;127;19m██████████[38;2;0;0;0m██  
  ██[38;2;230;106;74m████[38;2;65;65;65m████[38;2;106;106;115m████[38;2;230;106;74m████[38;2;180;82;90m████[38;2;65;65;65m██[38;2;253;180;19m██[38;2;65;65;65m████████[38;2;214;127;19m██████[38;2;0;0;0m██    
██[38;2;230;106;74m████████████[38;2;180;82;90m████[38;2;65;65;65m██████[38;2;253;180;19m██████[38;2;65;65;65m████[38;2;214;127;19m██████[38;2;0;0;0m██      
  ████[38;2;230;106;74m██████[38;2;65;65;65m██████[38;2;214;127;19m██[38;2;253;180;19m██████[38;2;162;113;57m██[38;2;0;0;0m████[38;2;214;127;19m██████[38;2;0;0;0m██        
      ██[38;2;65;65;65m████[38;2;214;127;19m██[38;2;253;180;19m██[38;2;214;127;19m██[38;2;255;255;255m██[38;2;0;0;0m██[38;2;253;180;19m██████[38;2;0;0;0m██  ██[38;2;214;127;19m██████[38;2;0;0;0m██      
      ██[38;2;214;127;19m████[38;2;253;180;19m██████[38;2;0;0;0m██[38;2;65;65;65m██[38;2;253;180;19m████████[38;2;0;0;0m██  ██[38;2;214;127;19m████[38;2;0;0;0m██      
        ██[38;2;253;180;19m██████████[38;2;246;98;82m████[38;2;253;180;19m████████[38;2;0;0;0m██[38;2;214;127;19m████[38;2;0;0;0m██        
      ██[38;2;214;127;19m██[38;2;65;65;65m██[38;2;214;127;19m██[38;2;253;180;19m██████[38;2;246;98;82m████[38;2;253;180;19m██████[38;2;181;87;41m██[38;2;65;65;65m██[38;2;165;84;49m██[38;2;0;0;0m██          
        ██████[38;2;214;127;19m████[38;2;253;180;19m████[38;2;65;65;65m██[38;2;253;180;19m██████████[38;2;65;65;65m██[38;2;165;84;49m██[38;2;0;0;0m██        
              ██[38;2;214;127;19m████[38;2;65;65;65m██[38;2;253;180;19m████[38;2;65;65;65m██[38;2;253;180;19m████[38;2;181;87;41m██[38;2;65;65;65m██[38;2;0;0;0m██          
              ██[38;2;214;127;19m██████[38;2;65;65;65m████[38;2;253;180;19m████████[38;2;0;0;0m██            
                ██[38;2;214;127;19m████[38;2;253;180;19m██████████[38;2;65;65;65m██[38;2;0;0;0m██            
                  ██████[38;2;253;180;19m████████[38;2;0;0;0m██              
                        ████[38;2;253;180;19m██[38;2;0;0;0m██                
                            ██                  
[0m