                  [38;2;0;0;0m██              
                ██[38;2;90;90;90m██[38;2;0;0;0m██            
                ██[38;2;226;49;111m██[38;2;90;90;90m██[38;2;0;0;0m██          
              ██[38;2;181;93;114m██[38;2;226;49;111m██[38;2;181;93;114m██[38;2;0;0;0m██          
              ██[38;2;226;49;111m██████[38;2;90;90;90m██[38;2;0;0;0m██        
          ████[38;2;226;49;111m████████[38;2;90;90;90m██[38;2;0;0;0m██        
        ██[38;2;181;93;114m██[38;2;226;49;111m██████████[38;2;90;90;90m████[38;2;0;0;0m██      
      ██[38;2;181;93;114m██[38;2;226;49;111m██████████[38;2;181;93;114m██[38;2;90;90;90m████[38;2;0;0;0m██      
      ██[38;2;226;49;111m████████[38;2;255;255;255m██[38;2;226;49;111m██[38;2;90;90;90m██████[38;2;0;0;0m██      
    ██[38;2;226;49;111m████████[38;2;255;255;255m████[38;2;226;49;111m██[38;2;255;255;255m██[38;2;90;90;90m████[38;2;0;0;0m██      
    ██[38;2;226;49;111m██████[38;2;255;255;255m██[38;2;197;197;197m██[38;2;90;90;90m██[38;2;51;185;82m██[38;2;255;255;255m██[38;2;90;90;90m██[38;2;0;0;0m██        
    ██[38;2;181;93;114m██[38;2;226;49;111m████[38;2;255;255;255m██[38;2;90;90;90m██[38;2;0;0;0m██[38;2;51;185;82m██[38;2;197;197;197m██[38;2;90;90;90m██[38;2;0;0;0m██  ████  
      ██[38;2;164;164;164m██[38;2;90;90;90m██[38;2;255;255;255m██[38;2;90;90;90m██[38;2;0;0;0m██[38;2;197;197;197m██[38;2;90;90;90m██[38;2;0;0;0m██  ██[38;2;65;65;65m████[38;2;0;0;0m██
    ██[38;2;164;164;164m██████[38;2;90;90;90m██[38;2;197;197;197m████[38;2;65;65;65m██[38;2;0;0;0m██  ██[38;2;65;65;65m██████[38;2;0;0;0m██
  ██[38;2;90;90;90m██[38;2;164;164;164m████[38;2;0;0;0m████[38;2;65;65;65m████[38;2;90;90;90m████[38;2;0;0;0m████[38;2;65;65;65m████[38;2;0;0;0m██  
██[38;2;90;90;90m████[38;2;0;0;0m████  ██[38;2;255;255;255m████[38;2;65;65;65m██████[38;2;90;90;90m██[38;2;0;0;0m████    
██████    ██[38;2;255;255;255m████[38;2;65;65;65m████[38;2;90;90;90m██████[38;2;0;0;0m██      
            ██[38;2;65;65;65m██[38;2;90;90;90m██[38;2;65;65;65m██[38;2;90;90;90m████[38;2;0;0;0m██        
              ██[38;2;90;90;90m████[38;2;65;65;65m██[38;2;0;0;0m██          
            ██[38;2;123;123;123m██[38;2;0;0;0m██[38;2;65;65;65m██[38;2;0;0;0m██            
              ██[38;2;164;164;164m██[38;2;0;0;0m██[38;2;164;164;164m██[38;2;0;0;0m██          
                ██  ██            
[0m