            [38;2;0;0;0m██████                          
          ██[38;2;96;186;255m██████[38;2;0;0;0m██                        
        ██[38;2;43;106;178m██[38;2;255;255;255m██[38;2;96;186;255m██████[38;2;0;0;0m██  ██████              
        ██[38;2;189;189;189m██[38;2;65;65;65m██[38;2;255;255;255m██[38;2;43;106;178m████[38;2;0;0;0m████[38;2;96;186;255m██████[38;2;0;0;0m████          
        ██[38;2;189;189;189m██[38;2;0;0;0m██[38;2;96;186;255m██████████[38;2;255;255;255m████[38;2;96;186;255m████[38;2;43;106;178m██[38;2;0;0;0m██        
          [38;2;65;65;65m██[38;2;96;186;255m██[38;2;43;106;178m██[38;2;96;186;255m██████[38;2;255;255;255m██[38;2;132;132;115m██[38;2;0;0;0m██[38;2;255;255;255m██[38;2;96;186;255m████[38;2;0;0;0m██        
        ██[38;2;96;186;255m██[38;2;255;255;255m██████[38;2;43;106;178m██[38;2;96;186;255m██[38;2;255;255;255m██[38;2;0;0;0m████[38;2;255;255;255m██[38;2;96;186;255m████[38;2;0;0;0m██        
    ████[38;2;96;186;255m██[38;2;255;255;255m██[38;2;132;132;115m██████[38;2;255;255;255m████[38;2;45;141;225m██[38;2;255;255;255m████[38;2;96;186;255m████[38;2;0;0;0m██          
  ██[38;2;189;189;189m██[38;2;65;65;65m██[38;2;255;255;255m██[38;2;132;132;115m██[38;2;189;189;189m██[38;2;255;255;255m████[38;2;132;132;115m████[38;2;255;255;255m██[38;2;45;141;225m██[38;2;96;186;255m██████[38;2;0;0;0m██          
██[38;2;189;189;189m████[38;2;65;65;65m██[38;2;132;132;115m██[38;2;189;189;189m██[38;2;255;255;255m██[38;2;132;132;115m████[38;2;255;255;255m██[38;2;189;189;189m██[38;2;132;132;115m██[38;2;255;255;255m██[38;2;45;141;225m██[38;2;96;186;255m██████[38;2;0;0;0m██        
██[38;2;65;65;65m██[38;2;189;189;189m██[38;2;0;0;0m██[38;2;132;132;115m██[38;2;255;255;255m██[38;2;132;132;115m██[38;2;189;189;189m██[38;2;255;255;255m██[38;2;132;132;115m██[38;2;255;255;255m██[38;2;132;132;115m██[38;2;255;255;255m██[38;2;45;141;225m██[38;2;65;65;65m██[38;2;96;186;255m████[38;2;0;0;0m██        
  ████  ██[38;2;255;255;255m██[38;2;132;132;115m██[38;2;255;255;255m██████[38;2;132;132;115m██[38;2;255;255;255m██[38;2;132;132;115m██[38;2;189;189;189m██[38;2;45;141;225m██[38;2;65;65;65m██[38;2;96;186;255m████[38;2;0;0;0m██      
      ██[38;2;65;65;65m██[38;2;189;189;189m████[38;2;65;65;65m██[38;2;189;189;189m████[38;2;65;65;65m██[38;2;189;189;189m██[38;2;65;65;65m██[38;2;189;189;189m██[38;2;45;141;225m██[38;2;65;65;65m██[38;2;96;186;255m██[38;2;255;255;255m████[38;2;0;0;0m██    
    ██[38;2;45;141;225m██[38;2;43;106;178m██[38;2;65;65;65m██[38;2;189;189;189m██████[38;2;65;65;65m██[38;2;189;189;189m██[38;2;65;65;65m██[38;2;189;189;189m██[38;2;45;141;225m████[38;2;65;65;65m██[38;2;255;255;255m████████[38;2;0;0;0m██  
    ██[38;2;43;106;178m██████[38;2;0;0;0m████[38;2;65;65;65m██[38;2;189;189;189m██[38;2;65;65;65m██[38;2;189;189;189m██[38;2;45;141;225m████[38;2;65;65;65m██[38;2;0;0;0m██[38;2;255;255;255m██████████[38;2;0;0;0m██
      ██████    ████[38;2;65;65;65m██[38;2;45;141;225m████[38;2;65;65;65m██[38;2;0;0;0m██  ██[38;2;255;255;255m██[38;2;65;65;65m██[38;2;255;255;255m██[38;2;189;189;189m██[38;2;0;0;0m██
                  ██[38;2;45;141;225m████████[38;2;0;0;0m██  ██[38;2;65;65;65m██[38;2;189;189;189m████[38;2;0;0;0m██  
                  ██[38;2;65;65;65m██[38;2;96;186;255m██[38;2;45;141;225m██[38;2;65;65;65m██[38;2;0;0;0m██    ██████    
                    ████████                
[0m