      [38;2;0;0;0m████                                
      ██[38;2;226;202;99m██[38;2;0;0;0m██  ████                        
      ██[38;2;226;202;99m██[38;2;208;158;91m██[38;2;0;0;0m████[38;2;226;202;99m██[38;2;0;0;0m██          ██  ████    
      ██[38;2;104;50;23m██[38;2;226;202;99m████[38;2;104;50;23m██[38;2;136;75;43m██[38;2;226;202;99m██[38;2;0;0;0m██      ██[38;2;226;202;99m██[38;2;0;0;0m██[38;2;226;202;99m██[38;2;0;0;0m██    
    ██[38;2;208;158;91m██[38;2;136;75;43m████[38;2;226;202;99m██[38;2;104;50;23m██[38;2;136;75;43m██[38;2;226;202;99m██[38;2;0;0;0m██      ██[38;2;226;202;99m██████[38;2;0;0;0m████  
    ██[38;2;136;75;43m██████████[38;2;226;202;99m████[38;2;208;158;91m██[38;2;0;0;0m██████[38;2;208;158;91m██[38;2;226;202;99m████[38;2;104;50;23m██[38;2;226;202;99m██[38;2;0;0;0m██  
  ██[38;2;104;50;23m██[38;2;136;75;43m██████[38;2;165;66;49m██[38;2;138;189;244m██[38;2;104;50;23m██[38;2;226;202;99m████[38;2;104;50;23m██[38;2;226;202;99m████████[38;2;208;158;91m████[38;2;0;0;0m██    
██[38;2;247;99;82m██[38;2;165;66;49m██[38;2;136;75;43m██[38;2;104;50;23m██[38;2;0;0;0m██[38;2;247;99;82m██[38;2;205;228;255m██[38;2;136;75;43m████[38;2;226;202;99m██[38;2;208;158;91m██[38;2;136;75;43m██[38;2;226;202;99m████[38;2;136;75;43m██[38;2;208;158;91m██████[38;2;0;0;0m██  
██[38;2;136;75;43m████████████████████[38;2;226;202;99m██████████[38;2;136;75;43m██[38;2;208;158;91m██[38;2;226;202;99m████[38;2;0;0;0m██
  ██[38;2;104;50;23m██[38;2;136;75;43m████[38;2;208;158;91m██[38;2;255;255;255m██[38;2;136;75;43m████[38;2;226;202;99m██████████████[38;2;136;75;43m██[38;2;0;0;0m██████  
    ██████[38;2;136;75;43m██████[38;2;226;202;99m██████████████████[38;2;0;0;0m██      
        ██[38;2;104;50;23m██[38;2;136;75;43m██████[38;2;226;202;99m██████[38;2;136;75;43m██[38;2;226;202;99m██[38;2;104;50;23m██[38;2;226;202;99m██[38;2;104;50;23m██[38;2;136;75;43m██[38;2;0;0;0m██    
          ██[38;2;208;158;91m██[38;2;136;75;43m██[38;2;226;202;99m████████[38;2;136;75;43m████[38;2;0;0;0m████[38;2;104;50;23m██[38;2;136;75;43m██[38;2;0;0;0m██    
        ██[38;2;104;50;23m████████[38;2;226;202;99m████[38;2;104;50;23m██[38;2;0;0;0m████  ██[38;2;136;75;43m████[38;2;0;0;0m██    
        ██[38;2;136;75;43m████[38;2;0;0;0m██[38;2;104;50;23m██[38;2;208;158;91m██[38;2;136;75;43m██[38;2;104;50;23m██[38;2;0;0;0m██      ████      
          ████  ██[38;2;104;50;23m██[38;2;136;75;43m██[38;2;0;0;0m██                  
                ██[38;2;136;75;43m████[38;2;0;0;0m██                  
                  ████                    
[0m