                [38;2;0;0;0m██████████                            
            ████[38;2;109;150;255m██████████[38;2;0;0;0m████                        
          ██[38;2;109;150;255m██[38;2;153;174;255m████[38;2;109;150;255m██[38;2;107;150;255m████[38;2;109;150;255m████[38;2;113;153;255m██[38;2;0;0;8m██                      
        [38;2;0;0;0m██[38;2;109;150;255m██[38;2;153;174;255m████████[38;2;107;150;255m████[38;2;109;150;255m██[38;2;52;97;220m██[38;2;64;101;196m██[38;2;113;153;255m██[38;2;0;0;0m██                    
        [38;2;0;0;8m██[38;2;153;178;255m██[38;2;109;150;255m██[38;2;153;174;255m████[38;2;109;150;255m██████[38;2;68;83;189m██[38;2;255;255;255m████[38;2;53;97;215m██[38;2;0;0;0m██                    
      ██[38;2;219;213;230m██[38;2;102;111;167m██[38;2;109;150;255m██████████[38;2;52;97;220m██[38;2;192;198;233m██[38;2;255;255;255m██████[38;2;53;97;215m██[38;2;0;0;0m██            ████  
      ██[38;2;219;213;230m██[38;2;99;107;142m██[38;2;109;150;255m████[38;2;107;150;255m████[38;2;109;150;255m██[38;2;52;97;220m██[38;2;246;238;255m██[38;2;123;119;127m██[38;2;255;255;255m████[38;2;52;97;225m██[38;2;0;0;0m██          ██[38;2;217;173;255m████[38;2;0;0;0m██
      ██[38;2;219;213;230m██[38;2;65;64;65m██████[38;2;107;150;255m████[38;2;109;150;255m██[38;2;52;97;220m██[38;2;123;119;127m██[38;2;0;0;0m██[38;2;255;255;255m████[38;2;41;72;156m██[38;2;0;0;0m██        ██[38;2;217;173;255m██[38;2;248;241;255m██[38;2;217;173;255m██[38;2;0;0;0m██
    ██[38;2;65;64;65m████[38;2;217;173;255m██████[38;2;65;64;65m████[38;2;98;142;255m██[38;2;56;88;162m██[38;2;137;137;142m██[38;2;1;0;16m██[38;2;222;222;222m████[38;2;0;0;0m██        ██[38;2;215;173;255m████████[38;2;0;0;0m██
  ██[38;2;230;207;255m████[38;2;217;173;255m██████[38;2;182;108;246m██[38;2;186;108;246m████[38;2;40;40;65m██[38;2;56;88;162m██[38;2;69;68;79m██[38;2;205;206;205m██[38;2;222;222;222m██[38;2;32;75;172m██[38;2;0;0;0m██        ██[38;2;215;173;255m████████[38;2;0;0;0m██
██[38;2;217;173;255m██████[38;2;207;145;251m████[38;2;186;108;246m████[38;2;65;64;65m████[38;2;33;71;172m████[38;2;32;71;172m████[38;2;34;71;169m██[38;2;0;0;0m██        ██[38;2;217;173;255m██[38;2;215;173;255m████[38;2;217;173;255m██[38;2;0;0;0m██  
  ██████████[38;2;5;0;16m██[38;2;65;64;65m██[38;2;32;70;172m████[38;2;33;71;172m████[38;2;32;71;172m██[38;2;0;0;0m████          ██[38;2;217;173;255m██[38;2;215;173;255m████[38;2;217;173;255m██[38;2;0;0;0m██  
              ████[38;2;34;71;169m██[38;2;33;71;172m████[38;2;0;0;0m██              ██[38;2;186;108;246m██[38;2;207;154;251m████[38;2;0;0;0m██    
                  ██[38;2;33;71;172m████[38;2;0;0;0m██              ██[38;2;186;108;246m██[38;2;207;154;251m██[38;2;0;0;0m██      
                  ██[38;2;34;70;169m████[38;2;32;71;172m██[38;2;0;0;0m██          ██[38;2;125;72;184m██[38;2;183;108;251m██[38;2;0;0;0m██        
                ██[38;2;34;71;169m██[38;2;53;95;218m██[38;2;34;70;169m██[38;2;32;71;172m██[38;2;52;86;225m██[38;2;0;0;0m██████    ██[38;2;183;108;251m██[38;2;4;0;8m██          
                [38;2;0;0;8m██[38;2;64;101;196m██[38;2;52;97;220m████[38;2;55;97;217m████████[38;2;53;97;215m██[38;2;0;0;0m██[38;2;0;8;0m██[38;2;186;108;246m████[38;2;0;0;0m██          
          ██████[38;2;113;153;255m████[38;2;109;150;255m██[38;2;52;97;220m██[38;2;55;97;217m████████[38;2;53;97;215m████[38;2;55;97;217m██[38;2;65;64;65m██[38;2;0;0;0m██            
      ██[38;2;5;0;16m██[38;2;186;108;246m██[38;2;65;64;65m██[38;2;109;150;255m██[38;2;107;150;255m████████[38;2;52;97;220m████[38;2;55;97;217m████████████[38;2;0;0;0m██            
    ██[38;2;186;108;246m████[38;2;65;64;65m██[38;2;109;150;255m████[38;2;107;150;255m████████[38;2;109;150;255m██[38;2;52;97;220m██[38;2;55;97;217m████████████[38;2;34;71;169m██[38;2;0;0;0m██          
  ██[38;2;182;108;246m██[38;2;217;173;255m██[38;2;186;108;246m██[38;2;65;64;65m██[38;2;67;111;239m████[38;2;117;82;211m████[38;2;109;150;255m██████[38;2;52;97;220m██[38;2;55;97;217m████[38;2;55;94;217m████[38;2;65;64;65m████████[38;2;0;0;0m██        
  ██[38;2;182;108;246m████[38;2;186;108;246m██[38;2;65;64;65m██[38;2;67;111;239m██[38;2;123;84;211m██[38;2;217;173;255m████[38;2;124;82;207m██[38;2;109;150;255m██[38;2;52;97;220m████[38;2;55;97;217m████[38;2;65;64;65m████[38;2;217;173;255m████[38;2;209;164;255m██[38;2;167;133;211m██[38;2;186;108;246m██[38;2;0;0;0m██      
    ████[38;2;186;108;246m████[38;2;65;64;65m██[38;2;181;117;246m██[38;2;182;108;246m██[38;2;217;173;255m██[38;2;209;164;255m██[38;2;122;72;217m██[38;2;52;97;220m██[38;2;53;97;218m██[38;2;65;64;65m████[38;2;217;173;255m████[38;2;248;241;255m██[38;2;217;173;255m██████[38;2;184;108;246m████[38;2;0;0;0m██    
        ████[38;2;4;0;8m████[38;2;182;108;246m████[38;2;184;117;239m████[38;2;138;91;221m████[38;2;65;64;65m██[38;2;186;108;246m██[38;2;182;108;246m██[38;2;217;173;255m██████[38;2;182;108;246m████[38;2;184;108;246m████[38;2;0;0;0m██    
                ████[38;2;186;108;246m████████[38;2;0;0;0m██[38;2;186;108;246m██████[38;2;184;108;246m████[38;2;186;108;246m██████[38;2;0;0;0m██      
                    ████████  ████[38;2;186;108;246m██[38;2;184;108;246m████[38;2;186;108;246m██[38;2;0;0;0m████        
                                  ████████            
[0m