              [38;2;0;0;0m██    ██              
              ██  ████  ████        
      ██████    ████  ████          
    ██[38;2;141;214;226m██████[38;2;0;0;0m██████████              
  ██[38;2;141;214;226m████[38;2;65;65;65m████[38;2;141;214;226m████████[38;2;0;0;0m████            
██[38;2;101;174;175m████[38;2;65;65;65m██[38;2;141;214;226m████████████████[38;2;0;0;0m██          
██[38;2;101;174;175m██[38;2;72;145;143m██[38;2;255;255;255m██[38;2;141;214;226m████████[38;2;101;174;175m████[38;2;141;214;226m██████[38;2;0;0;0m██        
██[38;2;101;174;175m██[38;2;255;255;255m██[38;2;0;0;0m██[38;2;141;214;226m██████[38;2;101;174;175m██[38;2;255;255;255m████[38;2;101;174;175m██[38;2;141;214;226m██[38;2;65;65;65m██[38;2;141;214;226m██[38;2;65;65;65m██      
  [38;2;0;0;0m██[38;2;72;145;143m██[38;2;255;255;255m██[38;2;65;65;65m████[38;2;141;214;226m██[38;2;255;255;255m██[38;2;0;0;0m██[38;2;255;255;255m████[38;2;65;65;65m██[38;2;141;214;226m██[38;2;101;174;175m██[38;2;141;214;226m██[38;2;0;0;0m██    
  ██[38;2;101;174;175m██[38;2;65;65;65m██[38;2;210;251;255m████[38;2;65;65;65m████[38;2;255;255;255m████[38;2;72;145;143m██[38;2;65;65;65m██[38;2;141;214;226m██████[38;2;0;0;0m██    
  ██[38;2;65;65;65m██[38;2;210;251;255m████[38;2;138;209;216m██[38;2;210;251;255m████[38;2;65;65;65m██[38;2;72;145;143m██[38;2;101;174;175m████[38;2;141;214;226m████████[38;2;0;0;0m██  
██[38;2;169;230;236m██[38;2;210;251;255m██████████[38;2;169;230;236m████[38;2;65;65;65m██[38;2;101;174;175m██[38;2;65;65;65m██[38;2;141;214;226m████████[38;2;0;0;0m██  
██[38;2;210;251;255m████████[38;2;169;230;236m████[38;2;65;65;65m████████[38;2;101;174;175m████[38;2;141;214;226m████[38;2;0;0;0m██    
  ██[38;2;169;230;236m████████[38;2;65;65;65m██[38;2;101;174;175m██████████████[38;2;0;0;0m██      
    ██[38;2;65;65;65m██████[38;2;141;214;226m██████[38;2;101;174;175m██████████[38;2;65;65;65m██[38;2;0;0;0m██████
  ████[38;2;101;174;175m██[38;2;141;214;226m████████████[38;2;101;174;175m████████[38;2;65;65;65m██[38;2;101;174;175m████[38;2;0;0;0m██
██[38;2;169;230;236m████[38;2;65;65;65m██[38;2;101;174;175m██[38;2;141;214;226m████████[38;2;101;174;175m████████[38;2;65;65;65m██[38;2;101;174;175m████[38;2;0;0;0m██  
  ██[38;2;169;230;236m████[38;2;65;65;65m████[38;2;101;174;175m██████████[38;2;65;65;65m██████[38;2;0;0;0m████    
    ████[38;2;126;201;208m████[38;2;0;0;0m██[38;2;65;65;65m████████[38;2;126;201;208m██[38;2;169;230;236m██[38;2;0;0;0m██        
        ████  ██[38;2;126;201;208m██[38;2;169;230;236m██[38;2;126;201;208m██[38;2;169;230;236m██[38;2;0;0;0m██          
                ████████            
[0m