          [38;2;0;0;0m████                
        ██[38;2;107;97;89m████[38;2;0;0;0m██              
      ██[38;2;107;97;89m██[38;2;72;69;67m████[38;2;107;97;89m██[38;2;0;0;0m██            
      ██[38;2;107;97;89m██[38;2;72;69;67m██[38;2;88;82;77m██[38;2;107;97;89m██[38;2;0;0;0m██            
      ██[38;2;88;82;77m██[38;2;107;97;89m██[38;2;72;69;67m██[38;2;0;0;0m██  ██          
    ██[38;2;107;97;89m██[38;2;65;65;65m██[38;2;107;97;89m██[38;2;0;0;0m██████[38;2;107;97;89m██[38;2;0;0;0m██        
      ██[38;2;107;97;89m██[38;2;65;65;65m██[38;2;107;97;89m██[38;2;72;69;67m██[38;2;107;97;89m██[38;2;88;82;77m██[38;2;0;0;0m██        
  ████[38;2;230;203;0m██[38;2;107;97;89m████████[38;2;88;82;77m██[38;2;0;0;0m██          
██[38;2;107;97;89m██[38;2;72;69;67m██[38;2;255;233;87m██[38;2;107;97;89m████[38;2;230;203;0m██[38;2;107;97;89m████[38;2;72;69;67m██[38;2;0;0;0m██        
██[38;2;88;82;77m██[38;2;107;97;89m████████[38;2;255;233;87m██[38;2;107;97;89m████[38;2;88;82;77m██[38;2;107;97;89m██[38;2;0;0;0m██  ██  
████[38;2;88;82;77m██[38;2;189;189;189m██[38;2;88;82;77m██[38;2;107;97;89m██████[38;2;88;82;77m██[38;2;107;97;89m████[38;2;88;82;77m██[38;2;0;0;0m██[38;2;88;82;77m██[38;2;0;0;0m██
  ██[38;2;72;69;67m██[38;2;107;97;89m████[38;2;189;189;189m██[38;2;107;97;89m██████████████[38;2;88;82;77m██[38;2;0;0;0m██
  ██[38;2;176;87;188m██[38;2;230;203;0m██[38;2;107;97;89m██████[38;2;72;69;67m██[38;2;88;82;77m██[38;2;107;97;89m██[38;2;65;65;65m██[38;2;107;97;89m████[38;2;0;0;0m██  
  ██[38;2;176;87;188m██[38;2;230;203;0m██[38;2;72;69;67m████[38;2;255;233;87m████[38;2;176;87;188m██[38;2;65;65;65m██[38;2;176;87;188m██[38;2;65;65;65m██[38;2;0;0;0m██    
    ██[38;2;176;87;188m██████[38;2;230;203;0m████[38;2;210;122;222m██[38;2;176;87;188m██[38;2;210;122;222m██[38;2;0;0;0m██      
      ████[38;2;176;87;188m██[38;2;210;122;222m██[38;2;176;87;188m████[38;2;210;122;222m██[38;2;0;0;0m██        
          ██████████          
[0m