            [38;2;0;0;0m████████████                                            
        ████[38;2;249;193;248m██████[38;2;222;166;221m██████[38;2;0;0;0m████                                        
      ██[38;2;249;193;248m██████████[38;2;248;192;247m██[38;2;222;166;221m████████[38;2;0;0;0m██                                      
    ██[38;2;222;166;221m████[38;2;248;192;247m██████[38;2;222;166;221m██████████████[38;2;0;0;0m██                                    
  ██[38;2;222;166;221m████████████████████████████[38;2;0;0;0m██                                  
  ██[38;2;222;166;221m████████████████████████████[38;2;0;0;0m██                                  
██[38;2;222;166;221m██[38;2;0;0;0m██[38;2;222;166;221m████████████████████████████[38;2;0;0;0m██                                
██[38;2;222;166;221m████████████████████████████████[38;2;0;0;0m██                                
██[38;2;222;166;221m██████████████████[38;2;0;0;0m██[38;2;222;166;221m████████████[38;2;132;117;181m██[38;2;0;0;0m██                              
  [38;2;8;0;0m██[38;2;222;166;221m██[38;2;190;134;189m██[38;2;222;166;221m██[38;2;189;133;188m██[38;2;222;166;221m██████████████████████[38;2;132;117;181m██[38;2;0;0;0m██                              
  [38;2;8;0;0m██[38;2;128;72;127m██[38;2;90;93;107m████[38;2;222;166;221m████████████████████████[38;2;132;117;181m██[38;2;0;0;0m██                              
    ██[38;2;189;133;188m██[38;2;106;102;126m██[38;2;85;92;101m████[38;2;222;166;221m██████████[38;2;90;93;107m██[38;2;222;166;221m██████████[38;2;135;119;185m██[38;2;0;0;0m██                            
      [38;2;24;0;0m██[38;2;189;133;188m██[38;2;189;60;90m████[38;2;85;91;101m████████[38;2;90;93;107m██[38;2;190;134;189m██[38;2;222;166;221m████████████[38;2;0;0;0m██                            
        ██[38;2;190;134;189m██[38;2;181;60;90m██[38;2;189;79;90m██[38;2;156;60;66m██[38;2;255;125;140m████[38;2;189;60;90m██[38;2;222;166;221m██████████████[38;2;0;0;0m██                            
        ██[38;2;220;164;219m████[38;2;156;60;66m██[38;2;255;117;140m██[38;2;255;125;140m██[38;2;189;60;90m██[38;2;222;166;221m██████████████████[38;2;0;0;0m██              ██████      
        ██[38;2;222;166;221m████████████████████████████[38;2;225;169;224m██[38;2;16;0;0m██          [38;2;0;0;0m████[38;2;122;44;127m██[38;2;121;43;126m████[38;2;0;0;0m██    
      ██[38;2;222;166;221m██████████████████████████████[38;2;225;169;224m██[38;2;133;118;182m██[38;2;0;0;0m██      ██[38;2;222;166;221m██[38;2;122;44;127m████[38;2;222;166;221m██████[38;2;0;0;0m██  
      ██[38;2;222;166;221m██████[38;2;66;65;66m██[38;2;222;166;221m██████[38;2;66;65;66m██[38;2;222;166;221m████████[38;2;66;65;66m██[38;2;222;166;221m██████[38;2;134;119;183m██[38;2;0;0;0m██    ██[38;2;222;166;221m██[38;2;121;43;126m████[38;2;222;166;221m██████[38;2;189;133;188m████[38;2;0;0;0m██
    ██[38;2;222;166;221m██████[38;2;66;65;66m████[38;2;222;166;221m████[38;2;66;65;66m██[38;2;222;166;221m████████[38;2;66;65;66m████[38;2;222;166;221m██████[38;2;134;119;183m██[38;2;132;117;181m██[38;2;0;0;0m██  ██[38;2;222;166;221m██[38;2;121;43;126m████[38;2;222;166;221m████[38;2;189;133;188m██████[38;2;0;0;0m██
    ██[38;2;222;166;221m██████[38;2;66;65;66m██[38;2;222;166;221m██████[38;2;66;65;66m██[38;2;222;166;221m████████[38;2;66;65;66m██[38;2;222;166;221m██████████[38;2;146;131;195m██[38;2;66;65;66m██[38;2;0;0;0m██[38;2;220;164;219m██[38;2;121;43;126m████[38;2;222;166;221m██████[38;2;189;133;188m██[38;2;187;131;186m██[38;2;0;0;0m██  
    ██[38;2;190;134;189m██[38;2;90;93;107m██[38;2;222;166;221m██[38;2;66;65;66m██[38;2;222;166;221m████[38;2;66;65;66m██[38;2;222;166;221m██████████[38;2;66;65;66m██[38;2;222;166;221m████████[38;2;189;133;188m██[38;2;146;131;195m██[38;2;66;65;66m██[38;2;220;164;219m██[38;2;136;59;141m██[38;2;121;43;126m██[38;2;222;166;221m██████[38;2;189;133;188m████[38;2;0;0;0m██    
      ██[38;2;86;93;103m██[38;2;184;128;183m██[38;2;66;65;66m██[38;2;222;166;221m████[38;2;66;65;66m██[38;2;228;172;227m██[38;2;85;91;101m██[38;2;222;166;221m██[38;2;90;93;107m██[38;2;222;166;221m██[38;2;66;65;66m██[38;2;222;166;221m████████[38;2;189;133;188m██[38;2;187;131;186m██[38;2;66;65;66m██[38;2;121;43;126m████[38;2;222;166;221m██████[38;2;189;133;188m██[38;2;187;131;186m████[38;2;0;0;0m██    
        ██[38;2;66;65;66m██[38;2;228;172;227m██[38;2;222;166;221m████[38;2;66;65;66m██[38;2;184;128;183m██[38;2;85;91;101m██[38;2;222;166;221m██[38;2;90;93;107m██[38;2;190;134;189m██[38;2;66;65;66m██[38;2;222;166;221m██████[38;2;189;133;188m████[38;2;187;131;186m██[38;2;66;65;66m██[38;2;121;43;126m██[38;2;222;166;221m████[38;2;189;133;188m██████[38;2;187;131;186m██[38;2;0;0;0m██      
        ██[38;2;187;131;186m████[38;2;222;166;221m████[38;2;228;172;227m██[38;2;74;65;66m██[38;2;66;65;66m██[38;2;187;131;186m██[38;2;184;128;183m██[38;2;66;65;66m██[38;2;222;166;221m██████[38;2;189;133;188m██████[38;2;66;65;66m██[38;2;187;131;186m██[38;2;189;133;188m████████[38;2;187;131;186m████[38;2;0;0;0m██        
          ██[38;2;187;131;186m██[38;2;189;133;188m████[38;2;185;129;184m████[38;2;187;131;186m██[38;2;66;65;66m████[38;2;228;172;227m██[38;2;222;166;221m██[38;2;189;133;188m██████████[38;2;66;65;66m██[38;2;187;131;186m██[38;2;189;133;188m████████[38;2;187;131;186m██[38;2;0;0;0m██          
        ██[38;2;185;129;184m██[38;2;74;65;66m██[38;2;66;65;66m██[38;2;187;131;186m██[38;2;192;136;191m████[38;2;187;131;186m████[38;2;189;133;188m████████[38;2;187;131;186m██████[38;2;0;0;0m██[38;2;187;131;186m██████████[38;2;0;0;0m████            
      ██[38;2;222;166;221m██[38;2;228;172;227m██[38;2;185;129;184m██[38;2;187;131;186m██[38;2;66;65;66m██[38;2;46;59;66m██[38;2;8;4;0m██[38;2;0;0;0m██[38;2;187;131;186m██[38;2;189;133;188m████████[38;2;187;131;186m██[38;2;66;65;66m██[38;2;0;0;0m██  ██████████                
      ██[38;2;66;65;66m██[38;2;188;132;187m██[38;2;110;54;109m██[38;2;187;131;186m████[38;2;0;0;0m██    ██[38;2;51;59;66m████[38;2;66;65;66m████[38;2;74;65;66m██[38;2;185;129;184m██[38;2;0;0;0m██                            
        ██████████        [38;2;16;4;0m██[38;2;192;136;191m██[38;2;228;172;227m██[38;2;184;128;183m██[38;2;228;172;227m██[38;2;185;129;184m██[38;2;222;166;221m██[38;2;0;0;0m██                          
                          ██[38;2;66;65;66m██[38;2;188;132;187m██[38;2;110;54;109m██[38;2;188;132;187m██[38;2;110;54;109m██[38;2;187;131;186m██[38;2;0;0;0m██                          
                            ████████████                            
[0m