                    [38;2;0;0;0m██                                    
    ████          [38;2;16;0;0m██[38;2;215;103;201m██[38;2;0;0;0m██                        ██████    
    ██[38;2;188;67;170m██[38;2;0;0;0m████    ██[38;2;145;28;123m████[38;2;147;29;124m██[38;2;0;0;0m██          ████    ████[38;2;213;100;199m██████[38;2;0;0;0m██  
    ██[38;2;188;67;170m████[38;2;192;72;175m██[38;2;8;4;8m██[38;2;0;0;0m██[38;2;233;139;222m██████████[38;2;0;0;0m████    [38;2;0;8;8m██[38;2;217;108;204m██[38;2;0;0;0m██    ██[38;2;213;100;199m████[38;2;207;172;212m████[38;2;146;111;151m██[38;2;0;0;8m██
      [38;2;0;0;0m██[38;2;188;67;170m██[38;2;129;17;106m██[38;2;233;141;223m██[38;2;233;139;222m████████████████[38;2;0;0;0m████[38;2;217;108;204m██[38;2;175;53;155m██[38;2;0;0;0m██  ██[38;2;213;100;199m████[38;2;211;176;216m██[38;2;159;124;164m██[38;2;180;58;161m██[38;2;209;174;214m██[38;2;0;0;8m██
  [38;2;0;0;0m████[38;2;24;4;8m██[38;2;136;22;113m██[38;2;233;139;222m████████████████████[38;2;233;141;223m██[38;2;211;97;197m██[38;2;220;112;207m██[38;2;0;4;0m██    [38;2;0;0;0m██[38;2;213;100;199m██[38;2;211;176;216m████[38;2;187;65;168m██[38;2;211;176;216m████[38;2;0;0;0m██
  ██[38;2;233;139;222m██[38;2;136;22;113m██[38;2;236;148;227m██[38;2;233;139;222m████████████████████[38;2;66;65;66m████[38;2;176;54;157m██[38;2;0;4;0m██  [38;2;0;0;0m██[38;2;213;100;199m████[38;2;211;176;216m██████[38;2;187;65;168m██[38;2;211;176;216m██[38;2;0;0;0m██
  ██[38;2;233;139;222m████[38;2;66;65;66m██[38;2;233;139;222m████[38;2;66;65;66m████[38;2;233;139;222m██████████[38;2;66;65;66m██[38;2;233;139;222m██[38;2;66;65;66m██[38;2;217;108;204m██[38;2;0;8;8m██  [38;2;0;0;0m██[38;2;213;100;199m██[38;2;211;176;216m██████[38;2;147;112;152m████[38;2;0;0;0m██  
    ██[38;2;233;139;222m████████[38;2;66;65;66m██[38;2;233;139;222m██[38;2;66;65;66m██[38;2;233;139;222m██████[38;2;66;65;66m██[38;2;233;139;222m████[38;2;66;65;66m██[38;2;217;108;204m██[38;2;175;53;155m██[38;2;0;0;0m██[38;2;213;100;199m██[38;2;211;176;216m██████████[38;2;0;0;0m██    
  [38;2;0;8;8m██[38;2;82;90;90m██[38;2;233;139;222m████████[38;2;186;64;167m██[38;2;233;139;222m██████████████[38;2;188;67;170m██[38;2;213;100;199m██[38;2;212;99;198m████[38;2;66;65;57m██[38;2;210;175;215m██[38;2;211;176;216m████[38;2;0;0;0m██████      
  [38;2;0;8;8m██[38;2;247;255;255m██[38;2;82;95;95m██[38;2;233;139;222m████████████[38;2;186;64;167m██[38;2;233;139;222m████████[38;2;188;67;170m██[38;2;213;100;199m██[38;2;212;99;198m████[38;2;66;65;57m██[38;2;147;112;152m██[38;2;0;0;0m████            
  ██[38;2;247;251;247m██[38;2;0;0;0m██[38;2;241;161;233m██[38;2;233;139;222m████████[38;2;82;95;95m██[38;2;247;255;255m██[38;2;194;74;177m██[38;2;231;135;220m██[38;2;233;139;222m██████[38;2;212;99;198m██[38;2;213;100;199m████[38;2;63;67;49m██[38;2;0;0;16m██                
  [38;2;0;0;0m██[38;2;82;83;82m██[38;2;222;255;255m██[38;2;74;85;85m██[38;2;66;65;66m██[38;2;233;139;222m████[38;2;186;64;167m██[38;2;0;16;16m██[38;2;247;255;255m██[38;2;141;25;118m██[38;2;231;135;220m██[38;2;233;139;222m████[38;2;212;99;198m████[38;2;213;100;199m██[38;2;145;110;150m██[38;2;146;111;151m██[38;2;63;67;49m██[38;2;0;0;0m██              
██[38;2;198;78;181m████[38;2;74;56;66m██[38;2;255;93;148m██[38;2;247;105;156m██[38;2;74;56;66m██[38;2;177;55;158m██[38;2;255;255;255m██████[38;2;57;69;74m██[38;2;233;141;223m██[38;2;233;139;222m██[38;2;212;99;198m██[38;2;213;100;199m████[38;2;210;175;215m████[38;2;83;48;88m██[38;2;146;111;151m██[38;2;0;0;0m██              
  ██[38;2;198;78;181m██[38;2;194;80;120m████[38;2;189;88;126m██[38;2;247;105;156m██[38;2;177;55;158m████[38;2;66;65;66m████[38;2;211;97;197m████[38;2;212;99;198m████[38;2;211;176;216m████[38;2;210;175;215m██[38;2;143;108;148m██[38;2;0;0;8m████[38;2;0;0;0m██              
    ██[38;2;66;60;66m██[38;2;239;130;148m██[38;2;247;101;148m██[38;2;186;87;120m██[38;2;41;73;90m██[38;2;214;102;200m██[38;2;213;100;199m██████[38;2;252;229;255m██████[38;2;205;170;210m██[38;2;253;238;255m████[38;2;8;8;0m██                    
    [38;2;0;0;0m██[38;2;122;87;127m██[38;2;66;60;66m██████[38;2;252;230;255m████[38;2;252;229;255m██████████[38;2;211;176;216m██[38;2;146;111;151m████[38;2;253;238;255m██[38;2;185;150;190m██[38;2;0;0;0m██                  
  ██[38;2;144;109;149m██[38;2;0;0;0m████[38;2;211;176;216m████████[38;2;252;229;255m████[38;2;206;171;211m████[38;2;147;112;152m██[38;2;211;176;216m████[38;2;0;0;0m████[38;2;252;229;255m██[38;2;0;0;0m██                  
  ████    ████[38;2;211;176;216m████[38;2;144;109;149m██[38;2;252;229;255m██[38;2;253;238;255m██[38;2;149;114;154m██[38;2;211;176;216m██[38;2;0;0;0m████    ████                  
              ██████[38;2;211;176;216m██[38;2;253;238;255m██[38;2;102;67;107m██[38;2;0;0;0m██                              
                    ██[38;2;183;148;188m██[38;2;0;0;8m██                                
                      [38;2;0;0;0m██                                  
[0m