      [38;2;0;0;0m████        ████      
    ██[38;2;255;152;115m████[38;2;0;0;0m████████[38;2;248;133;64m████[38;2;0;0;0m██    
    ██[38;2;255;152;115m██[38;2;248;133;64m████[38;2;123;123;123m██[38;2;84;160;195m██[38;2;103;202;247m██[38;2;65;65;65m██[38;2;213;107;50m██[38;2;0;0;0m██    
    ██[38;2;213;107;50m██[38;2;248;133;64m████[38;2;123;123;123m██[38;2;103;202;247m██████[38;2;84;160;195m██[38;2;0;0;0m██    
  ██[38;2;103;202;247m██[38;2;65;65;65m██[38;2;248;133;64m██[38;2;213;107;50m██[38;2;103;202;247m██████[38;2;84;160;195m██[38;2;103;202;247m██[38;2;84;160;195m██[38;2;0;0;0m██  
  ██[38;2;103;202;247m██[38;2;65;65;65m██[38;2;213;107;50m██[38;2;84;160;195m██[38;2;103;202;247m████[38;2;84;160;195m██[38;2;103;202;247m██████[38;2;0;0;0m██  
██[38;2;103;202;247m██████[38;2;65;65;65m██[38;2;84;160;195m██[38;2;103;202;247m████[38;2;84;160;195m██[38;2;103;202;247m████████[38;2;0;0;0m██
██[38;2;103;202;247m██████[38;2;84;160;195m██[38;2;103;202;247m████[38;2;84;160;195m██[38;2;103;202;247m██████████[38;2;0;0;0m██
  ██[38;2;84;160;195m██[38;2;103;202;247m██[38;2;123;123;123m██[38;2;103;202;247m████[38;2;84;160;195m██[38;2;103;202;247m████████[38;2;84;160;195m██[38;2;0;0;0m██
    ██[38;2;123;123;123m████[38;2;103;202;247m████[38;2;84;160;195m██[38;2;103;202;247m██[38;2;84;160;195m████[38;2;65;65;65m██[38;2;0;0;0m██  
      ██[38;2;255;255;255m██[38;2;123;123;123m████████[38;2;255;255;255m██[38;2;0;0;0m██      
        ██[38;2;219;174;203m██[38;2;255;255;255m██████[38;2;0;0;0m██        
          ██[38;2;142;113;123m████[38;2;0;0;0m██          
          ██[38;2;255;255;255m██[38;2;180;143;156m██[38;2;255;255;255m██[38;2;0;0;0m██        
        ██[38;2;255;255;255m██[38;2;219;174;203m██[38;2;255;255;255m██[38;2;180;143;156m██[38;2;219;174;203m██[38;2;0;0;0m████    
        ██[38;2;255;255;255m██[38;2;142;113;123m██[38;2;255;255;255m████████[38;2;219;174;203m██[38;2;0;0;0m██  
          ████[38;2;255;255;255m████[38;2;219;174;203m██[38;2;0;0;0m████    
              ██████        
[0m