                [38;2;0;0;0m████████                                                
            ████[38;2;16;255;247m████[38;2;13;255;248m████[38;2;0;0;0m████                                            
          ██[38;2;23;255;241m████[38;2;16;255;247m████[38;2;0;221;244m████████[38;2;0;0;0m████                                        
████    ██[38;2;23;255;241m██[38;2;16;255;247m████[38;2;0;225;247m████[38;2;255;242;165m██[38;2;66;65;66m██[38;2;255;242;165m████[38;2;255;247;173m████[38;2;0;0;0m██                                      
██[38;2;75;106;171m██[38;2;0;0;0m██  ██[38;2;23;255;241m██[38;2;16;255;247m████[38;2;0;225;247m██[38;2;255;242;165m██[38;2;66;65;66m██[38;2;255;251;255m██[38;2;66;65;66m██[38;2;255;242;165m██[38;2;162;192;124m████[38;2;0;0;0m██                                      
  ██[38;2;107;138;203m██[38;2;0;0;0m██[38;2;127;213;198m██[38;2;56;144;155m██[38;2;0;255;247m██[38;2;38;185;208m██[38;2;255;242;165m██[38;2;66;65;66m██[38;2;255;255;255m████[38;2;66;65;66m██[38;2;84;179;207m██[38;2;181;201;130m████[38;2;227;230;155m██[38;2;0;0;0m██                                    
  ██[38;2;17;48;113m████[38;2;0;39;33m██[38;2;56;144;155m██[38;2;225;198;55m████[38;2;255;242;165m██[38;2;66;65;66m██[38;2;255;255;255m██[38;2;231;201;16m██[38;2;66;65;66m██[38;2;84;179;207m██[38;2;0;221;244m████[38;2;227;230;155m██[38;2;0;0;0m██                ██████              
    ██[38;2;105;136;201m██[38;2;33;64;129m██[38;2;10;6;0m██[38;2;255;242;165m████[38;2;245;207;58m██[38;2;255;255;255m██[38;2;228;196;15m████[38;2;0;0;1m██[38;2;96;139;109m██[38;2;23;255;241m████[38;2;0;225;247m██[38;2;255;242;165m██[38;2;0;0;0m████          ██[38;2;255;242;165m████[38;2;79;190;219m██[38;2;0;0;0m██████        
    ██[38;2;42;73;138m██[38;2;33;64;129m██[38;2;76;107;172m██[38;2;66;65;66m██[38;2;255;242;165m██[38;2;255;244;170m██[38;2;245;207;58m██[38;2;228;196;15m████[38;2;0;0;1m██[38;2;168;225;167m██[38;2;155;175;93m██[38;2;23;255;241m██[38;2;0;225;247m██[38;2;255;242;165m██████[38;2;0;0;0m██      ██[38;2;255;242;165m██[38;2;0;225;247m████[38;2;79;190;219m████[38;2;23;255;241m████[38;2;0;0;0m██      
  ██[38;2;162;192;124m██[38;2;66;65;66m██[38;2;116;147;212m██[38;2;8;39;104m██[38;2;4;0;0m██[38;2;255;227;147m██[38;2;255;235;165m██[38;2;245;207;58m██[38;2;255;255;255m██[38;2;231;201;16m██[38;2;66;47;0m██[38;2;211;204;172m██[38;2;255;242;170m██[38;2;138;165;84m██[38;2;0;255;236m██[38;2;24;158;196m██[38;2;0;255;255m██[38;2;255;251;188m██[38;2;255;242;165m██[38;2;0;0;0m██    ██[38;2;0;255;255m██[38;2;23;255;241m████████[38;2;0;255;253m████[38;2;0;221;244m██[38;2;0;0;0m██    
  ██[38;2;162;192;124m██[38;2;66;65;66m██[38;2;16;10;0m████[38;2;228;171;66m██[38;2;255;227;147m██[38;2;255;235;165m██[38;2;245;207;58m██[38;2;255;255;255m████[38;2;255;251;255m██[38;2;138;124;72m██[38;2;255;242;170m████[38;2;75;150;53m██[38;2;0;255;236m██[38;2;29;215;236m██[38;2;0;255;255m██[38;2;255;242;165m██[38;2;0;0;0m██  ██[38;2;0;255;255m████[38;2;23;255;241m██[38;2;242;208;55m██████[38;2;208;188;53m██[38;2;49;172;201m██[38;2;0;221;244m██[38;2;0;0;0m██    
  ██[38;2;199;205;93m████[38;2;214;207;214m██[38;2;238;204;53m██[38;2;255;244;170m██[38;2;245;207;58m██[38;2;221;164;61m██[38;2;255;255;255m████████[38;2;236;199;55m██[38;2;255;241;170m████[38;2;165;187;104m██[38;2;0;221;244m██[38;2;13;255;248m██[38;2;0;221;244m██[38;2;58;158;145m██[38;2;8;4;0m██  [38;2;0;0;0m██[38;2;96;255;255m██[38;2;250;199;55m██[38;2;225;198;55m██[38;2;255;251;175m██[38;2;255;247;173m████[38;2;255;235;165m██[38;2;245;207;58m██[38;2;0;221;244m████[38;2;0;0;0m██  
    ██[38;2;199;205;93m██[38;2;214;207;214m██[38;2;238;204;53m██[38;2;245;207;58m██[38;2;255;255;255m████[38;2;221;164;61m██[38;2;255;255;255m██████[38;2;236;199;55m██[38;2;255;241;170m████[38;2;165;187;104m████[38;2;0;221;244m████[38;2;58;158;145m██[38;2;0;0;0m████[38;2;66;65;66m██[38;2;250;199;55m██[38;2;141;182;145m██[38;2;255;251;175m██[38;2;245;233;135m██[38;2;162;192;124m██[38;2;255;247;173m██[38;2;255;235;165m████[38;2;238;204;53m██[38;2;0;221;244m██[38;2;0;0;0m██  
      ██[38;2;255;255;255m████[38;2;208;206;211m██[38;2;255;255;255m██[38;2;69;60;165m██[38;2;140;239;222m██[38;2;255;255;255m████[38;2;214;207;214m██[38;2;238;204;53m██[38;2;255;247;173m██[38;2;162;192;124m██[38;2;255;241;161m██[38;2;182;178;109m██[38;2;109;201;198m██[38;2;57;65;66m██[38;2;66;65;66m██[38;2;255;255;255m██████[38;2;66;60;66m██[38;2;186;182;192m██[38;2;245;233;135m██[38;2;255;251;175m██[38;2;255;247;173m██[38;2;162;192;124m██[38;2;255;247;173m████[38;2;255;242;165m██[38;2;0;0;0m██    
      ██[38;2;255;255;255m██████[38;2;159;157;167m██[38;2;69;60;165m██[38;2;137;179;203m██[38;2;255;255;255m████[38;2;214;207;214m██[38;2;238;204;53m██[38;2;255;247;173m██[38;2;162;192;124m██[38;2;255;241;161m██[38;2;0;0;0m██[38;2;57;65;66m██[38;2;181;255;255m██[38;2;255;255;255m██████████[38;2;66;60;66m██[38;2;225;198;55m████[38;2;255;247;173m████[38;2;162;192;124m██[38;2;255;247;173m██[38;2;255;242;165m██[38;2;0;0;0m██    
    ██[38;2;255;255;255m████████[38;2;0;210;239m██[38;2;255;255;255m██████[38;2;139;136;139m██[38;2;245;207;58m██[38;2;255;235;165m██[38;2;162;192;124m██[38;2;255;247;173m██[38;2;236;199;55m██[38;2;255;255;255m████████████████[38;2;66;65;66m██[38;2;162;192;124m████[38;2;245;207;58m██[38;2;255;235;165m██[38;2;162;192;124m██[38;2;255;247;173m██[38;2;227;230;155m██[38;2;0;0;0m██    
    ██[38;2;255;255;255m████████████[38;2;66;65;66m██[38;2;19;15;6m██[38;2;197;195;197m██[38;2;245;207;58m██[38;2;255;235;165m██[38;2;162;192;124m██[38;2;255;247;173m██[38;2;236;199;55m██[38;2;255;255;255m██████████████████[38;2;66;65;66m██[38;2;162;192;124m██[38;2;245;207;58m██[38;2;255;235;165m██[38;2;162;192;124m██[38;2;255;247;173m██[38;2;227;230;155m██[38;2;0;0;0m██    
  ██[38;2;255;255;255m████████████[38;2;66;65;66m██[38;2;138;165;84m██[38;2;66;65;66m██[38;2;192;191;192m██[38;2;225;198;55m██[38;2;245;233;135m██[38;2;235;239;173m██[38;2;225;198;55m██[38;2;255;235;165m██[38;2;245;207;58m██[38;2;255;255;255m████[38;2;214;206;214m██[38;2;255;255;255m██████████[38;2;66;60;66m██[38;2;250;251;124m██[38;2;210;196;58m██[38;2;235;239;173m██[38;2;187;207;135m████[38;2;238;204;53m██[38;2;0;221;244m██[38;2;0;0;0m██  
  ██[38;2;255;255;255m████[38;2;156;157;167m██[38;2;255;255;255m████[38;2;66;65;66m██[38;2;138;165;84m████[38;2;66;65;66m██[38;2;255;255;255m██[38;2;225;198;55m██[38;2;255;251;175m██[38;2;235;227;133m████[38;2;255;235;165m██[38;2;245;207;58m██[38;2;255;255;255m██[38;2;214;206;214m██████[38;2;255;255;255m████████[38;2;66;60;66m██[38;2;165;164;75m██[38;2;230;230;133m██[38;2;219;213;96m██[38;2;187;207;135m██[38;2;245;207;58m██[38;2;0;221;244m████[38;2;0;0;0m██  
    ██[38;2;156;158;165m██[38;2;255;255;255m██[38;2;0;0;0m████[38;2;0;211;236m██[38;2;26;139;127m██[38;2;66;65;66m██[38;2;255;255;255m██████[38;2;236;199;55m██[38;2;255;235;165m████[38;2;236;199;55m██[38;2;255;255;255m██[38;2;214;207;214m████[38;2;66;65;66m████[38;2;231;223;231m████[38;2;255;255;255m██[38;2;214;206;214m██[38;2;66;65;66m██[38;2;244;207;58m██[38;2;176;198;129m██[38;2;138;165;84m██[38;2;162;192;124m██[38;2;221;198;56m██[38;2;0;221;244m██████[38;2;0;0;0m██
      ████  [38;2;8;0;0m██[38;2;0;211;236m██[38;2;26;139;127m██[38;2;66;65;66m██[38;2;255;255;255m████████[38;2;245;207;58m████[38;2;255;255;255m████[38;2;214;207;214m██[38;2;66;65;66m██[38;2;159;159;164m██[38;2;66;65;66m██[38;2;0;0;0m██[38;2;231;223;231m██[38;2;214;206;214m████[38;2;66;65;66m██[38;2;244;207;58m██[38;2;176;198;129m████[38;2;204;205;96m██[38;2;162;192;124m██[38;2;238;204;53m██[38;2;0;221;244m████[38;2;0;0;0m██
              ██[38;2;0;221;244m████[38;2;66;65;66m██[38;2;214;207;214m██[38;2;255;255;255m████████████[38;2;57;56;60m██[38;2;156;162;165m██[38;2;159;159;164m██[38;2;0;0;0m██  ██[38;2;251;241;190m██[38;2;238;204;53m██[38;2;225;198;55m██[38;2;245;233;135m██[38;2;245;207;58m████[38;2;225;198;55m██[38;2;245;233;135m██[38;2;238;204;53m██[38;2;0;221;244m██[38;2;0;0;0m██  
            ██[38;2;0;221;244m██[38;2;145;172;87m██[38;2;0;221;244m██[38;2;66;65;66m██[38;2;214;207;214m██[38;2;156;157;167m████[38;2;255;255;255m██████[38;2;214;206;214m██[38;2;8;4;8m██[38;2;156;162;165m██[38;2;159;159;164m██[38;2;0;0;0m██  ██[38;2;238;204;53m██[38;2;251;241;190m██[38;2;255;251;175m██[38;2;225;198;55m██[38;2;255;235;165m████[38;2;255;251;175m██[38;2;225;198;55m██[38;2;0;221;244m████[38;2;0;0;0m██  
            ██[38;2;0;221;244m██████[38;2;138;165;84m██[38;2;66;65;66m██[38;2;214;207;214m████[38;2;66;65;66m██[38;2;255;255;255m████[38;2;0;0;0m██  ██[38;2;245;207;58m██[38;2;187;207;135m██[38;2;235;202;58m████[38;2;255;241;170m████[38;2;255;216;139m████[38;2;255;242;165m██[38;2;0;0;0m██[38;2;78;144;73m████[38;2;0;221;244m██[38;2;0;0;0m██    
              ██[38;2;0;221;244m██[38;2;145;172;87m██[38;2;138;165;84m████[38;2;66;65;66m██[38;2;214;207;214m██[38;2;66;65;66m██[38;2;255;255;255m████[38;2;0;0;0m██  ██[38;2;187;207;135m████[38;2;162;192;124m██[38;2;235;202;58m██[38;2;255;241;170m████[38;2;172;152;75m██[38;2;8;0;8m██[38;2;0;0;0m██  ██████      
                ████[38;2;190;195;79m████[38;2;245;207;58m████[38;2;244;207;58m██[38;2;66;65;66m██[38;2;172;152;75m██[38;2;8;0;8m██  [38;2;0;0;0m██[38;2;144;136;62m██[38;2;255;255;150m██[38;2;245;207;58m██[38;2;0;0;0m██[38;2;233;202;16m████[38;2;0;0;0m██                  
                    ██[38;2;190;195;79m██[38;2;187;207;135m████[38;2;244;207;58m████[38;2;255;216;139m████[38;2;0;0;0m██[38;2;255;242;165m██[38;2;255;255;150m██[38;2;8;0;8m██[38;2;0;0;0m██  ████                    
                      ██[38;2;215;179;10m████[38;2;245;207;58m██[38;2;255;235;165m██████[38;2;255;242;165m████[38;2;0;0;0m██                              
                        ██[38;2;41;26;0m██[38;2;245;207;58m██[38;2;255;235;165m████[38;2;245;207;58m██[38;2;0;0;0m████                                
                          ██[38;2;233;202;16m████[38;2;231;201;16m██[38;2;0;0;0m██                                    
                            ██████                                      
[0m