            [38;2;0;0;0m██                                    
          ██[38;2;120;52;63m██[38;2;0;0;0m██                                  
          ██[38;2;148;113;90m██[38;2;120;52;63m██[38;2;0;0;0m██  ██  ██            ████        
          ██[38;2;148;113;90m██[38;2;120;52;63m██[38;2;0;0;0m████[38;2;146;78;89m██[38;2;0;0;0m██[38;2;146;78;89m██[38;2;0;0;0m██          ██[38;2;236;217;221m██[38;2;0;0;0m██      
  ████      ██[38;2;120;52;63m██[38;2;146;78;89m██████████[38;2;0;0;0m████  ████    ██[38;2;236;217;221m██[38;2;0;0;0m██    
  ██[38;2;236;217;221m██[38;2;0;0;0m██  ██[38;2;146;78;89m██████████[38;2;120;52;63m██[38;2;146;78;89m████[38;2;74;74;74m██[38;2;0;0;0m██[38;2;146;78;89m████[38;2;0;0;0m██    ██[38;2;236;217;221m██[38;2;0;0;0m██  
██[38;2;74;74;74m██[38;2;148;113;90m██[38;2;236;217;221m██[38;2;0;0;0m██[38;2;236;217;221m████[38;2;146;78;89m████[38;2;0;0;0m██[38;2;74;74;74m██[38;2;255;255;255m██[38;2;146;78;89m██[38;2;74;74;74m██[38;2;146;78;89m██████[38;2;0;0;0m██      ██[38;2;205;162;173m██[38;2;0;0;0m██  
██[38;2;205;162;173m████[38;2;236;217;221m██████[38;2;205;162;173m██[38;2;146;78;89m██[38;2;0;0;0m██[38;2;255;255;255m██[38;2;189;74;74m██[38;2;255;255;255m██[38;2;74;74;74m██████[38;2;148;113;90m████[38;2;146;78;89m██[38;2;0;0;0m██    ██[38;2;236;217;221m████[38;2;0;0;0m██
  ██[38;2;236;217;221m██[38;2;74;74;74m████[38;2;146;78;89m██[38;2;236;217;221m██[38;2;74;74;74m██[38;2;236;217;221m██[38;2;120;52;63m██[38;2;74;74;74m████[38;2;236;217;221m██████[38;2;74;74;74m██[38;2;148;113;90m██[38;2;0;0;0m██        ██[38;2;205;162;173m██[38;2;0;0;0m██
██[38;2;236;217;221m████[38;2;146;78;89m██[38;2;255;255;255m██[38;2;74;74;74m██[38;2;236;217;221m██████[38;2;205;162;173m██[38;2;236;217;221m██████[38;2;74;74;74m████[38;2;148;113;90m██[38;2;146;78;89m████[38;2;0;0;0m██      ██[38;2;236;217;221m██[38;2;0;0;0m██
██[38;2;236;217;221m████[38;2;146;78;89m██[38;2;255;255;255m██[38;2;74;74;74m██[38;2;236;217;221m████████[38;2;74;74;74m████████[38;2;148;113;90m████[38;2;74;74;74m██[38;2;0;0;0m██        ██[38;2;205;162;173m██[38;2;0;0;0m██
██[38;2;236;217;221m████[38;2;146;78;89m████[38;2;74;74;74m██[38;2;236;217;221m████████[38;2;205;162;173m██[38;2;236;217;221m████[38;2;74;74;74m██████[38;2;120;52;63m████[38;2;0;0;0m██    ██[38;2;236;217;221m████[38;2;0;0;0m██
  ██[38;2;236;217;221m██[38;2;146;78;89m██[38;2;255;255;255m██[38;2;74;74;74m██[38;2;236;217;221m██████████[38;2;74;74;74m████[38;2;120;52;63m██████████[38;2;0;0;0m██    ██[38;2;148;99;112m████[38;2;0;0;0m██
    ██[38;2;205;162;173m██[38;2;146;78;89m██[38;2;236;217;221m██████████[38;2;205;162;173m██[38;2;120;52;63m██[38;2;74;74;74m██[38;2;120;52;63m████████████[38;2;0;0;0m████[38;2;205;162;173m████[38;2;0;0;0m██  
  ██[38;2;205;162;173m██[38;2;0;0;0m██[38;2;205;162;173m████[38;2;74;74;74m██[38;2;205;162;173m██████[38;2;120;52;63m██[38;2;74;74;74m██[38;2;236;217;221m██[38;2;74;74;74m██[38;2;120;52;63m████████[38;2;74;74;74m██[38;2;148;99;112m████████[38;2;0;0;0m██  
  ██████[38;2;205;162;173m██[38;2;0;0;0m██[38;2;205;162;173m██[38;2;0;0;0m██[38;2;120;52;63m████[38;2;74;74;74m██[38;2;236;217;221m██[38;2;205;162;173m████[38;2;74;74;74m██[38;2;120;52;63m████████[38;2;74;74;74m██[38;2;205;162;173m████[38;2;0;0;0m██    
        ██  ████[38;2;148;113;90m████[38;2;74;74;74m██████[38;2;236;217;221m██[38;2;74;74;74m██[38;2;120;52;63m██████[38;2;74;74;74m██[38;2;120;52;63m██[38;2;0;0;0m████      
            ██[38;2;148;113;90m██[38;2;74;74;74m██[38;2;148;113;90m████████[38;2;74;74;74m████[38;2;120;52;63m██████[38;2;0;0;0m████          
              ██████[38;2;148;113;90m████████[38;2;120;52;63m████[38;2;74;74;74m██[38;2;0;0;0m██              
                    ██████[38;2;74;74;74m██████[38;2;148;99;112m██[38;2;0;0;0m██              
                        ██[38;2;205;162;173m██[38;2;74;74;74m██[38;2;205;162;173m██[38;2;0;0;0m██                
                          ██████                  
[0m