        [38;2;26;26;26m██                                
      ██[38;2;146;78;89m██[38;2;26;26;26m██                              
      ██[38;2;146;78;89m██[38;2;48;48;48m██[38;2;26;26;26m██          ██      ████      
      ██[38;2;48;48;48m██[38;2;146;78;89m██[38;2;26;26;26m██        ██[38;2;48;48;48m██[38;2;26;26;26m██  ██[38;2;146;78;89m████[38;2;26;26;26m████  
        ██[38;2;146;78;89m██[38;2;120;52;63m██[38;2;26;26;26m████  ██[38;2;146;78;89m██[38;2;48;48;48m██[38;2;146;78;89m██[38;2;26;26;26m██  ██[38;2;146;78;89m████[38;2;48;48;48m██[38;2;26;26;26m██
        ██[38;2;120;52;63m██[38;2;146;78;89m██████[38;2;26;26;26m██[38;2;146;78;89m████[38;2;203;135;146m██[38;2;26;26;26m██  ██[38;2;146;78;89m████[38;2;120;52;63m██[38;2;146;78;89m██[38;2;26;26;26m██
      ██[38;2;120;52;63m██[38;2;146;78;89m████████[38;2;48;48;48m██[38;2;146;78;89m██[38;2;203;135;146m████[38;2;26;26;26m██  ██[38;2;146;78;89m████[38;2;48;48;48m██[38;2;146;78;89m██[38;2;26;26;26m██
      ██[38;2;146;78;89m██████████████[38;2;203;135;146m██[38;2;26;26;26m██      ██[38;2;48;48;48m██[38;2;146;78;89m████[38;2;26;26;26m██
    ██[38;2;169;133;122m██[38;2;146;78;89m██████████[38;2;48;48;48m██[38;2;120;52;63m██[38;2;26;26;26m██          ██[38;2;146;78;89m██[38;2;26;26;26m██  
    ██[38;2;205;169;158m██[38;2;146;78;89m████████[38;2;26;26;26m██[38;2;255;255;255m██[38;2;48;48;48m██[38;2;26;26;26m██          ██[38;2;146;78;89m██[38;2;26;26;26m██  
  ████[38;2;146;78;89m████████[38;2;26;26;26m██[38;2;231;80;67m██[38;2;255;255;255m██[38;2;48;48;48m██[38;2;205;169;158m██[38;2;26;26;26m██        ██[38;2;120;52;63m██[38;2;26;26;26m██  
██[38;2;146;78;89m██[38;2;120;52;63m██[38;2;146;78;89m██████[38;2;48;48;48m████[38;2;205;169;158m████████[38;2;26;26;26m██      ██[38;2;120;52;63m██[38;2;26;26;26m██    
  ████[38;2;120;52;63m██[38;2;146;78;89m██[38;2;48;48;48m██[38;2;146;78;89m████[38;2;48;48;48m██[38;2;205;169;158m████[38;2;120;52;63m██[38;2;146;78;89m██[38;2;26;26;26m██    ██[38;2;120;52;63m██[38;2;26;26;26m██    
      ██[38;2;120;52;63m████[38;2;48;48;48m██[38;2;146;78;89m████[38;2;48;48;48m██[38;2;120;52;63m██[38;2;146;78;89m██████[38;2;26;26;26m████[38;2;120;52;63m██[38;2;26;26;26m██      
    ██[38;2;169;133;122m██[38;2;26;26;26m██[38;2;255;255;255m██[38;2;203;135;146m██[38;2;48;48;48m████[38;2;169;133;122m██[38;2;120;52;63m██[38;2;48;48;48m██[38;2;146;78;89m████[38;2;48;48;48m██[38;2;120;52;63m██[38;2;26;26;26m██        
    ████  ████[38;2;48;48;48m██[38;2;205;169;158m████[38;2;146;78;89m██[38;2;205;169;158m██[38;2;48;48;48m██[38;2;146;78;89m████[38;2;26;26;26m██          
            ██[38;2;120;52;63m██[38;2;205;169;158m████████[38;2;48;48;48m██[38;2;205;169;158m████[38;2;26;26;26m██          
            ██[38;2;48;48;48m██[38;2;120;52;63m██[38;2;205;169;158m████[38;2;48;48;48m██[38;2;120;52;63m██[38;2;48;48;48m██[38;2;26;26;26m██            
              ████████[38;2;120;52;63m██████[38;2;26;26;26m██            
                    ██[38;2;48;48;48m██[38;2;169;133;122m████[38;2;26;26;26m██            
                      ██████              
[0m