                            [38;2;0;0;0m████                                                
                          ██[38;2;54;161;247m████[38;2;0;0;0m██                                              
                          ██[38;2;54;161;251m████[38;2;0;0;0m██                                              
                        ██[38;2;56;163;250m██[38;2;43;125;189m████[38;2;0;0;0m██          ████                                
                        ██[38;2;43;125;189m████[38;2;0;0;0m██          ██[38;2;34;95;125m████[38;2;0;0;0m██                              
                      ██[38;2;43;125;189m██████[38;2;0;0;0m██        ██[38;2;34;94;125m██[38;2;34;95;125m████[38;2;0;0;0m██                              
                      ██[38;2;42;124;188m████[38;2;43;125;189m██[38;2;0;0;0m██        ██[38;2;34;94;125m████[38;2;0;0;0m██                                
                    ██[38;2;43;125;189m██[38;2;42;124;188m████[38;2;0;0;0m██        ██[38;2;34;94;125m██████[38;2;0;0;0m██                                
                    ██[38;2;43;125;189m██[38;2;42;124;188m████[38;2;23;64;96m██[38;2;0;4;0m██    [38;2;0;0;0m██[38;2;34;94;125m██████[38;2;0;0;0m██                                  
                  ██[38;2;43;125;189m████[38;2;42;124;188m████[38;2;23;64;96m██[38;2;43;127;186m██[38;2;0;0;0m████[38;2;34;94;125m██████[38;2;0;0;0m██                                    
                  ██[38;2;42;124;188m██████████[38;2;22;69;93m██[38;2;43;125;189m██[38;2;34;94;125m██[38;2;33;93;124m████[38;2;34;94;125m██[38;2;0;0;0m██                                    
                ██[38;2;43;125;189m██[38;2;42;124;188m████████████[38;2;43;125;189m████[38;2;65;64;65m██[38;2;33;93;124m██[38;2;0;0;0m██                                      
              ██[38;2;40;122;186m██[38;2;46;70;105m██[38;2;42;124;188m████████████████[38;2;40;122;186m██[38;2;34;91;135m██[38;2;0;0;0m██                                      
            ██[38;2;43;125;189m██[38;2;46;70;105m██[38;2;34;91;135m██[38;2;42;124;188m██████████[38;2;65;64;65m██████[38;2;46;70;105m████[38;2;34;94;125m██[38;2;0;0;0m██    ██████████                      
            [38;2;8;0;0m██[38;2;42;121;179m██[38;2;57;68;57m██[38;2;34;91;130m██[38;2;42;124;188m████[38;2;35;91;134m████[38;2;65;64;65m██[38;2;255;121;139m██[38;2;254;124;139m████[38;2;255;121;139m██[38;2;254;72;117m██[38;2;65;64;65m████[38;2;0;0;0m████[38;2;43;125;189m██[38;2;54;161;251m██[38;2;54;162;251m████[38;2;38;111;174m██[38;2;0;4;0m██[38;2;0;0;0m██                  
          ██[38;2;42;121;179m██[38;2;30;81;122m██[38;2;41;126;187m██[38;2;34;91;130m██[38;2;42;124;188m████[38;2;35;91;134m██[38;2;255;72;115m██[38;2;255;121;139m████[38;2;254;124;139m████[38;2;255;121;139m████[38;2;255;72;115m██[38;2;65;64;65m██[38;2;43;125;189m████[38;2;54;161;251m████[38;2;54;162;251m████[38;2;60;165;255m████[38;2;43;125;189m██[38;2;0;0;0m██                
          ██[38;2;42;124;188m██[38;2;65;64;65m██[38;2;43;125;189m██[38;2;34;94;125m██[38;2;32;97;149m██[38;2;82;82;84m██[38;2;160;62;74m██[38;2;255;72;115m██[38;2;255;89;123m████[38;2;160;62;74m██[38;2;255;97;131m██[38;2;254;74;117m████[38;2;255;72;115m██[38;2;35;91;134m██[38;2;42;124;188m████[38;2;42;127;194m██[38;2;52;157;245m██[38;2;54;162;251m████████[38;2;54;161;251m██[38;2;43;125;189m██[38;2;0;0;0m██              
          ██[38;2;42;124;188m██[38;2;65;64;65m██[38;2;43;125;189m██[38;2;34;94;125m██[38;2;82;82;84m██[38;2;148;52;57m██[38;2;255;72;115m██[38;2;160;62;74m██[38;2;255;89;123m██[38;2;160;62;74m██[38;2;255;97;131m██[38;2;160;62;74m██[38;2;254;74;117m████[38;2;35;91;134m████[38;2;42;124;188m████[38;2;22;66;92m██[38;2;52;157;245m██[38;2;54;162;251m████████[38;2;54;161;251m████[38;2;0;0;0m██              
          ██[38;2;33;93;124m██[38;2;65;64;65m██[38;2;34;91;130m██[38;2;41;126;187m██[38;2;139;109;156m██[38;2;41;157;213m██[38;2;255;72;115m████[38;2;160;62;74m██[38;2;255;72;115m██[38;2;222;68;106m████[38;2;255;72;115m██[38;2;160;62;74m██[38;2;65;64;65m██[38;2;42;124;188m████████[38;2;22;69;93m██[38;2;52;157;245m████[38;2;54;162;251m████████[38;2;60;168;255m██[38;2;0;0;0m██            
    ██    ██[38;2;33;93;124m██[38;2;65;64;65m██[38;2;34;91;130m██[38;2;57;68;57m██[38;2;238;60;98m████[38;2;255;72;115m██[38;2;82;178;255m██[38;2;255;72;115m████[38;2;82;178;255m██[38;2;222;68;106m██[38;2;160;62;74m██[38;2;255;72;115m██[38;2;65;64;65m██[38;2;42;124;188m██████████[38;2;42;127;194m██[38;2;22;66;92m██[38;2;54;162;251m████████[38;2;38;112;174m██[38;2;0;0;0m██            
  ██[38;2;43;125;189m██[38;2;0;0;0m██    [38;2;0;4;0m██[38;2;30;87;123m██[38;2;42;124;188m██[38;2;65;64;65m██[38;2;82;178;255m██[38;2;255;72;115m██████████[38;2;254;74;117m████████[38;2;255;72;115m██[38;2;65;64;65m██[38;2;42;124;188m████████████[38;2;22;69;93m████[38;2;42;124;188m████[38;2;43;125;189m██[38;2;0;0;0m██            
  ██[38;2;43;125;189m██[38;2;0;0;0m██  ██[38;2;30;87;123m██[38;2;44;131;182m██[38;2;42;124;188m██[38;2;65;64;65m██[38;2;255;72;115m████[38;2;82;178;255m██[38;2;255;72;115m██[38;2;82;178;255m██[38;2;255;72;115m██[38;2;254;74;117m████████[38;2;255;72;115m████[38;2;65;64;65m██[38;2;42;124;188m██████████████████[38;2;43;125;189m██[38;2;0;0;0m██            
  ██[38;2;46;127;184m██[38;2;0;0;0m██  ██[38;2;33;93;124m████[38;2;42;124;188m██[38;2;65;64;65m██[38;2;255;72;115m████████[38;2;254;74;117m████[38;2;255;72;115m████[38;2;160;62;74m██[38;2;255;72;115m██[38;2;254;74;117m████[38;2;35;91;134m████[38;2;42;124;188m████████████████████[38;2;0;0;0m██          
  ██[38;2;31;83;123m████[38;2;0;0;0m██[38;2;34;94;125m██[38;2;33;93;124m██[38;2;65;64;65m██[38;2;42;124;188m██[38;2;65;64;65m██[38;2;160;62;74m██[38;2;255;72;115m██[38;2;82;178;255m██[38;2;255;72;115m██[38;2;254;74;117m████[38;2;255;72;115m██[38;2;160;62;74m██[38;2;255;72;115m██[38;2;160;62;74m██[38;2;254;74;117m████[38;2;255;72;115m██[38;2;35;91;134m██[38;2;42;124;188m████████████████[38;2;22;69;93m██[38;2;42;124;188m██[38;2;0;0;0m██          
██[38;2;34;94;125m██[38;2;65;64;65m████[38;2;34;95;125m████[38;2;41;78;112m████████[38;2;65;64;65m██[38;2;160;68;90m██[38;2;255;72;115m██[38;2;160;62;74m██[38;2;255;72;115m██████[38;2;160;62;74m██[38;2;255;72;123m██[38;2;150;64;90m██[38;2;246;76;131m██[38;2;131;40;57m██[38;2;65;64;65m██[38;2;42;124;188m██████[38;2;24;71;98m██[38;2;42;124;185m██[38;2;42;124;188m████████[38;2;24;71;98m████[38;2;0;0;0m██          
██[38;2;34;94;125m██[38;2;65;64;65m██[38;2;33;93;124m██[38;2;34;95;125m████[38;2;41;78;112m██[38;2;189;72;139m██[38;2;41;78;112m██[38;2;189;72;139m██[38;2;65;64;65m██[38;2;255;72;115m██[38;2;160;62;74m██[38;2;255;72;115m██[38;2;160;62;74m██[38;2;255;72;115m██[38;2;160;62;74m██[38;2;255;72;115m██[38;2;255;72;123m██[38;2;202;68;106m██[38;2;131;40;57m██[38;2;208;64;106m██[38;2;65;64;65m██████[38;2;42;124;188m██[38;2;24;71;98m████[38;2;42;124;188m████████[38;2;42;124;185m██[38;2;24;71;98m██[38;2;23;70;98m██[38;2;0;0;0m██        
██[38;2;36;82;115m██[38;2;65;64;65m██[38;2;33;93;124m██[38;2;65;64;65m██[38;2;33;93;124m██[38;2;65;64;65m██[38;2;186;72;137m██[38;2;189;72;139m████[38;2;84;51;68m████[38;2;246;76;131m████[38;2;238;80;139m██[38;2;123;44;65m██[38;2;189;72;137m████████[38;2;189;72;139m████[38;2;189;68;131m████[38;2;57;68;57m██[38;2;43;125;189m██[38;2;42;124;188m██[38;2;22;69;93m██[38;2;42;124;188m██████████[38;2;22;69;93m██[38;2;24;71;98m██[38;2;42;124;185m██[38;2;0;0;0m██      
██[38;2;36;82;115m██[38;2;33;93;124m████[38;2;65;64;65m████[38;2;186;72;137m████[38;2;189;72;139m██[38;2;131;40;57m██[38;2;169;86;137m██[38;2;0;16;0m██[38;2;123;44;65m██[38;2;205;66;109m██[38;2;200;68;115m████[38;2;189;72;137m████████[38;2;189;72;139m██[38;2;131;40;57m██[38;2;112;58;76m██[38;2;74;52;49m██[38;2;34;91;130m██[38;2;43;125;189m██[38;2;42;124;188m████████████████[38;2;24;71;98m████[38;2;0;0;0m██      
  ██[38;2;33;93;124m████[38;2;65;64;65m██[38;2;186;72;137m██[38;2;189;68;115m██[38;2;126;45;76m██[38;2;189;72;139m██[38;2;0;0;0m████  [38;2;0;16;8m██[38;2;115;72;74m██[38;2;115;62;74m██[38;2;197;56;123m██[38;2;189;68;131m████[38;2;120;53;68m████[38;2;191;70;117m████[38;2;255;72;115m██[38;2;46;74;106m██[38;2;46;127;184m██[38;2;31;83;123m██[38;2;0;0;0m██[38;2;43;125;189m██[38;2;42;124;188m██[38;2;22;69;93m██[38;2;42;124;188m██████████[38;2;22;69;93m██[38;2;23;64;96m██[38;2;0;4;0m██    
  [38;2;0;0;0m██[38;2;33;93;124m██[38;2;65;64;65m██[38;2;186;72;137m████[38;2;126;45;76m██[38;2;0;0;0m████    ██[38;2;76;53;52m████[38;2;62;63;85m██[38;2;115;62;74m██[38;2;112;58;76m██[38;2;74;52;49m██[38;2;82;48;41m██[38;2;197;64;123m██[38;2;65;64;74m██[38;2;255;72;138m██[38;2;46;74;106m████[38;2;31;83;123m██[38;2;0;0;0m██  ██[38;2;42;124;188m████[38;2;22;69;93m██[38;2;42;124;188m██████████[38;2;23;64;96m██[38;2;43;127;186m██[38;2;0;0;0m██  
    ██[38;2;34;94;125m██[38;2;0;0;0m██[38;2;189;72;139m██[38;2;0;0;0m██        ██[38;2;34;94;125m████[38;2;34;88;121m████[38;2;31;83;123m██[38;2;46;127;184m██[38;2;42;124;188m██[38;2;65;64;65m██[38;2;42;124;188m██[38;2;65;64;65m██[38;2;33;93;124m████[38;2;0;0;0m██  ██[38;2;30;85;128m██[38;2;43;127;189m████[38;2;42;124;188m██[38;2;22;69;93m██[38;2;42;124;188m████████████[38;2;0;0;0m██  
      ██  ██            ██[38;2;34;94;125m██[38;2;34;88;121m██[38;2;0;0;0m██[38;2;31;83;123m██[38;2;0;0;0m██[38;2;42;124;188m████████[38;2;33;93;124m██[38;2;65;64;65m██[38;2;0;0;0m██  ██[38;2;43;127;189m██[38;2;30;85;129m██[38;2;0;4;0m██[38;2;42;124;188m██████[38;2;22;69;93m████[38;2;42;124;188m████[38;2;22;69;93m██[38;2;34;94;125m██[38;2;0;0;0m██
                          ████  ██  ██[38;2;43;125;189m██[38;2;0;0;0m██[38;2;34;94;125m██[38;2;65;64;65m██[38;2;0;0;0m██    ██████  ██[38;2;43;125;189m██████[38;2;42;124;188m██[38;2;22;69;93m██[38;2;23;70;98m██[38;2;34;95;125m██[38;2;34;94;125m██[38;2;0;0;0m██
                                      ██  ████              ██[38;2;43;125;189m██[38;2;0;0;0m██[38;2;43;125;189m██[38;2;42;124;188m████[38;2;34;95;125m████[38;2;0;0;0m██  
                                                            ████  ██[38;2;43;125;189m████[38;2;0;0;0m██[38;2;34;94;125m██[38;2;0;0;0m██  
                                                                  ██[38;2;43;125;189m██[38;2;0;0;0m██  ██    
                                                                    ██          
[0m