                                [38;2;3;4;0m██                                      
                      ██      ██[38;2;198;208;20m██[38;2;3;4;0m██                                    
                    ██[38;2;146;150;0m██[38;2;3;4;0m██  ██[38;2;201;210;28m██[38;2;198;208;20m████[38;2;3;4;0m██      ████                        
                    ██[38;2;159;152;2m██[38;2;203;214;1m██[38;2;3;4;0m██[38;2;199;209;16m██[38;2;148;150;0m██[38;2;199;209;16m████[38;2;3;4;0m██  ████[38;2;199;209;16m████[38;2;3;4;0m██                      
                    ██[38;2;207;218;1m██[38;2;154;147;5m██[38;2;203;214;1m██[38;2;199;209;16m██[38;2;148;150;0m██[38;2;199;209;16m████[38;2;201;210;28m██[38;2;3;4;0m██[38;2;198;208;20m████[38;2;148;150;0m██[38;2;199;209;16m██[38;2;3;4;0m██                      
                ████[38;2;206;217;2m██[38;2;53;72;60m██[38;2;66;65;66m██[38;2;200;210;19m██[38;2;199;209;16m██████████████[38;2;148;150;0m██[38;2;199;209;16m████[38;2;198;208;20m██[38;2;3;4;0m██                    
              ██[38;2;207;218;1m██[38;2;159;152;2m██[38;2;53;72;60m██[38;2;132;128;31m██[38;2;200;210;19m██[38;2;66;65;66m██[38;2;148;150;0m██[38;2;199;209;16m██████[38;2;148;150;0m████[38;2;199;209;16m████████[38;2;198;208;20m████[38;2;3;4;0m████                
              ██[38;2;200;210;19m████[38;2;66;65;66m██[38;2;200;210;19m██████[38;2;199;209;16m████████████[38;2;148;150;0m██[38;2;199;209;16m██[38;2;148;150;0m██████[38;2;199;209;16m██████[38;2;3;4;0m██              
            ██[38;2;146;150;0m██[38;2;66;65;66m██[38;2;200;210;19m██[38;2;66;65;66m██[38;2;200;210;19m████[38;2;66;65;66m██[38;2;199;209;16m██[38;2;148;150;0m████[38;2;199;209;16m████████[38;2;148;150;0m██[38;2;199;209;16m████[38;2;148;150;0m██[38;2;199;209;16m██████[38;2;3;4;0m██              
          ██[38;2;146;150;0m████████[38;2;98;99;35m██[38;2;123;126;82m██[38;2;200;210;19m██[38;2;66;65;66m██[38;2;148;150;0m██[38;2;222;195;163m██[38;2;148;150;0m████[38;2;157;158;0m██[38;2;179;171;53m██[38;2;200;210;19m████████[38;2;148;150;0m██[38;2;199;209;16m██[38;2;207;218;1m██[38;2;0;4;8m██                
            [38;2;3;4;0m██[38;2;146;150;0m██[38;2;66;65;66m████[38;2;214;212;163m██[38;2;98;99;35m██[38;2;200;210;19m██[38;2;66;65;66m██[38;2;222;195;163m██[38;2;148;150;0m████[38;2;222;195;163m██[38;2;214;203;163m██[38;2;157;158;0m██[38;2;66;65;66m██████[38;2;200;210;19m██[38;2;199;209;16m██[38;2;148;150;0m██[38;2;158;154;0m████[38;2;3;4;0m████            
            ██[38;2;146;150;0m██[38;2;66;65;66m████[38;2;222;195;163m██[38;2;66;65;66m██[38;2;200;210;19m██[38;2;66;65;66m██[38;2;222;195;163m██████████[38;2;66;65;66m██[38;2;82;78;68m██████[38;2;66;65;66m██[38;2;199;209;16m████[38;2;53;72;60m██[38;2;132;128;31m██[38;2;147;151;0m████[38;2;3;4;0m██          
          ██[38;2;146;150;0m████[38;2;66;65;66m██[38;2;82;78;68m██[38;2;66;65;66m████[38;2;200;210;19m████[38;2;66;65;66m██[38;2;222;195;163m██[38;2;66;65;66m██████████[38;2;82;78;68m████[38;2;66;65;66m██[38;2;199;209;16m████[38;2;206;217;2m██[38;2;66;65;66m██[38;2;147;151;0m████[38;2;3;4;0m██          
        ██[38;2;146;150;0m████[38;2;66;65;66m██[38;2;200;210;19m██[38;2;66;65;66m██[38;2;74;69;66m██[38;2;255;255;255m██[38;2;69;99;37m██[38;2;120;105;79m██[38;2;66;65;66m████[38;2;222;85;49m████[38;2;255;255;255m██[38;2;74;69;66m██[38;2;82;78;68m████[38;2;66;65;66m██[38;2;200;210;19m██[38;2;139;142;0m████[38;2;152;88;93m██[38;2;66;65;66m██[38;2;154;158;0m██[38;2;8;4;0m██            
          [38;2;3;4;0m██[38;2;146;150;0m██[38;2;66;65;66m██[38;2;200;210;19m████[38;2;74;69;66m████[38;2;247;154;90m██[38;2;69;99;37m██[38;2;200;210;19m██[38;2;66;65;66m██[38;2;255;255;255m████[38;2;74;69;66m████[38;2;82;78;68m██[38;2;66;65;66m██[38;2;200;210;19m████[38;2;99;122;45m██[38;2;146;82;87m██[38;2;152;88;93m████[38;2;66;65;66m██[38;2;154;158;0m██[38;2;3;4;0m████        
            ██[38;2;146;150;0m██[38;2;53;72;60m██[38;2;206;217;2m██[38;2;131;115;48m██[38;2;189;107;68m██[38;2;74;52;57m██[38;2;164;91;69m██[38;2;105;104;32m████[38;2;66;65;66m████[38;2;152;88;93m██[38;2;66;65;66m██[38;2;152;88;93m██[38;2;148;150;0m██[38;2;200;210;19m████[38;2;74;65;66m██[38;2;219;197;163m██[38;2;154;90;95m██[38;2;219;197;163m██[38;2;66;65;66m██[38;2;146;150;0m██████[38;2;3;4;0m██      
              ██[38;2;53;72;60m██[38;2;132;128;31m██[38;2;131;115;48m██[38;2;247;109;66m██[38;2;255;130;82m████[38;2;255;138;82m██[38;2;105;104;32m██[38;2;146;150;0m████[38;2;66;65;66m██[38;2;152;88;93m████[38;2;148;150;0m██[38;2;200;210;19m██[38;2;66;65;66m██[38;2;150;86;91m██[38;2;219;197;163m██████[38;2;66;65;66m██[38;2;146;150;0m████[38;2;3;4;0m██        
            ██[38;2;189;125;130m██[38;2;125;61;66m██[38;2;66;65;66m██[38;2;82;77;82m██[38;2;255;150;107m██[38;2;255;130;82m████[38;2;255;138;82m████[38;2;78;82;59m██[38;2;73;91;38m██[38;2;146;150;0m██[38;2;66;65;66m██[38;2;152;88;93m████[38;2;66;65;66m██[38;2;152;88;93m██[38;2;153;89;94m████[38;2;219;197;163m██[38;2;152;88;93m██[38;2;219;197;163m██[38;2;74;65;66m██[38;2;3;4;0m██          
            ██[38;2;118;54;59m██[38;2;125;61;66m██[38;2;66;65;66m██[38;2;168;113;94m██[38;2;82;77;82m██[38;2;175;96;71m██[38;2;95;62;60m██[38;2;95;75;71m████[38;2;173;60;41m██[38;2;78;82;59m██[38;2;146;150;0m██[38;2;66;65;66m██[38;2;125;61;66m████[38;2;152;88;93m████[38;2;153;89;94m████[38;2;152;88;93m████[38;2;150;86;91m██[38;2;74;65;66m██[38;2;146;150;0m██[38;2;3;4;0m██        
          ██[38;2;124;60;65m████[38;2;125;61;66m██[38;2;66;65;66m██[38;2;172;150;140m████[38;2;74;60;57m██[38;2;145;98;85m██[38;2;181;73;44m████[38;2;73;91;38m██[38;2;116;118;85m██[38;2;73;91;38m████[38;2;219;197;163m████[38;2;99;69;74m██[38;2;157;93;98m██[38;2;66;65;66m██[38;2;152;88;93m██████████[38;2;3;4;0m██          
      ████[38;2;66;64;66m██[38;2;124;60;65m████[38;2;125;61;66m████[38;2;66;65;66m██[38;2;172;150;140m██[38;2;169;150;139m██[38;2;74;60;57m██[38;2;66;65;66m████[38;2;206;203;163m██[38;2;73;91;38m████[38;2;222;195;163m██[38;2;219;197;163m████[38;2;222;195;163m██[38;2;157;93;98m██[38;2;66;65;66m██████[38;2;152;88;93m██[38;2;125;61;66m██[38;2;152;88;93m██[38;2;66;64;66m██[38;2;3;4;0m██        
    ██[38;2;198;208;20m██[38;2;199;209;16m██[38;2;148;150;0m██[38;2;73;75;67m██[38;2;114;50;55m██[38;2;128;64;69m████[38;2;3;4;0m████[38;2;169;150;139m████[38;2;175;154;132m██[38;2;222;195;163m██████[38;2;219;197;163m████[38;2;222;195;163m████[38;2;66;65;66m████[38;2;147;151;0m████[38;2;146;145;25m██[38;2;95;96;20m██[38;2;125;61;66m██[38;2;152;88;93m██████[38;2;3;4;0m██      
  ██[38;2;198;208;20m████[38;2;199;209;16m████[38;2;143;146;0m██[38;2;73;75;67m██[38;2;66;54;57m██[38;2;0;8;8m██    [38;2;3;4;0m██[38;2;115;51;56m██[38;2;66;65;66m████[38;2;172;149;140m██[38;2;222;195;163m██[38;2;219;197;163m████[38;2;222;195;163m██[38;2;66;65;66m██[38;2;125;61;66m██[38;2;66;65;66m██[38;2;147;151;0m████[38;2;8;0;8m██[38;2;95;96;20m██[38;2;152;88;93m██████[38;2;66;65;66m██[38;2;66;64;66m██[38;2;3;4;0m██    
[38;2;8;0;8m██[38;2;189;198;23m██[38;2;142;145;0m██[38;2;142;153;72m██[38;2;208;219;1m██[38;2;148;146;10m██[38;2;147;151;0m████[38;2;146;150;0m██[38;2;3;4;0m██    [38;2;17;24;0m██[38;2;168;166;118m██[38;2;181;117;122m██[38;2;129;65;70m██[38;2;66;65;66m████[38;2;66;60;66m████[38;2;66;65;66m██[38;2;185;121;126m██[38;2;66;65;66m████[38;2;66;64;66m██[38;2;3;4;0m██  ██[38;2;137;141;83m██[38;2;67;70;48m██[38;2;66;65;66m██[38;2;200;210;19m████[38;2;66;65;66m██[38;2;3;4;0m██  
  [38;2;100;96;24m██[38;2;214;207;163m██[38;2;142;145;0m██[38;2;61;91;29m██[38;2;148;146;10m██[38;2;147;151;0m████[38;2;3;4;0m██    ██[38;2;98;105;54m████[38;2;66;56;57m██[38;2;129;65;70m██[38;2;125;61;66m████[38;2;96;84;85m██[38;2;183;119;124m██[38;2;185;121;126m██[38;2;66;65;66m██[38;2;146;150;0m████[38;2;3;4;0m██      [38;2;8;4;8m██[38;2;137;141;83m██[38;2;200;210;19m████████[38;2;3;4;0m██  
██[38;2;214;187;163m██[38;2;145;111;109m██[38;2;219;196;163m██[38;2;222;195;163m██[38;2;74;65;66m██[38;2;76;79;64m████[38;2;3;4;0m██      [38;2;8;4;0m██[38;2;113;112;54m██[38;2;143;146;0m██[38;2;73;75;67m██[38;2;125;61;66m████[38;2;73;75;67m██[38;2;143;146;0m██[38;2;146;150;0m██[38;2;66;65;66m██[38;2;146;150;0m████[38;2;66;56;54m██[38;2;7;8;0m██  [38;2;3;4;0m██[38;2;199;209;16m████████[38;2;177;185;27m██[38;2;157;158;0m██[38;2;207;218;1m██[38;2;3;4;0m██
██[38;2;145;125;108m██[38;2;219;196;163m████[38;2;130;112;102m██[38;2;178;154;132m██[38;2;163;159;145m██[38;2;10;12;0m██      [38;2;3;4;0m██[38;2;113;112;54m██[38;2;64;72;41m██[38;2;73;75;67m██[38;2;90;60;66m██[38;2;125;61;66m██[38;2;66;65;66m██[38;2;90;60;66m██[38;2;73;75;67m██[38;2;146;150;0m████[38;2;66;65;66m████[38;2;131;67;72m██[38;2;7;8;0m██  [38;2;3;4;0m██[38;2;199;209;16m██[38;2;148;150;0m██[38;2;199;209;16m██[38;2;148;150;0m██[38;2;177;185;27m██[38;2;214;203;163m██[38;2;159;152;2m██[38;2;3;4;0m██
  ██[38;2;214;187;163m██[38;2;145;125;108m██[38;2;3;4;0m██[38;2;172;152;145m██[38;2;3;4;0m██        ██[38;2;66;60;66m████[38;2;125;61;66m████[38;2;123;59;64m████[38;2;3;4;0m████[38;2;66;54;57m██[38;2;128;64;69m██[38;2;125;61;66m██[38;2;152;88;93m██[38;2;153;89;94m████[38;2;3;4;0m██  ██[38;2;222;195;163m██[38;2;143;146;0m██[38;2;222;191;163m██[38;2;99;139;14m██[38;2;222;195;163m██[38;2;175;150;139m██[38;2;3;4;0m██
    ████  ████      ██[38;2;66;64;66m██[38;2;106;92;93m██[38;2;172;147;135m██[38;2;66;65;66m████[38;2;123;59;64m██[38;2;3;4;0m██    [38;2;0;8;8m██[38;2;128;64;69m██[38;2;152;88;93m████[38;2;153;89;94m████[38;2;66;64;66m██  [38;2;3;4;0m██[38;2;222;195;163m██[38;2;166;166;135m██[38;2;222;191;163m██[38;2;222;195;163m██[38;2;143;138;78m██[38;2;175;150;139m██[38;2;3;4;0m██
                  ██[38;2;181;152;145m██[38;2;90;78;73m██[38;2;175;150;139m██[38;2;106;81;78m██[38;2;175;150;139m████[38;2;66;64;66m██[38;2;3;4;0m██      ██[38;2;152;88;93m████[38;2;74;67;65m████[38;2;115;97;99m██[38;2;3;4;0m██  ██[38;2;151;132;114m██[38;2;222;195;172m██[38;2;214;182;163m██[38;2;145;121;108m██[38;2;172;152;145m██[38;2;3;4;0m██
                    ████[38;2;106;81;78m██[38;2;175;150;139m████[38;2;3;4;0m████        ██[38;2;152;88;93m██[38;2;66;65;66m██[38;2;222;195;163m██[38;2;74;67;65m██[38;2;76;66;66m████[38;2;3;4;0m██  ██[38;2;151;132;114m██[38;2;145;121;108m██[38;2;0;0;0m██[38;2;3;4;0m██  
                        ██████            ██[38;2;68;63;52m██[38;2;222;199;172m██[38;2;109;96;81m██[38;2;214;191;163m██[38;2;109;96;81m██[38;2;214;191;163m██[38;2;3;4;0m██    ████      
                                            ████[38;2;0;0;0m████████                
[0m