              [38;2;0;4;0m████████                  
            [38;2;8;8;0m██[38;2;115;155;167m██[38;2;107;148;161m████[38;2;115;155;167m██[38;2;8;8;0m██  [38;2;0;4;0m██[38;2;0;8;0m████        
        [38;2;0;4;0m████[38;2;67;109;122m████[38;2;107;148;161m████[38;2;67;109;122m████[38;2;0;4;0m██[38;2;107;148;163m██[38;2;113;153;166m██[38;2;41;84;97m██[38;2;0;4;0m██      
      ██[38;2;108;149;161m████[38;2;46;88;102m██[38;2;74;117;128m██[38;2;75;116;129m████[38;2;48;89;102m████[38;2;45;87;100m██[38;2;76;117;129m██[38;2;75;116;129m████[38;2;0;4;0m██      
      ██[38;2;66;65;66m██████[38;2;74;117;128m██[38;2;75;116;129m██[38;2;47;88;101m██[38;2;107;148;161m████[38;2;107;147;159m██[38;2;45;87;100m██[38;2;75;116;129m████[38;2;75;116;128m██[38;2;0;4;0m████  
    ██[38;2;94;97;94m████████[38;2;66;65;66m████[38;2;105;146;159m██[38;2;108;149;162m████[38;2;75;116;129m████[38;2;47;88;101m██████[38;2;75;116;129m██[38;2;41;84;97m██[38;2;0;4;0m██
  ██[38;2;94;97;94m████[38;2;66;65;66m████[38;2;94;97;94m████[38;2;101;101;96m██[38;2;66;65;66m██[38;2;76;117;130m████[38;2;75;116;129m██[38;2;47;88;101m██[38;2;75;116;129m██████[38;2;47;88;101m██[38;2;80;120;133m██[38;2;0;4;0m██
██[38;2;74;71;68m██[38;2;82;60;49m████[38;2;255;136;85m████[38;2;66;65;66m██[38;2;99;97;90m██[38;2;82;79;68m████[38;2;66;65;66m██[38;2;75;116;128m██[38;2;75;116;129m██████[38;2;47;88;101m██[38;2;46;88;102m██[38;2;74;117;128m██[38;2;0;4;0m██  
██[38;2;74;71;68m██[38;2;168;153;140m██[38;2;255;247;231m██[38;2;255;136;85m████[38;2;66;65;66m██[38;2;77;75;74m██[38;2;82;79;68m████[38;2;66;65;66m██[38;2;75;116;128m██[38;2;75;116;129m████████[38;2;74;117;128m██[38;2;66;65;66m██[38;2;0;4;0m██  
██[38;2;255;138;82m██[38;2;255;136;85m██[38;2;255;255;255m██[38;2;255;138;82m████[38;2;66;65;57m██[38;2;82;81;73m██[38;2;82;78;68m████[38;2;66;65;66m██[38;2;75;116;128m██[38;2;66;65;66m██████[38;2;74;117;128m██[38;2;66;65;66m██[38;2;82;78;68m████[38;2;0;4;0m██
  ██[38;2;255;136;85m████[38;2;255;138;82m██[38;2;66;65;66m██[38;2;99;97;90m██[38;2;82;81;73m██[38;2;82;78;68m██[38;2;66;65;66m██[38;2;75;116;128m██[38;2;66;65;66m██[38;2;82;78;68m██[38;2;66;65;66m██[38;2;79;79;74m██[38;2;66;65;66m████[38;2;82;78;68m████[38;2;0;4;0m██
    ██[38;2;66;66;66m██[38;2;66;65;66m██[38;2;94;97;94m██[38;2;82;78;68m████[38;2;66;65;66m██[38;2;75;116;128m████[38;2;66;65;66m████[38;2;82;78;68m██[38;2;79;79;74m██[38;2;66;65;66m██[38;2;73;115;129m██[38;2;71;71;66m██[38;2;0;4;0m██  
    ██[38;2;99;97;99m██[38;2;94;97;94m██[38;2;66;65;66m██████[38;2;75;116;128m████████[38;2;66;65;66m██████[38;2;74;117;128m██[38;2;73;115;129m██[38;2;0;4;0m██    
      ██[38;2;66;64;66m████[38;2;82;78;68m████[38;2;66;65;66m████[38;2;75;116;128m██████████[38;2;66;65;66m██[38;2;0;4;0m██      
        ██████[38;2;82;78;68m██████[38;2;66;65;66m████████████[38;2;0;4;0m██      
              ██[38;2;82;78;68m████[38;2;74;71;68m████[38;2;66;64;66m████[38;2;0;4;0m████        
                ████████████            
[0m