      [38;2;0;0;0m██                              
    ██[38;2;90;89;90m██[38;2;0;0;0m████████  ██            ██    
  ██[38;2;66;65;66m██[38;2;90;89;90m██[38;2;66;65;66m██[38;2;225;210;109m██████[38;2;0;0;0m██[38;2;107;108;107m██[38;2;0;0;0m██        ██[38;2;225;210;109m██[38;2;0;0;0m██  
  [38;2;16;4;0m██[38;2;66;65;66m██[38;2;225;210;116m████[38;2;68;68;73m██[38;2;225;210;109m██[38;2;66;65;66m██[38;2;108;107;108m████[38;2;66;65;66m██[38;2;0;0;0m██      [38;2;0;4;8m██[38;2;227;214;125m██[38;2;184;156;41m██[38;2;0;0;0m██
██[38;2;66;65;66m██[38;2;226;215;154m██[38;2;225;210;116m██[38;2;66;65;66m██[38;2;93;93;100m██[38;2;68;68;73m██[38;2;108;107;108m██████[38;2;66;65;66m██[38;2;225;210;109m██[38;2;0;0;0m██  ██[38;2;227;214;125m██[38;2;181;154;45m██[38;2;229;215;119m██[38;2;0;0;0m██
██[38;2;66;65;66m██[38;2;225;210;116m██[38;2;66;65;66m██[38;2;108;107;108m██[38;2;101;100;101m████[38;2;108;107;108m████[38;2;93;93;100m██[38;2;68;68;73m██[38;2;226;211;119m████[38;2;0;0;0m██[38;2;197;174;64m██[38;2;227;214;125m████[38;2;0;0;0m██  
██[38;2;90;89;90m████[38;2;108;107;108m██[38;2;79;78;79m██[38;2;255;255;255m██[38;2;74;73;74m██[38;2;66;65;66m██[38;2;108;107;108m██[38;2;68;68;73m██[38;2;225;210;109m██[38;2;226;211;119m██[38;2;195;172;66m██[38;2;197;174;64m████[38;2;181;154;45m██[38;2;0;4;8m██    
[38;2;0;0;0m██[38;2;112;111;112m████[38;2;101;95;101m██[38;2;74;69;74m██[38;2;206;65;82m██[38;2;214;128;137m██[38;2;255;255;255m██[38;2;66;65;66m████████[38;2;200;180;79m████[38;2;66;65;66m██[38;2;0;0;0m██      
  ██[38;2;164;162;164m██[38;2;101;95;101m██[38;2;255;255;255m██[38;2;206;65;82m██[38;2;231;255;247m██[38;2;255;255;255m██[38;2;66;65;66m██[38;2;225;210;116m████[38;2;224;210;116m██[38;2;66;65;66m████[38;2;224;210;116m██[38;2;0;0;0m██      
██[38;2;164;165;170m████[38;2;165;166;165m██[38;2;71;68;71m██[38;2;255;255;255m████[38;2;66;65;66m██[38;2;225;210;116m██████████[38;2;229;215;119m██[38;2;0;0;0m██        
██[38;2;164;165;170m██[38;2;66;65;66m██[38;2;71;68;71m████[38;2;66;65;66m██████[38;2;225;210;116m██████████[38;2;184;156;41m██[38;2;0;0;0m██        
  ██[38;2;107;108;107m██[38;2;112;108;112m██[38;2;213;201;202m██[38;2;106;101;104m████[38;2;68;68;73m██[38;2;225;210;109m██[38;2;226;211;119m████[38;2;197;174;64m████[38;2;0;0;0m██          
    ██[38;2;213;201;202m██████[38;2;106;101;104m██[38;2;68;68;73m████[38;2;195;172;66m████[38;2;197;174;64m██[38;2;0;0;0m██            
      ████[38;2;160;148;149m████[38;2;66;65;66m██████[38;2;0;0;0m████              
          ████[38;2;170;167;170m██[38;2;118;116;118m██[38;2;0;0;0m██                  
              ████                    
[0m