                        [38;2;0;0;0m██████████                          
                    ████[38;2;223;165;116m██████████[38;2;0;0;0m████                      
                  ██[38;2;223;165;116m██████[38;2;66;65;66m████[38;2;83;63;68m██[38;2;191;133;84m██[38;2;223;165;116m████[38;2;0;0;0m██                    
                ██[38;2;223;165;116m████[38;2;66;65;66m████[38;2;255;75;116m████[38;2;255;106;136m██[38;2;83;63;68m██[38;2;66;65;66m██[38;2;223;165;116m████[38;2;0;0;0m██                  
                ██[38;2;223;165;116m██[38;2;66;65;66m██[38;2;255;75;116m████████████[38;2;247;0;81m██[38;2;66;65;66m██[38;2;223;165;116m████[38;2;0;0;0m██                
                ██[38;2;223;165;116m██[38;2;66;65;66m██[38;2;243;0;80m████[38;2;255;75;116m██████[38;2;243;0;80m██[38;2;247;0;81m████[38;2;66;65;66m██[38;2;223;165;116m██[38;2;0;0;0m██                
                ██[38;2;185;127;78m██[38;2;223;165;116m██[38;2;66;65;66m████[38;2;238;0;78m████[38;2;247;0;81m████████[38;2;66;65;66m██[38;2;223;165;116m██[38;2;168;110;61m██[38;2;0;8;0m██[38;2;0;0;0m██            
                ██[38;2;66;65;66m██[38;2;223;165;116m██████[38;2;74;60;66m██[38;2;255;59;106m██[38;2;66;65;66m████████[38;2;223;165;116m████[38;2;227;169;120m████[38;2;223;165;116m██[38;2;0;0;0m████        
              ██[38;2;223;165;116m██████[38;2;66;65;66m████[38;2;74;60;66m██[38;2;255;68;110m██[38;2;66;65;66m██[38;2;247;0;81m████[38;2;66;65;66m██████████[38;2;223;165;116m██████[38;2;8;0;24m██[38;2;0;0;0m██    
            ██[38;2;223;165;116m████[38;2;66;65;66m████[38;2;247;0;81m██[38;2;66;65;66m██[38;2;245;2;80m██[38;2;255;68;110m██[38;2;66;65;66m██████[38;2;247;0;81m██[38;2;255;75;116m████████[38;2;66;65;66m████[38;2;108;50;1m██[38;2;223;165;116m████[38;2;0;0;0m██  
      ████[38;2;0;8;0m██[38;2;168;110;61m██[38;2;223;165;116m██[38;2;66;65;66m██[38;2;247;0;81m████[38;2;114;76;86m██[38;2;57;73;74m██[38;2;255;75;116m████[38;2;57;73;74m██[38;2;114;76;86m██[38;2;99;99;99m██[38;2;66;65;66m██████████[38;2;255;75;116m██████[38;2;66;65;66m██[38;2;223;165;116m████[38;2;0;0;0m██
    ██[38;2;223;165;116m████[38;2;227;169;120m████[38;2;223;165;116m██[38;2;66;65;66m██[38;2;247;0;81m██[38;2;99;97;99m██[38;2;57;73;74m██[38;2;250;1;81m██[38;2;255;75;116m████[38;2;250;1;81m██[38;2;57;73;74m██[38;2;99;99;99m████████████[38;2;66;65;66m████[38;2;255;75;116m████[38;2;66;65;66m██[38;2;223;165;116m██[38;2;0;0;0m██
  ██[38;2;223;165;116m████[38;2;66;65;66m██████[38;2;191;133;84m██[38;2;164;0;34m██[38;2;66;65;66m████[38;2;99;97;99m██[38;2;255;75;116m████[38;2;243;0;80m██[38;2;247;0;81m██[38;2;66;65;66m██[38;2;99;99;99m████████[38;2;129;83;95m██[38;2;57;69;74m██[38;2;74;60;66m██[38;2;255;68;110m██[38;2;255;75;116m██[38;2;243;0;80m██[38;2;66;65;66m██[38;2;223;165;116m██[38;2;0;0;0m██
  ██[38;2;223;165;116m██[38;2;66;65;66m████[38;2;99;99;99m██[38;2;66;65;66m██[38;2;164;0;34m██[38;2;255;106;136m██[38;2;255;65;109m██[38;2;243;0;80m██[38;2;255;75;116m██████[38;2;243;0;80m██[38;2;247;0;81m████[38;2;66;65;66m██[38;2;99;99;99m██████[38;2;57;69;74m██[38;2;255;77;117m██[38;2;255;68;110m██[38;2;245;2;80m██[38;2;243;0;80m████[38;2;66;65;66m██[38;2;223;165;116m██[38;2;0;0;0m██
██[38;2;223;165;116m████[38;2;66;65;66m██[38;2;99;99;99m██[38;2;145;81;98m██[38;2;255;255;255m██[38;2;255;24;89m████[38;2;255;75;116m██████████████████[38;2;66;65;66m██[38;2;57;69;74m██[38;2;129;83;95m██[38;2;66;65;66m██[38;2;255;75;116m██[38;2;245;2;80m████████[38;2;66;65;66m██[38;2;223;165;116m██[38;2;0;0;0m██
██[38;2;223;165;116m██[38;2;66;65;66m██████[38;2;255;255;255m██[38;2;82;121;57m██[38;2;255;255;255m██[38;2;255;24;89m██[38;2;255;75;116m██████[38;2;243;0;80m██████[38;2;255;75;116m████████[38;2;255;77;117m██[38;2;57;69;74m██[38;2;66;65;66m██[38;2;255;75;116m██[38;2;245;2;80m████████[38;2;66;65;66m██[38;2;223;165;116m██[38;2;0;0;0m██
██[38;2;223;165;116m██[38;2;66;65;66m██████[38;2;247;239;255m██[38;2;90;170;41m██[38;2;225;198;189m██[38;2;240;0;79m██[38;2;255;75;116m████[38;2;250;1;81m██[38;2;238;176;148m██[38;2;255;243;247m██[38;2;205;217;175m██[38;2;243;0;80m██[38;2;255;75;116m██████[38;2;66;65;66m████████[38;2;245;2;80m████[38;2;247;0;81m██[38;2;66;65;66m██[38;2;223;165;116m████[38;2;0;0;0m██
██[38;2;223;165;116m██[38;2;66;65;66m██████[38;2;194;216;183m██[38;2;90;170;41m██[38;2;231;251;255m██[38;2;240;0;79m██[38;2;255;75;116m████[38;2;250;1;81m██[38;2;255;255;247m██[38;2;107;166;33m██[38;2;255;243;247m██[38;2;243;0;80m██[38;2;255;75;116m████[38;2;66;65;66m████[38;2;99;99;99m████[38;2;66;65;66m██[38;2;245;2;80m████[38;2;247;0;81m██[38;2;66;65;66m██[38;2;223;165;116m██[38;2;0;0;0m██  
██[38;2;223;165;116m████[38;2;66;65;66m████[38;2;255;255;255m██[38;2;156;134;49m██[38;2;255;255;255m██[38;2;255;24;89m██[38;2;255;75;116m██[38;2;243;0;80m██[38;2;194;216;183m██[38;2;90;170;41m████[38;2;247;239;255m██[38;2;243;0;80m██[38;2;255;75;116m██[38;2;255;77;117m██[38;2;57;69;74m██[38;2;99;99;99m██[38;2;66;65;66m████████[38;2;247;0;81m██[38;2;255;0;84m██[38;2;82;56;66m██[38;2;223;165;116m██[38;2;0;0;0m██  
  ██[38;2;223;165;116m██[38;2;66;65;66m████[38;2;203;96;125m██[38;2;255;255;255m██[38;2;255;24;89m████[38;2;255;75;116m██[38;2;243;0;80m██[38;2;247;239;255m██[38;2;90;170;41m████[38;2;194;216;183m██[38;2;243;0;80m████[38;2;57;69;74m██[38;2;129;83;95m██[38;2;99;99;99m██[38;2;66;65;66m██[38;2;255;75;116m██[38;2;66;65;66m████[38;2;247;0;81m██[38;2;82;56;66m██[38;2;215;157;108m██[38;2;223;165;116m██[38;2;0;0;0m██  
  ██[38;2;223;165;116m████[38;2;66;65;66m████[38;2;247;0;81m██[38;2;206;186;181m██[38;2;145;102;87m██[38;2;247;0;81m████[38;2;255;255;255m██[38;2;123;137;49m██[38;2;231;251;255m██[38;2;240;0;79m██[38;2;247;0;81m██[38;2;255;255;255m██[38;2;66;65;66m██████[38;2;255;75;116m██[38;2;245;2;80m████[38;2;66;65;66m████[38;2;223;165;116m████[38;2;0;0;0m██    
    ██[38;2;223;165;116m████[38;2;66;65;66m████[38;2;124;50;70m██[38;2;206;186;181m██[38;2;255;255;255m████[38;2;255;4;82m████[38;2;240;0;79m██[38;2;225;198;189m██[38;2;255;255;255m████[38;2;66;65;66m██████[38;2;255;75;116m██[38;2;245;2;80m████[38;2;66;65;66m██[38;2;223;165;116m████[38;2;0;0;0m██      
      ██[38;2;223;165;116m████████[38;2;66;65;66m██████[38;2;192;191;192m██[38;2;255;255;255m████[38;2;192;191;192m██[38;2;255;247;239m██[38;2;145;119;112m██[38;2;66;65;66m██████[38;2;255;75;116m██[38;2;247;0;81m████[38;2;66;65;66m██[38;2;223;165;116m██[38;2;0;0;0m██        
        ████[38;2;223;165;116m██████████[38;2;66;65;66m████████[38;2;92;51;62m████[38;2;66;65;66m████████[38;2;247;0;81m██[38;2;66;65;66m████[38;2;223;165;116m██[38;2;0;0;0m██        
            ██[38;2;66;65;66m██[38;2;185;127;78m██[38;2;223;165;116m██████████████████[38;2;66;65;66m██████████[38;2;223;165;116m████[38;2;0;0;0m██        
          ██[38;2;223;165;116m████████[38;2;0;0;0m████████████[38;2;223;165;116m██████[38;2;66;65;66m██████[38;2;223;165;116m████[38;2;0;0;0m██          
          [38;2;8;0;24m██[38;2;108;50;1m██[38;2;183;125;76m██[38;2;223;165;116m██[38;2;0;0;0m██            ████[38;2;223;165;116m██████████[38;2;0;0;0m██            
        ██[38;2;223;165;116m██████████[38;2;0;0;0m████            ██████████              
      [38;2;0;8;0m██[38;2;227;169;120m██[38;2;223;165;116m██[38;2;185;127;78m██[38;2;223;165;116m████[38;2;222;164;115m████[38;2;223;165;116m██[38;2;0;0;0m██                                  
    ██[38;2;227;169;120m██[38;2;168;110;61m██[38;2;66;65;66m██[38;2;223;165;116m████[38;2;66;65;66m██[38;2;222;164;115m████[38;2;0;0;0m██                                    
    ██████[38;2;231;173;124m██[38;2;170;112;63m██[38;2;0;0;0m██[38;2;183;125;76m██[38;2;223;165;116m██[38;2;0;0;0m██                                      
          [38;2;0;4;0m████  [38;2;0;0;0m████                                        
[0m