          [38;2;0;0;0m██████████              
      ████[38;2;173;156;132m██[38;2;255;255;206m████[38;2;214;197;165m██[38;2;255;255;206m██[38;2;0;0;0m████          
    ██[38;2;255;255;206m██████[38;2;65;65;65m████[38;2;255;255;206m████[38;2;214;197;165m██[38;2;255;255;206m██[38;2;0;0;0m██        
  ██[38;2;255;255;206m██[38;2;173;156;132m██[38;2;255;255;206m██[38;2;65;65;65m██[38;2;255;255;255m████[38;2;65;65;65m██[38;2;255;255;206m████████[38;2;0;0;0m██      
  ██[38;2;255;255;206m████[38;2;65;65;65m██[38;2;255;255;255m████[38;2;65;65;65m██[38;2;255;255;206m████████[38;2;173;156;132m██[38;2;255;255;206m██[38;2;0;0;0m██    
██[38;2;255;255;206m██████[38;2;65;65;65m██[38;2;255;255;255m████[38;2;65;65;65m██[38;2;255;255;206m████████████[38;2;0;0;0m██    
██[38;2;173;156;132m██[38;2;255;255;206m██[38;2;65;65;65m██[38;2;255;255;255m██[38;2;252;125;26m██[38;2;255;255;255m██[38;2;65;65;65m██[38;2;255;255;206m██████████[38;2;173;156;132m████[38;2;0;0;0m██  
██[38;2;255;255;206m██[38;2;154;121;65m██[38;2;65;65;65m██[38;2;252;125;26m████[38;2;65;65;65m██[38;2;255;255;206m██[38;2;154;121;65m████[38;2;255;255;206m████[38;2;214;197;165m██[38;2;255;255;206m████[38;2;0;0;0m██  
██[38;2;125;92;36m██[38;2;255;255;255m██[38;2;65;65;65m██[38;2;252;125;26m████[38;2;65;65;65m██[38;2;154;121;65m████[38;2;125;92;36m██[38;2;255;255;206m████████[38;2;173;156;132m██[38;2;0;0;0m██  
  ████[38;2;65;65;65m██[38;2;252;125;26m██[38;2;65;65;65m██[38;2;255;255;255m████[38;2;125;92;36m██[38;2;255;255;206m██████[38;2;214;197;165m██[38;2;173;156;132m████[38;2;0;0;0m██  
  ██[38;2;189;189;189m██[38;2;125;92;36m██[38;2;65;65;65m██[38;2;154;121;65m██[38;2;0;0;0m████[38;2;255;255;255m██[38;2;154;121;65m████[38;2;255;255;206m██████[38;2;0;0;0m██    
██[38;2;214;197;165m██[38;2;65;65;65m██[38;2;255;206;90m████[38;2;125;92;36m██[38;2;189;189;189m██[38;2;0;0;0m██[38;2;255;255;255m██[38;2;154;121;65m██[38;2;255;255;206m██████[38;2;65;65;65m██[38;2;0;0;0m██    
  ██[38;2;255;206;90m██████[38;2;214;156;41m██[38;2;65;65;65m██[38;2;255;255;255m██[38;2;125;92;36m██[38;2;255;255;206m██[38;2;214;197;165m████[38;2;65;65;65m██[38;2;173;156;132m██[38;2;214;197;165m██[38;2;0;0;0m██  
  ██[38;2;65;65;65m██[38;2;255;206;90m██[38;2;65;65;65m████[38;2;173;156;132m██[38;2;214;197;165m██████████[38;2;255;255;206m██[38;2;65;65;65m██[38;2;214;197;165m████[38;2;0;0;0m██
  ██[38;2;154;121;65m██[38;2;65;65;65m████[38;2;214;197;165m██[38;2;173;156;132m██[38;2;255;255;206m██[38;2;173;156;132m██[38;2;255;255;206m██[38;2;173;156;132m██[38;2;255;255;206m██[38;2;65;65;65m██[38;2;154;121;65m██[38;2;0;0;0m████  
    ██[38;2;125;92;36m██[38;2;154;121;65m██[38;2;173;156;132m██[38;2;154;121;65m██[38;2;173;156;132m██████[38;2;154;121;65m████████[38;2;0;0;0m██    
      ██[38;2;125;92;36m██[38;2;154;121;65m██████[38;2;125;92;36m██[38;2;65;65;65m██[38;2;154;121;65m████[38;2;125;92;36m██[38;2;0;0;0m██      
      ██[38;2;65;65;65m██[38;2;214;156;41m██[38;2;0;0;0m██[38;2;125;92;36m██████[38;2;65;65;65m████[38;2;0;0;0m██        
        ████  ██[38;2;214;156;41m██████[38;2;0;0;0m██          
              ██[38;2;65;65;65m██[38;2;214;156;41m██[38;2;0;0;0m████          
                ████              
[0m