                      [38;2;0;0;0m██                                
                    ██[38;2;163;104;20m██[38;2;0;0;0m██                              
                    ██[38;2;163;104;20m██[38;2;0;0;0m██                              
                    ██[38;2;163;104;20m██[38;2;0;0;0m██                              
                    ██[38;2;163;104;20m██[38;2;0;0;0m██        ████                  
              ████  ██[38;2;163;104;20m██[38;2;0;0;0m██    ████[38;2;190;143;47m██[38;2;0;0;0m██              ████
            ██[38;2;255;255;255m██[38;2;193;255;160m██[38;2;0;0;0m████[38;2;163;104;20m██[38;2;0;0;0m██████[38;2;190;143;47m██[38;2;163;104;20m██[38;2;190;143;47m██[38;2;0;0;0m██            ██[38;2;190;143;47m██[38;2;0;0;0m██
        ████[38;2;255;255;255m██[38;2;77;151;39m██████[38;2;65;65;65m██[38;2;163;104;20m██[38;2;65;65;65m██[38;2;190;143;47m██[38;2;65;65;65m██[38;2;163;104;20m██[38;2;190;143;47m██[38;2;163;104;20m██[38;2;0;0;0m████      ████[38;2;190;143;47m██[38;2;0;0;0m██  
      ██[38;2;193;255;160m██[38;2;255;255;255m██[38;2;77;151;39m████████[38;2;62;136;24m██[38;2;65;65;65m██[38;2;190;143;47m████[38;2;65;65;65m██[38;2;190;143;47m██[38;2;163;104;20m██[38;2;220;184;77m████[38;2;163;104;20m██[38;2;0;0;0m██  ██[38;2;190;143;47m████[38;2;0;0;0m██    
    ██[38;2;193;255;160m██[38;2;255;255;255m██[38;2;77;151;39m████████████[38;2;65;65;65m██[38;2;190;143;47m████[38;2;65;65;65m██[38;2;163;104;20m██[38;2;220;184;77m████████[38;2;0;0;0m████[38;2;190;143;47m████[38;2;0;0;0m██      
  ██[38;2;193;255;160m██[38;2;99;173;61m████[38;2;193;255;160m██[38;2;77;151;39m████████████[38;2;65;65;65m██[38;2;190;143;47m██████[38;2;220;184;77m████████[38;2;65;65;65m██[38;2;190;143;47m████[38;2;0;0;0m██        
  ██[38;2;99;173;61m██████[38;2;193;255;160m██[38;2;77;151;39m██████████[38;2;134;208;96m██[38;2;62;136;24m██[38;2;65;65;65m██[38;2;190;143;47m████████[38;2;220;184;77m██[38;2;65;65;65m██[38;2;190;143;47m████[38;2;163;104;20m██[38;2;0;0;0m██        
██[38;2;99;173;61m██████████[38;2;193;255;160m██[38;2;77;151;39m████[38;2;134;208;96m████[38;2;193;255;160m██[38;2;62;136;24m██[38;2;65;65;65m██[38;2;163;104;20m██[38;2;62;136;24m██[38;2;99;173;61m██[38;2;62;136;24m██[38;2;190;143;47m██████[38;2;163;104;20m██[38;2;190;143;47m████[38;2;0;0;0m██      
██[38;2;99;173;61m██████████[38;2;193;255;160m██[38;2;134;208;96m████[38;2;193;255;160m████[38;2;134;208;96m██[38;2;62;136;24m██[38;2;65;65;65m██[38;2;62;136;24m██[38;2;99;173;61m██████[38;2;62;136;24m██[38;2;190;143;47m██████[38;2;0;0;0m████        
██[38;2;99;173;61m████████████[38;2;193;255;160m████[38;2;134;208;96m██████[38;2;62;136;24m██[38;2;65;65;65m██[38;2;62;136;24m██[38;2;99;173;61m██████[38;2;62;136;24m██[38;2;190;143;47m██[38;2;65;65;65m██[38;2;0;0;0m██            
██[38;2;99;173;61m████████████[38;2;255;255;255m██[38;2;134;208;96m████████[38;2;62;136;24m██[38;2;65;65;65m██[38;2;163;104;20m██[38;2;62;136;24m██[38;2;99;173;61m██[38;2;62;136;24m██[38;2;163;104;20m████[38;2;190;143;47m████[38;2;0;0;0m██          
██[38;2;99;173;61m████████████[38;2;255;255;255m██[38;2;134;208;96m████████[38;2;62;136;24m██[38;2;65;65;65m██[38;2;238;197;32m██[38;2;189;148;32m██[38;2;238;197;32m██[38;2;163;104;20m██[38;2;0;0;0m████████            
██[38;2;99;173;61m████████████[38;2;255;255;255m██[38;2;134;208;96m████████[38;2;65;65;65m██████████[38;2;0;0;0m██[38;2;65;65;65m██                  
[38;2;0;0;0m██[38;2;99;173;61m████████████[38;2;255;255;255m██[38;2;134;208;96m██████[38;2;65;65;65m██[38;2;220;184;77m████[38;2;190;143;47m██[38;2;163;104;20m██[38;2;220;184;77m██████[38;2;0;0;0m██                
██[38;2;77;151;39m██[38;2;99;173;61m██████████[38;2;193;255;160m██[38;2;134;208;96m████████[38;2;65;65;65m██[38;2;163;104;20m██[38;2;220;184;77m██████[38;2;190;143;47m██[38;2;65;65;65m██[38;2;0;0;0m██                
  ██[38;2;99;173;61m██████████[38;2;134;208;96m██[38;2;77;151;39m██[38;2;134;208;96m████[38;2;65;65;65m██[38;2;190;143;47m██[38;2;220;184;77m██[38;2;163;104;20m██[38;2;65;65;65m██████[38;2;163;104;20m████[38;2;0;0;0m██              
  ██[38;2;77;151;39m██[38;2;99;173;61m██████[38;2;134;208;96m██[38;2;77;151;39m████████[38;2;134;208;96m██[38;2;65;65;65m██████[38;2;190;143;47m██[38;2;0;0;0m████[38;2;163;104;20m████[38;2;0;0;0m██              
    ██[38;2;99;173;61m████[38;2;134;208;96m██[38;2;62;136;24m████[38;2;77;151;39m████[38;2;134;208;96m██[38;2;0;0;0m██[38;2;65;65;65m██[38;2;163;104;20m██[38;2;190;143;47m████[38;2;0;0;0m██  ████                
    ██[38;2;77;151;39m██[38;2;134;208;96m██[38;2;62;136;24m████████[38;2;134;208;96m██[38;2;0;0;0m██  ██[38;2;163;104;20m████[38;2;0;0;0m██                        
      ██[38;2;62;136;24m████████[38;2;134;208;96m██[38;2;0;0;0m██    ██[38;2;190;143;47m██[38;2;163;104;20m██[38;2;190;143;47m██[38;2;0;0;0m██                      
        ████[38;2;62;136;24m██[38;2;134;208;96m██[38;2;0;0;0m██        ██████                        
            ████                                        
[0m