                                        [38;2;0;0;0m██████                        
      ████                            ██[38;2;255;140;99m██████[38;2;0;0;0m██████                  
      ██[38;2;77;181;75m██[38;2;0;0;0m██                      ████  ██[38;2;195;92;67m████[38;2;255;140;99m██████[38;2;0;0;0m██████            
      ██[38;2;58;137;53m████[38;2;0;0;0m██                  ██[38;2;110;225;112m██[38;2;0;0;0m██    [38;2;65;65;65m██[38;2;195;92;67m████████[38;2;255;140;99m██████[38;2;0;0;0m████        
  ████[38;2;65;65;65m████[38;2;77;181;75m██[38;2;65;65;65m██[38;2;0;0;0m██████████      ██[38;2;110;225;112m██[38;2;77;181;75m██[38;2;0;0;0m██      ██[38;2;195;92;67m████████████[38;2;255;140;99m██[38;2;195;92;67m██[38;2;0;0;0m██      
██[38;2;153;70;52m██████[38;2;65;65;65m██[38;2;58;137;53m██[38;2;77;181;75m██[38;2;65;65;65m██[38;2;153;70;52m████████[38;2;0;0;0m████[38;2;65;65;65m██[38;2;110;225;112m████[38;2;0;0;0m██        ██[38;2;195;92;67m████████████████[38;2;255;140;99m██[38;2;0;0;0m██    
  ████████[38;2;58;137;53m██[38;2;77;181;75m████[38;2;65;65;65m████[38;2;153;70;52m██[38;2;65;65;65m██████[38;2;77;181;75m██[38;2;110;225;112m████[38;2;0;0;0m████        ██[38;2;195;92;67m██████████████████[38;2;0;0;0m██  
          ██[38;2;195;92;67m████[38;2;110;225;112m██[38;2;65;65;65m████[38;2;255;140;99m████[38;2;65;65;65m██[38;2;110;225;112m████[38;2;65;65;65m██[38;2;153;70;52m████[38;2;0;0;0m████    ██[38;2;195;92;67m████████████████████[38;2;0;0;0m██
        ██[38;2;153;70;52m██[38;2;110;225;112m████[38;2;65;65;65m██[38;2;255;140;99m██████[38;2;65;65;65m██[38;2;110;225;112m██████[38;2;65;65;65m██[38;2;153;70;52m████████[38;2;0;0;0m██  ██[38;2;195;92;67m████████████████████[38;2;0;0;0m██
        ██[38;2;110;225;112m████[38;2;65;65;65m██[38;2;195;92;67m████[38;2;213;213;123m██[38;2;195;92;67m██[38;2;110;225;112m████[38;2;58;137;53m██[38;2;65;65;65m████[38;2;153;70;52m██████████[38;2;0;0;0m██[38;2;65;65;65m██[38;2;195;92;67m████████████████████[38;2;0;0;0m██
      ██[38;2;110;225;112m██████[38;2;213;213;123m██[38;2;0;0;0m██[38;2;246;255;189m████[38;2;110;225;112m██[38;2;65;65;65m████[38;2;110;225;112m████[38;2;65;65;65m████[38;2;153;70;52m████████[38;2;65;65;65m██[38;2;195;92;67m████████████████████[38;2;0;0;0m██  
    ██[38;2;110;225;112m████[38;2;58;137;53m██[38;2;110;225;112m██████[38;2;65;65;65m████[38;2;58;137;53m██[38;2;110;225;112m████████████[38;2;65;65;65m██[38;2;153;70;52m████[38;2;65;65;65m██[38;2;255;140;99m████[38;2;195;92;67m██████████████[38;2;0;0;0m████    
      ██[38;2;58;137;53m██[38;2;77;181;75m████[38;2;58;137;53m██[38;2;65;65;65m██[38;2;110;225;112m████████[38;2;77;181;75m██[38;2;58;137;53m██[38;2;65;65;65m██████[38;2;153;70;52m██[38;2;65;65;65m████[38;2;255;140;99m████[38;2;153;70;52m██[38;2;195;92;67m████████[38;2;0;0;0m██████        
        ████[38;2;195;92;67m██████[38;2;65;65;65m████████████[38;2;77;181;75m██[38;2;65;65;65m██[38;2;153;70;52m██[38;2;65;65;65m██[38;2;255;140;99m████[38;2;153;70;52m████[38;2;195;92;67m████[38;2;65;65;65m████[38;2;0;0;0m██              
            ████████[38;2;195;92;67m██[38;2;65;65;65m██[38;2;77;181;75m████[38;2;65;65;65m██[38;2;77;181;75m████[38;2;65;65;65m██[38;2;110;225;112m██[38;2;65;65;65m████████████[38;2;110;225;112m██[38;2;153;70;52m██[38;2;65;65;65m██[38;2;0;0;0m████          
                    ██[38;2;195;92;67m██[38;2;65;65;65m██[38;2;77;181;75m██[38;2;65;65;65m██[38;2;153;70;52m██[38;2;110;225;112m██████████████████[38;2;153;70;52m██[38;2;255;140;99m██[38;2;195;92;67m██[38;2;65;65;65m██[38;2;77;181;75m██[38;2;0;0;0m██████    
                  ██[38;2;65;65;65m████[38;2;131;131;131m██[38;2;65;65;65m████[38;2;195;92;67m██[38;2;153;70;52m██[38;2;110;225;112m██[38;2;131;131;131m██████[38;2;110;225;112m████████[38;2;153;70;52m████[38;2;110;225;112m████[38;2;65;65;65m██[38;2;77;181;75m██████[38;2;0;0;0m██  
                ██[38;2;65;65;65m██[38;2;131;131;131m████[38;2;65;65;65m██[38;2;77;181;75m██[38;2;153;70;52m████[38;2;131;131;131m████[38;2;189;189;189m████[38;2;65;65;65m██[38;2;110;225;112m██[38;2;77;181;75m██[38;2;110;225;112m████████████[38;2;65;65;65m██[38;2;77;181;75m████[38;2;153;70;52m██[38;2;0;0;0m██  
              ██[38;2;65;65;65m██[38;2;131;131;131m████[38;2;65;65;65m██[38;2;77;181;75m██[38;2;110;225;112m████[38;2;131;131;131m██[38;2;189;189;189m██████[38;2;65;65;65m██[38;2;110;225;112m██████[38;2;65;65;65m██[38;2;58;137;53m██[38;2;77;181;75m██[38;2;110;225;112m██████[38;2;77;181;75m██[38;2;65;65;65m██[38;2;0;0;0m████    
              ██[38;2;58;137;53m██[38;2;65;65;65m██[38;2;131;131;131m████[38;2;65;65;65m██████[38;2;189;189;189m██████[38;2;65;65;65m██[38;2;110;225;112m████████[38;2;65;65;65m██[38;2;0;0;0m████[38;2;195;92;67m██[38;2;77;181;75m██████[38;2;0;0;0m██        
            ██[38;2;189;189;189m██[38;2;131;131;131m██[38;2;58;137;53m██[38;2;0;0;0m████[38;2;131;131;131m██████[38;2;65;65;65m██[38;2;131;131;131m████[38;2;65;65;65m██[38;2;110;225;112m████████[38;2;0;0;0m██    ██[38;2;189;189;189m██[38;2;77;181;75m██[38;2;189;189;189m██[38;2;0;0;0m██        
              ██████    ██████████[38;2;131;131;131m████[38;2;58;137;53m██[38;2;110;225;112m████████[38;2;0;0;0m██    ██████          
                                  ██████[38;2;110;225;112m████████[38;2;0;0;0m██                    
                                        ██[38;2;255;255;255m██[38;2;77;181;75m██[38;2;255;255;255m██[38;2;0;0;0m██                    
                                          ██████                      
[0m