                    [38;2;0;0;0m████████                          
                ████[38;2;239;239;244m████████[38;2;0;0;0m████                      
              ██[38;2;239;239;244m████████████████[38;2;0;0;0m██                    
              ██[38;2;239;239;244m████████████████[38;2;0;0;0m██                    
            ██[38;2;239;239;244m██████████████[38;2;112;109;112m██[38;2;239;239;244m████[38;2;0;0;0m██                  
            ██[38;2;239;239;244m██████████[38;2;112;109;112m████[38;2;239;239;244m██████[38;2;0;0;0m██                  
          ██[38;2;239;239;244m████████[38;2;109;95;158m██[38;2;0;4;0m██[38;2;181;154;214m██[38;2;181;197;181m██[38;2;239;239;244m██████[38;2;0;0;0m██                  
        ██[38;2;239;239;244m████████[38;2;112;109;112m██[38;2;181;158;222m██[38;2;0;4;0m██[38;2;181;197;181m██[38;2;244;241;248m██[38;2;239;239;244m██[38;2;112;109;112m██[38;2;239;239;244m██[38;2;0;0;0m██                  
    ████[38;2;239;239;244m██████████[38;2;112;109;112m██[38;2;239;239;244m████████[38;2;112;109;112m██[38;2;239;240;244m██[38;2;0;0;0m██                    
  ██[38;2;239;239;244m██████████[38;2;112;109;112m██[38;2;239;239;244m████████[38;2;112;109;112m████[38;2;239;240;244m██[38;2;190;193;199m██[38;2;0;0;0m██                    
  ██[38;2;239;237;244m██[38;2;147;143;163m██[38;2;244;240;244m████[38;2;126;124;126m██[38;2;239;237;239m██[38;2;0;0;0m████[38;2;95;100;95m████[38;2;195;195;195m████[38;2;190;193;190m██[38;2;0;0;0m██                      
    ██[38;2;239;237;244m██[38;2;172;158;163m██[38;2;8;4;0m██[38;2;0;0;0m████    ██[38;2;199;205;199m██[38;2;195;195;195m████[38;2;0;0;0m██                        
      ████        ██[38;2;181;205;199m████[38;2;199;205;199m██[38;2;0;0;0m██                          
              ████[38;2;190;193;190m██[38;2;239;239;244m██[38;2;228;90;163m██[38;2;95;100;95m████[38;2;0;0;0m██                        
            [38;2;8;4;0m██[38;2;244;240;244m██[38;2;239;237;244m██[38;2;193;190;193m██[38;2;233;92;169m██[38;2;239;237;244m██[38;2;239;239;244m██████[38;2;0;0;0m████                    
  ████    ██[38;2;172;158;163m██[38;2;244;240;244m██[38;2;193;190;193m██[38;2;239;237;244m██[38;2;255;56;179m██[38;2;239;237;244m██[38;2;112;109;112m██[38;2;239;239;244m██████[38;2;190;193;190m██[38;2;0;0;0m██                  
██[38;2;188;188;188m████[38;2;0;0;0m██[38;2;0;4;0m██[38;2;95;95;95m██[38;2;222;93;186m██[38;2;204;240;253m██[38;2;255;66;189m██[38;2;243;243;253m██[38;2;255;84;199m██[38;2;153;188;193m██[38;2;112;109;112m██████[38;2;239;239;244m██████[38;2;0;0;0m██                
██[38;2;188;188;188m██[38;2;0;0;0m██[38;2;188;188;188m██[38;2;199;197;199m██[38;2;95;95;95m██[38;2;249;234;254m████[38;2;243;243;253m██[38;2;255;66;189m██[38;2;153;188;193m██[38;2;160;94;131m██[38;2;239;239;244m████████[38;2;0;0;0m████                  
  ██  ██████[38;2;196;84;161m██[38;2;253;116;217m██[38;2;249;99;210m██[38;2;110;174;197m██[38;2;239;240;244m██[38;2;112;109;112m██[38;2;239;239;244m██[38;2;0;0;0m██████                      
            [38;2;0;12;16m██[38;2;196;84;161m██[38;2;179;97;158m██[38;2;110;174;197m██[38;2;112;109;112m██[38;2;190;193;199m██[38;2;0;0;0m██            ████            
            [38;2;8;4;0m██[38;2;133;135;199m██[38;2;131;133;199m██[38;2;229;76;164m██[38;2;239;237;244m████[38;2;172;158;163m██[38;2;8;4;0m██[38;2;0;0;0m██  ██████[38;2;195;197;195m██[38;2;190;193;190m██[38;2;0;0;0m██          
        ████[38;2;125;120;215m██[38;2;133;135;199m██[38;2;131;133;199m████[38;2;255;66;189m██[38;2;239;237;244m██[38;2;244;240;244m████[38;2;190;193;190m██[38;2;0;0;0m██[38;2;195;197;195m██████[38;2;0;0;0m████  ██████    
      ██[38;2;139;135;139m████[38;2;105;104;165m██[38;2;133;130;199m██[38;2;131;133;199m████[38;2;255;66;189m██[38;2;112;113;175m██[38;2;239;237;244m████[38;2;239;239;244m██[38;2;112;109;112m██[38;2;190;193;190m██[38;2;0;0;0m████    ██[38;2;112;109;112m██[38;2;195;195;195m██[38;2;190;193;190m██[38;2;0;0;0m██  
    ██[38;2;139;135;139m████[38;2;105;107;165m██[38;2;105;104;165m████[38;2;131;133;199m██[38;2;229;76;164m██[38;2;112;113;175m████[38;2;105;107;165m██[38;2;239;237;244m██[38;2;239;239;244m████[38;2;0;0;0m██        ██[38;2;195;195;195m████[38;2;0;0;0m██    
    ██[38;2;107;105;167m██[38;2;112;110;161m████[38;2;107;105;167m██[38;2;0;0;0m████[38;2;107;105;167m██[38;2;115;130;212m██[38;2;136;139;196m██[38;2;133;130;199m██[38;2;105;104;165m██[38;2;239;239;244m████[38;2;95;100;95m██[38;2;0;0;0m██████    ██[38;2;239;233;239m██[38;2;244;240;244m██[38;2;8;4;0m██  
      [38;2;0;0;0m██[38;2;172;172;205m██[38;2;139;135;139m██[38;2;0;0;0m██    ██[38;2;0;4;0m████[38;2;133;130;199m██[38;2;105;104;165m██[38;2;239;239;244m████[38;2;95;100;95m██[38;2;199;205;199m██[38;2;196;192;216m██[38;2;244;243;248m██[38;2;0;0;0m████[38;2;147;133;147m████[38;2;172;158;163m██[38;2;244;240;244m██[38;2;0;0;0m██
        ████[38;2;139;135;139m██[38;2;0;0;0m██        ██[38;2;107;105;167m██[38;2;214;212;214m██[38;2;112;106;112m██[38;2;222;85;164m████[38;2;238;239;244m████████[38;2;239;239;244m████████[38;2;0;0;0m██
        ██[38;2;195;197;195m██[38;2;199;205;199m██[38;2;139;135;139m██[38;2;0;0;0m██        ████[38;2;214;212;214m██[38;2;0;8;0m██[38;2;119;50;83m██[38;2;229;76;164m██████[38;2;238;239;244m██[38;2;239;239;244m████[38;2;0;0;0m████  
      ██[38;2;190;193;190m██[38;2;0;0;0m██[38;2;190;193;190m██[38;2;0;0;0m██          ██[38;2;244;240;244m██[38;2;172;158;163m██[38;2;196;192;216m██[38;2;0;0;0m██████████████      
        ██  ██          ██[38;2;239;239;244m██[38;2;8;4;0m██[38;2;244;240;244m██[38;2;0;0;0m██[38;2;244;243;248m██[38;2;0;0;0m██                
                          ██  ██  ██                  
[0m