    [38;2;0;0;0m██  ████████                          
  ██[38;2;197;230;246m██[38;2;0;0;0m██[38;2;255;255;255m██[38;2;197;230;246m██[38;2;255;255;255m████[38;2;0;0;0m██████                    
  ██[38;2;123;148;172m██[38;2;197;230;246m████████[38;2;123;148;172m██[38;2;255;255;255m██[38;2;123;148;172m██[38;2;0;0;0m██                    
  ██[38;2;255;255;255m████[38;2;197;230;246m██[38;2;255;255;255m████[38;2;197;230;246m██[38;2;255;255;255m██[38;2;0;0;0m██[38;2;123;148;172m██[38;2;0;0;0m████                
██[38;2;197;230;246m██[38;2;123;148;172m████████[38;2;197;230;246m██[38;2;255;255;255m██[38;2;123;148;172m██[38;2;0;0;0m██[38;2;123;148;172m██[38;2;65;65;65m██[38;2;197;230;246m██[38;2;0;0;0m██              
██[38;2;123;148;172m██████████████████[38;2;197;230;246m██[38;2;65;65;65m██[38;2;197;230;246m████[38;2;0;0;0m██        ████
██[38;2;123;148;172m██[38;2;255;255;255m██████[38;2;123;148;172m██[38;2;0;0;0m████[38;2;123;148;172m██[38;2;197;230;246m██████[38;2;255;255;255m██[38;2;197;230;246m██[38;2;65;65;65m██[38;2;0;0;0m██    ██[38;2;255;255;255m██[38;2;0;0;0m██
██[38;2;197;230;246m██[38;2;255;255;255m████[38;2;197;230;246m██[38;2;0;0;0m██[38;2;255;255;255m██[38;2;49;65;131m██[38;2;123;148;172m██[38;2;197;230;246m██[38;2;65;65;65m██[38;2;197;230;246m████████[38;2;65;65;65m██[38;2;0;0;0m████[38;2;197;230;246m██[38;2;255;255;255m██[38;2;0;0;0m██
  ██[38;2;197;230;246m████[38;2;123;187;225m██[38;2;0;0;0m██[38;2;49;65;131m██[38;2;123;187;225m██[38;2;123;148;172m██[38;2;65;65;65m██[38;2;197;230;246m████[38;2;255;255;255m████[38;2;197;230;246m██[38;2;65;65;65m██[38;2;197;230;246m████[38;2;255;255;255m██[38;2;0;0;0m██  
  ██[38;2;123;187;225m██████████[38;2;65;65;65m████[38;2;86;150;188m██[38;2;123;148;172m██[38;2;255;255;255m████[38;2;65;65;65m██[38;2;197;230;246m██[38;2;255;255;255m██[38;2;65;65;65m██[38;2;197;230;246m████[38;2;0;0;0m██  
  ██[38;2;123;123;123m██[38;2;123;187;225m██[38;2;86;150;188m██[38;2;65;65;65m████[38;2;86;150;188m████[38;2;65;65;65m██[38;2;197;230;246m██[38;2;255;255;255m████[38;2;65;65;65m██[38;2;197;230;246m████[38;2;65;65;65m██[38;2;197;230;246m██[38;2;0;0;0m██    
    ████[38;2;65;65;65m████[38;2;86;150;188m██████[38;2;65;65;65m██[38;2;197;230;246m████[38;2;65;65;65m██[38;2;255;255;255m██[38;2;123;148;172m██[38;2;197;230;246m██[38;2;65;65;65m██[38;2;0;0;0m██      
      ██[38;2;123;148;172m████[38;2;65;65;65m██[38;2;123;187;225m██████[38;2;65;65;65m████[38;2;255;255;255m████[38;2;197;230;246m██[38;2;123;148;172m██[38;2;0;0;0m██        
        ██[38;2;65;65;65m██████[38;2;123;187;225m██[38;2;123;148;172m██[38;2;255;255;255m████████[38;2;197;230;246m██[38;2;0;0;0m██          
        ██[38;2;189;189;180m██[38;2;123;148;172m████[38;2;0;0;0m████[38;2;197;230;246m██[38;2;255;255;255m████[38;2;197;230;246m██[38;2;123;148;172m██[38;2;0;0;0m██          
          ██████    ██[38;2;123;148;172m██████[38;2;0;0;0m██            
                    ██[38;2;255;255;255m██[38;2;189;189;180m██[38;2;255;255;255m██[38;2;0;0;0m██            
                      ██████              
[0m