              [38;2;0;0;0m██                    
            [38;2;0;4;0m██[38;2;250;176;1m██[38;2;0;0;0m██                  
          [38;2;0;4;0m██[38;2;250;176;1m████[38;2;0;0;0m██          ████████
          [38;2;0;4;0m██[38;2;250;176;1m██████[38;2;0;0;0m██    ████[38;2;250;176;1m██████[38;2;0;0;0m██
        [38;2;0;4;0m██[38;2;250;176;1m████████[38;2;0;0;0m██  [38;2;16;0;0m██[38;2;175;116;71m██[38;2;250;176;1m██████[38;2;0;4;0m██  
        ██[38;2;250;176;1m██[38;2;252;208;113m████████[38;2;0;0;0m██[38;2;252;208;113m████[38;2;250;176;1m██████[38;2;0;4;0m██  
        ██[38;2;252;208;113m██[38;2;253;240;225m██[38;2;235;203;81m██[38;2;253;240;225m██[38;2;95;95;95m██[38;2;253;240;225m████[38;2;255;216;49m██[38;2;252;208;113m████[38;2;0;4;0m██    
        ██[38;2;253;240;225m████[38;2;235;203;81m██[38;2;253;240;225m██[38;2;95;95;95m██[38;2;253;240;225m██[38;2;255;216;49m██[38;2;253;240;225m██[38;2;255;243;206m██[38;2;82;60;41m██[38;2;66;64;66m██[38;2;0;4;0m██  
          ██[38;2;253;240;225m██[38;2;235;203;81m██[38;2;96;95;98m██[38;2;253;240;225m██[38;2;235;203;81m████[38;2;253;240;225m██[38;2;66;65;66m██[38;2;253;240;225m████[38;2;0;4;0m██  
          ██[38;2;253;240;225m██[38;2;235;203;81m██[38;2;96;95;98m██[38;2;235;203;81m████[38;2;253;240;225m████████[38;2;0;4;0m██    
            ██[38;2;253;240;225m████[38;2;235;203;81m██[38;2;253;240;225m████[38;2;0;4;0m██████      
            ██[38;2;95;95;95m██[38;2;253;240;225m██████[38;2;0;4;0m██            
          ██[38;2;253;240;225m████████[38;2;95;95;95m██[38;2;0;4;0m██            
        ██[38;2;253;240;225m██████████████[38;2;0;4;0m████        
      [38;2;0;12;8m██[38;2;70;50;1m██[38;2;235;201;83m████[38;2;253;240;225m████[38;2;159;152;145m██[38;2;253;240;225m████[38;2;169;165;152m██[38;2;245;236;225m██[38;2;0;4;0m██      
      [38;2;0;12;8m██[38;2;192;136;1m██[38;2;235;201;83m████[38;2;235;203;81m████[38;2;253;240;225m██[38;2;66;69;74m██[38;2;169;165;152m██[38;2;253;240;225m██[38;2;122;120;112m██[38;2;0;4;0m██      
      ██[38;2;172;164;153m██[38;2;74;73;74m██[38;2;253;240;225m██[38;2;235;203;81m████[38;2;24;0;0m██[38;2;140;113;104m██[38;2;169;165;150m████[38;2;253;240;225m████[38;2;0;4;0m██    
        ██[38;2;163;154;145m████[38;2;253;240;225m████[38;2;199;146;23m████[38;2;169;165;150m██[38;2;66;65;66m██[38;2;0;4;0m████      
          ████[38;2;172;164;153m██████[38;2;85;83;85m████[38;2;0;0;0m██          
              [38;2;0;4;0m██[38;2;172;164;153m██[38;2;85;83;85m██[38;2;169;165;152m██[38;2;253;236;225m████[38;2;0;4;0m██████    
  ██████    ██[38;2;253;240;225m████████[38;2;82;83;82m██[38;2;245;236;218m██[38;2;253;240;225m████[38;2;82;83;82m██[38;2;0;0;0m██  
[38;2;0;4;0m██[38;2;250;176;1m██████[38;2;0;4;0m██  ██[38;2;169;165;152m██[38;2;253;240;225m████[38;2;169;165;152m██[38;2;0;0;0m████[38;2;253;240;225m██[38;2;169;165;152m██[38;2;245;236;218m██[38;2;0;0;0m██  
[38;2;0;4;0m██[38;2;250;176;1m██████[38;2;237;236;218m██[38;2;0;0;0m██[38;2;253;236;225m██[38;2;253;240;225m██[38;2;169;161;150m██[38;2;172;164;153m██[38;2;8;8;0m██    [38;2;0;4;0m██████    
  ████[38;2;203;194;175m██[38;2;167;137;104m██[38;2;253;236;225m██[38;2;85;83;85m██[38;2;0;4;0m████[38;2;172;164;153m██[38;2;63;63;57m██[38;2;0;4;0m██            
      ██[38;2;235;203;81m██[38;2;172;164;153m██[38;2;0;4;0m██    [38;2;16;0;0m██[38;2;189;166;156m██[38;2;250;176;1m██[38;2;0;8;8m██          
        [38;2;0;4;0m████    ██[38;2;102;83;78m████[38;2;250;176;1m████[38;2;0;4;0m██        
                ██[38;2;250;176;1m████████[38;2;0;4;0m██        
                  ████████          
[0m