                    [38;2;0;0;0m██████                              
                ████[38;2;255;167;107m██[38;2;156;76;51m██[38;2;234;125;77m██[38;2;0;0;0m██████                        
            ██[38;2;0;8;16m██[38;2;255;158;99m██[38;2;255;164;99m██[38;2;187;77;37m██[38;2;234;123;72m████[38;2;66;65;66m██[38;2;235;125;69m██[38;2;77;44;31m██[38;2;0;8;8m██                      
          [38;2;0;0;0m██[38;2;255;167;107m██[38;2;82;47;46m██[38;2;172;106;68m██[38;2;187;77;37m██[38;2;221;127;74m██[38;2;234;123;72m████[38;2;66;65;66m██[38;2;235;125;69m██[38;2;234;121;78m██[38;2;0;8;8m██                      
        [38;2;0;0;0m██[38;2;255;167;107m██[38;2;180;85;44m██[38;2;235;125;69m██[38;2;66;65;66m██[38;2;234;123;72m████[38;2;235;125;69m████[38;2;66;65;66m██[38;2;235;125;69m████[38;2;66;65;66m██[38;2;0;0;0m██                    
      ██[38;2;255;167;107m████[38;2;180;85;44m██[38;2;235;125;69m██[38;2;66;65;66m██[38;2;234;123;72m████[38;2;235;125;69m██[38;2;66;65;66m██[38;2;235;125;69m██████[38;2;66;65;66m██[38;2;235;125;69m██[38;2;0;0;0m██                  
      ██[38;2;255;167;107m██[38;2;175;85;45m██[38;2;234;124;71m██[38;2;234;123;72m████[38;2;66;65;66m██[38;2;235;125;69m████[38;2;66;65;66m██[38;2;234;123;72m████[38;2;66;65;66m██[38;2;235;125;69m████[38;2;0;0;0m██                  
      ██[38;2;255;167;107m██[38;2;175;85;45m██[38;2;234;124;71m██[38;2;234;123;72m████[38;2;66;65;66m██[38;2;235;125;69m██████[38;2;234;123;72m████[38;2;66;65;66m██[38;2;235;125;69m████[38;2;0;0;0m██                  
        ██[38;2;234;124;71m████[38;2;234;123;72m████[38;2;216;127;73m████[38;2;175;85;45m████[38;2;183;71;35m██[38;2;219;138;70m██[38;2;235;125;69m████[38;2;0;0;0m██                    
        ██[38;2;175;85;45m██[38;2;234;124;71m██[38;2;234;123;72m████[38;2;208;63;29m██[38;2;255;203;90m██[38;2;255;209;82m████[38;2;255;199;90m██[38;2;183;71;35m██[38;2;66;65;66m██[38;2;235;125;69m██[38;2;0;0;0m██                    
      ██[38;2;132;132;104m██[38;2;183;71;35m██[38;2;219;138;70m██[38;2;234;124;71m██[38;2;175;85;45m██[38;2;255;209;85m████[38;2;255;209;82m██████████[38;2;66;65;66m██                      
      [38;2;0;0;0m██[38;2;132;132;104m██[38;2;255;199;90m██[38;2;183;71;35m██[38;2;234;124;71m██[38;2;175;85;45m██[38;2;255;209;85m████[38;2;255;209;82m██[38;2;66;65;66m████[38;2;255;209;82m██████[38;2;0;0;0m██                    
    ██[38;2;255;255;231m██[38;2;24;0;0m██[38;2;255;209;82m████[38;2;175;85;45m██[38;2;255;209;82m██████[38;2;90;90;85m████[38;2;132;132;104m██[38;2;66;65;66m██[38;2;255;209;85m████[38;2;0;0;0m██                    
    ██[38;2;255;255;231m██[38;2;178;170;154m██[38;2;129;130;104m██[38;2;255;209;82m████████[38;2;204;174;50m██[38;2;255;255;255m██[38;2;8;8;0m██[38;2;132;132;104m████[38;2;255;209;85m████[38;2;255;209;82m██[38;2;0;0;0m██                  
      [38;2;8;0;0m██[38;2;172;170;142m██[38;2;255;255;255m██[38;2;200;195;189m██[38;2;194;184;164m██[38;2;74;60;49m██[38;2;255;209;82m██[38;2;123;132;101m██[38;2;255;255;255m██[38;2;66;65;66m██[38;2;255;255;255m████[38;2;255;209;82m████[38;2;200;173;54m██[38;2;0;0;0m██                  
      [38;2;8;0;0m██[38;2;255;255;214m██[38;2;255;255;255m██[38;2;200;195;189m██[38;2;255;247;222m██[38;2;194;184;164m██[38;2;255;209;82m██[38;2;123;132;101m██[38;2;255;255;255m████████[38;2;204;174;50m████[38;2;200;173;54m██[38;2;0;0;0m██                  
        ██[38;2;255;215;90m████[38;2;239;243;255m██[38;2;222;209;192m██[38;2;255;251;247m██[38;2;232;200;105m██[38;2;156;151;84m██[38;2;255;255;255m████[38;2;156;151;84m██[38;2;200;173;54m████[38;2;0;0;0m██                    
          [38;2;8;8;0m██[38;2;182;140;49m██[38;2;200;169;54m████[38;2;220;174;34m████[38;2;156;151;84m████████[38;2;200;173;54m██[38;2;0;0;0m██                      
        ██[38;2;153;247;132m██[38;2;66;65;66m████[38;2;203;182;54m██[38;2;203;171;54m██████████[38;2;66;65;66m██[38;2;94;86;36m██                        
      [38;2;0;0;0m██[38;2;153;247;132m██████[38;2;148;242;127m██[38;2;66;65;66m████████████[38;2;97;191;76m██[38;2;93;187;72m██[38;2;0;0;8m██                      
        [38;2;0;0;0m██[38;2;151;245;130m████[38;2;152;246;131m████[38;2;153;247;132m████[38;2;98;192;77m████[38;2;97;191;76m████████[38;2;0;0;0m██                    
      ██[38;2;200;173;54m██[38;2;66;60;66m██[38;2;103;197;82m██[38;2;152;246;131m████[38;2;153;247;132m██[38;2;98;192;77m██████[38;2;66;65;66m████[38;2;97;191;76m██[38;2;0;0;0m██                      
    ██[38;2;182;165;49m████[38;2;0;0;0m████[38;2;66;58;40m██[38;2;103;197;82m██[38;2;97;191;76m████[38;2;66;58;40m████[38;2;0;0;0m██[38;2;200;173;54m██[38;2;94;86;36m██[38;2;0;0;8m██                      
    [38;2;0;0;0m██[38;2;255;231;90m██[38;2;8;12;0m██    [38;2;0;12;24m██[38;2;66;58;40m██[38;2;66;65;66m████[38;2;209;176;62m██[38;2;0;12;24m██  [38;2;0;0;0m██[38;2;191;176;64m██[38;2;0;0;8m██            [38;2;0;0;0m████      
  ██[38;2;134;104;37m██[38;2;255;203;90m██[38;2;0;0;0m██  ██[38;2;255;213;82m██[38;2;134;121;98m██[38;2;132;130;107m████[38;2;180;145;50m██[38;2;0;4;0m██    [38;2;0;0;0m██[38;2;255;209;82m██[38;2;0;0;0m██        ██[38;2;234;123;72m████[38;2;0;0;0m██    
██[38;2;134;104;37m██[38;2;255;203;90m██[38;2;134;104;37m██[38;2;0;0;0m██  ██[38;2;255;213;82m██[38;2;74;97;107m██[38;2;78;89;107m████[38;2;255;223;90m██[38;2;0;4;0m██  [38;2;0;0;0m██[38;2;255;209;82m████[38;2;0;0;0m██        ██[38;2;234;123;72m████[38;2;0;0;0m██    
██[38;2;255;233;82m██[38;2;89;83;33m██[38;2;82;81;66m██[38;2;153;247;132m██[38;2;0;8;16m██[38;2;255;233;82m██[38;2;78;89;107m██[38;2;132;130;107m██████[38;2;255;209;82m████[38;2;0;12;24m██[38;2;85;66;49m██[38;2;255;209;82m██[38;2;130;90;42m██[38;2;0;0;0m██          [38;2;8;0;8m██[38;2;172;110;62m██[38;2;0;0;0m██    
  [38;2;0;8;16m██[38;2;145;239;124m██[38;2;153;247;132m████[38;2;145;239;124m██[38;2;89;83;33m██[38;2;132;130;107m██[38;2;78;89;107m██████[38;2;255;209;82m██[38;2;82;81;66m██[38;2;85;66;49m██[38;2;255;213;99m██[38;2;130;90;42m██[38;2;255;209;82m██[38;2;66;65;66m██[38;2;0;0;0m██    ████[38;2;131;225;110m██[38;2;172;110;62m██[38;2;153;247;132m██[38;2;0;0;0m██  
    ██[38;2;153;247;132m████[38;2;152;246;131m████[38;2;131;131;107m████████[38;2;82;81;66m██[38;2;153;247;132m████[38;2;82;81;66m██[38;2;151;245;130m██[38;2;66;60;66m██[38;2;97;191;76m████[38;2;0;0;0m████[38;2;66;60;66m██[38;2;148;242;127m██[38;2;153;247;132m████[38;2;97;191;76m████[38;2;0;0;0m██
      [38;2;8;4;8m██[38;2;86;180;65m██[38;2;152;246;131m████[38;2;153;247;132m████████████████[38;2;151;245;130m██[38;2;103;197;82m██[38;2;66;65;66m██[38;2;97;191;76m██████[38;2;102;196;81m████[38;2;98;192;77m████[38;2;97;191;76m██[38;2;0;0;0m██  
      ██[38;2;97;191;76m██[38;2;98;192;77m████[38;2;153;247;132m██████████████[38;2;98;192;77m██[38;2;97;191;76m████[38;2;66;65;66m██[38;2;97;191;76m██[38;2;98;192;77m████[38;2;97;191;76m████[38;2;0;0;0m██████    
        ██[38;2;98;192;77m████[38;2;21;109;1m██[38;2;0;0;16m██[38;2;0;0;0m████[38;2;153;247;132m██[38;2;98;192;77m██████[38;2;97;191;76m██[38;2;66;65;66m██[38;2;97;191;76m████[38;2;98;192;77m████[38;2;97;191;76m██[38;2;0;0;0m██          
          ██████      ██[38;2;97;191;76m████████[38;2;0;0;0m████████████            
                        ████████                        
[0m