            [38;2;0;0;0m██████            
          ████[38;2;229;229;212m██[38;2;0;0;0m████          
      ████[38;2;202;202;178m██[38;2;112;112;112m██[38;2;202;202;178m██[38;2;112;112;112m██[38;2;177;177;146m██[38;2;0;0;0m████      
    ██[38;2;112;112;112m████[38;2;202;202;178m██[38;2;112;112;112m██[38;2;177;177;146m██[38;2;112;112;112m██[38;2;177;177;146m██[38;2;112;112;112m████[38;2;0;0;0m██    
  ██[38;2;112;112;112m██[38;2;202;202;178m██[38;2;112;112;112m████[38;2;202;202;178m██[38;2;177;177;146m████[38;2;112;112;112m████[38;2;177;177;146m██[38;2;112;112;112m██[38;2;0;0;0m██  
  ██[38;2;112;112;112m██[38;2;229;229;212m██[38;2;202;202;178m██[38;2;112;112;112m██████████[38;2;177;177;146m████[38;2;112;112;112m██[38;2;0;0;0m██  
██[38;2;202;202;178m██[38;2;112;112;112m████[38;2;202;202;178m████████[38;2;177;177;146m██████[38;2;112;112;112m████[38;2;177;177;146m██[38;2;0;0;0m██
██[38;2;229;229;212m██[38;2;202;202;178m██[38;2;112;112;112m██████[38;2;177;177;146m██████[38;2;112;112;112m██████[38;2;177;177;146m████[38;2;0;0;0m██
██[38;2;112;112;112m██[38;2;229;229;212m████[38;2;202;202;178m██[38;2;112;112;112m██████████[38;2;177;177;146m██████[38;2;112;112;112m██[38;2;0;0;0m██
  ██[38;2;112;112;112m████[38;2;229;229;212m████[38;2;202;202;178m██████[38;2;177;177;146m████[38;2;112;112;112m████[38;2;0;0;0m██  
  ██[38;2;251;236;163m██[38;2;0;0;0m██[38;2;112;112;112m██████████████[38;2;220;75;18m████[38;2;0;0;0m██  
    ██[38;2;65;65;65m██[38;2;251;236;163m██[38;2;0;0;0m██[38;2;251;236;163m████[38;2;112;112;112m██[38;2;251;236;163m██[38;2;220;75;18m██[38;2;255;115;60m██[38;2;0;0;0m██    
    ██[38;2;251;236;163m██[38;2;255;115;60m██[38;2;251;236;163m██[38;2;0;0;0m████[38;2;251;236;163m██[38;2;220;75;18m██[38;2;255;115;60m████[38;2;0;0;0m██    
  ██[38;2;210;161;49m██[38;2;65;65;65m██[38;2;220;75;18m██[38;2;255;115;60m██[38;2;251;236;163m████[38;2;255;115;60m██████[38;2;0;0;0m██      
  ██[38;2;250;232;99m██[38;2;210;161;49m██[38;2;65;65;65m██[38;2;0;0;0m██[38;2;255;115;60m██████[38;2;65;65;65m████[38;2;250;232;99m██[38;2;0;0;0m██    
    ██████  ██████[38;2;210;161;49m██[38;2;250;232;99m████[38;2;0;0;0m██    
                  ██████      
[0m