                          [38;2;0;4;0m██████        ██████                              
                        ██[38;2;254;131;81m████[38;2;94;97;94m██[38;2;0;4;0m████  ██[38;2;254;131;81m██████[38;2;0;4;0m██                            
                      ██[38;2;254;131;81m████[38;2;93;97;93m██[38;2;95;97;95m████[38;2;99;97;99m██[38;2;0;4;0m██[38;2;251;130;80m████████[38;2;255;132;82m██[38;2;16;0;0m██                          
                    [38;2;0;4;0m██[38;2;254;131;81m████[38;2;93;97;93m████[38;2;95;97;95m████[38;2;66;66;66m██[38;2;99;97;99m██[38;2;251;130;80m████████[38;2;255;132;82m██[38;2;141;56;0m██[38;2;0;4;0m████                      
                    ██[38;2;94;97;94m████[38;2;95;97;95m████[38;2;82;81;74m████[38;2;66;65;66m██[38;2;94;97;94m██[38;2;93;97;93m██[38;2;254;131;81m██████[38;2;95;97;95m████[38;2;66;65;66m██[38;2;45;213;146m██[38;2;0;4;0m████                  
                ████[38;2;66;64;66m██[38;2;66;65;66m██[38;2;94;97;94m██[38;2;95;97;95m████[38;2;82;81;74m██[38;2;45;213;146m██[38;2;66;65;66m██[38;2;94;97;94m██[38;2;93;97;93m████████[38;2;95;97;95m████[38;2;66;65;66m██[38;2;45;213;146m██████[38;2;0;4;0m████              
              [38;2;16;0;0m██[38;2;255;132;82m██[38;2;94;97;94m████[38;2;68;51;40m████[38;2;170;154;78m████[38;2;45;213;146m██[38;2;50;137;123m██[38;2;39;194;135m██[38;2;117;111;89m██[38;2;94;97;94m████████[38;2;74;92;117m██[38;2;74;65;57m██[38;2;45;219;148m████[38;2;45;213;146m████[38;2;82;81;66m██[38;2;94;97;94m██[38;2;8;4;0m████          
            [38;2;0;4;0m██[38;2;255;132;82m██[38;2;141;56;0m██[38;2;94;97;94m██[38;2;66;65;66m██[38;2;234;217;53m██[38;2;0;20;24m██[38;2;170;154;78m██[38;2;45;213;146m██[38;2;50;137;123m████[38;2;39;194;135m██[38;2;208;180;8m██[38;2;66;65;66m████████[38;2;74;65;57m██[38;2;50;194;144m██[38;2;45;219;148m████[38;2;45;213;146m██[38;2;82;81;66m██[38;2;94;97;94m████[38;2;255;131;82m██[38;2;112;36;0m██[38;2;0;4;0m██        
          [38;2;8;4;0m██[38;2;255;132;82m██[38;2;94;97;94m████[38;2;74;69;66m████[38;2;66;147;128m██[38;2;231;212;34m██[38;2;66;149;129m██[38;2;45;219;148m██████[38;2;71;131;124m██[38;2;227;208;35m██[38;2;0;4;0m██[38;2;231;212;34m██████[38;2;66;149;129m██[38;2;45;219;148m██[38;2;66;65;66m██[38;2;45;213;146m████[38;2;82;81;66m██[38;2;93;97;93m██[38;2;254;131;81m██[38;2;251;130;80m████[38;2;0;4;0m██        
          [38;2;8;4;0m██[38;2;141;56;0m██[38;2;94;97;94m██[38;2;82;81;66m██[38;2;74;69;66m██[38;2;45;213;146m██████[38;2;45;219;148m████████[38;2;39;213;143m██[38;2;65;147;128m██[38;2;231;212;34m██████[38;2;66;147;128m██[38;2;45;219;148m████[38;2;45;213;146m██[38;2;66;65;66m██[38;2;45;213;146m██[38;2;82;81;66m██[38;2;93;97;93m██[38;2;254;131;81m██[38;2;251;130;80m████[38;2;66;64;66m██[38;2;0;4;0m██      
          ██[38;2;94;97;94m██[38;2;82;81;66m██[38;2;52;136;124m██[38;2;66;65;66m██[38;2;45;255;160m██[38;2;45;213;146m████[38;2;66;65;66m██[38;2;45;213;146m██████[38;2;45;219;148m████████████[38;2;45;255;156m██[38;2;66;65;74m██[38;2;52;127;98m██[38;2;66;65;66m██[38;2;45;213;146m██[38;2;82;81;66m██[38;2;94;97;94m████[38;2;254;131;81m██[38;2;93;97;93m██[38;2;107;101;99m██[38;2;0;8;0m██      
            [38;2;0;4;0m██[38;2;52;136;124m████[38;2;45;136;116m██[38;2;66;65;66m████[38;2;45;213;146m██████[38;2;66;65;66m██[38;2;45;213;146m██[38;2;45;219;148m████████████[38;2;45;92;83m██[38;2;66;65;74m██[38;2;52;127;98m██[38;2;66;65;66m██[38;2;45;213;146m████[38;2;82;81;66m██[38;2;94;97;94m██[38;2;93;97;93m████[38;2;71;70;66m██[38;2;0;8;0m██      
            [38;2;0;4;0m██[38;2;50;136;123m████[38;2;49;136;121m██[38;2;66;65;66m██[38;2;186;94;45m██[38;2;53;77;82m██[38;2;66;69;66m██[38;2;56;194;135m██[38;2;45;213;146m████[38;2;56;194;135m██[38;2;66;69;66m██[38;2;66;65;66m██████████[38;2;186;94;45m██[38;2;66;65;66m██[38;2;49;136;121m██[38;2;45;213;146m████[38;2;45;255;165m██[38;2;82;77;74m██[38;2;79;77;68m████[38;2;50;134;120m██[38;2;0;4;0m██      
      ██████[38;2;50;134;120m██[38;2;50;136;123m████[38;2;49;136;121m████[38;2;8;0;0m██[38;2;186;94;45m██[38;2;166;78;26m██[38;2;66;69;66m██[38;2;66;65;66m████[38;2;66;69;66m██[38;2;166;78;26m██[38;2;186;94;45m██████████[38;2;66;65;66m██[38;2;49;136;121m████[38;2;66;65;66m██[38;2;54;156;128m██[38;2;49;138;119m████[38;2;50;134;120m████████[38;2;0;4;0m██    
    ██[38;2;254;131;81m████[38;2;93;95;95m██[38;2;79;77;68m██[38;2;39;119;101m████[38;2;0;4;0m████  ██[38;2;71;68;65m██[38;2;189;96;47m██[38;2;186;94;45m██████████████[38;2;66;65;66m██[38;2;77;74;65m████[38;2;79;77;68m██[38;2;50;134;120m██[38;2;49;136;121m██[38;2;66;65;66m██[38;2;66;64;66m██[38;2;0;4;0m████[38;2;50;134;120m██[38;2;50;136;123m████[38;2;0;4;0m██    
  ██[38;2;254;131;81m████[38;2;93;97;93m██[38;2;93;95;95m██[38;2;79;77;68m██[38;2;56;255;162m██[38;2;8;8;8m██      [38;2;0;4;0m██[38;2;71;68;65m████[38;2;66;65;66m██████████████[38;2;186;94;45m██[38;2;189;96;47m██[38;2;77;74;65m██[38;2;79;77;68m████[38;2;49;136;121m████[38;2;0;4;0m██    ██[38;2;50;136;123m████[38;2;0;4;0m██    
  [38;2;8;4;0m██[38;2;255;132;82m██[38;2;94;97;94m████[38;2;82;81;66m██[38;2;45;213;146m████[38;2;0;4;0m██      ██[38;2;82;78;71m██[38;2;254;131;81m████[38;2;186;94;45m██████████[38;2;187;95;46m████████[38;2;82;79;68m████[38;2;50;136;123m████[38;2;0;4;0m██  [38;2;24;16;0m██[38;2;43;118;100m██[38;2;87;83;76m████[38;2;74;101;99m██[38;2;16;0;0m██  
  [38;2;8;4;0m██[38;2;141;56;0m██[38;2;94;97;94m██[38;2;82;81;66m██[38;2;45;213;146m██████[38;2;0;4;0m██      ██[38;2;82;78;71m████[38;2;254;131;81m██████████[38;2;186;94;45m██[38;2;187;95;46m████████[38;2;82;79;68m████[38;2;50;136;123m████[38;2;50;134;120m██[38;2;0;4;0m██[38;2;56;255;162m██[38;2;29;58;50m██[38;2;87;83;76m██[38;2;254;131;81m██[38;2;249;129;79m██[38;2;74;101;99m██[38;2;0;4;0m██
██[38;2;49;138;119m██[38;2;82;77;74m██[38;2;82;81;66m██[38;2;45;213;146m██████[38;2;0;4;0m██      ██[38;2;50;134;120m██[38;2;52;136;124m██[38;2;82;81;66m██[38;2;82;78;71m██[38;2;254;131;81m██████[38;2;251;130;80m████[38;2;254;131;81m██[38;2;195;101;52m██[38;2;186;94;45m██[38;2;82;81;66m██[38;2;79;77;68m████[38;2;50;136;123m████[38;2;66;65;66m██[38;2;45;213;146m██[38;2;79;77;68m██[38;2;93;95;95m██[38;2;93;97;93m██[38;2;254;131;81m██[38;2;251;130;80m████[38;2;0;4;0m██
██[38;2;49;138;119m██[38;2;45;255;165m██[38;2;45;213;146m██████[38;2;0;4;0m██        ██[38;2;50;134;120m██[38;2;52;136;124m████[38;2;82;78;71m██████[38;2;254;131;81m██[38;2;251;130;80m████[38;2;254;131;81m██[38;2;82;77;66m██[38;2;82;81;66m████[38;2;79;77;68m██[38;2;50;134;120m██[38;2;50;136;123m████[38;2;66;65;66m██[38;2;45;213;146m██[38;2;79;77;68m██[38;2;93;95;95m██[38;2;93;97;93m████[38;2;251;130;80m████[38;2;0;4;0m██
██[38;2;65;118;108m██[38;2;49;69;65m██[38;2;50;213;152m██[38;2;29;67;57m██[38;2;45;213;146m██[38;2;50;137;123m██[38;2;0;4;0m██    ██[38;2;186;94;45m██[38;2;49;138;123m██[38;2;50;136;123m████[38;2;50;134;120m████[38;2;79;77;68m████████████[38;2;82;81;66m██[38;2;52;136;124m██[38;2;50;136;123m████[38;2;50;134;120m████[38;2;0;4;0m██[38;2;45;213;146m████[38;2;82;81;66m██[38;2;93;95;95m████[38;2;99;101;99m████[38;2;0;4;0m██
  [38;2;24;16;0m██[38;2;49;69;65m██[38;2;50;213;152m██[38;2;16;12;0m██[38;2;50;137;123m██[38;2;45;213;146m██[38;2;0;4;0m██    ██[38;2;186;94;45m██[38;2;49;138;123m██[38;2;50;136;123m████[38;2;0;4;0m████[38;2;50;134;120m████████████[38;2;52;136;124m████[38;2;50;136;123m████[38;2;50;134;120m██[38;2;0;4;0m██  ██[38;2;45;213;146m████[38;2;79;77;68m████[38;2;68;70;66m██[38;2;8;8;0m██  
    [38;2;0;4;0m████  ████        [38;2;8;8;0m██[38;2;56;127;117m██[38;2;50;134;120m██[38;2;0;4;0m██    ██████████[38;2;82;79;70m██[38;2;50;136;123m████[38;2;251;130;80m████[38;2;50;134;120m██[38;2;0;4;0m████[38;2;45;213;146m██████[38;2;45;219;148m████[38;2;49;136;121m████[38;2;0;4;0m██
                      [38;2;8;8;0m██[38;2;31;62;58m██[38;2;50;134;120m████[38;2;0;4;0m██            ██[38;2;50;136;123m████[38;2;251;130;80m████[38;2;0;4;0m██  ██[38;2;45;213;146m████[38;2;66;65;66m██[38;2;45;219;148m████[38;2;66;65;66m██[38;2;49;136;121m██[38;2;0;4;0m██
                    ██[38;2;50;134;120m██████████[38;2;0;4;0m██            [38;2;8;8;8m██[38;2;36;119;101m██[38;2;50;137;123m████[38;2;45;213;146m██[38;2;0;4;0m██  ████[38;2;50;134;120m██[38;2;56;255;162m██[38;2;37;118;97m██[38;2;0;4;0m████  
                    ████[38;2;50;134;120m████[38;2;0;4;0m████            ██[38;2;50;255;159m████[38;2;50;137;123m██[38;2;45;213;146m██████[38;2;0;4;0m██    ██[38;2;0;8;0m████      
                        [38;2;0;4;0m████                ██[38;2;45;213;146m████[38;2;0;4;0m████[38;2;45;213;146m████[38;2;0;4;0m██                
                                              ████    ████                  
[0m