                                    [38;2;0;0;0m████                
                                  ██[38;2;241;250;171m████[38;2;0;0;0m██              
                                ██[38;2;241;250;171m██[38;2;122;221;69m██[38;2;65;65;65m██  [38;2;0;0;0m████          
      ██    ████              ██[38;2;241;250;171m██[38;2;122;221;69m██[38;2;0;0;0m██  ██[38;2;241;250;171m████[38;2;0;0;0m██        
  ████[38;2;87;149;186m██[38;2;0;0;0m████[38;2;87;149;186m██[38;2;0;0;0m██            ████[38;2;65;65;65m██[38;2;0;0;0m██  ██[38;2;241;250;171m██[38;2;122;221;69m██[38;2;0;0;0m██          
  ██[38;2;87;149;186m████[38;2;51;113;150m██[38;2;87;149;186m██████[38;2;0;0;0m██      ████[38;2;122;221;69m██████[38;2;56;162;79m██[38;2;0;0;0m██[38;2;241;250;171m██[38;2;122;221;69m██[38;2;0;0;0m██            
    ██[38;2;51;113;150m██[38;2;87;149;186m████[38;2;0;0;0m████      ██[38;2;56;162;79m██[38;2;122;221;69m████████████[38;2;56;162;79m██[38;2;122;221;69m██[38;2;0;0;0m██            
      ██[38;2;87;149;186m██[38;2;0;0;0m██      ████[38;2;122;221;69m████████████████[38;2;56;162;79m██[38;2;0;0;0m██              
    ████[38;2;87;149;186m██[38;2;0;0;0m██    ██[38;2;255;255;255m██[38;2;122;221;69m████[38;2;255;255;255m██[38;2;122;221;69m██[38;2;162;62;51m████[38;2;255;255;255m██[38;2;122;221;69m██████[38;2;0;0;0m██              
████[38;2;87;149;186m██[38;2;51;113;150m██[38;2;87;149;186m██[38;2;0;0;0m██      ██[38;2;255;255;255m████[38;2;122;221;69m██[38;2;217;62;62m██[38;2;0;0;0m██[38;2;217;62;62m██[38;2;239;206;189m██[38;2;255;255;255m██[38;2;56;162;79m██[38;2;51;113;150m██[38;2;0;0;0m████            
██[38;2;87;149;186m██████████[38;2;0;0;0m██      ████[38;2;255;255;255m████████[38;2;122;221;69m████[38;2;65;65;65m████[38;2;122;221;69m████[38;2;0;0;0m██          
  ██[38;2;87;149;186m██[38;2;0;0;0m██[38;2;51;113;150m██[38;2;87;149;186m████[38;2;0;0;0m██████[38;2;87;149;186m████[38;2;65;65;65m████[38;2;115;115;115m██[38;2;189;189;189m██[38;2;56;162;79m██[38;2;65;65;65m██[38;2;122;221;69m████[38;2;65;65;65m████[38;2;122;221;69m██[38;2;0;0;0m██████    
  ████  ██[38;2;122;221;69m██[38;2;87;149;186m████████████████[38;2;65;65;65m██[38;2;189;189;189m██[38;2;65;65;65m██[38;2;122;221;69m██[38;2;87;149;186m██[38;2;65;65;65m██[38;2;87;149;186m████[38;2;65;65;65m████[38;2;87;149;186m██[38;2;51;113;150m██[38;2;0;0;0m██  
          ██[38;2;122;221;69m████[38;2;87;149;186m██████[38;2;122;221;69m████[38;2;65;65;65m██[38;2;189;189;189m██[38;2;65;65;65m██[38;2;122;221;69m██[38;2;87;149;186m██[38;2;65;65;65m██[38;2;56;162;79m██████[38;2;87;149;186m████████[38;2;0;0;0m██  
            ████[38;2;122;221;69m██████[38;2;0;0;0m████[38;2;189;189;189m██[38;2;65;65;65m██[38;2;87;149;186m████[38;2;51;113;150m██[38;2;0;0;0m████████[38;2;56;162;79m██[38;2;87;149;186m██████[38;2;122;221;69m██[38;2;0;0;0m██
                ██████  ██[38;2;65;65;65m██[38;2;87;149;186m████[38;2;51;113;150m██[38;2;87;149;186m██[38;2;0;0;0m██      ██[38;2;87;149;186m██████[38;2;122;221;69m██[38;2;0;0;0m██
                      ██[38;2;65;65;65m██[38;2;87;149;186m██[38;2;122;221;69m██[38;2;87;149;186m██[38;2;51;113;150m██[38;2;87;149;186m████[38;2;0;0;0m██████[38;2;241;250;171m██[38;2;87;149;186m████[38;2;122;221;69m████[38;2;0;0;0m██
                      ██[38;2;51;113;150m██[38;2;87;149;186m██[38;2;122;221;69m██████[38;2;51;113;150m████[38;2;198;222;104m██[38;2;87;149;186m██████[38;2;241;250;171m██[38;2;122;221;69m████[38;2;56;162;79m██[38;2;0;0;0m██
                      ██[38;2;87;149;186m██[38;2;122;221;69m██[38;2;87;149;186m██[38;2;122;221;69m████[38;2;198;222;104m██[38;2;241;250;171m██[38;2;122;221;69m████████[38;2;241;250;171m████[38;2;122;221;69m██[38;2;0;0;0m██  
                        ██[38;2;87;149;186m██[38;2;122;221;69m████[38;2;241;250;171m████[38;2;122;221;69m██[38;2;241;250;171m██[38;2;122;221;69m████[38;2;241;250;171m██[38;2;122;221;69m████[38;2;0;0;0m██    
                          ████[38;2;56;162;79m██[38;2;122;221;69m████████████[38;2;56;162;79m██[38;2;0;0;0m████      
                              ████████████████          
[0m