                        [38;2;0;0;0m████████    
                      ██[38;2;190;190;180m██[38;2;215;215;205m████[38;2;190;190;180m██[38;2;0;0;0m██  
                    ██[38;2;190;190;180m██[38;2;215;215;205m██[38;2;190;190;180m████████[38;2;0;0;0m██
                ██████[38;2;141;141;131m██[38;2;190;190;180m██[38;2;141;141;131m████[38;2;190;190;180m████[38;2;0;0;0m██
            ████[38;2;190;190;180m██[38;2;215;215;205m████[38;2;190;190;180m██[38;2;65;65;65m██[38;2;141;141;131m██[38;2;190;190;180m██[38;2;141;141;131m██[38;2;190;190;180m██[38;2;0;0;0m██
        ████[38;2;111;111;101m██[38;2;190;190;180m██[38;2;215;215;205m████[38;2;190;190;180m██████[38;2;65;65;65m██[38;2;190;190;180m██[38;2;141;141;131m██[38;2;190;190;180m██[38;2;0;0;0m██
  ██████[38;2;111;111;101m████[38;2;190;190;180m██[38;2;111;111;101m████[38;2;190;190;180m██████████[38;2;65;65;65m██[38;2;190;190;180m████[38;2;0;0;0m██
██[38;2;190;190;180m████[38;2;136;136;126m████[38;2;190;190;180m██[38;2;111;111;101m████[38;2;190;190;180m██[38;2;111;111;101m████[38;2;190;190;180m████[38;2;141;141;131m██[38;2;65;65;65m██[38;2;190;190;180m██[38;2;0;0;0m██  
  ████[38;2;190;190;180m████[38;2;136;136;126m████[38;2;190;190;180m██[38;2;136;136;126m████[38;2;190;190;180m████[38;2;65;65;65m████[38;2;99;99;99m██[38;2;141;141;131m██[38;2;0;0;0m██  
      ██[38;2;65;65;65m████[38;2;190;190;180m██████[38;2;141;141;131m██[38;2;65;65;65m████[38;2;255;109;151m██[38;2;99;99;99m██[38;2;141;141;131m██[38;2;0;0;0m██    
      ██[38;2;249;220;36m████[38;2;65;65;65m████[38;2;255;255;255m██[38;2;0;0;0m██[38;2;255;255;255m██[38;2;255;109;151m██[38;2;229;72;117m██[38;2;141;141;131m████[38;2;0;0;0m██    
        ██[38;2;192;141;0m██[38;2;249;220;36m██████[38;2;65;65;65m██[38;2;255;255;255m██[38;2;229;72;117m██[38;2;141;141;131m██[38;2;99;99;99m██[38;2;190;190;180m██[38;2;0;0;0m██    
        ██[38;2;249;220;36m████[38;2;65;65;65m████[38;2;190;190;180m████[38;2;141;141;131m██[38;2;0;0;0m██████      
          ████[38;2;190;190;180m████[38;2;141;141;131m██[38;2;0;0;0m████            
              ██████                
[0m