                [38;2;0;0;0m████████                
            ████[38;2;55;88;142m████████[38;2;0;0;0m██              
          ██[38;2;55;88;142m██[38;2;63;54;98m██████[38;2;55;88;142m██████[38;2;0;0;0m██            
        ██[38;2;55;88;142m██[38;2;63;54;98m██[38;2;55;88;142m██████[38;2;63;54;98m██[38;2;55;88;142m████[38;2;0;0;0m██            
      ██[38;2;55;88;142m██[38;2;63;54;98m██[38;2;113;137;174m████[38;2;55;88;142m██████[38;2;63;54;98m██[38;2;55;88;142m████[38;2;0;0;0m██          
      ██[38;2;63;54;98m██[38;2;113;137;174m██[38;2;206;206;197m██[38;2;113;137;174m██[38;2;55;88;142m██████[38;2;63;54;98m██[38;2;55;88;142m████[38;2;0;0;0m██          
    ██[38;2;55;88;142m██[38;2;63;54;98m██[38;2;113;137;174m████[38;2;55;88;142m████████[38;2;63;54;98m██[38;2;55;88;142m████[38;2;0;0;0m██          
    ██[38;2;63;54;98m██[38;2;55;88;142m██████████████[38;2;63;54;98m██[38;2;55;88;142m████[38;2;0;0;0m██          
  ██[38;2;55;88;142m██[38;2;63;54;98m██[38;2;55;88;142m██████████████[38;2;63;54;98m██[38;2;55;88;142m████[38;2;0;0;0m████        
██[38;2;206;206;197m████[38;2;63;54;98m██[38;2;55;88;142m██████████[38;2;63;54;98m██████[38;2;55;88;142m████[38;2;65;65;65m██[38;2;206;206;197m██[38;2;0;0;0m████████
██[38;2;206;206;197m██████[38;2;63;54;98m██████████[38;2;113;137;174m██[38;2;206;206;197m████[38;2;63;54;98m██[38;2;55;88;142m██[38;2;65;65;65m██[38;2;157;169;28m██[38;2;244;255;108m██[38;2;157;169;28m██[38;2;193;205;50m██[38;2;0;0;0m██
  ██[38;2;206;206;197m██████████████████[38;2;113;137;174m██[38;2;63;54;98m██[38;2;65;65;65m██[38;2;244;255;108m████████[38;2;0;0;0m██  
  ██[38;2;55;88;142m████[38;2;206;206;197m██████████[38;2;113;137;174m██[38;2;63;54;98m████[38;2;55;88;142m██[38;2;65;65;65m██[38;2;244;255;108m██████[38;2;157;169;28m██[38;2;0;0;0m██  
    ██[38;2;113;137;174m██[38;2;55;88;142m████[38;2;255;255;255m██[38;2;0;0;0m████[38;2;255;255;255m██[38;2;55;88;142m████[38;2;65;65;65m██[38;2;244;255;108m████████[38;2;193;205;50m████[38;2;0;0;0m██
    ██[38;2;206;206;197m██████[38;2;55;88;142m██[38;2;255;255;255m████[38;2;55;88;142m████[38;2;65;65;65m██[38;2;244;255;108m████████[38;2;65;65;65m██[38;2;157;169;28m██[38;2;193;205;50m██[38;2;0;0;0m██
      ██[38;2;55;88;142m██[38;2;113;137;174m██[38;2;206;206;197m██[38;2;113;137;174m██[38;2;65;65;65m████[38;2;0;0;0m██[38;2;244;255;108m██████[38;2;193;205;50m██[38;2;0;0;0m██[38;2;157;169;28m██[38;2;206;206;197m██[38;2;157;169;28m██[38;2;0;0;0m██
        ██[38;2;65;65;65m██████[38;2;157;169;28m██[38;2;0;0;0m██[38;2;244;255;108m████[38;2;193;205;50m██[38;2;244;255;108m██[38;2;0;0;0m██  ██████  
          ██[38;2;157;169;28m████[38;2;0;0;0m██  ██[38;2;193;205;50m██[38;2;255;255;255m██[38;2;193;205;50m██[38;2;0;0;0m██          
            ████    ██[38;2;157;169;28m██[38;2;206;206;197m██[38;2;65;65;65m██[38;2;0;0;0m██          
                      ██████            
[0m