                      [38;2;0;0;0m████████████                        
                ██████[38;2;253;240;80m██[38;2;221;174;51m██[38;2;222;247;148m████[38;2;221;174;51m██[38;2;253;240;80m██[38;2;0;0;0m██████                  
              ██[38;2;253;240;80m██████[38;2;221;174;51m██[38;2;231;243;156m██[38;2;222;247;148m████[38;2;231;243;156m██[38;2;221;174;51m██[38;2;253;240;80m██████[38;2;0;0;0m████              
          [38;2;0;0;8m████[38;2;253;240;80m██████████[38;2;220;172;51m██[38;2;222;247;148m████[38;2;220;172;51m██[38;2;253;240;80m████████████[38;2;8;0;8m██            
        [38;2;0;0;0m██[38;2;222;215;181m██[38;2;148;143;123m██[38;2;253;240;80m████████████[38;2;220;172;51m████[38;2;253;240;80m██████████[38;2;220;172;51m██[38;2;219;171;50m██[38;2;253;240;80m██[38;2;0;0;0m████        
      [38;2;0;0;8m██[38;2;116;64;21m████[38;2;253;240;80m████[38;2;221;174;51m██[38;2;253;240;80m████████████████████[38;2;221;174;51m██[38;2;231;243;156m██[38;2;222;247;148m██[38;2;220;172;51m██[38;2;253;240;80m██[38;2;116;64;21m██[38;2;0;0;0m██      
    ██[38;2;143;88;0m██[38;2;116;64;21m██[38;2;242;222;72m██[38;2;253;240;80m██[38;2;221;174;51m██[38;2;231;243;156m██[38;2;220;172;51m██[38;2;253;240;80m████████████[38;2;220;172;51m████[38;2;253;240;80m████[38;2;221;174;51m██[38;2;222;247;148m████[38;2;220;172;51m██[38;2;242;222;72m██[38;2;151;100;37m██[38;2;0;0;0m██    
  [38;2;8;0;16m██[38;2;84;67;49m██[38;2;116;64;21m██[38;2;242;222;72m██[38;2;253;240;80m██[38;2;220;172;51m██[38;2;222;247;148m████[38;2;220;172;51m██[38;2;253;240;80m██[38;2;221;174;51m██[38;2;253;240;80m██████[38;2;221;174;51m██[38;2;231;243;156m██[38;2;222;247;148m██[38;2;220;172;51m██[38;2;253;240;80m████[38;2;220;172;51m████[38;2;253;240;80m████[38;2;116;64;21m██[38;2;107;70;23m██[38;2;0;0;0m██  
██[38;2;152;101;39m████[38;2;116;64;21m██[38;2;242;222;72m██[38;2;253;240;80m██[38;2;220;172;51m██[38;2;222;247;148m██[38;2;220;172;51m██[38;2;253;240;80m██[38;2;220;172;51m██[38;2;231;243;156m██[38;2;221;174;51m██[38;2;253;240;80m██████[38;2;221;174;51m██[38;2;222;247;148m██[38;2;220;172;51m██[38;2;253;240;80m████████████[38;2;242;222;72m██[38;2;116;64;21m██[38;2;151;100;37m██[38;2;0;0;0m██
██[38;2;151;100;37m████[38;2;116;64;21m██[38;2;242;222;72m██[38;2;253;240;80m████[38;2;220;172;51m██[38;2;253;240;80m██████[38;2;220;172;51m██[38;2;253;240;80m██████████[38;2;220;172;51m██[38;2;253;240;80m██████████[38;2;242;222;72m████[38;2;243;222;72m██[38;2;116;64;21m██[38;2;151;100;37m██[38;2;0;0;0m██
  ██[38;2;151;100;37m██[38;2;116;64;21m██[38;2;242;222;72m██████[38;2;253;240;80m██████████████████████████████[38;2;242;222;72m██[38;2;116;64;21m██████[38;2;152;100;30m██[38;2;0;0;0m██  
  ██[38;2;151;100;37m████[38;2;116;64;21m██████[38;2;242;222;72m██[38;2;253;240;80m██[38;2;242;222;72m████[38;2;253;240;80m██████████████[38;2;242;222;72m████[38;2;253;240;80m████[38;2;116;64;21m██[38;2;151;100;31m████[38;2;132;93;47m████[38;2;0;0;0m██  
  ██[38;2;151;100;37m██████████[38;2;116;64;21m██[38;2;242;222;72m██[38;2;116;64;21m████[38;2;242;222;72m████[38;2;253;240;80m██████[38;2;242;222;72m████[38;2;116;64;21m████[38;2;242;222;72m████[38;2;116;64;21m██[38;2;151;100;31m████[38;2;132;93;47m██[38;2;0;0;0m██    
    ██[38;2;127;89;47m████[38;2;151;100;37m██████[38;2;116;64;21m██[38;2;151;100;31m████[38;2;116;64;21m██[38;2;243;222;72m██[38;2;242;222;72m████[38;2;243;222;72m██[38;2;116;64;21m████[38;2;151;100;37m████[38;2;116;64;21m████[38;2;151;100;37m████████[38;2;0;0;0m██    
      ██████[38;2;151;100;37m██████[38;2;151;100;31m████[38;2;152;100;30m██[38;2;116;64;21m████████[38;2;152;100;30m██[38;2;151;100;37m████████████[38;2;0;0;0m██[38;2;151;100;37m██[38;2;0;0;0m██      
            ██████[38;2;151;100;37m████████[38;2;151;100;31m████[38;2;151;100;37m████[38;2;127;89;47m████[38;2;151;100;37m██[38;2;0;0;0m██████  ██        
                  ████[38;2;82;81;82m████[38;2;151;100;31m████[38;2;151;100;37m██[38;2;82;81;82m██[38;2;77;66;76m██[38;2;0;12;8m██[38;2;0;0;0m██                  
                      [38;2;8;4;8m██[38;2;198;207;214m██[38;2;82;82;82m██████[38;2;198;207;214m██[38;2;0;0;0m██                      
                    ██[38;2;198;207;214m██[38;2;71;71;76m██[38;2;198;207;214m████[38;2;82;82;82m██[38;2;198;207;214m██[38;2;0;0;0m██                      
              ████[38;2;16;12;0m██[38;2;222;227;206m██[38;2;197;197;192m██[38;2;82;81;82m██[38;2;255;255;231m██[38;2;198;207;214m████[38;2;82;82;82m██[38;2;255;255;255m██[38;2;0;0;0m██                    
            ██[38;2;154;167;104m██[38;2;231;251;156m██[38;2;153;155;137m████[38;2;82;81;82m██[38;2;255;255;247m██[38;2;255;255;231m████[38;2;198;207;214m████[38;2;85;85;85m██[38;2;255;255;255m██[38;2;0;0;0m██                  
            ██[38;2;239;251;165m██[38;2;162;168;112m██[38;2;82;81;82m████[38;2;151;100;37m██[38;2;111;76;37m██[38;2;182;135;70m██[38;2;255;255;222m██[38;2;234;188;104m██[38;2;108;76;36m██[38;2;86;70;53m██[38;2;82;81;90m██[38;2;239;251;198m██[38;2;0;0;0m████              
            ██[38;2;162;168;112m██[38;2;8;4;8m██[38;2;82;81;82m██[38;2;151;100;37m██████[38;2;150;99;30m██[38;2;112;78;38m██[38;2;108;76;36m██[38;2;155;104;34m██[38;2;153;101;32m██[38;2;82;81;90m██[38;2;159;167;132m██[38;2;239;251;198m██[38;2;173;174;123m██[38;2;0;0;0m██            
              ██  ██[38;2;127;89;47m██[38;2;151;100;31m████████████[38;2;127;89;47m██[38;2;77;66;76m██[38;2;0;0;0m██[38;2;173;174;123m██[38;2;231;251;156m██[38;2;156;168;106m██[38;2;0;0;0m██          
                  ██[38;2;127;89;47m██[38;2;151;100;31m████████████[38;2;127;89;47m██[38;2;0;12;8m██  [38;2;0;0;0m██[38;2;231;251;156m██[38;2;8;4;8m██            
                    [38;2;0;0;0m██[38;2;111;78;39m████[38;2;151;100;37m██████[38;2;111;76;37m██[38;2;0;0;0m██    ██[38;2;222;247;148m██[38;2;0;0;0m██            
                      ████████[38;2;111;76;37m██[38;2;151;100;37m██[38;2;0;0;0m██      ██              
                              ████                        
[0m