              [38;2;0;0;0m████████              
            ██[38;2;255;228;183m██[38;2;212;160;76m████[38;2;255;207;128m██[38;2;0;0;0m██            
          ████[38;2;212;160;76m██[38;2;255;228;183m██[38;2;255;207;128m██[38;2;212;160;76m██[38;2;0;0;0m████          
        ██[38;2;255;127;52m██[38;2;255;228;183m██[38;2;212;160;76m████████[38;2;255;207;128m██[38;2;212;160;76m██[38;2;0;0;0m██        
      ██[38;2;255;207;128m██[38;2;255;228;183m██████[38;2;255;207;128m██████[38;2;250;101;15m████[38;2;212;160;76m██[38;2;0;0;0m██      
      ██[38;2;132;132;123m██[38;2;212;160;76m██[38;2;255;228;183m████[38;2;255;207;128m██████[38;2;250;101;15m████[38;2;255;207;128m██[38;2;0;0;0m██      
    ██[38;2;255;127;52m██[38;2;0;0;0m██[38;2;255;207;128m██[38;2;212;160;76m██[38;2;132;132;123m██████[38;2;255;207;128m████████[38;2;212;160;76m██[38;2;0;0;0m██    
  ████[38;2;250;101;15m██[38;2;255;207;128m████████[38;2;0;0;0m██[38;2;255;207;128m████████████[38;2;0;0;0m████  
██[38;2;255;207;128m██[38;2;212;160;76m██[38;2;255;207;128m██[38;2;132;132;123m████[38;2;255;207;128m████████[38;2;250;101;15m████[38;2;255;207;128m██████[38;2;212;160;76m██[38;2;255;207;128m██[38;2;0;0;0m██
██[38;2;255;207;128m██[38;2;212;160;76m████[38;2;255;207;128m████[38;2;132;132;123m██[38;2;255;207;128m████[38;2;250;101;15m████████[38;2;255;207;128m██[38;2;212;160;76m████[38;2;255;207;128m██[38;2;0;0;0m██
  ████[38;2;212;160;76m████[38;2;255;207;128m████████[38;2;212;160;76m██[38;2;250;101;15m████[38;2;212;160;76m██████[38;2;0;0;0m████  
    ██[38;2;255;207;128m████[38;2;65;65;65m████[38;2;212;160;76m██████[38;2;65;65;65m████[38;2;212;160;76m██[38;2;255;207;128m████[38;2;0;0;0m██    
      ████[38;2;199;74;1m██[38;2;250;101;15m██[38;2;0;0;0m██[38;2;255;207;128m████[38;2;65;65;65m██[38;2;199;74;1m██[38;2;65;65;65m██[38;2;0;0;0m████      
          ████  ████[38;2;250;101;15m████[38;2;0;0;0m██          
                    ████            
[0m