  [38;2;0;4;0m████████                                                        
██[38;2;249;167;0m██████[38;2;233;68;63m██[38;2;0;4;0m████                                        ██[38;2;16;0;0m████[38;2;0;4;0m██    
  ████[38;2;249;167;0m██[38;2;233;68;63m████[38;2;249;167;0m██[38;2;0;4;0m████            ████                ████[38;2;233;68;63m██[38;2;177;104;80m██[38;2;188;195;105m██[38;2;249;167;0m██[38;2;0;4;0m██  
      ██[38;2;99;56;57m████[38;2;216;223;135m██[38;2;172;179;96m██[38;2;195;230;39m██[38;2;0;4;0m██        ██[38;2;132;125;107m██[38;2;82;78;68m██[38;2;0;4;0m██            ██[38;2;187;222;19m██[38;2;249;167;0m██[38;2;146;72;68m██[38;2;232;84;86m██[38;2;74;48;49m██[38;2;0;4;0m██    
    ██[38;2;249;167;0m██[38;2;237;183;83m██[38;2;161;90;67m██[38;2;90;77;49m████[38;2;195;230;39m██[38;2;0;4;0m██        ██[38;2;88;84;71m██[38;2;82;78;68m██[38;2;0;4;0m██          ██[38;2;187;222;19m████[38;2;249;167;0m██[38;2;146;72;68m██[38;2;74;48;49m██[38;2;0;24;24m██      
      [38;2;0;4;0m████[38;2;66;64;64m██[38;2;216;223;135m██[38;2;172;179;96m██[38;2;195;230;39m██[38;2;0;4;0m██      ██[38;2;66;65;66m████[38;2;77;74;68m██[38;2;0;4;0m██          ██[38;2;195;230;39m██[38;2;66;65;66m██[38;2;99;56;57m██[38;2;161;90;67m██[38;2;249;167;0m████[38;2;0;4;0m██    
          ██[38;2;90;77;49m████[38;2;195;230;39m██[38;2;0;4;0m██      ██[38;2;255;255;255m████[38;2;77;74;68m████[38;2;0;4;0m██        ██[38;2;195;230;39m████[38;2;237;183;83m██[38;2;99;56;57m██[38;2;0;4;0m████      
        ██[38;2;249;167;0m██[38;2;177;104;80m██[38;2;188;195;105m██[38;2;195;230;39m████[38;2;0;4;0m██  ██[38;2;255;255;255m██[38;2;249;168;0m████[38;2;255;255;255m██[38;2;66;65;66m██[38;2;82;78;68m██[38;2;0;4;0m██      ██[38;2;195;230;39m██[38;2;157;117;33m██[38;2;76;65;62m██[38;2;24;0;0m██          
          [38;2;0;4;0m██[38;2;16;0;0m████[38;2;82;81;66m██[38;2;195;230;39m██[38;2;0;4;0m██  ██[38;2;255;255;255m██[38;2;249;168;0m████[38;2;255;255;255m██[38;2;66;65;66m██[38;2;82;78;68m██[38;2;0;4;0m██    ██[38;2;195;230;39m████[38;2;157;117;33m██[38;2;180;106;82m██[38;2;191;199;102m██[38;2;0;4;0m██        
                ██[38;2;139;174;0m████[38;2;0;12;16m██  [38;2;0;4;0m██[38;2;255;255;255m████[38;2;66;65;66m██[38;2;82;78;68m██[38;2;63;86;0m██[38;2;0;0;16m██    [38;2;0;4;0m██[38;2;195;230;39m██[38;2;66;64;66m██[38;2;0;4;0m██████          
                  ██[38;2;139;174;0m██[38;2;63;56;32m██[38;2;0;4;0m██[38;2;195;230;39m██[38;2;66;65;66m████[38;2;82;78;68m██[38;2;66;65;66m██[38;2;195;230;39m████[38;2;0;4;0m████[38;2;195;230;39m████[38;2;0;4;0m██                
                    [38;2;24;12;0m██[38;2;178;174;154m██[38;2;195;230;39m██[38;2;66;65;66m██[38;2;82;78;68m████████[38;2;66;65;66m██[38;2;195;230;39m████[38;2;66;65;66m██[38;2;195;230;39m██[38;2;0;4;0m██                  
  ██████████      ██[38;2;255;255;231m████[38;2;195;230;39m████[38;2;66;65;66m████████[38;2;195;230;39m████[38;2;66;65;66m██[38;2;195;230;39m██[38;2;0;4;0m██                    
██[38;2;82;79;70m██[38;2;82;78;68m████[38;2;82;79;68m████[38;2;0;4;0m██    ██[38;2;119;87;25m██[38;2;255;255;255m██████[38;2;195;230;39m████████[38;2;255;255;255m██████[38;2;74;73;66m██[38;2;108;76;14m██[38;2;8;4;8m██      [38;2;0;4;0m██████      
  ██████[38;2;82;79;68m████[38;2;0;4;0m██  ██[38;2;183;151;89m██[38;2;119;87;25m████[38;2;82;81;66m██[38;2;255;255;255m████████████[38;2;82;81;66m██[38;2;74;73;66m████[38;2;182;150;88m██[38;2;8;4;8m██    [38;2;0;4;0m██[38;2;66;64;66m██[38;2;82;78;68m████[38;2;0;4;0m████  
        ██[38;2;82;78;68m████[38;2;0;4;0m██[38;2;0;0;0m██[38;2;192;160;98m██[38;2;141;109;47m██[38;2;182;150;88m██[38;2;183;151;89m██[38;2;82;78;68m██[38;2;79;80;68m████[38;2;82;78;68m██████[38;2;183;151;89m██[38;2;141;109;47m██[38;2;182;150;88m██[38;2;164;132;70m██[38;2;255;255;247m██[38;2;0;4;0m██  ██[38;2;82;78;68m██[38;2;82;79;70m██[38;2;0;4;0m██[38;2;88;84;71m██[38;2;132;125;107m██[38;2;0;4;0m██
  ██████[38;2;82;78;68m████████[38;2;77;85;74m██[38;2;255;244;220m██[38;2;141;109;47m██[38;2;182;150;88m██[38;2;183;151;89m████[38;2;144;112;50m██[38;2;181;149;87m██[38;2;183;151;89m████████[38;2;141;109;47m██[38;2;182;150;88m██[38;2;255;255;247m██[38;2;104;72;10m██[38;2;0;4;0m██  ██[38;2;82;78;68m██[38;2;0;4;0m██  ████  
██[38;2;82;79;70m██[38;2;82;78;68m████[38;2;0;4;0m██[38;2;82;79;70m██[38;2;82;78;68m████[38;2;66;64;66m████[38;2;255;255;255m████[38;2;182;150;88m████[38;2;139;107;45m██[38;2;187;155;93m██[38;2;182;150;88m██████[38;2;255;255;255m██████[38;2;66;65;66m██[38;2;82;78;68m██[38;2;71;68;66m██[38;2;0;4;0m██[38;2;82;79;68m████[38;2;82;78;68m██[38;2;0;4;0m██      
  ██████  ██[38;2;82;78;68m██[38;2;0;4;0m████[38;2;66;64;66m██[38;2;255;255;255m██[38;2;217;149;0m██[38;2;255;255;255m████[38;2;255;255;247m████[38;2;255;255;255m████████[38;2;74;73;66m████[38;2;82;78;68m██[38;2;66;65;66m██[38;2;71;68;66m████[38;2;82;79;68m████[38;2;82;78;68m████[38;2;0;4;0m████  
        ██[38;2;82;78;68m██[38;2;74;71;68m██[38;2;0;4;0m██  ██[38;2;255;255;255m██[38;2;197;160;99m██[38;2;255;255;255m██[38;2;74;73;66m██[38;2;66;65;66m████[38;2;74;73;66m██[38;2;255;255;255m██[38;2;249;168;0m████[38;2;255;255;255m██[38;2;74;73;66m██[38;2;95;63;1m██[38;2;198;199;181m██[38;2;0;4;0m████[38;2;82;78;68m████[38;2;82;79;70m██[38;2;0;4;0m██[38;2;88;84;71m██[38;2;132;125;107m██[38;2;0;4;0m██
    ████[38;2;82;78;68m████[38;2;74;71;68m██[38;2;0;4;0m██  ██[38;2;197;160;99m██[38;2;255;255;255m██[38;2;74;73;66m████[38;2;82;78;68m████[38;2;74;73;66m██[38;2;255;255;255m██[38;2;249;168;0m████[38;2;255;255;255m██[38;2;74;73;66m██[38;2;198;199;181m██[38;2;138;106;44m██[38;2;0;4;0m██  ██[38;2;82;78;68m██[38;2;0;4;0m██  ████  
  ██[38;2;82;78;68m████[38;2;0;4;0m██████      ██[38;2;203;171;109m██[38;2;198;195;189m██[38;2;102;70;8m██[38;2;66;65;66m████████[38;2;255;255;255m████[38;2;198;195;189m████[38;2;141;109;47m██[38;2;0;4;0m██    ██[38;2;82;78;68m██[38;2;0;4;0m██        
    ████              ██[38;2;102;70;8m██[38;2;198;195;189m██████████[38;2;200;195;189m████[38;2;141;109;47m██████[38;2;0;4;0m██    ██[38;2;82;78;68m██[38;2;82;79;70m██[38;2;0;4;0m████    
                      ██[38;2;173;174;173m██[38;2;0;4;0m████[38;2;141;109;47m██[38;2;109;77;15m██[38;2;141;109;47m████[38;2;0;4;0m██[38;2;63;63;63m████[38;2;0;4;0m██        ██[38;2;82;79;68m████[38;2;132;130;107m██[38;2;0;4;0m██  
                      ████    ██[38;2;66;65;66m████[38;2;0;4;0m██  [38;2;8;8;8m██[38;2;173;174;173m██[38;2;0;4;0m██          ██████    
                              ██[38;2;170;177;172m████[38;2;0;4;0m██    ████                    
                            ██[38;2;66;64;66m██[38;2;167;123;90m████[38;2;0;4;0m██                            
                        [38;2;0;8;8m████[38;2;140;175;0m████[38;2;139;174;0m████[38;2;131;166;0m██[38;2;8;8;8m██[38;2;0;4;0m██                        
                      ██[38;2;65;89;0m██[38;2;196;231;41m██[38;2;195;230;39m██[38;2;140;175;0m██[38;2;0;4;0m██[38;2;139;174;0m██[38;2;131;166;0m██[38;2;198;233;45m██[38;2;82;79;70m██[38;2;0;4;0m██                      
                      ██[38;2;200;208;112m██[38;2;66;65;66m██[38;2;195;230;39m██[38;2;0;4;0m██  ██[38;2;195;230;39m██████[38;2;0;4;0m██                      
                    ██[38;2;249;167;0m██[38;2;200;208;112m██[38;2;66;65;66m██[38;2;195;230;39m██[38;2;0;4;0m██  ██[38;2;195;230;39m██[38;2;66;65;66m██[38;2;195;230;39m██[38;2;0;4;0m██                      
                    [38;2;16;0;0m██[38;2;213;87;31m██[38;2;99;56;57m██[38;2;237;183;83m██[38;2;255;158;122m██[38;2;76;62;74m██[38;2;8;0;0m██[38;2;248;170;0m██[38;2;200;208;112m██[38;2;66;65;66m██[38;2;195;230;39m████[38;2;0;4;0m██                    
                    [38;2;16;0;0m██[38;2;255;153;113m██[38;2;93;60;50m██[38;2;120;107;103m██[38;2;216;90;36m██[38;2;24;0;0m██[38;2;46;69;85m██[38;2;248;170;0m██[38;2;200;208;112m██[38;2;66;65;66m██[38;2;249;167;0m████[38;2;0;4;0m██                    
                    ██[38;2;249;167;0m██[38;2;86;56;47m██[38;2;248;170;0m██[38;2;0;4;0m██  [38;2;16;0;0m██[38;2;213;87;31m██[38;2;232;84;86m██[38;2;74;48;49m██[38;2;233;68;63m████[38;2;0;4;0m██                    
                      ██[38;2;8;0;0m██[38;2;248;170;0m██[38;2;0;4;0m██  [38;2;16;0;0m██[38;2;255;153;113m██[38;2;74;48;49m██[38;2;0;24;24m██[38;2;249;167;0m████[38;2;0;4;0m██                    
                          ██    ██[38;2;249;167;0m██[38;2;0;4;0m██  ██[38;2;249;167;0m██[38;2;0;4;0m██                    
                                  ██      ██                      
[0m