                  [38;2;0;0;0m██                      
                ██[38;2;250;229;113m██[38;2;0;0;0m██                    
    ████        ██[38;2;250;229;113m██[38;2;0;0;0m██████████            
    ██[38;2;247;240;194m██[38;2;0;0;0m████  ██[38;2;218;141;55m████[38;2;244;206;83m██[38;2;247;240;194m██████[38;2;244;206;83m██[38;2;0;0;0m████    ████
      ██[38;2;250;229;113m██[38;2;244;206;83m██[38;2;0;0;0m██[38;2;247;240;194m██████████[38;2;244;206;83m████[38;2;247;240;194m████[38;2;244;206;83m██[38;2;0;0;0m████[38;2;247;240;194m██[38;2;0;0;0m██
      ██[38;2;218;141;55m██[38;2;247;240;194m████[38;2;244;206;83m██[38;2;247;240;194m████████████[38;2;244;206;83m██[38;2;218;141;55m████[38;2;247;240;194m████[38;2;0;0;0m██  
    ██[38;2;218;141;55m██[38;2;247;240;194m████████████[38;2;244;206;83m██[38;2;247;240;194m████████[38;2;244;206;83m██[38;2;247;240;194m██[38;2;244;206;83m██[38;2;218;141;55m██[38;2;0;0;0m██  
    ██[38;2;247;240;194m████[38;2;244;206;83m██[38;2;247;240;194m██████████[38;2;244;206;83m████[38;2;247;240;194m██████[38;2;244;206;83m██[38;2;250;229;113m██[38;2;244;206;83m██[38;2;0;0;0m██  
    ██[38;2;247;240;194m██[38;2;244;206;83m██[38;2;247;240;194m████████████[38;2;244;206;83m██[38;2;247;240;194m██[38;2;244;206;83m██[38;2;247;240;194m████[38;2;218;141;55m██[38;2;244;206;83m████[38;2;0;0;0m██  
  ██[38;2;250;229;113m██[38;2;247;240;194m██[38;2;244;206;83m██[38;2;247;240;194m██████[38;2;244;206;83m██[38;2;247;240;194m████[38;2;218;141;55m██[38;2;247;240;194m████[38;2;244;206;83m██[38;2;250;229;113m██[38;2;244;206;83m██[38;2;218;141;55m██[38;2;244;206;83m██[38;2;0;0;0m██  
  ██[38;2;250;229;113m██[38;2;244;206;83m██[38;2;247;240;194m████[38;2;218;141;55m██[38;2;247;240;194m██[38;2;218;141;55m██[38;2;24;162;220m██[38;2;247;240;194m██[38;2;218;141;55m██[38;2;244;206;83m██[38;2;250;229;113m██[38;2;218;141;55m██[38;2;244;206;83m████[38;2;218;141;55m██[38;2;0;0;0m██    
  ██[38;2;250;229;113m██[38;2;218;141;55m██[38;2;250;229;113m██[38;2;247;240;194m████[38;2;218;141;55m██[38;2;0;0;0m██[38;2;58;200;242m██[38;2;65;65;65m██[38;2;244;206;83m██████[38;2;218;141;55m██[38;2;244;206;83m████[38;2;218;141;55m██[38;2;0;0;0m██    
  ██[38;2;218;141;55m████[38;2;244;206;83m██[38;2;250;229;113m████[38;2;65;65;65m██[38;2;24;162;220m██[38;2;58;200;242m██[38;2;65;65;65m██[38;2;244;206;83m██████[38;2;218;141;55m██[38;2;244;206;83m██[38;2;218;141;55m██[38;2;244;206;83m████[38;2;0;0;0m██  
██[38;2;244;206;83m████[38;2;65;65;65m██[38;2;244;206;83m████████[38;2;65;65;65m████[38;2;244;206;83m██████[38;2;218;141;55m██[38;2;244;206;83m██[38;2;0;0;0m██████[38;2;244;206;83m████[38;2;0;0;0m██
██████████[38;2;218;141;55m██[38;2;244;206;83m████████████[38;2;218;141;55m██[38;2;0;0;0m████      ██████
          ██████[38;2;65;65;65m██[38;2;244;206;83m██[38;2;0;0;0m██████                
              ██[38;2;244;206;83m██[38;2;0;0;0m██                      
              ████                        
[0m