                    [38;2;0;0;0m████                            
                ████[38;2;255;71;67m████[38;2;0;0;0m██                          
          ██  ██[38;2;255;71;67m██████[38;2;0;0;0m██                            
        ██[38;2;255;71;67m██[38;2;0;0;0m████[38;2;255;71;67m██████[38;2;0;0;0m██    ██                      
      ██[38;2;255;71;67m████[38;2;212;47;60m██[38;2;147;39;48m██[38;2;212;47;60m██[38;2;255;71;67m██████[38;2;0;0;0m████[38;2;255;71;67m██[38;2;0;0;0m██                    
  ██████[38;2;255;71;67m████[38;2;147;39;48m██[38;2;255;71;67m██[38;2;147;39;48m██[38;2;255;71;67m██████[38;2;147;39;48m██[38;2;255;71;67m████[38;2;0;0;0m██                    
██[38;2;255;71;67m████[38;2;147;39;48m██[38;2;212;47;60m██[38;2;255;71;67m██[38;2;147;39;48m██[38;2;255;71;67m██████[38;2;212;47;60m██[38;2;147;39;48m██[38;2;255;71;67m████████[38;2;0;0;0m██                  
██[38;2;255;71;67m██[38;2;255;155;44m████[38;2;147;39;48m██[38;2;65;65;65m██[38;2;212;47;60m██[38;2;147;39;48m██████[38;2;255;71;67m██[38;2;147;39;48m██[38;2;255;71;67m████████[38;2;0;0;0m██            ██    
██[38;2;255;71;67m██[38;2;255;110;37m██[38;2;255;155;44m██[38;2;65;65;65m██[38;2;212;47;60m██[38;2;255;71;67m████████████[38;2;212;47;60m██[38;2;255;71;67m████[38;2;147;39;48m██[38;2;65;65;65m██[38;2;0;0;0m████      ██[38;2;255;71;67m██[38;2;0;0;0m██  
  ██[38;2;255;71;67m██[38;2;65;65;65m██[38;2;189;189;181m██[38;2;0;0;0m██[38;2;255;71;67m██████[38;2;212;47;60m██[38;2;255;71;67m████████[38;2;65;65;65m████[38;2;255;71;67m██████[38;2;0;0;0m██    ██[38;2;255;71;67m██[38;2;0;0;0m██  
    ██[38;2;65;65;65m██[38;2;255;255;255m██[38;2;0;0;0m██[38;2;249;204;127m████[38;2;255;71;67m██[38;2;0;0;0m██[38;2;189;189;181m██[38;2;212;47;60m██[38;2;255;71;67m██[38;2;65;65;65m██[38;2;255;71;67m██[38;2;255;155;44m██████[38;2;212;47;60m██[38;2;0;0;0m██████[38;2;255;71;67m██████[38;2;0;0;0m██
      ██[38;2;249;204;127m████[38;2;193;149;80m██[38;2;249;204;127m████[38;2;0;0;0m██[38;2;255;255;255m██[38;2;249;204;127m██[38;2;255;71;67m████[38;2;255;155;44m██████[38;2;212;47;60m████[38;2;65;65;65m██[38;2;212;47;60m██[38;2;255;71;67m████████[38;2;0;0;0m██
      ██[38;2;65;65;65m██[38;2;193;149;80m██[38;2;249;204;127m████████[38;2;193;149;80m██[38;2;249;204;127m██[38;2;255;71;67m██[38;2;65;65;65m██[38;2;212;47;60m████████[38;2;0;0;0m██[38;2;212;47;60m████[38;2;255;71;67m██████[38;2;0;0;0m██  
  ████[38;2;212;47;60m██[38;2;255;71;67m██[38;2;65;65;65m████[38;2;193;149;80m██████[38;2;249;204;127m██[38;2;65;65;65m████[38;2;189;189;181m██[38;2;65;65;65m████[38;2;0;0;0m████  ██[38;2;212;47;60m████[38;2;255;71;67m██[38;2;0;0;0m██    
██[38;2;249;204;127m██[38;2;255;71;67m████[38;2;212;47;60m██[38;2;255;255;255m██[38;2;189;189;181m██[38;2;65;65;65m████████[38;2;255;255;255m██[38;2;189;189;181m██[38;2;255;255;255m██[38;2;189;189;181m██[38;2;0;0;0m██      ██[38;2;212;47;60m██[38;2;147;39;48m██[38;2;212;47;60m████[38;2;0;0;0m██  
  ██[38;2;193;149;80m██[38;2;249;204;127m██[38;2;0;0;0m██[38;2;212;47;60m██[38;2;255;255;255m██[38;2;189;189;181m██[38;2;225;180;96m██[38;2;189;189;181m██[38;2;255;255;255m██████[38;2;189;189;181m██[38;2;212;47;60m██[38;2;255;71;67m██[38;2;0;0;0m██  ██[38;2;212;47;60m██[38;2;147;39;48m██[38;2;212;47;60m██[38;2;147;39;48m██[38;2;212;47;60m██[38;2;0;0;0m██  
    ████  ██[38;2;147;39;48m██[38;2;193;149;80m██[38;2;225;180;96m██████[38;2;189;189;181m██[38;2;255;255;255m██[38;2;212;47;60m██[38;2;65;65;65m██[38;2;255;71;67m████[38;2;0;0;0m████[38;2;212;47;60m██[38;2;147;39;48m██[38;2;212;47;60m██████[38;2;0;0;0m██  
          ██[38;2;212;47;60m████[38;2;193;149;80m██[38;2;255;71;67m██[38;2;225;180;96m██[38;2;212;47;60m████[38;2;65;65;65m██[38;2;249;204;127m██[38;2;193;149;80m██[38;2;255;71;67m████[38;2;65;65;65m██[38;2;0;0;0m██[38;2;212;47;60m██[38;2;147;39;48m██[38;2;0;0;0m████    
        ██[38;2;225;180;96m██[38;2;193;149;80m██[38;2;0;0;0m████████[38;2;147;39;48m██[38;2;212;47;60m██[38;2;147;39;48m██[38;2;65;65;65m██[38;2;249;204;127m██[38;2;193;149;80m██[38;2;249;204;127m██[38;2;0;0;0m██  ████        
          ████        ██[38;2;147;39;48m██[38;2;212;47;60m████[38;2;0;0;0m██████                
                        ██[38;2;225;180;96m██[38;2;193;149;80m██[38;2;0;0;0m██                    
                          ████                      
[0m