                [38;2;0;0;0m██████████                      
  ██████  ██████[38;2;66;86;195m██[38;2;89;109;218m████████[38;2;0;0;0m████                  
██[38;2;124;144;253m██████[38;2;0;0;0m██[38;2;124;144;253m████[38;2;66;86;195m██[38;2;89;109;218m████[38;2;65;65;65m██████[38;2;89;109;218m████[38;2;0;0;0m██                
██[38;2;124;144;253m██[38;2;189;222;255m██[38;2;65;65;65m██[38;2;124;144;253m████████[38;2;89;109;218m██[38;2;66;86;195m██[38;2;124;144;253m██████[38;2;65;65;65m██[38;2;89;109;218m████[38;2;0;0;0m██              
██[38;2;89;109;218m██[38;2;189;222;255m██[38;2;65;65;65m██[38;2;124;144;253m████████[38;2;89;109;218m██[38;2;124;144;253m██████████[38;2;65;65;65m██[38;2;89;109;218m██[38;2;0;0;0m██              
  ██[38;2;89;109;218m██[38;2;65;65;65m██[38;2;124;144;253m██[38;2;65;65;65m████[38;2;124;144;253m██████████████[38;2;65;65;65m██[38;2;89;109;218m████[38;2;0;0;0m██            
    ██[38;2;124;144;253m██[38;2;66;86;195m██[38;2;89;109;218m██[38;2;124;144;253m██████[38;2;65;65;65m████[38;2;89;109;218m██[38;2;124;144;253m██████[38;2;65;65;65m██[38;2;89;109;218m██[38;2;0;0;0m██            
    ██[38;2;124;144;253m██[38;2;66;86;195m██[38;2;255;255;255m██[38;2;124;144;253m██████████[38;2;65;65;65m██[38;2;66;86;195m██[38;2;124;144;253m████[38;2;65;65;65m██[38;2;66;86;195m██[38;2;0;0;0m████          
    ██[38;2;124;144;253m██[38;2;193;149;80m██[38;2;65;65;65m██[38;2;124;144;253m██[38;2;249;204;127m██[38;2;124;144;253m██[38;2;255;255;255m████[38;2;124;144;253m██[38;2;65;65;65m██[38;2;124;144;253m████[38;2;65;65;65m████[38;2;124;144;253m████[38;2;0;0;0m██        
  ██[38;2;124;144;253m██[38;2;89;109;218m██[38;2;249;204;127m██[38;2;255;255;255m██[38;2;249;204;127m████[38;2;193;149;80m██[38;2;65;65;65m██[38;2;189;189;181m██[38;2;124;144;253m██[38;2;65;65;65m██[38;2;124;144;253m██[38;2;89;109;218m██[38;2;65;65;65m██[38;2;189;222;255m████[38;2;124;144;253m██[38;2;0;0;0m██        
  ██[38;2;124;144;253m██[38;2;89;109;218m██[38;2;137;104;42m██[38;2;249;204;127m██[38;2;193;149;80m██[38;2;249;204;127m██████[38;2;132;132;115m██[38;2;225;180;96m██[38;2;65;65;65m██[38;2;124;144;253m██[38;2;65;65;65m██[38;2;189;222;255m████[38;2;124;144;253m██[38;2;89;109;218m██[38;2;0;0;0m████      
    ██[38;2;65;65;65m██[38;2;66;86;195m██[38;2;65;65;65m██[38;2;225;180;96m██[38;2;249;204;127m████[38;2;225;180;96m████[38;2;65;65;65m██[38;2;124;144;253m██[38;2;89;109;218m██[38;2;65;65;65m██[38;2;89;109;218m████[38;2;65;65;65m████[38;2;124;144;253m████[38;2;0;0;0m████  
      ██[38;2;65;65;65m██[38;2;193;149;80m██[38;2;137;104;42m██[38;2;65;65;65m████████[38;2;137;104;42m██[38;2;124;144;253m██[38;2;66;86;195m██[38;2;124;144;253m██[38;2;0;0;0m██████[38;2;124;144;253m██[38;2;89;109;218m██[38;2;66;86;195m██[38;2;89;109;218m██[38;2;124;144;253m██[38;2;0;0;0m██
      ██[38;2;249;204;127m██[38;2;193;149;80m██[38;2;66;86;195m██[38;2;89;109;218m██[38;2;255;255;255m████[38;2;89;109;218m██[38;2;193;149;80m██[38;2;65;65;65m██[38;2;124;144;253m████[38;2;0;0;0m██  ██[38;2;124;144;253m████[38;2;89;109;218m██[38;2;66;86;195m████[38;2;0;0;0m██
        ██[38;2;124;144;253m██████[38;2;255;255;255m██[38;2;124;144;253m████[38;2;66;86;195m██[38;2;225;180;96m██[38;2;65;65;65m██[38;2;0;0;0m██      ██[38;2;124;144;253m██████[38;2;89;109;218m██[38;2;0;0;0m██
          ██[38;2;65;65;65m██[38;2;124;144;253m██████[38;2;65;65;65m██[38;2;124;144;253m██[38;2;137;104;42m██[38;2;225;180;96m██[38;2;137;104;42m██[38;2;0;0;0m██████[38;2;193;149;80m██[38;2;124;144;253m██[38;2;0;0;0m██[38;2;124;144;253m████[38;2;0;0;0m██
          ██[38;2;193;149;80m██[38;2;65;65;65m██[38;2;124;144;253m██[38;2;0;0;0m██[38;2;137;104;42m██[38;2;65;65;65m██[38;2;66;86;195m██[38;2;249;204;127m████[38;2;65;65;65m██[38;2;193;149;80m████[38;2;0;0;0m████  ████  
        ██[38;2;225;180;96m██[38;2;193;149;80m██[38;2;0;0;0m████  ██[38;2;193;149;80m██[38;2;65;65;65m██[38;2;0;0;0m██████████            
          ████        ██[38;2;193;149;80m██[38;2;0;0;0m██                    
                      ██[38;2;225;180;96m██[38;2;249;204;127m██[38;2;0;0;0m██                  
                        ████                    
[0m