    [38;2;0;0;0m██████  ████████████          
  ██[38;2;148;85;181m██[38;2;123;77;142m████[38;2;16;0;0m██[38;2;170;140;98m██[38;2;189;142;57m████████[38;2;170;140;98m██[38;2;16;0;0m██[38;2;0;0;0m████    
██[38;2;148;85;181m████[38;2;123;77;142m██[38;2;255;214;66m██[38;2;170;140;98m██[38;2;247;211;148m██[38;2;214;211;198m████████[38;2;247;211;148m██[38;2;170;140;98m██[38;2;189;142;57m████[38;2;0;0;0m██  
██[38;2;148;81;186m██[38;2;66;65;66m██[38;2;255;214;66m██[38;2;185;142;53m██[38;2;214;211;198m██[38;2;148;83;186m██[38;2;151;83;186m████████[38;2;148;83;186m██[38;2;214;211;198m██[38;2;214;203;206m██[38;2;165;105;90m██[38;2;255;214;66m██[38;2;0;0;0m██
██[38;2;107;73;126m██[38;2;66;65;66m██[38;2;255;214;66m██[38;2;185;142;53m██[38;2;148;83;186m████[38;2;239;186;132m████████[38;2;148;83;186m████[38;2;181;137;128m██[38;2;214;203;206m██[38;2;255;214;66m██[38;2;0;0;0m██
  [38;2;0;4;0m██[38;2;107;69;123m██[38;2;95;47;51m██[38;2;247;226;82m██[38;2;255;227;82m██[38;2;181;142;231m██[38;2;151;85;184m████[38;2;151;85;186m████[38;2;239;186;132m██[38;2;151;83;186m██[38;2;134;77;164m██[38;2;255;214;66m██[38;2;189;142;57m██[38;2;0;0;0m██
██[38;2;107;69;123m██[38;2;71;47;82m██[38;2;95;47;51m██[38;2;120;127;82m██[38;2;205;170;181m██[38;2;255;227;82m██[38;2;255;231;140m████[38;2;255;214;66m████[38;2;151;83;186m██[38;2;239;186;132m██[38;2;134;77;164m████[38;2;0;0;0m██  
  ██[38;2;214;211;198m██[38;2;85;64;74m██[38;2;255;195;226m██[38;2;255;140;190m██[38;2;255;255;255m██[38;2;228;58;135m████[38;2;255;255;255m██[38;2;239;45;137m██[38;2;123;69;148m████[38;2;152;85;185m████[38;2;0;0;0m██  
    ████[38;2;255;195;226m██[38;2;255;255;255m██[38;2;255;140;190m██[38;2;230;152;188m██[38;2;255;255;255m██[38;2;235;145;188m██[38;2;255;255;255m██[38;2;224;59;139m██[38;2;123;69;148m██[38;2;152;85;185m██[38;2;107;65;132m██[38;2;0;0;0m██  
        ██[38;2;180;132;151m██[38;2;255;216;231m██[38;2;255;255;255m██[38;2;230;152;188m██[38;2;255;255;255m██[38;2;230;152;188m██[38;2;227;52;135m████[38;2;228;58;135m██[38;2;0;0;0m██    
          ██[38;2;89;66;74m██[38;2;228;58;135m████████[38;2;227;52;135m██[38;2;66;65;66m██[38;2;0;0;0m██      
        ██[38;2;189;142;57m████[38;2;66;65;66m████████[38;2;63;54;35m██[38;2;189;146;57m██[38;2;0;0;0m██      
          ██[38;2;189;142;57m██[38;2;255;214;66m████[38;2;186;143;54m████[38;2;189;146;57m██[38;2;4;0;25m██        
            [38;2;0;0;0m████████████          
[0m