                          [38;2;0;0;0m████████        ██            
                        ██[38;2;217;68;120m██[38;2;218;69;121m████[38;2;217;68;120m██[38;2;0;0;0m████  [38;2;8;8;0m██[38;2;198;49;101m██[38;2;0;0;0m██          
                          ██[38;2;218;69;121m████[38;2;217;68;120m██████[38;2;0;0;0m██[38;2;71;43;53m██[38;2;198;49;101m██[38;2;195;46;98m██[38;2;0;0;0m██        
                      ██[38;2;0;4;0m██[38;2;79;50;60m██[38;2;66;60;66m██[38;2;198;49;101m██[38;2;218;69;121m████████[38;2;66;65;66m████[38;2;195;46;98m██[38;2;0;0;0m██  ██    
                  ████[38;2;217;68;120m██[38;2;218;69;121m████[38;2;217;68;120m████[38;2;218;69;121m████████[38;2;217;68;120m██[38;2;66;65;66m██[38;2;195;46;98m████[38;2;0;0;0m██[38;2;195;46;98m██[38;2;0;0;0m██  
                ██[38;2;217;68;120m██[38;2;218;69;121m████[38;2;217;68;120m████[38;2;218;69;121m██████████████[38;2;195;46;98m██[38;2;196;47;99m████[38;2;66;65;66m██[38;2;195;46;98m██[38;2;0;0;0m██  
              ██[38;2;217;68;120m████[38;2;218;69;121m████[38;2;66;65;66m████[38;2;218;69;121m████████████████[38;2;196;47;99m████[38;2;66;65;66m██[38;2;195;46;98m██[38;2;0;0;0m██  
                [38;2;0;4;0m██[38;2;79;50;60m██[38;2;66;65;66m████[38;2;218;69;121m████████████[38;2;217;68;120m████[38;2;218;69;121m████[38;2;196;47;99m████████[38;2;195;46;98m██[38;2;0;0;0m██
              ██[38;2;218;69;121m████[38;2;217;68;120m████[38;2;218;69;121m████████████[38;2;255;244;228m████[38;2;216;177;161m████[38;2;196;47;99m████████[38;2;195;46;98m██[38;2;0;0;0m██
            [38;2;0;0;16m██[38;2;222;73;125m██[38;2;218;69;121m████[38;2;217;68;120m████[38;2;218;69;121m████████[38;2;217;68;120m████[38;2;221;72;124m██[38;2;255;246;233m██[38;2;255;244;228m██[38;2;215;176;160m██████[38;2;196;47;99m████[38;2;195;46;98m██[38;2;0;0;0m██
          ██[38;2;255;149;185m██[38;2;222;73;125m██[38;2;218;69;121m████[38;2;217;68;120m██[38;2;255;244;228m██[38;2;216;177;161m██[38;2;218;69;121m██████[38;2;217;68;120m██[38;2;255;244;228m██[38;2;255;246;233m██[38;2;255;149;185m██[38;2;255;244;228m████[38;2;215;176;160m████[38;2;216;177;161m██[38;2;196;47;99m██[38;2;195;46;98m██[38;2;0;0;0m██
          ██[38;2;255;246;233m██[38;2;221;72;124m████[38;2;255;149;185m██[38;2;255;244;228m████████[38;2;255;149;185m██[38;2;221;72;124m██[38;2;255;244;228m████[38;2;71;49;57m██[38;2;247;235;214m██[38;2;66;65;66m████[38;2;79;57;65m██[38;2;255;149;185m██[38;2;215;176;160m██[38;2;195;46;98m████[38;2;0;0;0m██
        ██[38;2;255;244;228m██[38;2;255;246;233m██[38;2;255;149;185m██[38;2;255;246;233m████[38;2;255;244;228m████[38;2;66;65;66m████[38;2;255;246;233m████[38;2;255;244;228m██[38;2;66;65;66m██[38;2;120;113;120m██[38;2;71;49;57m██[38;2;215;66;118m██[38;2;198;49;101m██[38;2;107;100;115m██[38;2;79;57;65m██[38;2;215;176;160m████[38;2;0;0;0m██  
      ██[38;2;255;244;228m████[38;2;215;176;160m██[38;2;255;244;228m████████[38;2;214;175;159m██[38;2;199;50;102m████[38;2;162;13;65m██[38;2;181;170;181m██[38;2;66;65;66m██[38;2;217;68;120m██[38;2;218;69;121m████████[38;2;195;46;98m████[38;2;60;56;65m██[38;2;181;170;181m██[38;2;0;0;0m██  
██████[38;2;255;244;228m██████████████[38;2;214;175;159m██[38;2;66;65;66m██[38;2;199;50;102m██[38;2;239;142;57m██[38;2;236;87;139m██[38;2;162;13;65m██[38;2;217;68;120m████[38;2;218;69;121m████████[38;2;219;70;122m██[38;2;195;46;98m██[38;2;120;113;123m██[38;2;0;0;8m██    
[38;2;0;0;0m██[38;2;255;244;228m████████████[38;2;213;174;158m██[38;2;255;244;228m██[38;2;215;176;160m██[38;2;216;177;161m██[38;2;66;65;66m██[38;2;210;61;113m██[38;2;239;142;57m██[38;2;217;68;120m██[38;2;66;65;66m██[38;2;217;68;120m████[38;2;218;69;121m████████[38;2;215;66;118m██[38;2;197;48;100m██[38;2;198;49;101m██[38;2;8;8;0m██    
  [38;2;0;0;0m██[38;2;255;244;228m██████[38;2;123;122;123m██[38;2;123;125;123m██[38;2;255;244;228m██[38;2;215;176;160m████[38;2;216;177;161m██[38;2;66;65;66m██[38;2;210;61;113m████[38;2;217;68;120m████[38;2;66;65;66m████[38;2;218;69;121m████████[38;2;66;60;66m██[38;2;197;48;100m██[38;2;198;49;101m██[38;2;71;43;53m██[38;2;0;0;0m██  
    ████[38;2;153;114;98m██[38;2;216;177;161m██[38;2;215;176;160m████[38;2;216;177;161m████[38;2;85;83;85m██[38;2;255;251;255m██[38;2;239;142;57m██[38;2;195;46;98m██[38;2;218;69;121m██[38;2;195;46;98m██[38;2;217;68;120m████[38;2;66;65;66m██[38;2;217;68;120m██[38;2;218;69;121m██[38;2;216;177;161m██[38;2;72;50;58m██[38;2;204;55;107m██[38;2;195;46;98m██[38;2;215;176;160m██[38;2;0;0;0m██  
        ██[38;2;216;177;161m██[38;2;215;176;160m████[38;2;216;177;161m██[38;2;66;65;66m██[38;2;0;0;0m██[38;2;255;251;255m██[38;2;239;142;57m██[38;2;195;46;98m██[38;2;218;69;121m████[38;2;66;65;66m████[38;2;217;68;120m████[38;2;218;69;121m██[38;2;216;177;161m██[38;2;8;12;0m██[38;2;72;50;58m██[38;2;215;176;160m████[38;2;0;0;0m██  
      ██[38;2;255;244;228m██[38;2;66;65;66m██[38;2;66;73;82m████[38;2;66;65;74m██[38;2;255;244;228m██[38;2;255;249;239m██[38;2;239;142;57m██[38;2;198;49;101m██[38;2;217;68;120m██[38;2;218;69;121m██[38;2;195;46;98m██[38;2;217;68;120m██[38;2;66;65;66m██[38;2;217;68;120m██[38;2;66;65;66m██[38;2;216;177;161m██[38;2;0;0;0m██  ██[38;2;216;177;161m████[38;2;0;0;0m██  
      ██[38;2;255;244;228m████[38;2;123;98;79m██[38;2;239;150;74m██[38;2;129;125;118m██[38;2;255;244;228m██[38;2;255;249;239m████[38;2;66;60;66m██[38;2;217;68;120m██[38;2;218;69;121m████[38;2;66;65;66m██[38;2;217;68;120m████[38;2;66;65;66m██[38;2;0;0;0m██      ████    
        ██[38;2;216;177;161m██[38;2;214;175;159m██[38;2;153;114;98m██[38;2;255;244;228m██████[38;2;215;176;160m██[38;2;247;251;247m██[38;2;82;83;82m██[38;2;217;68;120m██[38;2;0;0;0m██[38;2;85;85;71m██[38;2;196;157;141m██[38;2;164;156;150m████[38;2;0;0;0m██              
          ██████[38;2;215;176;160m██[38;2;255;244;228m██[38;2;215;176;160m████[38;2;0;0;0m██████  ██[38;2;255;250;242m██[38;2;247;235;222m██[38;2;0;0;8m██                
                [38;2;0;0;0m████████      ██[38;2;255;255;255m██[38;2;170;171;170m██[38;2;255;255;255m██[38;2;0;0;0m██                
                                [38;2;0;4;0m████[38;2;0;0;0m██                  
[0m