                                              [38;2;0;0;0m██        
                                            ██[38;2;239;223;168m██[38;2;0;0;0m██      
                  ██████                  ██[38;2;239;223;168m████[38;2;0;0;0m██████  
                ██[38;2;167;141;133m████[38;2;127;106;99m██[38;2;0;0;0m██        ████████[38;2;138;112;65m██[38;2;239;223;168m██[38;2;138;112;65m██[38;2;233;182;88m██[38;2;239;223;168m████[38;2;0;0;0m██
              ██[38;2;167;141;133m████████[38;2;127;106;99m██[38;2;0;0;0m██  ████[38;2;242;216;198m████[38;2;197;171;153m████[38;2;239;223;168m██[38;2;138;112;65m██[38;2;233;182;88m██[38;2;239;223;168m████[38;2;0;0;0m██  
            ██[38;2;127;106;99m██[38;2;167;141;133m████████[38;2;127;106;99m████[38;2;0;0;0m██[38;2;197;171;153m████[38;2;242;216;198m██[38;2;197;171;153m██[38;2;242;216;198m████[38;2;197;171;153m██[38;2;239;223;168m██[38;2;233;182;88m██[38;2;0;0;0m████    
        ████[38;2;65;65;65m██[38;2;167;141;133m██████████[38;2;127;106;99m██[38;2;65;65;65m██[38;2;156;130;112m██[38;2;242;216;198m████[38;2;197;171;153m██[38;2;242;216;198m████████[38;2;156;130;112m██[38;2;239;223;168m██[38;2;0;0;0m██      
      ██[38;2;106;85;78m██[38;2;65;65;65m██[38;2;167;141;133m██████████[38;2;127;106;99m████[38;2;65;65;65m██[38;2;255;255;255m██[38;2;156;130;112m██[38;2;242;216;198m██[38;2;197;171;153m██[38;2;242;216;198m██[38;2;197;171;153m████[38;2;242;216;198m██[38;2;197;171;153m██[38;2;239;223;168m██[38;2;233;182;88m██[38;2;0;0;0m██    
    ██[38;2;106;85;78m████[38;2;65;65;65m██[38;2;167;141;133m██[38;2;127;106;99m██[38;2;167;141;133m██[38;2;127;106;99m██[38;2;115;115;115m██[38;2;127;106;99m██[38;2;65;65;65m██[38;2;106;85;78m██[38;2;0;0;0m██[38;2;255;255;255m██[38;2;156;130;112m██[38;2;136;110;92m████[38;2;242;216;198m████[38;2;197;171;153m██[38;2;242;216;198m██[38;2;156;130;112m██[38;2;239;223;168m██[38;2;0;0;0m██    
    ██[38;2;106;85;78m██[38;2;65;65;65m██[38;2;167;141;133m██[38;2;127;106;99m██[38;2;197;171;153m██[38;2;127;106;99m██[38;2;242;216;198m████[38;2;65;65;65m██[38;2;255;255;255m██[38;2;198;88;29m██[38;2;240;130;71m████[38;2;198;88;29m████[38;2;255;255;255m██[38;2;156;130;112m██[38;2;242;216;198m████[38;2;197;171;153m██[38;2;156;130;112m██[38;2;239;223;168m██[38;2;0;0;0m██    
    ██[38;2;106;85;78m██[38;2;65;65;65m████[38;2;197;171;153m██[38;2;242;216;198m████[38;2;156;130;112m██[38;2;65;65;65m████[38;2;156;130;112m██[38;2;198;88;29m██[38;2;65;65;65m██[38;2;240;130;71m██████[38;2;0;0;0m██[38;2;255;255;255m██[38;2;136;110;92m██[38;2;242;216;198m██[38;2;197;171;153m██[38;2;156;130;112m██[38;2;233;182;88m██[38;2;0;0;0m██    
  ██[38;2;156;130;112m██[38;2;65;65;65m████[38;2;197;171;153m██[38;2;242;216;198m██[38;2;115;115;115m██[38;2;242;216;198m██[38;2;65;65;65m██[38;2;239;223;168m██[38;2;138;112;65m██[38;2;242;216;198m████[38;2;198;88;29m██[38;2;240;130;71m██[38;2;65;65;65m██[38;2;240;130;71m██[38;2;198;88;29m██[38;2;136;110;92m████[38;2;156;130;112m████[38;2;233;182;88m████[38;2;0;0;0m██    
██[38;2;242;216;198m██[38;2;65;65;65m██[38;2;127;106;99m████[38;2;65;65;65m██[38;2;242;216;198m██[38;2;115;115;115m██[38;2;65;65;65m████[38;2;239;223;168m██[38;2;138;112;65m██[38;2;242;216;198m██████[38;2;198;88;29m██████[38;2;197;171;153m████[38;2;156;130;112m██[38;2;233;182;88m██████[38;2;65;65;65m██[38;2;242;216;198m██[38;2;0;0;0m██  
██[38;2;242;216;198m██[38;2;197;171;153m██[38;2;65;65;65m██[38;2;127;106;99m████[38;2;65;65;65m████[38;2;138;112;65m██[38;2;239;223;168m██[38;2;233;182;88m████[38;2;138;112;65m██[38;2;242;216;198m████████[38;2;156;130;112m██[38;2;255;255;255m██[38;2;197;171;153m████[38;2;65;65;65m██████[38;2;242;216;198m████[38;2;0;0;0m██  
██[38;2;197;171;153m██[38;2;65;65;65m██[38;2;127;106;99m██████[38;2;65;65;65m██[38;2;197;171;153m██[38;2;242;216;198m██[38;2;138;112;65m██[38;2;239;223;168m████[38;2;138;112;65m██[38;2;197;171;153m██[38;2;242;216;198m████████[38;2;156;130;112m██[38;2;197;171;153m██[38;2;65;65;65m██[38;2;242;216;198m████████[38;2;0;0;0m██    
  ████[38;2;65;65;65m██[38;2;127;106;99m██[38;2;106;85;78m██[38;2;65;65;65m██[38;2;242;216;198m██[38;2;138;112;65m██[38;2;239;223;168m████[38;2;233;182;88m██[38;2;239;223;168m██[38;2;138;112;65m████[38;2;197;171;153m██[38;2;242;216;198m████[38;2;197;171;153m██[38;2;115;115;115m██[38;2;242;216;198m██[38;2;115;115;115m██[38;2;242;216;198m██[38;2;115;115;115m██[38;2;197;171;153m██[38;2;0;0;0m████  
    ██[38;2;127;106;99m██[38;2;106;85;78m████[38;2;65;65;65m██[38;2;197;171;153m██[38;2;242;216;198m██[38;2;138;112;65m████[38;2;239;223;168m██████[38;2;233;182;88m██[38;2;138;112;65m████████[38;2;115;115;115m██[38;2;65;65;65m██[38;2;167;141;133m██[38;2;115;115;115m██[38;2;167;141;133m██[38;2;115;115;115m██[38;2;167;141;133m██[38;2;0;0;0m██  
      ████[38;2;106;85;78m████[38;2;65;65;65m██[38;2;242;216;198m██[38;2;197;171;153m██[38;2;138;112;65m██[38;2;239;223;168m██████████[38;2;233;182;88m██████[38;2;65;65;65m██[38;2;167;141;133m██████████[38;2;0;0;0m██    
          ██████[38;2;197;171;153m██[38;2;242;216;198m██[38;2;138;112;65m████[38;2;233;182;88m██[38;2;239;223;168m████████[38;2;233;182;88m████[38;2;239;223;168m██[38;2;65;65;65m██[38;2;127;106;99m██[38;2;167;141;133m████████[38;2;0;0;0m██  
                ██[38;2;197;171;153m██████[38;2;138;112;65m██[38;2;239;223;168m██[38;2;138;112;65m██[38;2;239;223;168m██[38;2;138;112;65m████[38;2;239;223;168m██[38;2;138;112;65m██[38;2;65;65;65m██[38;2;127;106;99m████[38;2;167;141;133m████[38;2;127;106;99m██[38;2;0;0;0m██  
                  ████[38;2;197;171;153m████[38;2;138;112;65m██[38;2;197;171;153m██[38;2;138;112;65m██[38;2;197;171;153m████[38;2;65;65;65m██[38;2;106;85;78m████[38;2;65;65;65m██[38;2;127;106;99m██████████[38;2;0;0;0m██
                      ████[38;2;197;171;153m████████[38;2;65;65;65m████[38;2;106;85;78m████[38;2;65;65;65m██[38;2;127;106;99m██████████[38;2;0;0;0m██
                          ██████████[38;2;106;85;78m██████████[38;2;127;106;99m████████[38;2;0;0;0m██
                                    ████████[38;2;106;85;78m████[38;2;127;106;99m████[38;2;0;0;0m██  
                                            ████████    
[0m