        [38;2;0;0;0m██████                                    
    ████[38;2;248;165;255m██████[38;2;0;0;0m████                                
  ██[38;2;204;126;211m██[38;2;248;165;255m██████████[38;2;204;126;211m██[38;2;0;0;0m██        ████  ████            
  ██[38;2;248;165;255m████████████[38;2;204;126;211m██[38;2;255;255;255m██[38;2;0;0;0m████  ██[38;2;248;165;255m██[38;2;0;0;0m████[38;2;248;165;255m██[38;2;0;0;0m████          
██[38;2;248;165;255m██████[38;2;204;126;211m██[38;2;0;0;0m██[38;2;65;65;65m██[38;2;204;126;211m██[38;2;255;255;255m██[38;2;197;206;230m██[38;2;65;65;65m██[38;2;248;165;255m██[38;2;0;0;0m██[38;2;248;165;255m██████[38;2;153;100;158m████[38;2;248;165;255m████[38;2;0;0;0m████      
██[38;2;204;126;211m██[38;2;248;165;255m██[38;2;204;126;211m██[38;2;0;0;0m██  ██[38;2;65;65;65m██[38;2;255;255;255m██[38;2;65;65;65m████[38;2;204;126;211m██[38;2;65;65;65m████[38;2;153;100;158m████[38;2;248;165;255m████[38;2;153;100;158m██[38;2;248;165;255m████[38;2;204;126;211m██[38;2;0;0;0m██    
██[38;2;204;126;211m██████[38;2;0;0;0m████[38;2;248;165;255m██[38;2;204;126;211m██[38;2;65;65;65m██[38;2;248;165;255m████[38;2;153;100;158m██[38;2;248;165;255m██[38;2;65;65;65m██[38;2;248;165;255m██[38;2;153;100;158m████[38;2;248;165;255m████████[38;2;204;126;211m██[38;2;197;206;230m██[38;2;0;0;0m██  
  ██[38;2;204;126;211m████[38;2;65;65;65m██[38;2;248;165;255m██████████████████[38;2;65;65;65m██[38;2;248;165;255m██████████[38;2;204;126;211m██[38;2;0;0;0m██████  
  ██[38;2;204;126;211m██[38;2;127;67;132m██[38;2;247;99;107m██[38;2;204;126;211m██[38;2;248;165;255m████████████████[38;2;204;126;211m██[38;2;153;100;158m██[38;2;248;165;255m████[38;2;204;126;211m██[38;2;65;65;65m██[38;2;0;0;0m██        
    ██[38;2;127;67;132m██[38;2;255;255;255m██[38;2;153;100;158m██[38;2;248;165;255m██████[38;2;127;67;132m████[38;2;153;100;158m██[38;2;248;165;255m██████[38;2;65;65;65m██[38;2;248;165;255m████████[38;2;204;126;211m██[38;2;0;0;0m████    
      ████[38;2;127;67;132m██[38;2;204;126;211m██[38;2;248;165;255m██[38;2;153;100;158m██[38;2;247;99;107m████[38;2;127;67;132m██[38;2;153;100;158m██[38;2;248;165;255m████[38;2;65;65;65m██[38;2;153;100;158m██[38;2;248;165;255m██████████[38;2;204;126;211m██[38;2;0;0;0m██  
      ██[38;2;189;66;82m██[38;2;247;99;107m██████[38;2;127;67;132m██[38;2;0;0;0m██[38;2;255;255;255m██[38;2;189;66;82m██[38;2;153;100;158m██[38;2;248;165;255m██[38;2;204;126;211m██[38;2;0;0;0m████████[38;2;204;126;211m██[38;2;248;165;255m████[38;2;204;126;211m██[38;2;255;255;255m██[38;2;0;0;0m██
        ██[38;2;247;99;107m██[38;2;189;66;82m██[38;2;247;99;107m██[38;2;204;126;211m██[38;2;127;67;132m████[38;2;153;100;158m██[38;2;248;165;255m██[38;2;204;126;211m██[38;2;0;0;0m██        ████[38;2;204;126;211m██[38;2;255;255;255m██[38;2;197;206;230m██[38;2;0;0;0m██
          ████[38;2;204;126;211m██████████[38;2;0;0;0m████              ██[38;2;255;255;255m██[38;2;0;0;0m██  
              ██████████                    ██    
[0m