                              [38;2;0;0;0m██                
                          ████[38;2;247;238;139m██[38;2;0;0;0m██              
                      ████[38;2;212;183;29m██[38;2;65;65;65m██[38;2;247;238;139m██[38;2;0;0;0m████            
                  ████[38;2;247;238;139m████[38;2;165;140;115m██[38;2;247;238;139m██████[38;2;212;183;29m██[38;2;0;0;0m██          
  ██████        ██[38;2;65;65;65m██[38;2;247;238;139m████████████████[38;2;212;183;29m██[38;2;0;0;0m██        
██[38;2;255;122;126m██[38;2;205;80;83m██[38;2;255;122;126m██[38;2;0;0;0m██      ██[38;2;247;238;139m████████████████████[38;2;0;0;0m██        
  ██[38;2;255;122;126m██[38;2;205;80;83m██[38;2;255;122;126m██[38;2;0;0;0m██  ██[38;2;184;152;37m██[38;2;247;238;139m██████████████████[38;2;212;183;29m██[38;2;134;105;1m██[38;2;0;0;0m██      
  ██[38;2;255;122;126m██[38;2;205;80;83m██[38;2;212;183;29m██[38;2;0;0;0m██  ██[38;2;184;152;37m██[38;2;65;65;65m██[38;2;247;238;139m██████[38;2;65;65;65m██████[38;2;212;183;29m████[38;2;65;65;65m██[38;2;184;152;37m██[38;2;0;0;0m██      
    ██[38;2;212;183;29m██████[38;2;0;0;0m██████[38;2;134;105;1m██[38;2;65;65;65m██████[38;2;173;173;173m██[38;2;255;255;255m██[38;2;173;173;173m██[38;2;65;65;65m████[38;2;184;152;37m██████[38;2;0;0;0m██    
      ██[38;2;212;183;29m████[38;2;0;0;0m██  ██[38;2;134;105;1m██[38;2;247;238;139m████[38;2;134;105;1m██[38;2;255;255;255m██[38;2;0;0;0m██[38;2;255;255;255m██[38;2;134;105;1m██[38;2;65;65;65m██[38;2;184;152;37m██████[38;2;0;0;0m██    
      ██[38;2;65;65;65m████[38;2;0;0;0m██  [38;2;65;65;65m██[38;2;247;238;139m██████[38;2;184;152;37m██[38;2;255;255;255m██████[38;2;184;152;37m██[38;2;0;0;0m██[38;2;134;105;1m██[38;2;184;152;37m████[38;2;0;0;0m██    
      ██[38;2;247;238;139m██[38;2;165;140;115m████[38;2;0;0;0m████[38;2;247;238;139m████████[38;2;184;152;37m██[38;2;255;255;255m██[38;2;184;152;37m██[38;2;0;0;0m██  ██████      
        ██[38;2;212;183;29m██[38;2;247;238;139m██[38;2;184;152;37m████[38;2;65;65;65m██[38;2;247;238;139m██[38;2;212;183;29m██[38;2;247;238;139m████[38;2;65;65;65m████[38;2;184;152;37m██[38;2;0;0;0m██            
        ██[38;2;247;238;139m██[38;2;65;65;65m██[38;2;0;0;0m██[38;2;184;152;37m██[38;2;247;238;139m██[38;2;65;65;65m██[38;2;214;99;123m████[38;2;65;65;65m██[38;2;184;152;37m████[38;2;134;105;1m██[38;2;247;238;139m██[38;2;0;0;0m████  ████  
      ██[38;2;212;183;29m██[38;2;65;65;65m██[38;2;0;0;0m██  ████[38;2;65;65;65m██[38;2;165;140;115m██[38;2;0;0;0m████[38;2;134;105;1m████[38;2;247;238;139m██████[38;2;184;152;37m██[38;2;0;0;0m██[38;2;212;183;29m██[38;2;247;238;139m██[38;2;0;0;0m██
      ██[38;2;165;140;115m██[38;2;212;183;29m██[38;2;65;65;65m██[38;2;0;0;0m████[38;2;165;140;115m████[38;2;0;0;0m██  ██[38;2;247;238;139m██████[38;2;65;65;65m████[38;2;184;152;37m████[38;2;247;238;139m██[38;2;65;65;65m██[38;2;0;0;0m██
        ██[38;2;165;140;115m██[38;2;212;183;29m██████[38;2;0;0;0m████  ████[38;2;65;65;65m██[38;2;247;238;139m██████[38;2;65;65;65m████[38;2;0;0;0m██████  
          ████████    ██[38;2;165;140;115m████[38;2;134;105;1m██[38;2;0;0;0m████[38;2;212;183;29m████[38;2;0;0;0m██        
                        ██████    ██[38;2;134;105;1m████[38;2;0;0;0m██      
                                ██[38;2;247;238;139m██[38;2;165;140;115m██[38;2;247;238;139m██[38;2;0;0;0m██      
                                  ██████        
[0m