        [38;2;0;0;0m██████                            
      ██[38;2;163;41;85m████[38;2;195;193;226m██[38;2;0;0;0m██                          
    ██████[38;2;195;193;226m████[38;2;139;136;183m██[38;2;0;0;0m████████                  
  ██[38;2;163;41;85m██[38;2;195;193;226m██[38;2;65;65;65m████[38;2;195;193;226m██[38;2;65;65;65m████[38;2;195;193;226m██████[38;2;0;0;0m████  ████████    
██[38;2;163;41;85m██[38;2;227;225;247m██████[38;2;65;65;65m████[38;2;195;193;226m██[38;2;227;225;247m██████[38;2;195;193;226m██████[38;2;0;0;0m██[38;2;195;193;226m██[38;2;227;225;247m████[38;2;163;41;85m██[38;2;0;0;0m██  
██[38;2;163;41;85m██[38;2;227;225;247m██[38;2;195;193;226m██[38;2;65;65;65m██[38;2;227;225;247m██[38;2;195;193;226m██[38;2;227;225;247m██████[38;2;195;193;226m██████████[38;2;65;65;65m██[38;2;195;193;226m████[38;2;227;225;247m██[38;2;163;41;85m██[38;2;0;0;0m██
██[38;2;163;41;85m██[38;2;195;193;226m██[38;2;65;65;65m██[38;2;255;255;255m██[38;2;0;0;0m██[38;2;195;193;226m████████[38;2;139;136;183m██[38;2;227;225;247m██[38;2;195;193;226m████[38;2;139;136;183m████[38;2;65;65;65m████[38;2;139;136;183m██[38;2;163;41;85m██[38;2;0;0;0m██
  ████[38;2;195;193;226m██[38;2;255;255;255m██[38;2;197;197;206m██[38;2;65;65;65m██[38;2;132;132;115m██[38;2;195;193;226m██[38;2;139;136;183m██[38;2;227;225;247m██████[38;2;195;193;226m████[38;2;227;225;247m████[38;2;195;193;226m██[38;2;163;41;85m██[38;2;0;0;0m██  
    ██[38;2;195;193;226m██████[38;2;65;65;65m████[38;2;195;193;226m██[38;2;139;136;183m██[38;2;255;255;255m██[38;2;0;0;0m██[38;2;255;255;255m██[38;2;195;193;226m██[38;2;139;136;183m██[38;2;227;225;247m██████[38;2;163;41;85m████[38;2;0;0;0m██
    ██[38;2;195;193;226m████[38;2;255;255;255m██[38;2;195;193;226m██[38;2;139;136;183m██[38;2;65;65;65m██[38;2;195;193;226m██[38;2;197;197;206m██[38;2;255;255;255m████[38;2;195;193;226m██[38;2;65;65;65m██[38;2;195;193;226m██[38;2;227;225;247m██[38;2;195;193;226m██[38;2;163;41;85m████[38;2;0;0;0m██
      ██[38;2;139;136;183m██[38;2;65;65;65m██[38;2;195;193;226m████[38;2;255;255;255m██[38;2;195;193;226m██████████[38;2;139;136;183m██[38;2;65;65;65m██[38;2;195;193;226m██[38;2;163;41;85m██████[38;2;0;0;0m██
    ██[38;2;195;193;226m██[38;2;65;65;65m████[38;2;195;193;226m████[38;2;65;65;65m██[38;2;195;193;226m████████████[38;2;0;0;0m██[38;2;163;41;85m██████[38;2;0;0;0m██  
      ██[38;2;65;65;65m██[38;2;220;132;185m██[38;2;65;65;65m████[38;2;220;132;185m██[38;2;65;65;65m██[38;2;195;193;226m██████[38;2;65;65;65m██[38;2;0;0;0m██  ██████    
      ██[38;2;139;136;183m██████[38;2;255;185;227m████[38;2;220;132;185m██[38;2;65;65;65m██████[38;2;220;132;185m██[38;2;0;0;0m██            
        ██[38;2;220;132;185m██[38;2;195;193;226m██[38;2;139;136;183m████[38;2;220;132;185m██[38;2;255;185;227m████[38;2;139;136;183m██[38;2;195;193;226m████[38;2;0;0;0m██          
      ██[38;2;255;133;0m██[38;2;139;136;183m██[38;2;255;185;227m██[38;2;220;132;185m██[38;2;195;193;226m████[38;2;139;136;183m████[38;2;195;193;226m██[38;2;65;65;65m██[38;2;0;0;0m██[38;2;195;193;226m██[38;2;0;0;0m██        
        ████[38;2;195;193;226m██████[38;2;255;185;227m██[38;2;220;132;185m██[38;2;195;193;226m██[38;2;220;132;185m████[38;2;195;193;226m██[38;2;139;136;183m██[38;2;0;0;0m██        
            ████[38;2;195;193;226m████[38;2;65;65;65m████[38;2;195;193;226m████[38;2;0;0;0m████          
                ████[38;2;255;133;0m████[38;2;169;41;36m██[38;2;0;0;0m██              
                    ██████                
[0m