        [38;2;0;0;0m████████████          
    ████[38;2;84;186;178m████████████[38;2;0;0;0m████      
  ██[38;2;84;186;178m████[38;2;255;255;255m████[38;2;115;173;115m██[38;2;66;116;112m██[38;2;84;186;178m████████[38;2;0;0;0m██    
  ██[38;2;84;186;178m██[38;2;115;173;115m██[38;2;255;255;255m████[38;2;229;242;167m██[38;2;201;220;111m██[38;2;66;116;112m████[38;2;247;223;176m██[38;2;84;186;178m████[38;2;0;0;0m██  
██[38;2;84;186;178m██[38;2;66;116;112m██[38;2;229;242;167m████████[38;2;201;220;111m██[38;2;229;242;167m██[38;2;226;139;127m██[38;2;247;223;176m██[38;2;255;182;171m██[38;2;84;186;178m██[38;2;0;0;0m██  
██[38;2;84;186;178m██[38;2;66;116;112m██[38;2;229;242;167m██[38;2;65;65;65m██[38;2;229;242;167m████████[38;2;226;139;127m██[38;2;255;182;171m████[38;2;84;186;178m████[38;2;0;0;0m██
██[38;2;84;186;178m██[38;2;66;116;112m██[38;2;229;242;167m██[38;2;0;0;0m██[38;2;229;242;167m██████████[38;2;226;139;127m████[38;2;66;116;112m██[38;2;84;186;178m██[38;2;0;0;0m██
██[38;2;84;186;178m██[38;2;85;135;131m██[38;2;229;242;167m██████[38;2;255;148;140m██[38;2;229;242;167m████[38;2;65;65;65m██[38;2;229;242;167m██[38;2;201;220;111m██[38;2;66;116;112m██[38;2;84;186;178m██[38;2;0;0;0m██
██[38;2;84;186;178m██[38;2;85;135;131m██[38;2;201;220;111m██[38;2;229;242;167m████[38;2;255;148;140m████[38;2;229;242;167m██[38;2;0;0;0m██[38;2;229;242;167m██[38;2;201;220;111m██[38;2;85;135;131m██[38;2;84;186;178m██[38;2;0;0;0m██
  ██[38;2;84;186;178m██[38;2;85;135;131m██[38;2;201;220;111m████[38;2;214;115;115m██[38;2;201;220;111m██[38;2;229;242;167m████[38;2;201;220;111m████[38;2;85;135;131m██[38;2;84;186;178m██[38;2;0;0;0m██
  ██[38;2;84;186;178m████[38;2;85;135;131m██████[38;2;201;220;111m████████[38;2;85;135;131m██[38;2;84;186;178m██[38;2;0;0;0m██  
    ██[38;2;84;186;178m████████[38;2;85;135;131m████████[38;2;84;186;178m████[38;2;0;0;0m██  
      ████[38;2;84;186;178m████████████[38;2;0;0;0m████    
          ████████████        
[0m