        [38;2;0;0;0m████              ██  ████    
      ██[38;2;179;183;75m██[38;2;0;0;0m██    ██████  ██[38;2;213;215;135m██[38;2;0;0;0m██[38;2;213;215;135m██[38;2;65;65;65m██[38;2;0;0;0m██  
      ██[38;2;179;183;75m██[38;2;0;0;0m██████[38;2;213;215;135m████[38;2;0;0;0m██  ██[38;2;179;183;75m██[38;2;65;65;65m██[38;2;179;183;75m██[38;2;65;65;65m██[38;2;213;215;135m██[38;2;0;0;0m██
    ██[38;2;179;183;75m████[38;2;0;0;0m██[38;2;213;215;135m██████[38;2;65;65;65m██[38;2;0;0;0m██████[38;2;65;65;65m██[38;2;179;183;75m██[38;2;65;65;65m██[38;2;179;183;75m████[38;2;0;0;0m██
    ██[38;2;179;183;75m██[38;2;213;215;135m██████[38;2;65;65;65m████[38;2;213;215;135m████[38;2;65;65;65m██[38;2;144;150;36m██[38;2;65;65;65m██[38;2;144;150;36m██[38;2;65;65;65m██[38;2;179;183;75m██[38;2;0;0;0m██  
  ██[38;2;179;183;75m██[38;2;213;215;135m████████████[38;2;179;183;75m██[38;2;65;65;65m██████████[38;2;144;150;36m██[38;2;0;0;0m██    
  ██[38;2;213;215;135m██████[38;2;179;183;75m██[38;2;0;0;0m██[38;2;144;150;36m██[38;2;179;183;75m██[38;2;65;65;65m██████████[38;2;255;226;114m██[38;2;0;0;0m██      
    ██[38;2;65;65;65m██[38;2;179;183;75m██[38;2;0;0;0m██[38;2;255;255;255m██[38;2;144;150;36m██[38;2;179;183;75m██████[38;2;65;65;65m████[38;2;255;226;114m████[38;2;216;174;66m██[38;2;0;0;0m██    
  ██[38;2;255;226;114m████[38;2;65;65;65m██[38;2;0;0;0m██[38;2;255;255;255m██[38;2;179;183;75m██████[38;2;65;65;65m██[38;2;255;213;37m████[38;2;255;226;114m██[38;2;216;174;66m████[38;2;0;0;0m██    
██[38;2;255;226;114m████[38;2;216;174;66m██[38;2;255;226;114m██[38;2;65;65;65m██[38;2;179;183;75m██████[38;2;65;65;65m██[38;2;255;213;37m██████[38;2;197;150;23m██[38;2;216;174;66m██[38;2;0;0;0m██      
██[38;2;255;226;114m██[38;2;65;65;65m████[38;2;216;174;66m██[38;2;65;65;65m██[38;2;179;183;75m████[38;2;65;65;65m████[38;2;255;213;37m████[38;2;197;150;23m██████[38;2;0;0;0m██      
  ████[38;2;216;174;66m██[38;2;0;0;0m██[38;2;179;183;75m████████[38;2;65;65;65m████[38;2;197;150;23m██████[38;2;0;0;0m██        
      ████[38;2;179;183;75m██[38;2;144;150;36m██[38;2;179;183;75m██[38;2;206;189;115m████[38;2;65;65;65m████[38;2;0;0;0m████          
          ████[38;2;206;189;115m████[38;2;65;65;65m██[38;2;216;174;66m██[38;2;0;0;0m██              
              ████[38;2;189;189;189m██[38;2;0;0;0m██                
                ████                  
[0m