        [38;2;0;0;0m██      ██                                                    
      ██[38;2;94;97;94m██[38;2;0;0;0m██  ██[38;2;94;97;94m██[38;2;0;0;0m██                                                  
      ██[38;2;98;97;98m██[38;2;65;64;65m██[38;2;0;0;0m██[38;2;94;97;94m██[38;2;65;64;65m██[38;2;0;0;0m██                                                  
      ██[38;2;65;64;65m██████████[38;2;0;0;0m██                                                  
      ██[38;2;197;51;102m██[38;2;183;64;111m██[38;2;65;64;65m██[38;2;231;74;131m████[38;2;0;0;0m██                                                  
        ██[38;2;65;64;65m██[38;2;243;64;135m██[38;2;75;36;53m██[38;2;8;16;0m██                                                    
    [38;2;0;0;0m████[38;2;255;218;221m██[38;2;255;198;209m██[38;2;76;53;66m██[38;2;231;71;134m████[38;2;0;0;0m████                                                
  ██[38;2;255;255;255m██[38;2;255;218;221m████[38;2;76;53;66m██[38;2;231;71;134m██████[38;2;251;72;143m██[38;2;167;48;95m██[38;2;0;0;0m████                                            
██[38;2;255;255;255m██[38;2;255;217;222m██[38;2;255;218;221m██[38;2;65;64;65m██[38;2;231;71;134m████████[38;2;191;51;102m██[38;2;229;70;131m██[38;2;191;51;102m██[38;2;229;70;131m██[38;2;0;0;0m██                                          
██[38;2;255;217;222m████[38;2;255;218;221m██[38;2;65;64;65m██[38;2;231;71;134m████████[38;2;229;70;131m██[38;2;191;51;102m██[38;2;229;70;131m██[38;2;191;51;102m██[38;2;232;70;136m██[38;2;0;0;0m██                                        
  ██[38;2;255;218;221m██████[38;2;65;60;65m██[38;2;232;65;128m██[38;2;219;95;136m██[38;2;198;41;98m██[38;2;216;78;125m██[38;2;208;40;104m██[38;2;232;70;136m████[38;2;74;43;56m██[38;2;16;20;0m██                                        
    [38;2;0;0;0m██[38;2;255;218;221m██[38;2;65;64;65m██[38;2;232;65;128m██[38;2;177;62;104m██[38;2;198;41;98m██[38;2;255;210;218m██[38;2;231;151;163m██[38;2;216;78;125m██[38;2;65;64;65m██[38;2;232;70;136m██[38;2;74;43;56m██[38;2;230;84;145m██[38;2;0;0;0m██                                      
  ██[38;2;251;209;214m██[38;2;255;218;221m██[38;2;65;64;65m██[38;2;139;92;107m██[38;2;255;206;212m██[38;2;255;214;215m██[38;2;201;164;164m██[38;2;191;51;102m██[38;2;229;70;131m██[38;2;65;64;65m██[38;2;232;70;136m██[38;2;65;64;65m██[38;2;232;70;136m██[38;2;0;0;0m██                                      
  ██[38;2;83;69;71m██[38;2;255;218;221m████[38;2;78;39;56m██[38;2;139;92;107m██[38;2;82;80;82m████[38;2;229;70;131m████[38;2;65;64;65m██[38;2;232;70;136m████[38;2;65;64;65m██[38;2;232;70;136m██[38;2;0;0;0m██          ██████                    
██[38;2;232;70;136m██[38;2;173;71;110m██[38;2;65;64;65m██[38;2;255;218;221m██[38;2;65;64;65m██████[38;2;82;78;68m██[38;2;65;64;65m██[38;2;232;70;136m██[38;2;65;64;65m██[38;2;232;70;136m████[38;2;65;64;65m██[38;2;232;70;136m██[38;2;0;0;0m██  ██████[38;2;0;4;0m██[38;2;255;222;226m██[38;2;255;217;222m████[38;2;0;0;0m██                  
██[38;2;74;72;57m██[38;2;113;73;86m██[38;2;65;64;65m██[38;2;255;218;221m██[38;2;65;64;65m██[38;2;191;54;108m██[38;2;65;64;65m██[38;2;82;78;68m██[38;2;65;64;65m██[38;2;232;70;136m████[38;2;65;64;65m██[38;2;232;70;136m██[38;2;65;64;65m██[38;2;232;70;136m████[38;2;0;0;0m██[38;2;94;97;94m██████[38;2;85;75;77m████[38;2;255;217;222m████[38;2;255;255;255m██[38;2;0;0;0m████              
  ████[38;2;87;45;62m████[38;2;255;218;221m██[38;2;65;64;65m██[38;2;191;54;108m██[38;2;65;64;65m██[38;2;82;78;68m██[38;2;65;64;65m██[38;2;231;71;134m████[38;2;65;64;65m██[38;2;232;70;136m██[38;2;65;64;65m██[38;2;232;70;136m██[38;2;65;72;57m██[38;2;110;76;92m██[38;2;94;97;94m████[38;2;95;97;95m████[38;2;65;64;65m██[38;2;255;234;235m██[38;2;255;217;222m██[38;2;255;255;255m██[38;2;255;218;221m██[38;2;0;0;0m██            
      [38;2;8;16;0m██[38;2;176;73;109m██[38;2;65;64;65m████[38;2;191;54;108m██[38;2;65;64;65m██[38;2;82;78;68m██[38;2;65;64;65m██[38;2;231;71;134m████[38;2;65;64;65m██[38;2;232;70;136m██[38;2;65;64;65m██[38;2;232;70;136m██[38;2;221;80;133m██[38;2;65;72;57m██[38;2;65;64;65m██[38;2;94;97;94m██[38;2;95;97;95m████[38;2;65;64;65m██[38;2;255;234;235m██[38;2;255;217;222m████[38;2;255;218;221m██[38;2;0;0;0m██            
      [38;2;8;0;5m██[38;2;155;68;102m██[38;2;65;60;65m██[38;2;162;80;106m██[38;2;186;61;109m██[38;2;74;72;65m██[38;2;94;97;94m██[38;2;82;80;65m██[38;2;65;64;65m██[38;2;211;91;141m██[38;2;65;64;65m██[38;2;232;70;136m██[38;2;183;109;138m██[38;2;65;64;65m██[38;2;183;109;138m██[38;2;243;132;175m██[38;2;233;133;180m██[38;2;65;64;57m██[38;2;95;97;95m████[38;2;94;97;94m██[38;2;65;64;65m██[38;2;255;255;255m██[38;2;255;217;222m██[38;2;0;0;0m██              
    ██[38;2;227;102;150m██[38;2;8;0;5m██[38;2;65;60;65m██[38;2;211;91;131m██[38;2;74;72;65m██[38;2;105;70;81m██[38;2;94;97;94m████[38;2;65;64;65m██[38;2;211;91;141m██[38;2;65;64;65m████[38;2;243;132;175m████[38;2;65;64;65m████[38;2;65;64;57m██[38;2;115;88;99m██[38;2;95;97;95m████[38;2;94;97;94m██[38;2;65;64;65m██[38;2;255;255;255m██[38;2;255;217;222m██[38;2;0;0;0m██              
  ██[38;2;199;110;141m██[38;2;0;0;0m██  ██[38;2;199;110;141m██[38;2;65;64;65m██[38;2;98;97;98m██[38;2;79;78;68m██[38;2;93;95;95m██[38;2;65;64;57m██[38;2;233;133;180m██[38;2;65;64;57m██[38;2;115;88;99m██[38;2;65;64;57m██[38;2;233;133;180m████[38;2;74;68;65m██[38;2;82;79;68m████[38;2;93;95;95m████[38;2;82;78;69m██[38;2;0;0;0m██[38;2;175;149;149m██[38;2;255;226;227m██[38;2;255;230;255m██[38;2;17;7;13m██            
  [38;2;0;0;0m████  ██[38;2;199;110;141m██[38;2;0;0;0m████[38;2;98;97;98m██[38;2;79;78;68m██[38;2;93;95;95m██[38;2;115;88;99m██[38;2;65;64;57m██[38;2;233;133;180m██[38;2;65;64;57m██[38;2;115;88;99m██[38;2;65;64;57m██[38;2;74;68;65m████[38;2;82;79;68m████[38;2;79;78;68m████[38;2;0;0;0m██  [38;2;7;0;8m████[38;2;172;156;175m████[38;2;0;0;0m██          
        ████    ██[38;2;82;78;68m██[38;2;65;64;65m██[38;2;94;97;94m████[38;2;65;64;65m██[38;2;94;97;94m██[38;2;65;64;65m████[38;2;82;79;68m████[38;2;0;0;0m██[38;2;82;78;69m██[38;2;82;78;68m████[38;2;0;0;0m██      ██[38;2;220;157;164m██[38;2;0;0;0m██          
                ██[38;2;82;78;68m████[38;2;65;64;65m██[38;2;94;97;94m██████[38;2;65;64;65m██[38;2;82;78;68m██[38;2;82;79;68m██[38;2;0;0;0m██  ██[38;2;65;64;65m████[38;2;94;97;94m██[38;2;0;0;0m██    ██[38;2;220;157;164m██[38;2;0;0;0m██          
                ██[38;2;71;70;65m████[38;2;0;0;0m██[38;2;94;97;94m██[38;2;68;43;60m██[38;2;139;70;104m██[38;2;0;0;0m████[38;2;82;79;68m██[38;2;0;0;0m██  ██[38;2;231;74;131m████[38;2;76;32;47m██[38;2;8;8;0m██  [38;2;0;0;0m██[38;2;220;157;164m██[38;2;0;0;0m██            
              ██[38;2;232;70;136m██[38;2;71;70;65m██[38;2;0;0;0m██  ██[38;2;210;95;147m██[38;2;8;16;0m██  [38;2;0;0;0m██[38;2;82;79;68m████[38;2;0;0;0m██  [38;2;8;16;0m██[38;2;75;36;53m██[38;2;230;79;138m██[38;2;8;8;0m██  [38;2;0;0;0m████              
            ██[38;2;232;70;136m████[38;2;0;0;0m██  [38;2;8;8;0m██[38;2;76;32;47m██[38;2;230;79;138m██[38;2;8;8;0m██    [38;2;0;0;0m████      ██[38;2;232;70;136m██[38;2;0;0;0m██          ████      
              ████    [38;2;8;8;0m██[38;2;230;79;138m██[38;2;76;32;47m██[38;2;8;8;0m██              [38;2;0;0;0m████  ██████  ██[38;2;222;170;238m████[38;2;0;0;0m████  
                        ████    ████            ██[38;2;139;72;152m██[38;2;211;85;221m██[38;2;223;171;247m██[38;2;3;0;8m██[38;2;229;150;240m██[38;2;79;53;77m██[38;2;0;0;0m██[38;2;255;218;246m████[38;2;0;0;0m██
        ████                  ██[38;2;219;70;232m██[38;2;65;64;65m██[38;2;0;0;0m████  ██████[38;2;147;69;158m██[38;2;211;85;221m████[38;2;155;115;167m██[38;2;223;171;247m██[38;2;229;150;240m██[38;2;8;4;0m██  [38;2;0;0;0m████  
      [38;2;0;4;0m██[38;2;217;84;230m██[38;2;71;36;75m██[38;2;16;13;0m██[38;2;0;0;0m██    ██[38;2;8;8;0m████    [38;2;0;0;0m██[38;2;147;69;158m██[38;2;219;70;232m████[38;2;0;0;0m████[38;2;219;70;232m██[38;2;65;64;65m██[38;2;225;74;231m██[38;2;71;36;75m██[38;2;0;0;0m██[38;2;219;70;232m██[38;2;201;91;211m████[38;2;0;0;0m██          
      [38;2;0;4;0m██[38;2;144;56;153m██[38;2;225;74;231m████[38;2;0;0;0m██  ██[38;2;219;70;232m██[38;2;75;32;76m██[38;2;221;79;230m██[38;2;0;0;0m██    ██████  ██[38;2;219;70;232m██[38;2;143;66;148m██[38;2;225;74;231m██[38;2;16;13;0m██  [38;2;0;0;0m██████            
        ██████    ██[38;2;219;70;232m██[38;2;144;56;153m██[38;2;217;84;230m██[38;2;0;0;0m██              ██████                      
                    ██[38;2;0;4;0m████                                            
[0m