                    [38;2;0;0;0m██████          
        ████    ████[38;2;90;107;140m██████[38;2;0;0;0m████      
    ██████[38;2;255;255;255m██[38;2;0;0;0m████[38;2;90;107;140m████[38;2;118;177;242m██████[38;2;90;107;140m████[38;2;0;0;0m██    
  ██[38;2;192;74;154m██[38;2;0;0;0m████[38;2;255;255;255m██[38;2;189;189;189m██[38;2;65;65;65m██[38;2;118;177;242m██████████████[38;2;90;107;140m██[38;2;0;0;0m██  
██[38;2;90;107;140m██[38;2;0;0;0m██[38;2;255;255;255m██[38;2;65;65;65m██[38;2;189;189;189m██[38;2;255;255;255m██[38;2;62;92;171m████[38;2;118;177;242m██████[38;2;90;107;140m████[38;2;118;177;242m██[38;2;117;127;214m██[38;2;0;0;0m██  
██[38;2;192;74;154m██[38;2;0;0;0m██[38;2;65;65;65m██[38;2;62;92;171m██[38;2;65;65;65m████[38;2;118;177;242m████[38;2;65;65;65m██[38;2;118;177;242m████[38;2;90;107;140m████[38;2;118;177;242m██[38;2;65;65;65m██[38;2;0;0;0m██  
  ██[38;2;65;65;65m██[38;2;0;0;0m██[38;2;118;177;242m██████████[38;2;117;127;214m██[38;2;65;65;65m██[38;2;118;177;242m██[38;2;117;127;214m████[38;2;65;65;65m██[38;2;192;74;154m██[38;2;90;107;140m██[38;2;0;0;0m██
██[38;2;230;74;41m████[38;2;118;177;242m████████[38;2;0;0;0m████[38;2;118;177;242m██[38;2;65;65;65m████[38;2;117;127;214m██[38;2;65;65;65m████[38;2;90;107;140m████[38;2;0;0;0m██
██[38;2;230;74;41m██[38;2;0;0;0m██[38;2;118;177;242m██████[38;2;0;0;0m██[38;2;255;255;255m██[38;2;65;65;65m██[38;2;0;0;0m██[38;2;62;92;171m██[38;2;65;65;65m████[38;2;230;101;181m██[38;2;90;107;140m██[38;2;65;65;65m██[38;2;192;74;154m██[38;2;0;0;0m██
  ████[38;2;62;92;171m██[38;2;118;177;242m██[38;2;117;127;214m██[38;2;0;0;0m██[38;2;65;65;65m████[38;2;0;0;0m██[38;2;62;92;171m██[38;2;230;101;181m██[38;2;192;74;154m██[38;2;0;0;0m██[38;2;90;107;140m██[38;2;192;74;154m██[38;2;0;0;0m████
      ████[38;2;65;65;65m██[38;2;230;74;41m██[38;2;0;0;0m████[38;2;62;92;171m██[38;2;0;0;0m██[38;2;230;101;181m██[38;2;90;107;140m██[38;2;0;0;0m████[38;2;230;101;181m██[38;2;0;0;0m██  
        ██[38;2;230;74;41m████[38;2;181;41;16m██[38;2;0;0;0m████  ██[38;2;90;107;140m██[38;2;0;0;0m██  ████  
          ██████      ██[38;2;230;101;181m██[38;2;0;0;0m██        
                      ████          
[0m