      [38;2;0;0;0m████████                  ██████    
    ██[38;2;89;186;186m██[38;2;134;225;253m██████[38;2;0;0;0m████            ██[38;2;134;225;253m██████[38;2;0;0;0m██  
  ██[38;2;134;225;253m████████████[38;2;89;186;186m██[38;2;0;0;0m████      ██[38;2;134;225;253m██████[38;2;89;186;186m████[38;2;0;0;0m██
  ██[38;2;134;225;253m██████████████[38;2;65;65;65m██[38;2;30;173;58m██[38;2;0;0;0m████  ██[38;2;134;225;253m████[38;2;89;186;186m██[38;2;65;65;65m██[38;2;60;134;123m██[38;2;0;0;0m██
██[38;2;134;225;253m████████[38;2;89;186;186m██[38;2;134;225;253m██████[38;2;89;186;186m██[38;2;65;65;65m██[38;2;38;198;83m██[38;2;30;173;58m██[38;2;0;0;0m██[38;2;89;186;186m██[38;2;134;225;253m██[38;2;89;186;186m██[38;2;65;65;65m██[38;2;89;186;186m████[38;2;0;0;0m██
██[38;2;134;225;253m██████[38;2;60;134;123m██[38;2;255;255;255m██[38;2;0;0;0m██[38;2;134;225;253m████[38;2;89;186;186m██[38;2;65;65;65m██[38;2;38;128;49m██[38;2;38;198;83m██[38;2;30;173;58m██[38;2;65;65;65m██[38;2;89;186;186m████[38;2;65;65;65m██[38;2;89;186;186m██[38;2;0;0;0m██  
██[38;2;134;225;253m██████[38;2;89;186;186m██[38;2;0;0;0m████[38;2;134;225;253m██[38;2;89;186;186m████[38;2;65;65;65m██[38;2;255;255;255m██[38;2;38;128;49m██[38;2;38;198;83m██[38;2;65;65;65m██[38;2;89;186;186m████[38;2;65;65;65m██[38;2;0;0;0m██    
  ██[38;2;134;225;253m██████[38;2;0;0;0m██[38;2;140;82;41m██[38;2;89;186;186m████[38;2;65;65;65m██[38;2;189;189;189m██[38;2;255;255;255m██[38;2;38;128;49m██[38;2;38;198;83m██[38;2;30;173;58m██[38;2;65;65;65m██[38;2;89;186;186m██[38;2;0;0;0m██      
    ██[38;2;65;65;65m██[38;2;89;186;186m████████[38;2;65;65;65m██[38;2;89;186;186m██[38;2;65;65;65m██[38;2;189;189;189m██[38;2;255;255;255m██[38;2;38;128;49m██[38;2;30;173;58m██[38;2;65;65;65m██[38;2;89;186;186m██[38;2;0;0;0m██      
    ██[38;2;89;186;186m██[38;2;65;65;65m██████[38;2;217;195;78m██[38;2;255;251;132m██[38;2;65;65;65m██[38;2;134;225;253m██[38;2;65;65;65m██[38;2;255;255;255m██[38;2;38;128;49m████[38;2;65;65;65m██[38;2;0;0;0m██        
      ████[38;2;255;251;132m██████[38;2;65;65;65m██[38;2;134;225;253m██████[38;2;65;65;65m██[38;2;38;128;49m██[38;2;30;173;58m██[38;2;0;0;0m██          
          ██[38;2;217;195;78m████[38;2;65;65;65m██[38;2;134;225;253m████[38;2;89;186;186m██[38;2;65;65;65m██[38;2;38;128;49m██[38;2;30;173;58m██[38;2;0;0;0m██          
        ██[38;2;60;134;123m██[38;2;65;65;65m██[38;2;255;251;132m████[38;2;65;65;65m██[38;2;89;186;186m██[38;2;65;65;65m████[38;2;189;189;189m██[38;2;0;0;0m██            
        ██[38;2;60;134;123m████[38;2;0;0;0m██[38;2;217;195;78m████[38;2;65;65;65m████[38;2;89;186;186m██[38;2;65;65;65m██[38;2;0;0;0m██            
          ████  ██[38;2;65;65;65m██[38;2;134;225;253m██[38;2;89;186;186m████[38;2;0;0;0m██              
                  ██[38;2;89;186;186m██[38;2;60;134;123m██[38;2;89;186;186m██[38;2;0;0;0m██              
                    ██████                
[0m