              [38;2;0;0;0m████                  
            ██[38;2;190;175;246m████[38;2;0;0;0m██                
            ██[38;2;190;175;246m██████[38;2;0;0;0m██              
              ██[38;2;190;175;246m████[38;2;0;0;0m██              
      ██████  ██[38;2;190;175;246m██[38;2;135;119;193m██[38;2;0;0;0m██              
    ██[38;2;190;175;246m██[38;2;183;107;248m████[38;2;0;0;0m████[38;2;135;119;193m██[38;2;0;0;0m██  ██████        
  ██[38;2;183;107;248m██[38;2;190;175;246m██████[38;2;135;119;193m██[38;2;65;65;65m██[38;2;135;119;193m██[38;2;0;0;0m████[38;2;190;175;246m██████[38;2;0;0;0m██      
██[38;2;190;175;246m████[38;2;65;65;65m██████[38;2;190;175;246m██████[38;2;65;65;65m██[38;2;190;175;246m██████████[38;2;0;0;0m██    
██[38;2;190;175;246m██[38;2;65;65;65m██[38;2;135;119;193m██[38;2;65;65;65m██[38;2;190;175;246m██████[38;2;65;65;65m██[38;2;245;252;185m██[38;2;65;65;65m██[38;2;190;175;246m██████████[38;2;0;0;0m██  
██[38;2;65;65;65m██[38;2;135;119;193m██[38;2;65;65;65m██[38;2;172;57;106m██[38;2;65;65;65m██████[38;2;182;189;122m████[38;2;245;252;185m██[38;2;65;65;65m██[38;2;190;175;246m████████[38;2;0;0;0m██  
██[38;2;65;65;65m██[38;2;135;119;193m██[38;2;0;0;0m██[38;2;222;106;156m██[38;2;245;252;185m██████[38;2;172;57;106m██[38;2;245;252;185m██[38;2;222;106;156m██[38;2;245;252;185m██[38;2;65;65;65m██[38;2;190;175;246m██████[38;2;135;119;193m██[38;2;0;0;0m██
  ████  ██[38;2;245;252;185m████[38;2;172;57;106m██[38;2;222;106;156m██[38;2;245;252;185m██[38;2;182;189;122m██[38;2;245;252;185m██[38;2;0;0;0m██[38;2;190;175;246m██████[38;2;135;119;193m██[38;2;0;0;0m██
          ██[38;2;245;252;185m██████[38;2;182;189;122m██[38;2;245;252;185m██[38;2;0;0;0m██  ██[38;2;190;175;246m██[38;2;135;119;193m████[38;2;0;0;0m██
      ████[38;2;182;189;122m██[38;2;65;65;65m██[38;2;172;57;106m████[38;2;0;0;0m████    ██[38;2;135;119;193m██████[38;2;0;0;0m██
    ██[38;2;182;189;122m████[38;2;65;65;65m██[38;2;222;106;156m████[38;2;65;65;65m██[38;2;245;252;185m██[38;2;0;0;0m██      ██[38;2;135;119;193m██[38;2;0;0;0m██  
      ██[38;2;65;65;65m██[38;2;172;57;106m██[38;2;222;106;156m██████[38;2;65;65;65m██[38;2;245;252;185m██[38;2;0;0;0m████    [38;2;135;119;193m██[38;2;0;0;0m██  
      ██[38;2;245;252;185m██[38;2;182;189;122m██[38;2;172;57;106m██████[38;2;245;252;185m██[38;2;65;65;65m██[38;2;245;252;185m████[38;2;0;0;0m██  ██    
      ██[38;2;245;252;185m██[38;2;182;189;122m██[38;2;245;252;185m████[38;2;182;189;122m██[38;2;245;252;185m████[38;2;65;65;65m██[38;2;0;0;0m██          
        ██[38;2;182;189;122m██[38;2;245;252;185m████[38;2;182;189;122m██[38;2;245;252;185m██[38;2;182;189;122m██[38;2;0;0;0m██            
          ██[38;2;65;65;65m██[38;2;172;57;106m████[38;2;65;65;65m██[38;2;0;0;0m██              
            ██[38;2;172;57;106m██[38;2;222;106;156m██[38;2;0;0;0m██                
            ██[38;2;65;65;65m██[38;2;222;106;156m██[38;2;0;0;0m██                
              ████                  
[0m