                                                            [38;2;0;0;0m████              
                      ██████                              ██[38;2;255;197;222m██[38;2;255;255;255m██[38;2;0;0;0m██            
                  ████[38;2;208;194;85m██████[38;2;0;0;0m██      ████                ██[38;2;255;197;222m██[38;2;255;255;255m██[38;2;255;197;222m██[38;2;0;0;0m██            
                ██[38;2;208;194;85m████[38;2;162;133;64m██████[38;2;0;0;0m██    ██[38;2;208;194;85m████[38;2;0;0;0m██      ████████[38;2;197;230;238m██[38;2;255;197;222m████[38;2;0;0;0m██              
              ██[38;2;208;194;85m████[38;2;140;109;48m██[38;2;208;194;85m████████[38;2;0;0;0m████[38;2;208;194;85m██████[38;2;0;0;0m████████[38;2;208;194;85m████[38;2;162;133;64m██[38;2;197;230;238m████████[38;2;0;0;0m██              
            ██[38;2;208;194;85m██████[38;2;140;109;48m██[38;2;208;194;85m████[38;2;162;133;64m██[38;2;140;109;48m████[38;2;208;194;85m██████[38;2;162;133;64m██[38;2;65;65;65m██[38;2;208;194;85m██████[38;2;65;65;65m██[38;2;208;194;85m████[38;2;162;133;64m██[38;2;255;246;189m████[38;2;0;0;0m██                
            ██[38;2;208;194;85m██[38;2;162;133;64m██[38;2;140;109;48m██[38;2;208;194;85m████[38;2;162;133;64m██[38;2;208;194;85m██████████[38;2;140;109;48m██[38;2;162;133;64m████[38;2;65;65;65m██[38;2;208;194;85m██████[38;2;65;65;65m██[38;2;208;194;85m██[38;2;255;246;189m██[38;2;162;133;64m██[38;2;255;246;189m██[38;2;0;0;0m██                
          ██[38;2;208;194;85m██[38;2;162;133;64m██[38;2;208;194;85m████████[38;2;162;133;64m██[38;2;208;194;85m██████[38;2;140;109;48m████[38;2;162;133;64m████[38;2;208;194;85m████[38;2;65;65;65m██[38;2;208;194;85m██[38;2;65;65;65m██[38;2;0;170;94m██[38;2;65;65;65m██[38;2;162;133;64m██[38;2;208;194;85m██[38;2;65;65;65m██[38;2;208;194;85m██[38;2;0;0;0m██              
        ████[38;2;208;194;85m██[38;2;162;133;64m██[38;2;208;194;85m██████[38;2;140;109;48m██[38;2;208;194;85m██████[38;2;65;65;65m████[38;2;162;133;64m████[38;2;208;194;85m████[38;2;65;65;65m██[38;2;208;194;85m██[38;2;65;65;65m██[38;2;0;170;94m██[38;2;65;65;65m██[38;2;0;170;94m██[38;2;65;65;65m██[38;2;208;194;85m██[38;2;229;224;125m██[38;2;208;194;85m██[38;2;65;65;65m██[38;2;0;0;0m████          
      ██[38;2;151;137;28m██[38;2;65;65;65m██[38;2;162;133;64m██[38;2;208;194;85m██████[38;2;162;133;64m██[38;2;208;194;85m██████[38;2;65;65;65m██████[38;2;162;133;64m██[38;2;208;194;85m██[38;2;140;109;48m████[38;2;208;194;85m██████[38;2;65;65;65m████[38;2;0;170;94m██[38;2;65;65;65m██[38;2;229;224;125m██████[38;2;65;65;65m████[38;2;0;170;94m██[38;2;0;0;0m██        
    ████[38;2;65;65;65m████[38;2;208;194;85m████████[38;2;140;109;48m██[38;2;208;194;85m██[38;2;162;133;64m██[38;2;65;65;65m██[38;2;255;255;255m██[38;2;65;65;65m██[38;2;162;133;64m██[38;2;140;109;48m████[38;2;208;194;85m████████[38;2;162;133;64m██[38;2;65;65;65m██[38;2;0;170;94m██[38;2;65;65;65m██[38;2;229;224;125m████████[38;2;65;65;65m██[38;2;0;170;94m██[38;2;65;65;65m██[38;2;0;170;94m██[38;2;0;0;0m██      
  ██[38;2;151;137;28m████[38;2;140;109;48m██[38;2;208;194;85m██[38;2;65;65;65m██[38;2;208;194;85m██[38;2;151;137;28m██[38;2;208;194;85m████[38;2;65;65;65m██[38;2;0;0;0m██[38;2;0;170;94m██[38;2;255;255;255m██[38;2;65;65;65m██[38;2;162;133;64m██[38;2;208;194;85m████████[38;2;162;133;64m████[38;2;65;65;65m████████[38;2;229;224;125m██████[38;2;65;65;65m████[38;2;0;170;94m██[38;2;65;65;65m██[38;2;0;170;94m██[38;2;0;0;0m██      
██[38;2;65;65;65m██████[38;2;208;194;85m██[38;2;162;133;64m██[38;2;229;224;125m██[38;2;65;65;65m██████████[38;2;162;133;64m██[38;2;65;65;65m████[38;2;162;133;64m██[38;2;65;65;65m██[38;2;208;194;85m████[38;2;162;133;64m████████[38;2;65;65;65m██████[38;2;162;133;64m██[38;2;140;109;48m██[38;2;229;224;125m██[38;2;65;65;65m██[38;2;162;133;64m██[38;2;65;65;65m████[38;2;0;170;94m██[38;2;0;0;0m██        
██[38;2;151;137;28m██████[38;2;65;65;65m██[38;2;208;194;85m██[38;2;162;133;64m██[38;2;229;224;125m████[38;2;162;133;64m██[38;2;255;255;255m████[38;2;65;65;65m██[38;2;208;194;85m████[38;2;65;65;65m██[38;2;208;194;85m██[38;2;162;133;64m████[38;2;208;194;85m██[38;2;162;133;64m██[38;2;65;65;65m████[38;2;197;230;238m██[38;2;65;65;65m██[38;2;162;133;64m██████[38;2;0;0;0m██[38;2;162;133;64m████[38;2;65;65;65m██████[38;2;0;0;0m██        
  ████████[38;2;162;133;64m██[38;2;208;194;85m██[38;2;162;133;64m████████[38;2;65;65;65m██[38;2;208;194;85m██████████[38;2;140;109;48m██[38;2;208;194;85m████[38;2;0;0;0m██[38;2;65;65;65m██[38;2;255;197;222m██[38;2;255;246;189m██[38;2;255;197;222m██[38;2;0;0;0m██████  ██[38;2;162;133;64m████[38;2;65;65;65m████[38;2;208;194;85m██[38;2;0;0;0m██      
          ████[38;2;162;133;64m████[38;2;208;194;85m██████████[38;2;140;109;48m██[38;2;208;194;85m████[38;2;140;109;48m██[38;2;229;224;125m████  [38;2;0;0;0m██[38;2;255;197;222m██[38;2;197;230;238m██[38;2;0;0;0m██          ██[38;2;65;65;65m██[38;2;208;194;85m████████[38;2;0;0;0m██    
              ██████████[38;2;208;194;85m████[38;2;140;109;48m██[38;2;229;224;125m████[38;2;65;65;65m██[38;2;0;0;0m████    ████          ██[38;2;151;137;28m██[38;2;208;194;85m████[38;2;162;133;64m██████[38;2;0;0;0m██    
                      ██[38;2;229;224;125m████[38;2;65;65;65m██[38;2;0;0;0m██████                      ██[38;2;208;194;85m██[38;2;151;137;28m██[38;2;162;133;64m██[38;2;255;246;189m██[38;2;255;197;222m████[38;2;65;65;65m██[38;2;0;0;0m██  
                        ██████              ████        ██[38;2;65;65;65m██[38;2;208;194;85m████[38;2;65;65;65m██[38;2;208;194;85m██[38;2;255;246;189m██[38;2;255;197;222m████[38;2;151;137;28m██[38;2;0;0;0m██
                                          ██[38;2;255;197;222m██[38;2;151;137;28m██[38;2;0;0;0m██    ██[38;2;162;133;64m████[38;2;65;65;65m██[38;2;162;133;64m████[38;2;65;65;65m████[38;2;151;137;28m██[38;2;197;230;238m████[38;2;0;0;0m██
                                          ██[38;2;151;137;28m██[38;2;255;246;189m██[38;2;197;230;238m██[38;2;0;0;0m██████[38;2;162;133;64m██[38;2;65;65;65m██████[38;2;162;133;64m██████[38;2;0;0;0m██████  
                                            ██[38;2;197;230;238m████[38;2;162;133;64m██[38;2;208;194;85m██[38;2;65;65;65m██████[38;2;0;170;94m██[38;2;65;65;65m██[38;2;0;0;0m██████        
                                              ██[38;2;162;133;64m██[38;2;208;194;85m████[38;2;65;65;65m████[38;2;0;170;94m██[38;2;65;65;65m██[38;2;0;170;94m██[38;2;0;0;0m██            
                                              ██[38;2;65;65;65m██[38;2;208;194;85m██[38;2;162;133;64m████[38;2;65;65;65m██[38;2;0;170;94m██[38;2;65;65;65m████[38;2;0;0;0m██            
                                      ████  ██[38;2;162;133;64m████[38;2;65;65;65m██[38;2;162;133;64m████[38;2;65;65;65m████[38;2;0;0;0m████              
                                  ████[38;2;255;246;189m████[38;2;0;0;0m██[38;2;162;133;64m██████[38;2;65;65;65m██[38;2;162;133;64m██[38;2;65;65;65m██[38;2;197;230;238m██[38;2;0;0;0m██                  
                                ██[38;2;255;197;222m██████[38;2;197;230;238m████[38;2;0;0;0m██[38;2;162;133;64m██[38;2;65;65;65m██[38;2;0;0;0m████[38;2;197;230;238m██[38;2;255;246;189m██[38;2;151;137;28m██[38;2;0;0;0m██                
                              ██[38;2;255;197;222m████[38;2;197;230;238m██████[38;2;0;0;0m██  ████    ██[38;2;151;137;28m██[38;2;255;197;222m██[38;2;0;0;0m██                
                                ██████████              ████                  
[0m