                                        [38;2;0;0;0m██                    
                                ██    ██[38;2;123;125;123m██[38;2;0;4;0m██                  
                              [38;2;0;0;0m██[38;2;82;83;82m██[38;2;0;0;0m██  ██[38;2;82;84;82m██[38;2;123;125;123m██[38;2;0;0;0m██  ██            
                          ██  ██[38;2;82;81;82m████[38;2;0;0;0m██[38;2;99;97;99m██[38;2;98;98;98m████[38;2;66;64;66m██[38;2;0;0;0m██[38;2;123;123;123m██[38;2;0;0;0m██          
                        ██[38;2;82;83;82m██[38;2;0;0;0m██[38;2;82;83;82m██[38;2;98;97;98m████[38;2;99;97;99m████[38;2;98;98;98m████[38;2;66;64;66m██[38;2;99;97;99m██[38;2;123;123;123m██[38;2;0;0;0m██          
                        ██[38;2;82;82;82m██[38;2;82;80;82m████[38;2;93;96;93m██[38;2;66;69;66m██[38;2;66;65;66m████[38;2;66;69;66m██[38;2;93;96;93m██[38;2;98;97;98m████[38;2;94;95;94m██[38;2;66;65;66m██[38;2;0;0;0m██        
                        ██[38;2;82;82;82m██[38;2;65;64;65m████[38;2;66;69;66m██[38;2;179;139;118m██[38;2;177;137;116m████[38;2;179;139;118m██[38;2;66;69;66m██[38;2;66;65;66m██[38;2;98;97;98m██[38;2;66;65;66m██[38;2;123;125;123m██[38;2;0;0;0m██        
                        [38;2;8;4;8m██[38;2;60;62;46m██[38;2;177;137;116m██[38;2;242;210;64m████[38;2;177;137;116m████████████[38;2;66;65;66m████[38;2;123;125;123m██[38;2;0;0;0m██        
    ██████        ██████[38;2;209;173;90m████[38;2;242;210;64m████████[38;2;177;137;116m████████████[38;2;66;65;66m██[38;2;94;95;94m██[38;2;0;0;0m██        
  ██[38;2;66;65;66m██[38;2;99;97;99m██[38;2;66;66;66m██[38;2;0;0;0m████████[38;2;194;156;136m██[38;2;177;137;116m██████[38;2;242;210;64m████[38;2;177;137;116m██████████████████[38;2;66;64;66m██[38;2;99;97;99m██[38;2;0;0;0m██        
  ██[38;2;99;97;99m██[38;2;66;65;66m██[38;2;66;66;66m████[38;2;242;210;64m████[38;2;194;156;136m████[38;2;177;137;116m████████████[38;2;242;210;64m████[38;2;177;137;116m██[38;2;242;210;64m████[38;2;177;137;116m██████[38;2;99;97;99m██[38;2;0;0;0m██          
    [38;2;0;0;24m██[38;2;60;69;51m██[38;2;242;210;64m██[38;2;255;255;255m██[38;2;255;255;231m██[38;2;185;166;144m██[38;2;173;73;74m████[38;2;181;69;82m██[38;2;229;197;52m██[38;2;177;137;116m████████[38;2;241;209;64m████████[38;2;242;210;64m██[38;2;177;137;116m██████[38;2;99;97;99m██[38;2;0;0;0m██          
████[38;2;60;69;51m██[38;2;239;213;74m██[38;2;255;255;255m████[38;2;115;77;57m████[38;2;197;105;107m██[38;2;247;170;173m██[38;2;186;113;90m██[38;2;181;69;82m██[38;2;177;137;116m████████[38;2;241;209;64m████████[38;2;242;210;64m████[38;2;177;137;116m████[38;2;99;97;99m██[38;2;0;0;0m██          
██[38;2;123;121;123m██[38;2;66;65;74m██[38;2;229;210;97m██[38;2;223;182;97m██[38;2;255;241;222m██[38;2;255;255;247m██[38;2;132;101;74m██[38;2;99;97;99m████[38;2;222;105;107m██[38;2;57;73;74m██[38;2;177;137;116m████[38;2;255;255;255m██████[38;2;242;210;64m████████[38;2;177;137;116m████[38;2;99;97;99m██[38;2;0;0;0m██            
██[38;2;82;80;82m██[38;2;66;65;74m██[38;2;220;177;89m██[38;2;66;65;66m██[38;2;223;182;97m██[38;2;173;152;131m██[38;2;132;101;74m██[38;2;255;255;255m████[38;2;112;83;85m██[38;2;57;73;74m██[38;2;177;137;116m██[38;2;123;123;123m██[38;2;255;255;255m██[38;2;66;65;66m██[38;2;255;255;255m████[38;2;123;121;140m██[38;2;210;174;91m██[38;2;177;137;116m██████[38;2;99;97;99m██[38;2;66;67;66m██[38;2;0;0;0m██████████  
██[38;2;82;83;82m██[38;2;123;121;123m██[38;2;66;65;66m██[38;2;85;83;85m██[38;2;66;65;66m██[38;2;177;137;116m████[38;2;66;65;66m████[38;2;65;64;65m██[38;2;177;137;116m██████[38;2;115;117;115m██[38;2;247;251;247m██[38;2;255;255;255m████[38;2;123;123;123m██[38;2;177;137;116m██████[38;2;98;98;98m████[38;2;98;97;98m██[38;2;66;65;66m██████[38;2;98;97;98m████[38;2;0;0;0m██
  ██[38;2;85;83;85m████[38;2;123;121;123m██[38;2;66;65;66m██[38;2;177;137;116m████████[38;2;65;64;65m████[38;2;177;137;116m████[38;2;190;150;129m██[38;2;115;117;115m██[38;2;66;65;66m████[38;2;177;137;116m██████[38;2;99;97;99m██[38;2;98;98;98m████[38;2;98;97;98m████[38;2;99;97;99m████[38;2;66;65;66m██[38;2;98;97;98m██[38;2;0;0;0m██
  ██[38;2;82;80;82m██[38;2;123;121;123m██[38;2;123;123;123m████[38;2;66;65;66m██[38;2;179;139;118m████[38;2;66;65;66m██[38;2;123;124;123m██[38;2;82;82;82m██[38;2;66;65;66m██[38;2;177;137;116m██[38;2;179;139;118m██[38;2;66;65;66m██[38;2;123;124;123m██[38;2;82;82;82m██[38;2;66;65;66m██[38;2;177;137;116m██[38;2;98;97;98m████[38;2;66;64;66m██[38;2;99;97;99m██[38;2;66;65;66m████████[38;2;99;97;99m██[38;2;0;0;0m██  
    ██[38;2;123;121;123m██[38;2;123;123;123m██[38;2;82;81;82m██[38;2;120;121;120m██[38;2;66;65;66m████[38;2;120;121;120m██[38;2;82;82;82m████[38;2;93;92;93m██[38;2;66;65;66m████[38;2;120;121;120m██[38;2;82;82;82m████[38;2;93;92;93m██[38;2;66;65;66m██[38;2;82;81;82m████[38;2;0;0;0m████[38;2;99;97;99m████████[38;2;0;0;0m██    
      ████[38;2;123;123;123m██[38;2;82;82;82m████████████████[38;2;123;124;123m██[38;2;82;82;82m██████████[38;2;82;83;82m██[38;2;0;0;0m██    ████████      
          ██████[38;2;82;82;82m████████████████████[38;2;0;0;0m██████                    
                ████████████████████                          
[0m