                                [38;2;0;0;0m████                        
                              ██[38;2;180;191;112m████[38;2;0;0;0m██                      
                              ██[38;2;169;180;101m████[38;2;0;0;0m██    ████              
      ██████                    ██[38;2;169;180;101m████[38;2;0;0;0m████[38;2;169;180;101m██[38;2;126;137;58m██[38;2;0;0;0m██            
    [38;2;0;4;0m██[38;2;255;74;92m██[38;2;199;64;49m██[38;2;161;46;32m██[38;2;0;0;0m██                  ██[38;2;169;180;101m██[38;2;170;181;102m████[38;2;175;186;107m██[38;2;117;128;49m██[38;2;126;137;58m██[38;2;0;0;0m██            
    [38;2;0;4;0m██[38;2;171;49;60m██[38;2;161;46;32m████[38;2;0;0;0m██            ██████[38;2;169;180;101m████[38;2;115;126;47m██[38;2;8;4;8m██[38;2;0;0;0m██████              
    ██[38;2;162;51;33m██[38;2;133;60;65m██[38;2;57;73;57m██[38;2;73;28;27m██[38;2;16;4;16m██        [38;2;0;0;0m██[38;2;178;189;110m██[38;2;168;179;100m██[38;2;126;137;58m██[38;2;167;178;99m██[38;2;126;137;58m██[38;2;0;0;0m██                      
      ██[38;2;57;73;57m██[38;2;255;66;90m██[38;2;211;59;49m██[38;2;142;44;38m██[38;2;0;0;0m██    ██[38;2;178;189;110m████[38;2;190;201;122m██[38;2;168;179;100m██[38;2;167;178;99m████[38;2;169;180;101m██[38;2;0;0;0m██                    
  ██[38;2;16;4;16m██[38;2;73;28;27m██[38;2;140;85;82m██[38;2;170;59;41m██[38;2;199;64;49m██[38;2;161;46;32m██[38;2;0;0;0m██    ██[38;2;175;186;107m████[38;2;168;179;100m████████████[38;2;0;0;0m██                  
██[38;2;247;74;102m██[38;2;211;59;49m██[38;2;142;44;38m██[38;2;112;113;68m██[38;2;170;59;41m██[38;2;161;46;32m████[38;2;0;0;0m██  ██[38;2;169;180;101m██[38;2;255;255;255m██[38;2;175;186;107m██[38;2;168;179;100m████████████[38;2;0;0;0m██                  
[38;2;0;4;0m██[38;2;211;67;49m██[38;2;203;45;33m██[38;2;158;50;41m██[38;2;66;77;1m██[38;2;129;140;61m██[38;2;0;0;0m████    ██[38;2;169;180;101m██[38;2;0;0;0m██[38;2;169;180;101m██[38;2;165;176;97m██[38;2;255;243;214m██[38;2;168;179;100m████████[38;2;0;0;0m██          [38;2;0;4;0m████[38;2;0;0;0m██  
[38;2;0;4;0m██[38;2;142;44;32m██[38;2;158;50;41m██[38;2;57;69;57m██[38;2;129;140;61m██[38;2;0;4;8m██      [38;2;0;0;0m██[38;2;169;180;101m████████[38;2;165;176;97m██[38;2;16;0;0m██[38;2;168;179;100m████████[38;2;0;0;0m██        ██[38;2;255;74;92m██[38;2;171;49;60m██[38;2;199;64;49m██[38;2;0;0;0m██
  ██████[38;2;132;143;64m██[38;2;90;101;22m██[38;2;0;0;0m██    ██[38;2;169;180;101m██[38;2;66;65;66m██[38;2;169;180;101m████████[38;2;168;179;100m████[38;2;169;180;101m██[38;2;0;0;0m██    [38;2;0;4;0m████[38;2;16;0;24m██[38;2;77;45;40m██[38;2;199;64;49m████[38;2;159;49;32m██[38;2;0;0;0m██
        [38;2;8;4;0m██[38;2;132;143;64m██[38;2;0;0;0m██    ██[38;2;169;180;101m████[38;2;66;65;66m████████[38;2;168;179;100m████[38;2;169;180;101m██[38;2;0;0;0m██  ██[38;2;255;74;92m██[38;2;171;49;60m██[38;2;154;66;57m██[38;2;77;45;40m██[38;2;161;46;32m████[38;2;159;49;32m██[38;2;0;0;0m██
        ██[38;2;126;137;58m██[38;2;132;143;64m██[38;2;8;4;0m██[38;2;8;4;8m██[38;2;121;132;53m██[38;2;168;179;100m████████████████[38;2;0;0;0m██    ██[38;2;199;64;49m████[38;2;158;50;33m██[38;2;110;60;49m██[38;2;66;65;66m████[38;2;0;0;0m██  
          ██[38;2;90;101;22m██[38;2;132;143;64m██[38;2;121;132;53m██[38;2;179;190;111m██[38;2;168;179;100m████████████████[38;2;0;0;0m██    ██[38;2;161;46;32m████[38;2;158;50;33m██[38;2;60;63;65m██[38;2;66;65;66m██[38;2;0;0;0m██    
            ████[38;2;110;121;42m██[38;2;165;176;97m██[38;2;168;179;100m████[38;2;167;178;99m████[38;2;168;179;100m████[38;2;167;178;99m██[38;2;126;137;58m██[38;2;0;0;0m██      [38;2;0;8;16m██[38;2;77;58;49m██[38;2;57;65;66m██[38;2;251;66;74m██[38;2;199;64;49m████[38;2;0;0;0m██  
                ██[38;2;165;176;97m██[38;2;168;179;100m████[38;2;255;223;57m██[38;2;167;178;99m██[38;2;168;179;100m████[38;2;167;178;99m████[38;2;169;180;101m██[38;2;0;0;0m██████[38;2;176;187;108m██[38;2;120;131;52m██[38;2;57;65;66m██[38;2;189;66;68m██[38;2;199;64;49m██[38;2;161;46;32m██[38;2;0;0;0m██  
                ██[38;2;169;180;101m██[38;2;167;178;99m██[38;2;255;223;57m████[38;2;167;178;99m██[38;2;168;179;100m████[38;2;167;178;99m██[38;2;66;65;66m██[38;2;169;180;101m████████[38;2;0;0;0m██████[38;2;162;51;33m██[38;2;159;49;32m████[38;2;0;0;0m██  
                ██[38;2;169;180;101m██[38;2;167;178;99m██[38;2;255;223;57m██[38;2;167;178;99m████[38;2;168;179;100m████[38;2;167;178;99m██[38;2;133;144;65m██[38;2;0;0;0m████████      ██████    
                ██[38;2;255;223;57m██[38;2;168;179;100m████████[38;2;167;178;99m████[38;2;175;186;107m██[38;2;0;0;0m██                        
                ██[38;2;255;223;57m██[38;2;168;179;100m████████[38;2;255;223;57m██[38;2;167;178;99m██[38;2;117;128;49m██[38;2;0;0;0m██                        
                ██[38;2;169;180;101m██[38;2;168;179;100m████[38;2;167;178;99m████[38;2;168;179;100m████[38;2;130;141;62m██[38;2;0;0;0m██                        
                ██[38;2;169;180;101m██[38;2;168;179;100m████[38;2;255;223;57m██[38;2;167;178;99m██[38;2;168;179;100m████[38;2;130;141;62m██[38;2;0;0;0m██                        
                  ██[38;2;167;178;99m████[38;2;255;223;57m██[38;2;167;178;99m██[38;2;169;180;101m██[38;2;128;139;60m██████[38;2;0;0;0m██                      
                  ██[38;2;126;137;58m██[38;2;167;178;99m██████[38;2;128;139;60m████████[38;2;0;0;0m██                      
                ██[38;2;130;141;62m██[38;2;129;140;61m████████████[38;2;128;139;60m████[38;2;130;141;62m██[38;2;0;0;0m██                    
              ██[38;2;130;141;62m████[38;2;66;65;66m██[38;2;129;140;61m██[38;2;222;170;41m██[38;2;129;140;61m████[38;2;66;65;66m██[38;2;128;139;60m██[38;2;169;180;101m██[38;2;130;141;62m██[38;2;0;0;0m██                    
              ██[38;2;130;141;62m████[38;2;126;137;58m██[38;2;0;0;0m████[38;2;126;137;58m██[38;2;129;140;61m██[38;2;65;75;1m██[38;2;167;178;99m████[38;2;129;140;61m██[38;2;0;0;8m██                    
                [38;2;0;0;0m██[38;2;130;141;62m██[38;2;0;0;0m██    ██[38;2;0;0;8m████[38;2;126;137;58m██[38;2;167;178;99m██[38;2;65;75;1m██[38;2;0;0;8m██                    
              [38;2;0;0;0m██[38;2;130;141;62m████[38;2;126;137;58m██[38;2;0;0;0m██        ██[38;2;126;137;58m██[38;2;90;101;22m██[38;2;8;4;0m██                    
                [38;2;0;0;0m██████            ██[38;2;132;143;64m████[38;2;0;0;0m██                  
                                ██[38;2;169;180;101m██[38;2;175;186;107m██[38;2;117;128;49m██[38;2;0;0;0m██                  
                                  ██████                    
[0m