            [38;2;0;0;0m████                      
          ██[38;2;219;184;42m████[38;2;0;0;0m██    ████            
          ████[38;2;193;147;16m██[38;2;219;184;42m██[38;2;0;0;0m████[38;2;245;223;68m████[38;2;0;0;0m██          
              ██[38;2;219;184;42m██[38;2;65;65;65m██[38;2;245;223;68m██[38;2;0;0;0m██████          
    [38;2;65;65;65m██████      [38;2;0;0;0m██[38;2;245;223;68m██[38;2;0;0;0m██                
  [38;2;65;65;65m██[38;2;255;255;255m██[38;2;189;189;189m████[38;2;65;65;65m██  [38;2;0;0;0m████[38;2;219;184;42m██[38;2;65;65;65m██[38;2;0;0;0m██              
[38;2;65;65;65m██[38;2;255;255;255m██[38;2;189;189;189m████[38;2;255;255;255m████[38;2;0;0;0m██[38;2;245;223;68m██████████[38;2;0;0;0m██    ████    
[38;2;65;65;65m██[38;2;189;189;189m████[38;2;255;255;255m████[38;2;0;0;0m██[38;2;219;184;42m████[38;2;245;223;68m██████████[38;2;0;0;0m████[38;2;219;184;42m██[38;2;0;0;0m██    
  [38;2;65;65;65m██[38;2;189;189;189m██[38;2;132;132;115m██[38;2;189;189;189m██[38;2;0;0;0m██[38;2;240;238;233m████[38;2;219;184;42m██[38;2;255;255;255m██[38;2;245;223;68m██████[38;2;65;65;65m██[38;2;219;184;42m██[38;2;0;0;0m██      
    [38;2;65;65;65m████[38;2;0;0;0m██[38;2;240;238;233m██████[38;2;219;184;42m██[38;2;0;0;0m██[38;2;245;223;68m████[38;2;65;65;65m████[38;2;0;0;0m██        
        ██[38;2;240;238;233m██[38;2;132;132;115m████[38;2;240;238;233m██[38;2;219;184;42m██[38;2;245;223;68m██[38;2;65;65;65m██[38;2;255;255;255m████[38;2;65;65;65m██████    
          [38;2;0;0;0m██[38;2;240;238;233m████[38;2;193;147;16m██[38;2;219;184;42m██[38;2;65;65;65m██[38;2;255;255;255m██████████[38;2;189;189;189m██[38;2;65;65;65m██  
            [38;2;0;0;0m████[38;2;219;184;42m████[38;2;65;65;65m██[38;2;189;189;189m██[38;2;255;255;255m██[38;2;189;189;189m██[38;2;255;255;255m██████[38;2;189;189;189m██[38;2;65;65;65m██
                [38;2;0;0;0m██████[38;2;65;65;65m████[38;2;255;255;255m██████[38;2;189;189;189m████[38;2;65;65;65m██
                          ██[38;2;189;189;189m██[38;2;132;132;115m██[38;2;189;189;189m██[38;2;65;65;65m██  
                            ██████    
[0m