                    [38;2;0;0;0m██████        ████                          
                  ██[38;2;155;132;182m██[38;2;105;90;125m████[38;2;0;0;0m██    ██[38;2;155;132;182m██[38;2;125;103;155m██[38;2;0;0;0m██                        
                ██[38;2;155;132;182m██[38;2;105;90;125m██████[38;2;0;0;0m██████[38;2;155;132;182m██[38;2;125;103;155m██[38;2;105;90;125m██[38;2;0;0;0m██                        
      ████      ██[38;2;155;132;182m██[38;2;105;90;125m████[38;2;65;65;65m██[38;2;155;132;182m██[38;2;65;65;65m██[38;2;155;132;182m██[38;2;125;103;155m██[38;2;105;90;125m██████[38;2;0;0;0m██                ████  
      ██[38;2;164;82;82m██[38;2;0;0;0m██  ██[38;2;155;132;182m██[38;2;105;90;125m████[38;2;65;65;65m██[38;2;155;132;182m██[38;2;105;90;125m██[38;2;65;65;65m██[38;2;155;132;182m██[38;2;105;90;125m████████[38;2;164;82;82m██[38;2;0;0;0m████          ██[38;2;155;132;182m██[38;2;65;65;65m██[38;2;0;0;0m██
      ██[38;2;164;82;82m██[38;2;0;0;0m██  ██[38;2;155;132;182m██[38;2;105;90;125m██[38;2;65;65;65m██[38;2;155;132;182m██[38;2;105;90;125m██[38;2;65;65;65m██[38;2;155;132;182m██[38;2;125;103;155m██[38;2;105;90;125m██████[38;2;164;82;82m██[38;2;222;90;74m████[38;2;164;82;82m██[38;2;0;0;0m██      ██[38;2;155;132;182m██[38;2;65;65;65m██[38;2;105;90;125m██[38;2;0;0;0m██
      ██[38;2;164;82;82m████[38;2;0;0;0m████[38;2;155;132;182m██[38;2;105;90;125m██[38;2;65;65;65m██[38;2;155;132;182m██[38;2;105;90;125m██[38;2;65;65;65m██[38;2;155;132;182m██[38;2;105;90;125m██████[38;2;164;82;82m██[38;2;246;123;82m████[38;2;222;90;74m██[38;2;164;82;82m██[38;2;220;74;239m██[38;2;0;0;0m██  ██[38;2;125;103;155m██[38;2;65;65;65m██[38;2;105;90;125m████[38;2;0;0;0m██
        ██[38;2;164;82;82m██[38;2;65;65;65m████[38;2;155;132;182m██[38;2;65;65;65m██[38;2;155;132;182m██[38;2;105;90;125m██[38;2;65;65;65m██[38;2;155;132;182m██[38;2;125;103;155m██[38;2;105;90;125m████[38;2;242;184;255m██[38;2;164;82;82m██[38;2;246;123;82m████[38;2;164;82;82m██[38;2;220;74;239m██████[38;2;0;0;0m██[38;2;125;103;155m██[38;2;65;65;65m██[38;2;105;90;125m██████[38;2;0;0;0m██
      ████[38;2;164;82;82m████[38;2;65;65;65m██[38;2;155;132;182m██[38;2;65;65;65m██[38;2;155;132;182m██[38;2;105;90;125m██[38;2;65;65;65m██[38;2;155;132;182m██[38;2;105;90;125m████[38;2;242;184;255m██████[38;2;164;82;82m████[38;2;233;134;251m██[38;2;65;65;65m████[38;2;220;74;239m██[38;2;65;65;65m████[38;2;105;90;125m██████[38;2;65;65;65m██[38;2;0;0;0m██
      ██[38;2;164;82;82m██[38;2;65;65;65m██[38;2;164;82;82m██[38;2;65;65;65m██[38;2;125;103;155m██[38;2;65;65;65m██[38;2;155;132;182m██[38;2;105;90;125m██[38;2;65;65;65m██[38;2;155;132;182m██[38;2;105;90;125m██[38;2;233;134;251m██[38;2;242;184;255m██[38;2;220;74;239m██[38;2;242;184;255m████[38;2;65;65;65m████[38;2;246;123;82m████[38;2;65;65;65m██[38;2;220;74;239m██[38;2;65;65;65m██[38;2;105;90;125m██[38;2;65;65;65m████[38;2;105;90;125m██[38;2;0;0;0m██
        ██[38;2;164;82;82m██[38;2;65;65;65m████[38;2;125;103;155m██[38;2;65;65;65m██[38;2;155;132;182m██[38;2;105;90;125m██[38;2;65;65;65m██[38;2;125;103;155m██[38;2;105;90;125m██[38;2;242;184;255m██████[38;2;65;65;65m████[38;2;246;123;82m████[38;2;65;65;65m████[38;2;220;74;239m██████[38;2;65;65;65m██[38;2;105;90;125m████[38;2;0;0;0m██  
      ██[38;2;65;65;65m██[38;2;164;82;82m██[38;2;65;65;65m██[38;2;242;184;255m██[38;2;246;123;82m██[38;2;65;65;65m██[38;2;125;103;155m██[38;2;105;90;125m██[38;2;65;65;65m██[38;2;125;103;155m██[38;2;105;90;125m██[38;2;233;134;251m██[38;2;242;184;255m██[38;2;164;82;82m██[38;2;246;123;82m████[38;2;164;82;82m██[38;2;65;65;65m██[38;2;233;134;251m██████[38;2;220;74;239m████[38;2;65;65;65m██[38;2;105;90;125m████[38;2;0;0;0m██  
    ██[38;2;222;90;74m██[38;2;164;82;82m██[38;2;65;65;65m████[38;2;242;184;255m██[38;2;0;0;0m██[38;2;242;184;255m██[38;2;65;65;65m██[38;2;242;184;255m██[38;2;65;65;65m██[38;2;125;103;155m██[38;2;222;238;238m██[38;2;233;134;251m██[38;2;164;82;82m██[38;2;222;90;74m██[38;2;246;123;82m████████[38;2;65;65;65m██[38;2;233;134;251m████[38;2;220;74;239m████[38;2;65;65;65m████[38;2;0;0;0m██    
  ██[38;2;164;82;82m██████[38;2;233;134;251m████[38;2;65;65;65m██[38;2;242;184;255m██████████[38;2;0;0;0m██[38;2;246;123;82m██[38;2;233;134;251m██[38;2;164;82;82m██[38;2;222;90;74m████[38;2;65;65;65m██████[38;2;233;134;251m████████[38;2;65;65;65m██[38;2;105;90;125m██[38;2;0;0;0m██      
  ██[38;2;164;82;82m██[38;2;222;90;74m██[38;2;164;82;82m██[38;2;233;134;251m██[38;2;65;65;65m████[38;2;242;184;255m██[38;2;233;134;251m██[38;2;242;184;255m██████████[38;2;164;82;82m██[38;2;222;90;74m██[38;2;65;65;65m████[38;2;242;184;255m████████[38;2;220;74;239m██[38;2;233;134;251m██████[38;2;0;0;0m██        
██[38;2;164;82;82m██[38;2;233;134;251m██[38;2;164;82;82m██[38;2;233;134;251m██[38;2;65;65;65m██[38;2;105;90;125m████[38;2;65;65;65m██[38;2;242;184;255m████[38;2;220;74;239m██████[38;2;242;184;255m██[38;2;164;82;82m██[38;2;65;65;65m██[38;2;242;184;255m████[38;2;164;82;82m████████[38;2;242;184;255m██[38;2;220;74;239m██[38;2;233;134;251m████[38;2;0;0;0m██        
██[38;2;164;82;82m██[38;2;233;134;251m████[38;2;65;65;65m██[38;2;105;90;125m██[38;2;65;65;65m██[38;2;105;90;125m██[38;2;65;65;65m████[38;2;220;74;239m██[38;2;145;154;159m██████[38;2;65;65;65m████[38;2;242;184;255m████[38;2;164;82;82m██[38;2;246;123;82m████[38;2;222;90;74m██[38;2;246;123;82m██[38;2;164;82;82m██[38;2;242;184;255m██[38;2;233;134;251m██[38;2;65;65;65m██          
  [38;2;0;0;0m██[38;2;233;134;251m████[38;2;65;65;65m██[38;2;105;90;125m████[38;2;65;65;65m████[38;2;0;0;0m██[38;2;65;65;65m████[38;2;145;154;159m██[38;2;65;65;65m██[38;2;125;103;155m██[38;2;105;90;125m██[38;2;65;65;65m██[38;2;242;184;255m██[38;2;164;82;82m██[38;2;222;90;74m██[38;2;246;123;82m██[38;2;222;90;74m██[38;2;164;82;82m██[38;2;242;184;255m████[38;2;65;65;65m██[38;2;233;134;251m██[38;2;0;0;0m██        
  ██[38;2;233;134;251m██[38;2;65;65;65m██[38;2;105;90;125m██[38;2;65;65;65m██[38;2;105;90;125m██[38;2;0;0;0m██    ██[38;2;220;74;239m██[38;2;65;65;65m████[38;2;105;90;125m██[38;2;65;65;65m████[38;2;242;184;255m████[38;2;164;82;82m██████[38;2;242;184;255m██████[38;2;65;65;65m██[38;2;233;134;251m████[38;2;0;0;0m██      
    ████[38;2;105;90;125m████[38;2;0;0;0m██        ██████[38;2;65;65;65m██[38;2;125;103;155m██[38;2;105;90;125m██[38;2;65;65;65m██[38;2;242;184;255m████████████[38;2;65;65;65m██[38;2;233;134;251m██████[38;2;0;0;0m██      
        ████              ██[38;2;65;65;65m██[38;2;105;90;125m██[38;2;65;65;65m████[38;2;242;184;255m████[38;2;233;134;251m████[38;2;164;82;82m████[38;2;0;0;0m██[38;2;105;90;125m██[38;2;233;134;251m██[38;2;105;90;125m██[38;2;233;134;251m██[38;2;0;0;0m██    
                            ██[38;2;65;65;65m██[38;2;125;103;155m██[38;2;105;90;125m██[38;2;0;0;0m████[38;2;246;123;82m████[38;2;222;90;74m██[38;2;0;0;0m██  ████████      
                              ██████    ██████                  
[0m