                                  [38;2;0;0;0m████        
                ██  ████        ██[38;2;253;117;10m██[38;2;0;0;0m██    ████
            ████[38;2;28;160;124m██[38;2;0;0;0m██[38;2;28;160;124m██[38;2;0;0;0m████      ██[38;2;253;117;10m██[38;2;0;0;0m██  ██[38;2;253;117;10m██[38;2;0;0;0m██
      ██████[38;2;65;65;65m██[38;2;28;160;124m██████[38;2;0;0;0m██[38;2;28;160;124m██[38;2;0;0;0m██    ██[38;2;253;117;10m██[38;2;0;0;0m██    ██[38;2;253;117;10m██[38;2;0;0;0m██
    ██[38;2;28;160;124m██[38;2;182;81;1m██[38;2;253;117;10m██[38;2;182;81;1m██[38;2;65;65;65m████[38;2;28;160;124m████[38;2;0;0;0m██      ██[38;2;253;117;10m██[38;2;0;0;0m██  ██[38;2;253;117;10m██[38;2;0;0;0m██  
  ██[38;2;28;160;124m██[38;2;253;117;10m████[38;2;28;160;124m████████[38;2;1;133;97m██[38;2;0;0;0m██        ██[38;2;28;160;124m██[38;2;0;0;0m██  ██[38;2;253;117;10m██[38;2;0;0;0m██  
  ██[38;2;253;117;10m██████[38;2;28;160;124m██[38;2;65;65;65m████[38;2;28;160;124m████[38;2;0;0;0m██      ██[38;2;28;160;124m██[38;2;0;0;0m██  ██[38;2;28;160;124m██[38;2;0;0;0m██    
  ██[38;2;255;206;66m██[38;2;253;117;10m██[38;2;65;65;65m██[38;2;0;0;0m██[38;2;255;255;255m██[38;2;253;117;10m██[38;2;28;160;124m██████[38;2;0;0;0m██    ██[38;2;28;160;124m██[38;2;0;0;0m████[38;2;28;160;124m██[38;2;1;133;97m██[38;2;0;0;0m██    
██[38;2;255;206;66m██████[38;2;255;255;255m██[38;2;65;65;65m██[38;2;255;255;255m██[38;2;253;117;10m██[38;2;28;160;124m████████[38;2;0;0;0m████[38;2;1;133;97m██[38;2;28;160;124m██[38;2;65;65;65m██[38;2;1;133;97m██[38;2;28;160;124m██[38;2;0;0;0m██      
  ████[38;2;255;156;90m██[38;2;255;206;66m████[38;2;255;156;90m██[38;2;28;160;124m██████████[38;2;65;65;65m████████[38;2;1;133;97m██[38;2;28;160;124m██[38;2;1;133;97m██[38;2;0;0;0m██      
    ██[38;2;182;81;1m████[38;2;253;117;10m██[38;2;28;160;124m████[38;2;253;117;10m██[38;2;28;160;124m████[38;2;65;65;65m██[38;2;28;160;124m████████[38;2;65;65;65m████[38;2;0;0;0m██        
  ██[38;2;28;160;124m██[38;2;65;65;65m██[38;2;253;117;10m████[38;2;28;160;124m██[38;2;253;117;10m████[38;2;28;160;124m██[38;2;65;65;65m██[38;2;28;160;124m████████████████[38;2;0;0;0m██████  
  ██[38;2;28;160;124m██[38;2;65;65;65m██[38;2;28;160;124m████[38;2;253;117;10m██████[38;2;255;255;255m██[38;2;65;65;65m██[38;2;28;160;124m██████████████████████[38;2;0;0;0m██
    ██[38;2;1;133;97m██[38;2;182;81;1m██[38;2;253;117;10m██████[38;2;255;255;255m████[38;2;65;65;65m██[38;2;28;160;124m████████████████[38;2;0;0;0m██████  
      ██[38;2;65;65;65m██[38;2;182;81;1m██[38;2;253;117;10m██[38;2;255;255;255m████████[38;2;65;65;65m██[38;2;28;160;124m████████[38;2;0;0;0m██████        
      ██[38;2;65;65;65m██[38;2;0;0;0m████[38;2;255;255;255m████[38;2;165;173;247m██████[38;2;182;81;1m██[38;2;65;65;65m██[38;2;0;0;0m████              
        ██  ████████[38;2;182;81;1m████[38;2;253;117;10m██[38;2;65;65;65m██[38;2;0;0;0m██                
                  ██[38;2;65;65;65m██[38;2;0;0;0m██[38;2;65;65;65m██[38;2;0;0;0m██                  
                    ██  ██                    
[0m