                      [38;2;0;0;0m██                                              
                    ██[38;2;255;83;74m██[38;2;0;0;0m██                          ██                
                  ██[38;2;160;75;61m██[38;2;255;83;74m██[38;2;0;0;0m██                        ██[38;2;183;68;60m██[38;2;0;0;0m██        ████  
                  ██[38;2;255;83;74m████[38;2;0;0;0m██                      ██[38;2;222;169;82m██[38;2;183;68;60m██[38;2;0;0;0m██    ████[38;2;183;68;60m██[38;2;0;0;0m██  
                ██[38;2;255;83;74m██████[38;2;0;0;0m██                    ██[38;2;182;67;59m████[38;2;213;169;98m██[38;2;0;0;16m██  [38;2;0;0;0m██[38;2;255;216;65m██████[38;2;0;0;0m██  
              ██[38;2;255;83;74m██████[38;2;160;75;61m██[38;2;0;0;0m██                    ██[38;2;222;169;82m██[38;2;182;67;59m██[38;2;192;104;50m██[38;2;128;84;58m██[38;2;0;0;0m██[38;2;183;68;60m██[38;2;182;67;59m████[38;2;0;0;0m██    
          ████[38;2;255;116;106m██[38;2;255;83;74m██[38;2;160;75;61m██[38;2;246;94;82m██[38;2;0;0;0m██                      ██[38;2;182;67;59m██[38;2;222;169;82m██[38;2;182;67;59m██[38;2;112;54;51m██[38;2;255;216;65m████[38;2;246;214;74m████[38;2;0;0;0m██    
        ██[38;2;255;167;164m██[38;2;255;116;106m████[38;2;255;83;74m████[38;2;164;62;54m██[38;2;0;0;0m██                ██  ██[38;2;222;169;82m██[38;2;182;67;59m████[38;2;112;54;51m██[38;2;182;67;59m██████[38;2;123;108;49m██[38;2;0;0;24m██      
      [38;2;0;0;0m██[38;2;255;167;164m████[38;2;254;108;84m██[38;2;255;83;74m██████████[38;2;0;0;0m██            ██[38;2;183;68;60m██[38;2;0;0;0m██[38;2;65;64;65m██[38;2;183;68;60m██[38;2;222;169;82m██[38;2;120;62;59m██[38;2;170;55;47m██[38;2;255;216;65m██████[38;2;0;0;0m██        
    ██[38;2;255;108;82m██[38;2;254;110;98m██[38;2;255;81;65m██[38;2;255;83;74m████████[38;2;117;21;16m██[38;2;255;83;74m████[38;2;0;0;0m██          ██[38;2;183;68;60m████[38;2;65;64;65m██[38;2;183;68;60m██[38;2;175;60;52m████[38;2;255;216;65m██[38;2;130;72;64m██[38;2;74;71;65m████[38;2;65;64;65m██[38;2;0;0;0m██████  
    [38;2;0;4;8m██[38;2;246;94;82m██[38;2;255;83;74m████████[38;2;139;119;112m██[38;2;82;55;49m██[38;2;117;21;16m██[38;2;255;83;74m██████[38;2;0;0;0m████      ██[38;2;183;68;60m██████████████[38;2;65;64;65m████[38;2;183;68;60m██████████[38;2;0;0;0m██
  ██[38;2;164;65;57m████[38;2;255;83;74m██████[38;2;0;0;0m██[38;2;255;247;238m██[38;2;82;55;49m██[38;2;117;21;16m██[38;2;255;83;74m██████[38;2;246;94;82m██[38;2;164;62;54m██[38;2;0;0;0m████    ██[38;2;183;68;60m██[38;2;121;61;50m██[38;2;183;68;60m██████[38;2;65;64;65m██[38;2;183;68;60m██████████[38;2;0;0;0m████  
  ██[38;2;246;198;106m████[38;2;134;98;79m██[38;2;74;56;66m██[38;2;246;199;115m██[38;2;0;0;16m██[38;2;255;233;222m██[38;2;82;51;49m██[38;2;255;83;74m████████████[38;2;160;74;69m████[38;2;0;4;8m████[38;2;65;64;65m████[38;2;203;133;89m██[38;2;121;59;51m██████[38;2;183;68;60m████████[38;2;0;0;0m████      
██[38;2;183;68;60m██[38;2;158;43;35m████[38;2;255;186;106m██[38;2;74;56;66m██[38;2;82;67;49m██[38;2;246;199;115m██[38;2;82;51;49m██[38;2;255;105;97m██[38;2;255;83;74m██████[38;2;117;21;16m██[38;2;255;83;74m██████[38;2;65;64;65m██[38;2;76;45;41m██[38;2;153;85;74m██[38;2;203;133;89m██████[38;2;121;59;51m██[38;2;203;133;89m████[38;2;71;70;60m██[38;2;0;4;0m██[38;2;0;0;0m████          
██[38;2;158;43;35m██[38;2;159;44;36m████[38;2;121;55;39m██[38;2;246;199;115m██[38;2;65;64;65m██[38;2;160;73;61m██[38;2;255;83;74m██[38;2;160;75;61m██[38;2;180;65;57m██[38;2;251;79;70m██[38;2;117;21;16m██[38;2;255;83;74m████████████[38;2;74;71;65m██[38;2;65;64;65m████[38;2;203;133;89m████[38;2;205;133;90m██[38;2;0;0;0m████                
  ██[38;2;159;44;36m████[38;2;0;0;8m████[38;2;160;73;61m████[38;2;255;83;74m██[38;2;160;75;61m██[38;2;246;169;120m██[38;2;180;65;57m██[38;2;117;21;16m██[38;2;255;83;74m██████████[38;2;74;71;65m████[38;2;183;68;60m████[38;2;65;64;65m████[38;2;0;0;0m██                    
    ████    [38;2;8;0;1m██[38;2;249;171;122m██[38;2;172;70;57m██[38;2;219;113;89m██[38;2;159;73;63m██[38;2;243;166;118m██[38;2;74;57;57m██[38;2;255;100;91m██[38;2;255;83;74m██[38;2;121;59;51m██[38;2;120;59;52m████[38;2;255;83;74m████[38;2;128;67;58m████[38;2;183;68;60m████[38;2;181;66;58m██[38;2;0;0;0m████                
            [38;2;8;0;1m██[38;2;115;92;86m██[38;2;249;171;122m██[38;2;172;70;57m██[38;2;159;73;63m██[38;2;243;166;118m██[38;2;244;167;118m██[38;2;74;57;57m██[38;2;255;83;74m████[38;2;120;59;52m██[38;2;181;66;58m██[38;2;121;59;51m██[38;2;255;83;74m████[38;2;128;67;58m██[38;2;183;68;60m██[38;2;65;64;65m██[38;2;65;67;65m████[38;2;183;68;60m██[38;2;0;0;0m██              
              ██[38;2;255;190;147m██[38;2;183;122;82m██[38;2;203;131;87m██████[38;2;205;82;65m██[38;2;65;64;65m████[38;2;255;83;74m██[38;2;74;67;65m██[38;2;181;66;58m██[38;2;118;58;54m██[38;2;121;61;50m██[38;2;183;68;60m██████████[38;2;0;0;0m██                
                [38;2;8;7;0m██[38;2;183;122;82m██[38;2;205;82;65m████[38;2;203;131;87m████[38;2;203;133;89m████[38;2;74;67;65m████[38;2;65;64;65m██[38;2;181;66;58m██[38;2;183;68;60m████████[38;2;0;0;0m████                  
                  ████[38;2;205;133;90m██[38;2;203;131;87m██[38;2;205;82;65m██[38;2;205;133;90m██[38;2;57;54;52m██[38;2;189;97;68m████[38;2;245;168;119m██[38;2;90;53;49m██[38;2;65;64;63m████[38;2;0;0;0m████                      
                      ██[38;2;203;131;87m████[38;2;205;133;90m██[38;2;0;4;8m██[38;2;24;0;4m██[38;2;243;166;118m██[38;2;245;168;119m██[38;2;205;123;86m██[38;2;243;166;118m██[38;2;0;0;0m██                          
                      ██[38;2;204;132;87m████[38;2;0;0;0m██    ██[38;2;243;166;118m████[38;2;0;0;0m██                            
                  ████[38;2;189;125;65m██[38;2;181;98;61m████[38;2;0;0;0m██  ██[38;2;65;64;65m██[38;2;191;123;63m████[38;2;0;0;0m██                            
                ██[38;2;180;65;57m██[38;2;147;32;24m██[38;2;180;65;57m██[38;2;90;62;41m██[38;2;180;123;74m██[38;2;180;134;90m██[38;2;0;8;24m██[38;2;246;182;98m██[38;2;183;141;87m██[38;2;255;183;90m██[38;2;183;135;82m██[38;2;238;198;123m██[38;2;0;0;8m██                          
                [38;2;0;0;0m██[38;2;147;32;24m██[38;2;180;65;57m██[38;2;0;0;0m██[38;2;0;0;8m████[38;2;60;53;46m██[38;2;120;93;68m██[38;2;120;99;76m██[38;2;57;56;65m██[38;2;112;88;74m██[38;2;183;135;82m██[38;2;119;99;65m██[38;2;0;0;8m██                          
                  [38;2;0;0;0m████      ██[38;2;183;68;60m██[38;2;0;0;0m██[38;2;145;30;22m██[38;2;183;68;60m██[38;2;0;0;0m██[38;2;183;68;60m██[38;2;0;0;0m██                          
                              ██  ████  ██                            
[0m