        [38;2;0;0;0m██        ████                
      ██[38;2;59;225;59m██[38;2;0;0;0m████  ██[38;2;59;225;59m████[38;2;0;0;0m██  ████        
      ██[38;2;59;225;59m██[38;2;65;65;65m██[38;2;20;186;20m██[38;2;0;0;0m██[38;2;65;65;65m████[38;2;59;225;59m████[38;2;65;65;65m██[38;2;20;186;20m██[38;2;59;225;59m██[38;2;0;0;0m██      
      ██[38;2;59;225;59m██[38;2;20;186;20m██[38;2;65;65;65m████[38;2;59;225;59m████[38;2;65;65;65m██████[38;2;59;225;59m██[38;2;0;0;0m██        
    ████[38;2;20;186;20m██[38;2;59;225;59m██[38;2;65;65;65m██[38;2;59;225;59m██[38;2;65;65;65m████[38;2;20;186;20m██[38;2;59;225;59m██[38;2;65;65;65m██[38;2;59;225;59m██[38;2;65;65;65m██[38;2;0;0;0m██      
  ████[38;2;20;186;20m██[38;2;65;65;65m████[38;2;20;186;20m██[38;2;65;65;65m████[38;2;59;225;59m████[38;2;65;65;65m██[38;2;20;186;20m██[38;2;59;225;59m██[38;2;65;65;65m██[38;2;20;186;20m██[38;2;0;0;0m██    
██[38;2;59;225;59m██[38;2;20;186;20m██[38;2;65;65;65m██[38;2;20;186;20m██[38;2;65;65;65m██[38;2;20;186;20m██[38;2;65;65;65m██[38;2;59;225;59m██[38;2;20;186;20m██[38;2;65;65;65m██[38;2;59;225;59m████[38;2;65;65;65m██████[38;2;0;0;0m██    
  ██[38;2;59;225;59m██[38;2;65;65;65m██[38;2;255;255;255m██[38;2;65;65;65m██████[38;2;20;186;20m██[38;2;65;65;65m██[38;2;20;186;20m██[38;2;65;65;65m████[38;2;20;186;20m██[38;2;65;65;65m██[38;2;59;225;59m██[38;2;20;186;20m██[38;2;0;0;0m██  
  ██[38;2;20;186;20m██[38;2;189;189;189m██[38;2;132;132;132m██[38;2;65;65;65m████[38;2;255;255;255m██[38;2;20;186;20m██[38;2;65;65;65m██[38;2;59;225;59m████[38;2;65;65;65m████[38;2;20;186;20m██[38;2;65;65;65m██[38;2;59;225;59m████[38;2;0;0;0m██
██[38;2;59;225;59m██[38;2;20;186;20m██[38;2;255;255;255m██[38;2;65;65;65m████[38;2;189;189;189m██[38;2;0;0;0m██[38;2;189;189;189m██[38;2;20;186;20m██[38;2;65;65;65m██[38;2;59;225;59m████[38;2;65;65;65m████[38;2;20;186;20m██[38;2;65;65;65m██[38;2;0;0;0m██  
██[38;2;59;225;59m██[38;2;65;65;65m████████[38;2;189;189;189m██[38;2;255;255;255m████[38;2;65;65;65m██[38;2;20;186;20m██[38;2;65;65;65m██████[38;2;20;186;20m████[38;2;0;0;0m██    
██[38;2;20;186;20m██[38;2;59;225;59m██[38;2;65;65;65m██████[38;2;132;132;132m██[38;2;255;255;255m██[38;2;132;132;132m██[38;2;65;65;65m████████[38;2;20;186;20m██[38;2;65;65;65m██[38;2;0;0;0m██      
  ██[38;2;65;65;65m██[38;2;20;186;20m████[38;2;65;65;65m████████[38;2;20;186;20m██[38;2;65;65;65m████████[38;2;20;186;20m██[38;2;0;0;0m██      
██[38;2;197;82;66m████[38;2;65;65;65m████[38;2;20;186;20m████[38;2;65;65;65m██[38;2;20;186;20m████[38;2;65;65;65m██[38;2;20;186;20m████[38;2;65;65;65m██[38;2;20;186;20m██[38;2;0;0;0m██      
  ████[38;2;65;65;65m██[38;2;20;186;20m████[38;2;65;65;65m████[38;2;59;225;59m██[38;2;65;65;65m██[38;2;20;186;20m████[38;2;65;65;65m████[38;2;0;0;0m██        
      ██[38;2;20;186;20m██[38;2;65;65;65m██[38;2;0;0;0m████[38;2;20;186;20m██[38;2;65;65;65m██████[38;2;197;82;66m██[38;2;0;0;0m██          
        ████    ██[38;2;247;115;41m████[38;2;197;82;66m██[38;2;0;0;0m██            
                  ██████              
[0m