                          [38;2;0;0;0m████                                  
                        ██[38;2;65;64;65m██[38;2;0;0;0m██                                  
                      ██[38;2;218;191;40m████[38;2;0;0;0m██      ████                        
                      ██[38;2;218;191;40m████[38;2;0;0;0m██      ██[38;2;65;64;65m██[38;2;0;0;0m██                      
                    [38;2;0;0;8m██[38;2;214;183;53m██[38;2;83;79;66m██[38;2;0;0;0m██        [38;2;0;0;8m██[38;2;68;56;22m██[38;2;216;188;43m██[38;2;0;0;0m██                    
                    [38;2;0;0;8m██[38;2;102;85;30m██[38;2;83;79;66m██[38;2;0;0;0m██        [38;2;0;0;8m██[38;2;223;193;53m██[38;2;216;188;43m██[38;2;0;0;0m██                    
                    ██[38;2;83;79;66m██████[38;2;0;0;0m██      [38;2;0;0;16m██[38;2;215;189;53m██[38;2;214;183;53m██[38;2;0;0;8m██                    
                    [38;2;0;0;0m██[38;2;83;79;66m██████[38;2;0;0;0m██    ██[38;2;101;87;34m██[38;2;215;189;53m██[38;2;102;85;30m██[38;2;0;0;8m██                    
        [38;2;0;0;0m████████[38;2;0;4;8m██[38;2;1;2;2m██[38;2;37;37;36m██[38;2;75;73;64m██[38;2;83;78;66m████[38;2;30;30;30m██[38;2;0;16;16m██  [38;2;0;0;0m██[38;2;83;79;66m██████[38;2;0;0;0m██                    
    ████[38;2;97;97;97m██████████[38;2;43;43;43m██[38;2;97;97;97m██[38;2;37;37;36m██[38;2;34;34;34m████[38;2;101;101;101m████[38;2;0;0;0m██[38;2;83;78;67m██[38;2;83;79;66m██████[38;2;0;0;0m██                    
  ██[38;2;97;97;97m██████[38;2;63;63;63m██[38;2;65;65;65m██[38;2;97;97;97m██[38;2;40;40;38m██[38;2;90;90;90m██[38;2;98;98;98m████[38;2;97;97;97m██[38;2;63;63;63m██[38;2;69;69;69m██[38;2;34;34;34m██[38;2;83;79;66m████[38;2;83;78;66m████[38;2;34;34;34m████[38;2;0;0;0m██                  
██[38;2;51;51;51m██[38;2;63;63;63m████[38;2;85;85;85m██[38;2;97;97;97m████[38;2;39;39;39m██[38;2;90;90;90m████[38;2;98;98;98m████[38;2;63;63;63m████[38;2;90;90;90m██[38;2;34;34;34m██[38;2;83;79;66m████[38;2;83;78;66m██[38;2;34;34;34m██[38;2;97;97;97m██████[38;2;0;0;0m██                
██[38;2;255;255;255m██[38;2;63;63;63m████[38;2;69;69;69m████[38;2;86;86;86m██[38;2;37;37;36m██[38;2;86;86;86m██[38;2;63;63;63m██████[38;2;85;85;85m██[38;2;97;97;97m██████[38;2;34;34;34m████[38;2;33;32;33m██[38;2;101;101;101m██[38;2;97;97;97m██[38;2;63;63;63m████[38;2;0;0;0m██                
  ██[38;2;255;255;255m██[38;2;63;63;63m██[38;2;48;46;44m██[38;2;80;80;80m██[38;2;37;37;36m██[38;2;86;86;86m████████[38;2;63;63;63m██████[38;2;85;85;85m██[38;2;97;97;97m██████[38;2;101;101;101m██[38;2;64;64;64m██[38;2;63;63;63m██[38;2;74;74;74m██[38;2;63;63;63m████[38;2;0;0;0m████            
    ████[38;2;255;255;255m██[38;2;48;48;48m██[38;2;34;34;34m██[38;2;86;86;86m██[38;2;63;63;63m████[38;2;86;86;86m██[38;2;63;63;63m██[38;2;86;86;86m████[38;2;63;63;63m████[38;2;86;86;86m████[38;2;63;63;63m████[38;2;110;106;102m██[38;2;231;173;33m██[38;2;216;188;43m██[38;2;50;50;50m██[38;2;98;98;98m████[38;2;0;0;0m████        
        [38;2;4;4;4m████[38;2;34;34;34m██[38;2;86;86;86m██████[38;2;63;63;63m██████[38;2;86;86;86m████████[38;2;64;64;64m██[38;2;63;63;63m██[38;2;145;144;148m██[38;2;52;52;52m████[38;2;50;50;50m████[38;2;98;98;98m████[38;2;101;101;101m██[38;2;60;60;60m██[38;2;0;0;0m██      
            ██[38;2;34;34;34m██[38;2;86;86;86m████[38;2;65;65;65m██[38;2;83;83;83m██[38;2;86;86;86m██[38;2;63;63;63m████[38;2;86;86;86m██[38;2;83;83;83m██[38;2;67;67;67m██[38;2;57;57;57m██[38;2;255;255;255m██[38;2;49;49;49m██[38;2;90;90;90m██[38;2;97;97;97m████[38;2;63;63;63m████[38;2;97;97;97m██████[38;2;0;0;0m██    
              ██[38;2;34;34;34m██████[38;2;83;83;83m██[38;2;86;86;86m████████[38;2;60;60;60m██[38;2;67;67;67m██[38;2;57;57;57m████[38;2;90;90;90m██[38;2;68;68;68m██[38;2;63;63;63m██[38;2;97;97;97m██████[38;2;63;63;63m████[38;2;97;97;97m████[38;2;0;0;0m██  
                [38;2;0;4;16m██[38;2;62;62;62m██[38;2;163;142;36m██[38;2;34;34;34m██[38;2;33;32;33m████[38;2;86;86;86m████[38;2;67;67;67m██[38;2;50;50;50m██[38;2;255;255;255m██[38;2;47;47;47m██[38;2;63;63;63m████[38;2;86;86;86m████[38;2;69;69;69m████[38;2;93;93;93m████[38;2;41;41;40m████[38;2;41;40;39m██[38;2;0;0;0m██
            ████[38;2;62;62;62m██[38;2;30;30;30m██[38;2;163;142;36m██[38;2;65;64;65m██[38;2;158;138;42m██[38;2;95;80;50m██[38;2;34;34;34m████[38;2;35;35;35m████[38;2;47;47;47m████[38;2;255;255;255m██[38;2;63;63;63m██[38;2;86;86;86m██[38;2;50;50;50m██[38;2;48;46;44m██[38;2;80;80;80m██[38;2;93;93;93m██[38;2;41;40;39m██[38;2;41;41;40m██[38;2;63;63;63m██[38;2;41;40;39m██[38;2;0;0;0m██
          ██[38;2;65;64;65m██[38;2;63;63;63m██[38;2;65;64;65m██[38;2;197;194;205m██[38;2;65;60;65m██[38;2;158;138;42m██[38;2;255;255;255m██[38;2;65;64;65m██[38;2;105;105;105m██[38;2;57;156;164m██[38;2;4;4;4m██[38;2;74;141;153m██[38;2;34;34;34m████████[38;2;48;48;48m██[38;2;255;255;255m████[38;2;52;52;52m██[38;2;53;53;51m██[38;2;34;34;32m██[38;2;0;0;0m██████  
        ██[38;2;65;64;65m████[38;2;63;63;63m██[38;2;65;64;65m██[38;2;197;194;205m██[38;2;95;80;50m██[38;2;65;60;65m██[38;2;255;255;255m██[38;2;65;64;65m██[38;2;57;57;57m████[38;2;106;210;230m██[38;2;41;72;76m██[38;2;86;86;86m████[38;2;34;34;34m████[38;2;4;4;4m████[38;2;255;255;255m████[38;2;53;53;51m██[38;2;0;4;8m██        
      [38;2;0;0;0m██[38;2;65;64;65m████████[38;2;63;63;63m██[38;2;34;34;34m██[38;2;255;255;255m████[38;2;65;64;65m██[38;2;83;78;66m██[38;2;197;194;205m████[38;2;65;60;74m██[38;2;60;60;60m██[38;2;57;57;57m██[38;2;69;69;69m██[38;2;65;65;65m██[38;2;0;12;16m██    [38;2;0;0;0m██████          
      ██[38;2;65;64;65m████████[38;2;34;34;34m██[38;2;145;145;145m██[38;2;65;64;65m████[38;2;83;78;66m████████[38;2;86;86;86m████[38;2;69;69;69m██[38;2;36;36;37m██[38;2;32;32;32m██[38;2;65;65;65m██[38;2;0;0;0m██                  
      ██[38;2;65;64;65m██████████[38;2;0;0;0m██[38;2;197;194;205m██[38;2;65;64;68m██[38;2;65;64;65m████████[38;2;86;86;86m██[38;2;63;63;63m██[38;2;34;34;34m██[38;2;83;78;66m████[38;2;34;34;34m██[38;2;0;0;0m██                  
      ██[38;2;65;64;65m████[38;2;163;142;36m████[38;2;0;0;0m██  ██[38;2;65;64;68m██[38;2;255;255;255m██████[38;2;65;64;65m██[38;2;63;63;63m████[38;2;34;34;34m██[38;2;83;78;66m██████[38;2;0;0;0m██                  
        ██[38;2;149;129;28m██[38;2;218;189;41m████[38;2;169;139;38m██[38;2;0;0;0m██  ████[38;2;65;64;65m██████[38;2;31;31;31m██[38;2;65;65;65m██[38;2;41;40;39m██[38;2;83;78;66m██[38;2;83;79;66m██████[38;2;0;0;0m██                
        ██[38;2;225;199;42m██[38;2;166;142;35m████[38;2;169;139;38m██[38;2;0;0;0m██      ██[38;2;65;64;65m████[38;2;0;4;8m████[38;2;34;34;34m██[38;2;83;78;66m██[38;2;83;79;66m██████[38;2;0;0;0m██                
          ██[38;2;169;139;38m████[38;2;65;64;65m██[38;2;0;0;0m██      ██[38;2;65;59;23m██[38;2;0;4;16m██    [38;2;0;0;0m██[38;2;77;74;67m██[38;2;83;79;66m████████[38;2;0;0;0m██              
            ██████      ██[38;2;216;188;43m██[38;2;216;195;42m████[38;2;0;0;0m████[38;2;77;74;67m████[38;2;83;79;66m████████[38;2;0;0;0m██              
                      ██[38;2;221;191;40m██[38;2;136;108;43m██[38;2;142;117;44m████[38;2;73;67;57m██[38;2;170;146;40m██[38;2;221;191;43m██[38;2;75;73;64m██[38;2;83;79;66m████████[38;2;0;0;0m██              
                    ██[38;2;216;188;43m██[38;2;136;108;43m██[38;2;221;191;40m██[38;2;217;187;34m██[38;2;60;60;60m██[38;2;217;191;32m██[38;2;122;103;43m██[38;2;221;191;43m██[38;2;75;73;64m██[38;2;83;79;66m██████[38;2;0;0;0m██                
                    ██[38;2;216;188;43m██[38;2;216;195;42m██[38;2;137;109;35m██[38;2;143;119;50m██[38;2;65;60;65m██[38;2;217;191;32m██[38;2;122;103;43m██[38;2;169;139;46m████[38;2;65;64;65m██[38;2;0;0;0m████                  
                      ██[38;2;165;138;38m██[38;2;216;195;42m██[38;2;217;187;44m████[38;2;73;67;57m██[38;2;170;146;40m██[38;2;78;63;29m██[38;2;0;0;16m██[38;2;0;0;0m██                      
                      ██[38;2;169;139;38m████[38;2;166;143;37m████[38;2;168;142;40m██[38;2;0;0;0m████                          
                        ██[38;2;169;139;38m██[38;2;166;143;37m████[38;2;0;0;0m██                              
                          ██████                                
[0m