                                              [38;2;0;0;0m████████                            
                                      ████████[38;2;217;188;242m████████[38;2;0;0;0m████                        
                                  ██[38;2;24;0;0m██[38;2;54;212;130m██[38;2;56;214;132m██[38;2;82;60;57m██[38;2;217;188;242m████████[38;2;65;52;57m██[38;2;15;173;91m██[38;2;0;158;76m██[38;2;0;0;0m████                    
                                ██[38;2;61;219;137m██[38;2;188;255;221m████[38;2;82;60;57m██[38;2;218;189;243m██[38;2;236;214;255m████[38;2;217;188;242m██[38;2;65;64;65m██[38;2;45;203;121m██[38;2;15;173;91m██[38;2;0;158;76m██████[38;2;0;0;0m██                  
                              ██[38;2;2;160;78m██[38;2;137;255;194m██[38;2;146;255;199m████[38;2;65;64;65m██[38;2;231;205;255m██[38;2;236;214;255m████[38;2;65;64;65m██[38;2;200;255;227m██[38;2;146;255;199m██[38;2;71;229;147m██[38;2;1;159;77m████[38;2;2;160;78m████[38;2;0;0;0m██                
                            ██[38;2;0;158;76m██[38;2;2;160;78m██[38;2;56;214;132m██[38;2;146;255;199m██[38;2;65;64;65m██[38;2;231;205;255m████[38;2;236;214;255m██[38;2;217;188;242m██[38;2;65;64;65m██[38;2;200;255;227m██[38;2;146;255;199m████[38;2;61;219;137m██[38;2;1;159;77m██[38;2;2;160;78m████[38;2;0;158;76m██[38;2;0;0;0m██              
                            ██[38;2;0;158;76m██[38;2;2;160;78m████[38;2;65;64;65m██[38;2;217;188;242m████████[38;2;65;64;65m██[38;2;146;255;199m████████[38;2;61;219;137m██[38;2;1;159;77m██[38;2;2;160;78m████[38;2;0;158;76m██[38;2;0;0;0m██              
                          ██[38;2;0;158;76m████[38;2;2;160;78m████[38;2;65;64;65m██[38;2;217;188;242m████████[38;2;65;64;65m██[38;2;61;219;137m██[38;2;146;255;199m████[38;2;61;219;137m████[38;2;1;159;77m██[38;2;2;160;78m████[38;2;0;158;76m████[38;2;0;0;0m██            
                        [38;2;16;0;0m██[38;2;60;74;82m██[38;2;2;160;78m██[38;2;32;190;108m██[38;2;64;222;140m██[38;2;49;72;90m██[38;2;217;188;242m████████[38;2;151;122;176m██[38;2;65;64;65m██[38;2;1;159;77m██[38;2;61;219;137m██████[38;2;1;159;77m██[38;2;35;193;111m████[38;2;1;159;77m██[38;2;2;160;78m████[38;2;0;0;0m██            
                    ████[38;2;216;187;241m██[38;2;60;74;82m██[38;2;61;219;137m████[38;2;49;72;90m██[38;2;112;91;115m██[38;2;217;188;242m████████[38;2;151;122;176m██[38;2;65;64;65m██[38;2;1;159;77m██████████[38;2;35;193;111m████[38;2;1;159;77m██[38;2;2;160;78m████[38;2;65;64;65m██[38;2;0;0;0m██          
                  ██[38;2;217;188;242m████████[38;2;65;64;65m████[38;2;217;188;242m██[38;2;124;95;149m██[38;2;217;188;242m████████[38;2;154;125;179m██[38;2;215;186;240m██[38;2;65;64;65m██[38;2;1;159;77m██[38;2;2;160;78m████████████[38;2;20;178;96m██[38;2;65;60;65m██[38;2;217;188;242m██[38;2;152;123;177m██[38;2;0;0;0m████      
                ██[38;2;217;188;242m████████████████[38;2;124;95;149m██████[38;2;217;188;242m████[38;2;124;95;149m████[38;2;65;64;65m██[38;2;1;159;77m██[38;2;2;160;78m████████[38;2;37;195;113m██[38;2;56;214;132m██[38;2;51;209;127m██[38;2;65;60;65m██[38;2;217;188;242m██[38;2;152;123;177m██[38;2;217;188;242m████[38;2;0;0;0m████  
                ██[38;2;124;95;149m██[38;2;217;188;242m████████████[38;2;121;92;146m██[38;2;233;255;244m██[38;2;71;229;147m██[38;2;25;183;101m██[38;2;57;60;74m██[38;2;141;112;166m██[38;2;217;188;242m██[38;2;152;123;177m██[38;2;212;183;237m██[38;2;57;60;74m██[38;2;1;159;77m████[38;2;2;160;78m██[38;2;61;219;137m██████[38;2;65;64;65m██[38;2;217;188;242m██████████[38;2;215;186;240m██[38;2;124;95;149m██[38;2;0;0;0m██
                  ██[38;2;124;95;149m████[38;2;217;188;242m████████[38;2;121;92;146m██[38;2;75;233;151m██[38;2;25;183;101m████[38;2;57;60;74m██[38;2;208;179;233m██[38;2;217;188;242m████[38;2;166;137;191m██[38;2;212;183;237m██[38;2;65;64;65m████[38;2;32;190;108m██[38;2;61;219;137m████[38;2;65;64;65m██[38;2;217;188;242m████[38;2;152;123;177m██[38;2;217;188;242m██████[38;2;124;95;149m██[38;2;154;125;179m██[38;2;0;0;0m██
                  ██[38;2;151;122;176m██████[38;2;220;191;245m██[38;2;217;188;242m████[38;2;147;118;172m██[38;2;1;119;58m██[38;2;33;191;109m██[38;2;8;166;84m██[38;2;65;64;65m██[38;2;217;188;242m██████████████[38;2;65;64;65m██████[38;2;217;188;242m████[38;2;152;123;177m██[38;2;217;188;242m████[38;2;198;169;223m██[38;2;137;108;162m██[38;2;151;122;176m██[38;2;0;0;0m██  
                    ████[38;2;0;0;8m██[38;2;220;191;245m██[38;2;217;188;242m████[38;2;203;174;228m██[38;2;65;60;65m██████[38;2;217;188;242m██████████████████████████████[38;2;124;95;149m██[38;2;137;108;162m██[38;2;0;0;8m██[38;2;0;0;0m██    
                          ██[38;2;225;196;250m████[38;2;217;188;242m██[38;2;124;95;149m██[38;2;217;188;242m████████████████████████[38;2;236;214;255m██[38;2;121;92;146m██[38;2;124;95;149m████[38;2;144;115;169m████[38;2;0;0;0m██        
                            ██[38;2;225;196;250m██[38;2;124;95;149m██[38;2;217;188;242m██████[38;2;236;214;255m████[38;2;152;123;177m████[38;2;217;188;242m██[38;2;236;214;255m██[38;2;217;188;242m████[38;2;236;214;255m████[38;2;121;92;146m██[38;2;160;131;185m██[38;2;152;123;177m████[38;2;144;115;169m██[38;2;0;0;0m██          
                          ██[38;2;63;70;74m██[38;2;214;185;239m██[38;2;124;95;149m██[38;2;217;188;242m██████[38;2;151;122;176m████[38;2;160;131;185m██[38;2;57;64;74m██[38;2;65;64;65m██[38;2;214;185;239m██[38;2;236;214;255m████[38;2;125;96;150m████[38;2;151;122;176m██[38;2;16;8;0m██[38;2;0;0;0m██████            
                        ██[38;2;131;129;106m██[38;2;197;194;189m██[38;2;8;0;0m██[38;2;124;95;149m██[38;2;217;188;242m██[38;2;152;123;177m████[38;2;65;64;65m████[38;2;57;64;74m██[38;2;164;194;213m██[38;2;172;210;222m██[38;2;65;64;65m██[38;2;151;122;176m████[38;2;149;120;174m██[38;2;65;60;74m██[38;2;38;56;68m██[38;2;151;122;176m██[38;2;0;0;0m██                
                    ████[38;2;131;132;104m████[38;2;65;64;65m████[38;2;151;122;176m████[38;2;65;64;65m████[38;2;197;194;189m████[38;2;8;8;8m██[38;2;172;172;172m██[38;2;255;250;246m██[38;2;197;196;200m██[38;2;65;64;65m████████[38;2;149;120;174m██[38;2;125;96;150m██[38;2;151;122;176m██[38;2;0;0;0m██              
            ████████[38;2;65;64;54m██[38;2;131;129;109m██[38;2;131;132;104m██[38;2;65;64;65m████[38;2;131;132;104m██[38;2;65;64;65m████[38;2;151;122;176m██[38;2;65;64;65m██[38;2;76;89;106m██[38;2;197;194;189m██[38;2;255;255;255m████[38;2;82;89;106m████[38;2;79;90;104m██[38;2;65;64;65m████[38;2;131;132;104m██[38;2;65;60;74m██[38;2;125;96;150m██[38;2;151;122;176m██[38;2;0;0;0m██              
        ████[38;2;169;156;137m████[38;2;172;157;139m████[38;2;164;161;131m██[38;2;65;64;65m████[38;2;131;132;104m████[38;2;65;64;65m████[38;2;217;188;242m██[38;2;152;123;177m████[38;2;65;64;65m██[38;2;71;94;112m██[38;2;79;90;104m██[38;2;65;64;65m██[38;2;65;64;74m██[38;2;87;87;87m██[38;2;65;64;65m██[38;2;131;132;104m████[38;2;65;64;65m██[38;2;131;132;104m██[38;2;65;64;65m██[38;2;156;127;181m██[38;2;8;4;0m██              
      [38;2;0;0;0m██[38;2;169;156;137m██████[38;2;0;0;0m██[38;2;0;4;8m██[38;2;57;55;52m██[38;2;131;129;109m████[38;2;131;132;104m██[38;2;65;64;65m████[38;2;131;132;104m██[38;2;65;64;65m██[38;2;217;188;242m██[38;2;152;123;177m████[38;2;151;122;176m██[38;2;65;64;65m██[38;2;79;90;104m██[38;2;65;64;65m██[38;2;131;133;115m██[38;2;65;64;74m██[38;2;131;132;104m██[38;2;65;64;65m██[38;2;131;132;104m████[38;2;65;64;65m██[38;2;131;132;104m██[38;2;35;55;68m██[38;2;8;4;0m██              
    [38;2;0;0;0m██[38;2;205;190;180m██[38;2;169;156;137m████[38;2;0;0;0m██  ██[38;2;131;132;104m██[38;2;65;64;65m██████[38;2;131;132;104m████[38;2;65;64;65m██[38;2;57;60;74m██[38;2;212;183;237m██[38;2;151;122;176m████[38;2;65;64;65m██[38;2;0;0;0m██████[38;2;131;132;106m██[38;2;65;66;57m██[38;2;131;132;104m████[38;2;65;64;65m██[38;2;137;126;109m██[38;2;169;156;137m██[38;2;65;64;65m██[38;2;169;156;137m██[38;2;65;64;65m██[38;2;0;0;0m██            
  ██[38;2;205;190;180m████[38;2;169;156;137m██[38;2;0;0;0m██  ██[38;2;131;132;104m██████[38;2;65;64;65m██[38;2;131;132;104m████[38;2;65;64;65m████[38;2;212;183;237m██[38;2;166;137;191m██[38;2;151;122;176m██[38;2;65;64;65m██[38;2;0;0;0m██      [38;2;0;0;8m██[38;2;131;132;106m██[38;2;65;64;65m██[38;2;131;132;104m██[38;2;172;157;131m██[38;2;65;64;65m██[38;2;169;156;137m████[38;2;65;64;65m██[38;2;169;156;137m██[38;2;172;157;139m██[38;2;0;0;0m██          
  ██[38;2;205;190;180m██[38;2;172;155;137m██[38;2;0;0;0m██    ██[38;2;131;130;104m████[38;2;65;64;65m██[38;2;131;132;104m████[38;2;65;64;65m██[38;2;131;132;104m██[38;2;65;64;65m██[38;2;217;188;242m██[38;2;152;123;177m██[38;2;151;122;176m██[38;2;0;0;0m██        ██[38;2;131;132;104m██[38;2;65;64;65m██[38;2;0;0;0m██[38;2;169;156;137m████[38;2;65;64;65m██[38;2;169;156;137m██[38;2;65;64;65m████[38;2;169;156;137m████[38;2;0;0;0m██        
██[38;2;172;157;139m██[38;2;172;155;137m████[38;2;0;0;0m██    ██[38;2;131;130;104m████[38;2;65;64;65m██[38;2;131;132;104m████[38;2;65;64;65m██[38;2;131;132;104m██[38;2;65;64;65m██[38;2;217;188;242m████[38;2;0;0;0m██        ██[38;2;131;132;104m████[38;2;0;0;0m██  ██[38;2;169;156;137m██[38;2;65;64;65m██[38;2;169;156;137m████[38;2;65;64;65m████[38;2;169;156;137m██[38;2;131;129;106m██[38;2;0;0;0m██      
██[38;2;172;157;139m████[38;2;0;0;0m██        ██[38;2;131;132;104m██[38;2;131;132;106m██[38;2;65;66;57m██[38;2;131;129;106m██[38;2;0;0;0m████[38;2;65;64;65m██[38;2;152;123;177m██[38;2;217;188;242m██[38;2;0;0;0m██      ██[38;2;169;156;137m██[38;2;120;114;93m██[38;2;0;4;0m██    [38;2;0;0;0m██[38;2;172;157;139m██[38;2;169;156;137m██[38;2;65;64;65m██[38;2;169;156;137m██[38;2;65;64;65m████[38;2;169;156;137m████[38;2;0;0;0m██      
  ████          ██[38;2;131;132;104m██[38;2;131;132;106m██[38;2;0;0;8m██[38;2;0;0;0m██    ██[38;2;152;123;177m████[38;2;0;0;0m██    ██[38;2;169;156;137m████[38;2;180;170;139m██[38;2;0;4;0m██      [38;2;0;0;0m██[38;2;169;156;137m██[38;2;65;64;65m██[38;2;169;156;137m████[38;2;65;64;65m████[38;2;169;156;137m████[38;2;0;0;0m██    
                  ████          ██[38;2;151;122;176m██[38;2;0;0;0m██    ██[38;2;172;157;137m████[38;2;172;157;139m██[38;2;0;0;0m██      ██[38;2;172;157;137m████[38;2;65;64;65m██[38;2;169;156;137m██[38;2;65;64;65m██[38;2;0;0;0m██[38;2;120;114;93m██[38;2;180;170;139m██[38;2;0;0;0m██    
                                  ██    ██[38;2;172;157;139m██[38;2;172;157;137m████[38;2;0;0;0m██        ██[38;2;172;157;137m████[38;2;65;64;65m██[38;2;169;156;137m██[38;2;0;0;0m██  [38;2;0;4;0m████      
                                        [38;2;0;0;0m██[38;2;205;190;180m██[38;2;172;157;137m████[38;2;0;0;0m██        ██[38;2;169;156;137m████[38;2;65;64;54m██[38;2;0;0;0m██              
                                        ██[38;2;205;190;180m██[38;2;172;157;137m████[38;2;0;0;0m██      ██[38;2;172;157;139m██[38;2;169;156;137m██[38;2;65;64;65m██[38;2;131;129;109m██[38;2;0;0;0m██              
                                        ██[38;2;169;156;137m██[38;2;172;157;137m████[38;2;0;0;0m██      ██[38;2;169;156;137m██[38;2;180;170;139m██[38;2;65;62;52m██[38;2;0;0;0m██                
                                        ██[38;2;169;156;137m██[38;2;172;157;137m████[38;2;0;0;0m██      ██[38;2;169;156;137m██[38;2;123;116;95m██[38;2;8;8;8m██                  
                                        [38;2;0;0;0m██[38;2;94;97;94m██[38;2;164;153;139m██[38;2;109;102;93m██[38;2;0;0;0m██        ████                    
                                          ██████                                  
[0m