      [38;2;0;0;0m████                          
      ██[38;2;134;64;54m██[38;2;0;0;0m██      ██████            
      ██[38;2;134;64;54m██[38;2;0;0;0m██    ██[38;2;134;64;54m████[38;2;0;0;0m██    ████    
      ██[38;2;134;64;54m████[38;2;0;0;0m████[38;2;134;64;54m████[38;2;0;0;0m██    ██[38;2;239;123;167m██[38;2;214;66;121m██[38;2;0;0;0m██  
        ██[38;2;134;64;54m██[38;2;65;65;65m██[38;2;134;64;54m████[38;2;0;0;0m██      ██[38;2;214;66;121m████[38;2;0;0;0m██  
        ████[38;2;134;64;54m██[38;2;65;65;65m██[38;2;0;0;0m██          ████  ██
      ██[38;2;134;64;54m██████████[38;2;0;0;0m██            ████
    ██[38;2;134;64;54m██████████████[38;2;0;0;0m██████    ██  ██
    ██[38;2;255;222;69m████[38;2;134;64;54m██[38;2;255;255;255m██[38;2;189;189;189m██[38;2;134;64;54m██[38;2;255;222;69m██[38;2;65;65;65m██[38;2;134;64;54m████[38;2;0;0;0m██[38;2;65;65;65m██[38;2;0;0;0m████  
  ██[38;2;255;222;69m██████[38;2;134;64;54m██[38;2;65;65;65m██[38;2;255;255;255m██[38;2;255;222;69m████[38;2;172;130;51m██[38;2;255;222;69m██[38;2;134;64;54m████[38;2;0;0;0m██      
██[38;2;214;66;121m████[38;2;255;222;69m██[38;2;134;64;54m██[38;2;255;222;69m██[38;2;0;0;0m██[38;2;255;255;255m██[38;2;255;222;69m████[38;2;214;171;43m██[38;2;255;222;69m████[38;2;134;64;54m██[38;2;0;0;0m██      
██[38;2;214;66;121m██[38;2;65;65;65m██[38;2;214;66;121m██[38;2;255;222;69m██████████████████[38;2;134;64;54m██[38;2;0;0;0m██      
  ██[38;2;255;222;69m██████[38;2;65;65;65m██[38;2;255;222;69m██████████████[38;2;65;65;65m██[38;2;214;171;43m██[38;2;0;0;0m██    
    ████[38;2;65;65;65m██[38;2;255;222;69m████[38;2;214;171;43m████[38;2;255;222;69m████[38;2;214;171;43m██[38;2;65;65;65m██[38;2;214;171;43m████[38;2;0;0;0m██    
    ██[38;2;65;65;65m██[38;2;172;130;51m██[38;2;0;0;0m██[38;2;65;65;65m██[38;2;172;130;51m██[38;2;255;222;69m████[38;2;0;0;0m██████[38;2;214;171;43m██[38;2;255;222;69m██[38;2;0;0;0m██    
      ████  ██[38;2;255;222;69m████[38;2;172;130;51m██[38;2;0;0;0m██    ████      
            ██[38;2;65;65;65m██[38;2;214;171;43m██[38;2;0;0;0m██                
              ████                  
[0m