                                                                            [38;2;0;4;0m████          
                                                                          ██[38;2;228;127;53m████[38;2;0;4;0m██        
                                                                          ██[38;2;227;126;54m████[38;2;0;4;0m██        
                                                                    ████  ██[38;2;227;126;54m██[38;2;177;68;3m██[38;2;0;4;0m██  ████  
                                      ██████[38;2;0;12;8m████[38;2;0;4;0m████              ██[38;2;233;128;50m████[38;2;8;4;0m██[38;2;240;121;35m██[38;2;227;126;54m██[38;2;177;68;3m██[38;2;228;127;53m██[38;2;0;4;0m██[38;2;233;128;50m████[38;2;0;4;0m██
                                  ████[38;2;228;127;53m██████[38;2;228;133;70m██[38;2;73;51;36m██[38;2;72;83;69m████[38;2;0;4;0m██████        ██[38;2;233;128;50m████[38;2;240;121;35m██[38;2;163;71;32m██[38;2;227;126;54m████[38;2;228;127;53m████[38;2;233;128;50m████[38;2;0;4;0m██
                                [38;2;8;4;0m██[38;2;163;71;32m██[38;2;227;126;54m██████[38;2;177;68;3m████[38;2;227;126;54m██[38;2;68;69;65m████[38;2;72;83;69m██[38;2;66;65;66m██[38;2;221;232;218m██[38;2;0;0;0m██[38;2;0;4;0m██      ██[38;2;66;64;66m██[38;2;233;128;50m████[38;2;177;68;3m██[38;2;227;126;54m████[38;2;177;68;3m████[38;2;0;4;0m██  
                              ██[38;2;240;121;35m████[38;2;177;68;3m██[38;2;227;126;54m██[38;2;177;68;3m██[38;2;227;126;54m██████[38;2;228;127;53m██[38;2;68;69;65m██[38;2;72;83;69m████[38;2;82;81;79m██[38;2;221;232;218m██[38;2;223;234;220m██[38;2;0;4;0m██      ██[38;2;233;128;50m████[38;2;177;68;3m██[38;2;227;126;54m██████[38;2;0;4;0m██    
                            [38;2;0;16;8m██[38;2;231;134;67m██[38;2;227;126;54m██[38;2;177;68;3m██████[38;2;227;126;54m████[38;2;233;128;50m████████[38;2;66;65;66m██[38;2;72;83;69m██[38;2;67;73;65m██[38;2;223;234;220m██[38;2;223;233;221m████[38;2;0;4;0m████[38;2;0;0;0m██[38;2;221;232;218m██[38;2;74;56;57m██[38;2;230;129;57m██[38;2;228;127;53m████[38;2;236;135;63m██[38;2;0;0;0m██      
                            [38;2;72;57;31m██[38;2;231;134;67m██[38;2;177;68;3m██[38;2;227;126;54m██████[38;2;177;68;3m████[38;2;233;128;50m████████[38;2;66;65;66m██[38;2;72;83;69m██[38;2;67;73;65m████[38;2;223;233;221m████[38;2;115;122;113m██[38;2;233;240;231m██[38;2;82;81;79m██[38;2;221;232;218m██[38;2;206;232;199m██[38;2;74;56;57m██[38;2;66;65;66m████[38;2;85;73;74m██[38;2;197;228;188m██[38;2;0;4;0m██    
                          ██[38;2;72;83;69m██[38;2;66;65;66m██[38;2;228;127;53m████[38;2;233;128;50m████[38;2;228;127;53m████[38;2;182;60;0m██[38;2;74;69;66m██[38;2;68;69;65m██[38;2;228;127;53m████[38;2;66;65;66m██[38;2;72;83;69m██[38;2;66;65;66m██[38;2;223;233;221m████[38;2;225;233;223m████[38;2;66;65;57m██[38;2;110;120;108m██[38;2;223;234;220m████[38;2;221;232;218m██[38;2;107;129;102m██[38;2;175;188;172m████[38;2;0;4;0m██    
                          ██[38;2;72;83;69m████[38;2;66;65;66m████[38;2;233;128;50m████[38;2;228;127;53m██[38;2;66;65;66m██[38;2;74;69;66m████[38;2;68;69;65m████[38;2;228;127;53m██[38;2;66;65;66m██[38;2;72;83;69m██[38;2;66;65;66m██[38;2;223;233;221m████[38;2;234;240;233m██[38;2;225;233;223m██[38;2;66;65;57m██[38;2;223;234;220m██[38;2;107;129;102m██[38;2;223;234;220m██[38;2;183;197;179m██[38;2;107;129;102m██[38;2;175;188;172m████[38;2;0;4;0m██    
                        ██[38;2;66;64;66m██[38;2;198;195;189m██[38;2;0;4;0m██[38;2;72;83;69m████[38;2;66;65;66m██████[38;2;72;83;69m██[38;2;70;77;68m████[38;2;74;56;57m████[38;2;228;127;53m██[38;2;66;65;66m██[38;2;72;83;69m██[38;2;66;65;66m██[38;2;225;233;223m████[38;2;107;129;102m██[38;2;221;232;218m██[38;2;229;240;225m██[38;2;67;73;65m██[38;2;221;232;218m██[38;2;107;129;102m██[38;2;108;130;102m██[38;2;175;186;172m██[38;2;172;188;167m██[38;2;0;4;0m██      
                        ██[38;2;66;64;66m██[38;2;198;195;189m██[38;2;0;4;0m██[38;2;66;65;66m██[38;2;72;83;69m██████████[38;2;70;77;68m██[38;2;0;4;0m██[38;2;255;227;231m██[38;2;170;145;133m██[38;2;228;127;53m██[38;2;66;65;66m██[38;2;72;83;69m██[38;2;66;65;66m██[38;2;234;240;233m██[38;2;225;233;223m██[38;2;107;129;102m██[38;2;183;197;179m██[38;2;173;183;170m████[38;2;183;197;179m██[38;2;107;129;102m██[38;2;175;186;172m██[38;2;108;130;102m██[38;2;115;126;111m██[38;2;0;4;0m██      
                      ██[38;2;175;186;172m██[38;2;66;65;66m██[38;2;151;113;91m██[38;2;214;195;181m██[38;2;66;65;66m██[38;2;72;83;69m██[38;2;73;84;70m████[38;2;74;56;57m██[38;2;255;227;231m██[38;2;0;4;0m████[38;2;247;247;239m██[38;2;233;127;48m██[38;2;66;65;66m██[38;2;72;83;69m██[38;2;66;65;66m██[38;2;223;234;220m██[38;2;223;233;221m████[38;2;223;234;220m██[38;2;107;129;102m██[38;2;175;188;172m████[38;2;115;126;111m██[38;2;172;188;167m██[38;2;175;186;172m████[38;2;0;4;0m██        
                    ██[38;2;66;64;66m██[38;2;175;186;172m████[38;2;110;68;43m██[38;2;151;113;91m██[38;2;66;65;66m██[38;2;72;83;69m██[38;2;73;84;70m████[38;2;74;56;57m██[38;2;170;145;133m██[38;2;247;247;239m████[38;2;233;127;48m████[38;2;66;65;66m██[38;2;72;83;69m██[38;2;66;65;66m██[38;2;223;234;220m██[38;2;223;233;221m████[38;2;223;234;220m██[38;2;107;129;102m██[38;2;175;188;172m████[38;2;0;4;0m████████          
                  ██[38;2;175;186;172m██[38;2;66;65;66m██[38;2;175;188;172m████[38;2;74;65;57m██[38;2;134;111;99m██[38;2;66;65;66m██[38;2;72;89;67m████[38;2;66;65;66m████[38;2;236;137;68m██[38;2;228;127;53m██████[38;2;68;69;65m██[38;2;72;83;69m██[38;2;66;65;66m██[38;2;223;233;221m████████[38;2;223;234;220m████[38;2;0;4;0m████                  
                  ██[38;2;175;186;172m██[38;2;66;65;66m██[38;2;175;188;172m████[38;2;169;198;161m██[38;2;74;65;57m██[38;2;181;115;73m██[38;2;66;65;66m████[38;2;181;115;73m██[38;2;179;113;71m██[38;2;66;65;66m████[38;2;228;127;53m██[38;2;68;69;65m████[38;2;72;83;69m██[38;2;66;65;66m██[38;2;223;233;221m████████[38;2;223;234;220m██[38;2;0;4;0m██                      
                ██[38;2;113;128;109m██[38;2;175;188;172m████[38;2;66;65;66m██[38;2;175;186;172m████[38;2;66;65;66m████[38;2;187;115;68m██████████[38;2;181;115;73m██[38;2;66;65;66m██[38;2;72;83;69m████[38;2;66;65;66m██[38;2;223;234;220m██[38;2;223;233;221m████[38;2;223;234;220m██████[38;2;0;4;0m██                      
              ██[38;2;167;190;161m██[38;2;113;128;109m██[38;2;175;188;172m████[38;2;66;65;66m██[38;2;175;186;172m██████[38;2;66;65;66m██████████████[38;2;72;89;67m██[38;2;72;83;69m██[38;2;66;65;66m██[38;2;223;234;220m████[38;2;223;233;221m████[38;2;223;234;220m██[38;2;73;86;70m██[38;2;0;4;0m██                        
  ████      ██[38;2;115;126;111m██[38;2;108;130;102m████████[38;2;107;129;102m██[38;2;0;4;0m██[38;2;175;186;172m██████[38;2;66;65;66m████[38;2;228;127;53m██[38;2;184;114;70m██[38;2;236;137;68m██[38;2;66;65;66m██[38;2;72;83;69m██[38;2;66;65;66m██[38;2;223;234;220m██[38;2;223;233;221m████[38;2;223;234;220m████[38;2;73;84;70m████[38;2;0;4;0m██                        
██[38;2;228;127;53m████[38;2;0;4;0m██████[38;2;172;188;167m████[38;2;175;186;172m██[38;2;108;130;102m██[38;2;175;186;172m████[38;2;0;4;0m██  ██[38;2;175;186;172m██████[38;2;66;65;66m████[38;2;184;114;70m██[38;2;66;69;57m██[38;2;72;83;69m██[38;2;66;65;66m██[38;2;223;234;220m████[38;2;223;233;221m████[38;2;73;86;70m████[38;2;73;84;70m████[38;2;223;234;220m██[38;2;0;4;0m██                      
██[38;2;192;117;69m██[38;2;236;130;53m████[38;2;66;65;66m██[38;2;187;115;68m██[38;2;74;65;57m██[38;2;169;198;161m██[38;2;175;186;172m██[38;2;108;130;102m██[38;2;175;186;172m████[38;2;0;4;0m██    ██[38;2;72;83;69m██[38;2;175;186;172m████[38;2;70;76;68m██[38;2;66;65;66m██[38;2;72;83;69m██[38;2;70;76;68m██[38;2;223;234;220m██[38;2;73;84;70m████████[38;2;73;86;70m██████[38;2;223;234;220m██[38;2;223;233;221m████[38;2;0;4;0m██                    
  ██[38;2;192;117;69m████[38;2;187;115;68m████[38;2;173;101;54m██[38;2;74;65;57m██[38;2;175;186;172m██[38;2;108;130;102m██[38;2;175;186;172m██[38;2;0;4;0m██      ██[38;2;72;83;69m████[38;2;70;76;68m████[38;2;72;83;69m██[38;2;66;65;66m██[38;2;70;76;68m████[38;2;73;84;70m████████[38;2;73;86;70m██[38;2;223;234;220m██████[38;2;223;233;221m████[38;2;0;4;0m██                    
  ██[38;2;66;69;66m██[38;2;178;112;70m██[38;2;188;116;69m████████[38;2;66;65;60m██[38;2;115;126;111m██[38;2;0;4;0m██      ██[38;2;175;186;172m████[38;2;72;83;69m██████[38;2;66;65;66m██[38;2;72;83;69m██[38;2;71;70;68m████[38;2;72;83;69m██[38;2;175;186;172m██[38;2;174;188;170m████[38;2;223;233;221m████[38;2;223;234;220m████[38;2;82;81;79m██[38;2;0;0;0m██                      
[38;2;0;4;0m██[38;2;192;117;69m██[38;2;233;133;60m████[38;2;188;116;69m████████[38;2;66;65;60m██[38;2;172;188;167m██[38;2;0;4;0m██    ██[38;2;66;67;63m████[38;2;175;186;172m████████[38;2;66;65;66m██[38;2;72;83;69m██[38;2;71;70;68m██[38;2;175;186;172m██████[38;2;174;188;170m██[38;2;223;234;220m██[38;2;223;233;221m████[38;2;66;65;66m████[38;2;82;81;79m██[38;2;221;232;218m██[38;2;0;4;0m██                    
██[38;2;228;127;53m██[38;2;235;144;71m██[38;2;155;105;58m██[38;2;66;65;66m██[38;2;187;115;68m████[38;2;77;68;45m██[38;2;175;186;172m██[38;2;0;4;0m██    ██[38;2;72;83;69m██████[38;2;66;65;66m██[38;2;175;186;172m████[38;2;66;65;66m██[38;2;72;83;69m██[38;2;66;65;66m██[38;2;72;83;69m██[38;2;66;65;66m██[38;2;175;186;172m████[38;2;229;240;225m██[38;2;66;65;66m██████[38;2;73;84;70m████[38;2;72;83;69m██[38;2;66;65;66m██[38;2;223;234;220m██[38;2;0;4;0m██                  
  ██[38;2;0;20;8m██[38;2;75;63;33m██[38;2;187;115;68m████[38;2;77;68;45m██[38;2;0;12;16m██[38;2;0;4;0m██      ██[38;2;72;83;69m████[38;2;66;65;66m██[38;2;175;186;172m██[38;2;66;65;66m██████[38;2;72;83;69m██[38;2;66;65;66m██[38;2;72;83;69m██[38;2;66;65;66m██[38;2;66;67;63m██[38;2;0;4;0m██[38;2;66;65;66m██[38;2;172;181;170m██[38;2;175;186;172m██[38;2;66;65;66m██[38;2;73;84;70m████[38;2;72;83;69m██[38;2;66;65;66m██[38;2;223;234;220m██[38;2;0;4;0m██                  
      ██[38;2;186;114;67m████[38;2;0;4;0m██          [38;2;0;20;8m██[38;2;75;63;33m██[38;2;66;65;66m████[38;2;175;186;172m████[38;2;66;65;66m██[38;2;72;83;69m██[38;2;70;77;68m████[38;2;73;84;70m████[38;2;0;4;0m██  ██[38;2;175;186;172m██[38;2;174;188;170m██[38;2;223;234;220m██[38;2;67;73;65m██████[38;2;223;234;220m██████[38;2;0;4;0m██                
        ████          ██[38;2;155;105;58m██[38;2;235;144;71m██[38;2;179;113;71m██[38;2;236;137;68m██[38;2;66;65;66m██[38;2;175;186;172m██[38;2;66;65;66m██[38;2;72;83;69m██[38;2;70;77;68m██[38;2;0;4;0m██[38;2;73;84;70m████[38;2;0;4;0m██    ██[38;2;223;234;220m██████[38;2;67;73;65m██████[38;2;66;65;66m██[38;2;223;234;220m██[38;2;0;4;0m██                
                        ██████████████████  ████      ██[38;2;223;234;220m████[38;2;0;4;0m██[38;2;228;127;53m██[38;2;156;106;38m██[38;2;244;145;77m██[38;2;192;117;69m██[38;2;0;4;0m██                  
                                                        ████████[38;2;0;8;0m████[38;2;0;4;0m██                    
[0m