                      [38;2;0;0;0m████                    
                    ██[38;2;86;208;191m██[38;2;0;0;0m██                    
                  ██[38;2;86;208;191m████[38;2;0;0;0m██              ████  
                  ██[38;2;86;208;191m██[38;2;65;65;65m████[38;2;0;0;0m██████      ██[38;2;86;208;191m██[38;2;0;0;0m██  
    ██            ██[38;2;65;65;65m██[38;2;116;103;122m████[38;2;85;75;89m██████[38;2;0;0;0m██  ██[38;2;86;208;191m████[38;2;0;0;0m██  
  ██[38;2;86;208;191m██[38;2;0;0;0m██        ██[38;2;116;103;122m████[38;2;85;75;89m██████[38;2;116;103;122m████[38;2;85;75;89m██[38;2;0;0;0m██[38;2;44;166;149m██[38;2;86;208;191m██[38;2;0;0;0m██    
██[38;2;116;103;122m██[38;2;86;208;191m██[38;2;65;65;65m██[38;2;0;0;0m██    ████[38;2;65;65;65m████[38;2;85;75;89m██[38;2;116;103;122m████[38;2;85;75;89m██████[38;2;116;103;122m██[38;2;65;65;65m██[38;2;0;0;0m██      
██[38;2;65;65;65m██[38;2;86;208;191m██████[38;2;0;0;0m████[38;2;86;208;191m████████[38;2;65;65;65m████[38;2;116;103;122m████[38;2;85;75;89m████[38;2;116;103;122m██[38;2;0;0;0m██        
██[38;2;86;208;191m██████[38;2;44;166;149m██[38;2;65;65;65m██[38;2;44;166;149m██████[38;2;86;208;191m██████[38;2;44;166;149m██[38;2;65;65;65m██[38;2;85;75;89m██[38;2;116;103;122m████[38;2;0;0;0m██          
  ██████[38;2;65;65;65m██[38;2;116;103;122m██[38;2;86;208;191m██████[38;2;44;166;149m██[38;2;116;103;122m██[38;2;85;75;89m██[38;2;86;208;191m██[38;2;44;166;149m██[38;2;65;65;65m████[38;2;0;0;0m██      ██████
        ██[38;2;85;75;89m██[38;2;86;208;191m████[38;2;116;103;122m████[38;2;255;255;255m██[38;2;85;75;89m██[38;2;86;208;191m██[38;2;65;65;65m██[38;2;44;166;149m██[38;2;86;208;191m████[38;2;0;0;0m██████[38;2;86;208;191m████[38;2;0;0;0m██
        ██[38;2;116;103;122m██[38;2;85;75;89m██[38;2;116;103;122m████[38;2;0;0;0m██[38;2;255;255;255m██[38;2;85;75;89m██[38;2;44;166;149m██[38;2;0;0;0m██[38;2;86;208;191m████████████[38;2;85;75;89m████[38;2;0;0;0m██
        ██[38;2;116;103;122m██████[38;2;85;75;89m██[38;2;148;197;214m██[38;2;86;208;191m██[38;2;44;166;149m██[38;2;0;0;0m██  ████[38;2;86;208;191m████[38;2;44;166;149m██[38;2;85;75;89m██[38;2;116;103;122m██[38;2;0;0;0m██  
        ██[38;2;85;75;89m██[38;2;116;103;122m██[38;2;0;0;0m██[38;2;197;82;115m████[38;2;44;166;149m██[38;2;0;0;0m██        ██████████    
          ████  ██████                        
[0m