                                                    [38;2;0;0;0m██████                        
                                                  ██[38;2;126;103;195m██████[38;2;0;0;0m████                    
                          ██                    ██[38;2;126;105;197m████[38;2;126;103;197m████[38;2;127;105;197m████[38;2;0;0;0m██                  
  ██                    ██[38;2;90;70;153m██[38;2;0;0;0m██        ████    ██[38;2;126;103;195m██[38;2;126;105;197m████[38;2;65;64;65m████[38;2;127;105;197m██[38;2;92;73;150m██[38;2;90;70;153m██[38;2;0;0;0m██                
██[38;2;91;73;147m██[38;2;0;0;0m██                  ██[38;2;101;86;146m██[38;2;2;12;0m██      [38;2;0;0;0m██[38;2;126;103;195m██[38;2;0;0;0m██    ██[38;2;131;106;203m██[38;2;127;105;197m██[38;2;92;73;150m██[38;2;127;105;197m████[38;2;65;64;65m██[38;2;91;71;148m██[38;2;91;73;147m██[38;2;0;0;0m██        ████    
██[38;2;91;73;147m████[38;2;0;0;0m██              ██[38;2;90;70;153m██[38;2;54;49;72m████[38;2;0;0;0m██  ██[38;2;126;103;195m██[38;2;0;0;0m██      ██[38;2;87;70;135m██[38;2;127;105;197m██████[38;2;92;73;150m██[38;2;65;64;65m██[38;2;91;71;148m██[38;2;91;73;147m████[38;2;0;0;0m██  ████[38;2;126;103;195m████[38;2;0;0;0m██  
██[38;2;91;73;147m████[38;2;110;110;103m██[38;2;0;0;0m██            ██[38;2;82;83;82m██[38;2;255;255;255m████[38;2;247;238;255m██[38;2;58;54;75m██[38;2;131;106;203m██[38;2;0;0;0m██    ██  ██[38;2;90;70;153m██[38;2;92;73;150m████[38;2;91;71;148m████[38;2;65;64;65m██[38;2;91;71;148m██[38;2;92;73;150m████[38;2;70;84;50m██[38;2;0;1;8m██[38;2;126;105;197m████[38;2;126;103;195m████[38;2;0;0;0m██  
  ██[38;2;91;73;147m██[38;2;110;110;103m██[38;2;0;0;0m██            ██[38;2;246;250;245m██[38;2;255;255;255m████[38;2;58;54;75m██[38;2;151;145;165m██[38;2;87;70;135m██[38;2;0;0;0m██  ██[38;2;255;255;255m██[38;2;0;0;0m██  ██[38;2;92;73;150m████[38;2;91;71;148m██[38;2;65;64;65m██[38;2;91;71;148m████[38;2;92;73;150m████[38;2;70;84;50m██[38;2;144;170;93m██[38;2;126;105;197m████[38;2;126;103;195m██[38;2;0;0;0m██    
██[38;2;91;71;148m██[38;2;65;64;65m██[38;2;108;147;59m████[38;2;1;4;0m████      [38;2;0;0;0m██[38;2;255;255;255m████████[38;2;65;68;65m██[38;2;117;94;196m██[38;2;65;64;65m████[38;2;0;0;0m██[38;2;255;255;255m████[38;2;180;171;174m██[38;2;0;0;0m██  ██[38;2;65;64;65m████████[38;2;100;84;152m██[38;2;65;64;65m████[38;2;141;187;86m████[38;2;123;140;98m██[38;2;148;133;193m██[38;2;0;0;0m██      
██[38;2;91;71;148m████[38;2;85;113;53m██[38;2;108;147;59m██[38;2;51;43;73m██[38;2;98;82;146m██[38;2;0;0;0m██    ██[38;2;180;171;174m██[38;2;255;255;255m████[38;2;65;64;65m██[38;2;100;85;152m██[38;2;65;68;65m██[38;2;180;172;171m████[38;2;255;255;255m████[38;2;180;171;174m████[38;2;0;0;0m██    ██[38;2;126;103;197m████[38;2;117;94;196m██[38;2;65;64;65m██[38;2;141;187;86m████████[38;2;123;140;98m██[38;2;104;143;51m██[38;2;65;64;65m██[38;2;0;0;0m████  
  [38;2;1;8;0m██[38;2;92;75;147m██[38;2;107;147;59m██[38;2;65;64;65m██[38;2;92;73;150m████[38;2;97;81;143m██[38;2;1;8;0m██  [38;2;0;0;0m██[38;2;180;172;171m████[38;2;65;64;65m████[38;2;109;110;94m██[38;2;64;54;77m██[38;2;68;69;56m██[38;2;178;192;153m██[38;2;180;171;174m████[38;2;180;172;171m██[38;2;0;0;0m██        [38;2;10;12;0m██[38;2;54;45;66m██[38;2;126;103;197m████[38;2;65;64;65m██[38;2;141;187;86m██[38;2;141;186;83m██[38;2;88;111;53m██[38;2;108;161;41m██[38;2;145;128;193m██[38;2;126;105;197m████[38;2;126;103;195m██[38;2;0;0;0m██
██[38;2;92;75;147m██[38;2;49;42;73m██[38;2;107;147;59m██[38;2;65;64;65m██[38;2;92;73;150m████[38;2;50;44;71m██      [38;2;1;4;0m██[38;2;60;59;57m██[38;2;141;187;86m██[38;2;65;64;65m██[38;2;64;54;77m██[38;2;147;164;111m██[38;2;142;151;121m██[38;2;68;69;56m██[38;2;180;171;174m████[38;2;60;58;57m██[38;2;0;0;0m██      ██[38;2;93;78;135m██[38;2;134;111;203m██[38;2;126;103;197m██[38;2;65;64;65m██[38;2;141;187;86m████[38;2;141;186;83m████[38;2;126;151;91m████[38;2;126;105;197m████[38;2;126;103;195m██[38;2;0;0;0m██
██[38;2;91;73;147m████[38;2;86;109;62m██[38;2;65;68;65m██[38;2;91;71;148m████[38;2;92;75;147m██[38;2;1;8;0m██  [38;2;0;0;0m██[38;2;141;187;86m████████[38;2;141;186;83m████[38;2;141;187;86m████[38;2;65;64;65m██[38;2;180;172;171m████[38;2;65;64;65m██[38;2;0;0;0m██    ██[38;2;126;105;197m████[38;2;157;148;165m██[38;2;68;73;56m██[38;2;141;187;86m████[38;2;141;186;83m██[38;2;88;111;53m██[38;2;93;130;51m████[38;2;65;64;65m████[38;2;0;0;0m██  
  ██[38;2;91;73;147m██[38;2;106;150;59m████[38;2;65;64;65m██[38;2;91;71;148m██[38;2;92;75;147m██[38;2;49;42;73m██[38;2;0;0;0m██[38;2;138;185;83m██[38;2;141;187;86m██████[38;2;65;64;65m██[38;2;88;111;53m██[38;2;141;186;83m██[38;2;141;187;86m████[38;2;65;64;65m██[38;2;180;172;171m██████[38;2;0;0;0m██  ██[38;2;138;185;83m██[38;2;126;105;197m████[38;2;68;73;56m██[38;2;131;123;131m██[38;2;141;187;86m████[38;2;141;186;83m████[38;2;113;128;99m██[38;2;139;124;193m██[38;2;126;103;197m████[38;2;126;103;195m██[38;2;0;0;0m██
    [38;2;50;44;71m██[38;2;78;92;63m████[38;2;106;150;59m██[38;2;65;68;65m██[38;2;65;64;65m██[38;2;107;147;59m██[38;2;68;69;56m██[38;2;138;189;83m██[38;2;141;187;86m████[38;2;75;65;55m██[38;2;255;231;189m██[38;2;255;211;139m██[38;2;84;126;52m██[38;2;131;137;119m██[38;2;68;77;55m██[38;2;107;147;59m██[38;2;65;64;65m██[38;2;180;172;171m████[38;2;0;0;0m████[38;2;141;186;83m████[38;2;65;64;65m████[38;2;141;187;86m████████[38;2;88;111;53m████[38;2;120;119;117m██[38;2;147;135;181m██[38;2;126;103;197m████[38;2;126;103;195m██[38;2;0;0;0m██
  [38;2;1;8;0m██[38;2;97;81;143m██[38;2;90;70;153m██[38;2;78;92;63m██[38;2;86;109;62m██[38;2;106;150;59m██[38;2;107;147;59m██[38;2;65;64;65m██[38;2;138;189;83m██[38;2;91;109;65m██[38;2;141;187;86m██[38;2;65;64;65m██[38;2;255;231;189m██[38;2;167;149;120m██[38;2;255;211;139m██[38;2;149;162;78m██[38;2;68;77;55m██[38;2;255;253;246m██[38;2;65;64;65m████[38;2;180;172;171m██[38;2;0;0;0m██  ██[38;2;141;186;83m██[38;2;88;111;53m██[38;2;141;187;86m████████████[38;2;141;186;83m████[38;2;81;104;53m████[38;2;65;72;64m████[38;2;0;0;0m██  
  ██[38;2;90;70;153m██[38;2;73;54;136m██[38;2;104;139;51m██[38;2;85;113;53m██[38;2;108;147;59m██[38;2;107;112;91m██[38;2;68;77;55m██[38;2;131;137;119m██[38;2;68;77;55m██[38;2;138;189;83m██[38;2;65;62;56m██[38;2;197;159;102m██[38;2;255;205;131m██[38;2;195;189;170m██[38;2;75;65;55m██[38;2;255;255;255m██[38;2;233;235;247m██[38;2;65;64;65m████[38;2;180;172;171m██[38;2;0;0;0m██  ██[38;2;141;186;83m██[38;2;88;111;53m██[38;2;141;187;86m████████[38;2;141;186;83m██[38;2;88;111;53m██[38;2;141;186;83m████[38;2;126;105;197m████[38;2;126;103;195m██[38;2;0;0;0m██    
    ██[38;2;98;96;93m██[38;2;104;139;51m██[38;2;108;147;59m████[38;2;68;77;55m██[38;2;183;182;162m██[38;2;68;77;55m██[38;2;255;253;246m██[38;2;65;62;56m██[38;2;90;105;65m██[38;2;255;205;131m██[38;2;65;64;65m██[38;2;75;65;55m██[38;2;255;251;230m██[38;2;255;255;255m██[38;2;233;235;247m██[38;2;235;233;247m████[38;2;0;0;0m██  ██[38;2;138;185;83m██[38;2;88;111;53m██[38;2;141;186;83m██[38;2;141;187;86m████████[38;2;141;186;83m████[38;2;88;111;53m████[38;2;126;105;197m████[38;2;126;103;195m████[38;2;0;0;0m██  
      [38;2;1;8;0m██[38;2;49;42;73m██[38;2;85;113;53m██[38;2;108;147;59m██[38;2;65;64;65m██[38;2;177;174;180m██[38;2;255;255;255m██████[38;2;65;64;65m████[38;2;255;255;255m██[38;2;246;247;255m████[38;2;235;233;247m██[38;2;65;64;65m██████[38;2;92;75;147m██[38;2;1;8;0m██[38;2;141;186;83m████[38;2;88;111;53m██[38;2;141;186;83m██[38;2;141;187;86m████████[38;2;88;111;53m██[38;2;141;186;83m██████[38;2;65;64;65m██████[38;2;0;0;0m██    
    ██[38;2;92;75;147m████[38;2;108;147;59m████[38;2;65;64;65m██[38;2;234;229;238m██[38;2;233;235;247m██[38;2;255;255;255m██████████[38;2;246;247;255m██[38;2;65;64;65m██[38;2;235;233;247m████[38;2;65;64;65m██[38;2;107;147;59m██[38;2;92;75;147m██[38;2;49;42;73m██[38;2;141;186;83m██[38;2;88;111;53m██[38;2;141;186;83m████[38;2;141;187;86m████████[38;2;141;186;83m██[38;2;88;111;53m██[38;2;141;186;83m██[38;2;126;103;195m██[38;2;126;103;197m████[38;2;0;0;0m██      
      ████[38;2;109;146;69m████[38;2;107;147;59m██[38;2;65;64;65m██[38;2;235;233;247m████[38;2;230;238;229m██[38;2;60;69;47m██[38;2;235;233;247m████[38;2;65;68;65m██[38;2;106;150;59m██[38;2;65;64;65m████[38;2;107;147;59m████[38;2;65;64;65m██[38;2;141;187;86m██[38;2;141;186;83m██[38;2;88;111;53m██[38;2;141;187;86m████[38;2;141;186;83m██████[38;2;88;111;53m██[38;2;141;186;83m████[38;2;90;105;65m██[38;2;65;62;56m██[38;2;126;103;195m████[38;2;0;0;0m██      
          [38;2;4;0;8m██[38;2;58;72;38m██[38;2;107;147;59m████[38;2;65;64;65m██[38;2;235;233;247m██[38;2;60;69;47m██[38;2;118;126;108m██[38;2;65;64;65m████[38;2;106;150;59m██[38;2;86;109;62m██[38;2;107;147;59m██████[38;2;65;64;65m██[38;2;141;187;86m████[38;2;88;111;53m██[38;2;141;186;83m██[38;2;141;187;86m████[38;2;141;186;83m██[38;2;88;111;53m██[38;2;141;186;83m████[38;2;88;111;53m██[38;2;141;186;83m██[38;2;138;189;83m██[38;2;65;62;56m██[38;2;0;0;0m████        
          ██[38;2;112;147;59m██[38;2;106;150;59m██[38;2;86;109;62m██[38;2;107;147;59m██[38;2;65;64;65m██[38;2;107;147;59m██[38;2;65;64;65m██[38;2;106;150;59m██[38;2;86;109;62m██[38;2;85;113;53m██[38;2;108;147;59m██[38;2;107;147;59m████[38;2;141;187;86m████[38;2;138;185;83m██[38;2;83;111;47m██[38;2;141;187;86m████[38;2;141;186;83m██[38;2;88;111;53m██[38;2;141;186;83m████[38;2;91;122;55m██[38;2;138;185;83m██[38;2;147;164;111m██[38;2;64;54;77m██[38;2;51;43;73m██[38;2;1;4;0m██            
            [38;2;0;0;0m██[38;2;65;68;65m██[38;2;106;150;59m██[38;2;107;147;59m████████[38;2;65;68;65m██[38;2;106;150;59m██[38;2;85;113;53m██[38;2;108;147;59m██[38;2;65;64;65m████[38;2;141;187;86m████[38;2;138;185;83m██[38;2;110;148;65m██[38;2;141;187;86m████[38;2;141;186;83m████[38;2;88;111;53m██[38;2;141;186;83m██[38;2;138;185;83m██[38;2;0;0;0m██[38;2;64;54;77m██[38;2;109;110;94m██[38;2;98;82;146m██[38;2;1;4;0m██            
              [38;2;0;0;0m████[38;2;107;133;69m██[38;2;72;89;46m██[38;2;107;147;59m██[38;2;65;64;65m██[38;2;126;103;197m██[38;2;65;64;65m██████[38;2;126;105;197m████[38;2;68;73;56m██[38;2;131;123;131m██[38;2;141;187;86m████[38;2;141;186;83m████[38;2;91;109;65m██[38;2;138;189;83m██[38;2;145;184;92m██[38;2;75;92;50m██[38;2;0;0;0m██  ██[38;2;91;73;147m██[38;2;0;0;0m██              
                  ████[38;2;107;147;59m██[38;2;65;64;65m██[38;2;126;103;197m████████[38;2;126;105;197m████[38;2;157;148;165m██[38;2;68;73;56m██[38;2;141;187;86m████[38;2;88;111;53m██[38;2;141;186;83m██[38;2;138;189;83m██[38;2;68;69;56m██[38;2;75;92;50m██[38;2;4;0;8m██  [38;2;0;0;0m██[38;2;91;73;147m████[38;2;0;0;0m██              
                      ████[38;2;88;70;144m██[38;2;131;106;212m██[38;2;91;71;148m████[38;2;127;105;197m████[38;2;109;110;94m██[38;2;64;54;77m██[38;2;141;187;86m████[38;2;141;186;83m██[38;2;88;111;53m██[38;2;65;64;65m██[38;2;180;172;171m████[38;2;65;64;65m██[38;2;1;8;0m██[38;2;92;75;147m██[38;2;90;70;153m██[38;2;0;0;0m██                
                          [38;2;4;0;8m██[38;2;88;70;144m██[38;2;65;64;65m████[38;2;92;73;150m████[38;2;64;54;77m██[38;2;147;164;111m██[38;2;141;187;86m████[38;2;141;186;83m████[38;2;65;64;65m██[38;2;180;172;171m██████[38;2;49;42;73m██[38;2;92;75;147m██[38;2;0;0;0m██                  
                        ██[38;2;112;147;59m██[38;2;62;59;65m██[38;2;141;187;86m████[38;2;65;64;65m████[38;2;141;187;86m████[38;2;65;64;65m██[38;2;141;187;86m██[38;2;141;186;83m████[38;2;131;123;131m██[38;2;68;73;56m██[38;2;180;171;174m████[38;2;180;172;171m██[38;2;65;64;65m██[38;2;180;172;171m██[38;2;0;0;0m██                
                        ██[38;2;112;147;59m██[38;2;80;88;63m██[38;2;141;187;86m████████████[38;2;65;64;65m██[38;2;141;187;86m██[38;2;141;186;83m██[38;2;126;103;195m██[38;2;157;148;165m██[38;2;68;73;56m██[38;2;180;171;174m████[38;2;180;172;171m████[38;2;0;0;0m██                  
                        ██[38;2;107;147;59m██[38;2;65;64;65m██[38;2;116;148;68m██[38;2;141;190;74m██[38;2;170;71;97m████[38;2;169;168;87m██[38;2;83;62;70m██[38;2;141;187;86m████████[38;2;136;120;184m██[38;2;69;82;55m██[38;2;180;172;171m██[38;2;0;0;0m██████                    
                        ██[38;2;107;147;59m████[38;2;65;62;56m██[38;2;116;148;68m██[38;2;170;71;97m██[38;2;255;82;129m██[38;2;120;109;76m██[38;2;83;62;70m██[38;2;141;187;86m████████[38;2;97;95;98m██[38;2;69;82;55m██[38;2;0;0;0m██                          
                          ██[38;2;112;147;59m██[38;2;107;147;59m██[38;2;65;64;65m██[38;2;65;79;62m██[38;2;162;87;67m██[38;2;112;147;59m████[38;2;52;68;41m██[38;2;146;197;91m██[38;2;126;146;103m██[38;2;133;115;194m██[38;2;112;147;59m██[38;2;0;0;0m██                            
                            ██[38;2;107;147;59m████[38;2;112;84;65m██[38;2;65;79;62m██[38;2;0;0;0m████[38;2;5;3;17m██[38;2;99;132;66m██[38;2;113;160;58m████[38;2;0;0;0m██                              
                            ██[38;2;108;147;59m████[38;2;75;78;68m██[38;2;0;0;0m██      ██[38;2;108;147;59m████[38;2;0;0;0m██                              
                        ████[38;2;112;147;59m██[38;2;108;147;59m████[38;2;0;0;0m██        ██[38;2;108;147;59m████[38;2;112;147;59m██[38;2;0;0;0m██                            
                      [38;2;1;8;0m██[38;2;92;75;147m██[38;2;49;42;73m██[38;2;92;75;147m██[38;2;112;147;59m████[38;2;49;42;73m██[38;2;1;8;0m██      [38;2;0;0;0m██[38;2;141;187;86m████[38;2;138;185;83m██[38;2;115;145;74m██[38;2;0;0;0m██                          
                    ██[38;2;92;75;147m██[38;2;49;42;73m██[38;2;92;75;147m██[38;2;1;8;0m██[38;2;0;0;0m████[38;2;92;75;147m████[38;2;0;0;0m██  ██[38;2;138;185;83m██[38;2;65;64;65m██[38;2;141;187;86m██[38;2;65;62;56m██[38;2;138;185;83m██[38;2;0;0;0m██                          
                      ██████      ████    ██[38;2;65;64;65m██[38;2;134;111;203m██[38;2;54;45;66m██[38;2;134;111;203m██[38;2;54;45;66m██[38;2;131;106;203m██[38;2;0;0;0m██                        
                                            ██[38;2;93;78;135m██[38;2;10;12;0m██[38;2;93;78;135m██[38;2;10;12;0m██[38;2;87;70;135m██[38;2;0;0;0m██                        
                                              ██  ██  ██                          
[0m