          [38;2;0;0;0m██      ██                          
        ██[38;2;202;194;203m██[38;2;0;0;0m██  ██[38;2;230;115;65m██[38;2;0;0;0m██                        
        ██[38;2;249;249;249m██[38;2;0;0;0m██  ██[38;2;230;115;65m██[38;2;0;0;0m██  ██                    
        ██[38;2;255;255;255m██[38;2;202;194;203m██[38;2;0;0;0m██[38;2;168;155;170m██[38;2;230;115;65m██[38;2;0;0;0m████[38;2;202;194;203m██[38;2;0;0;0m██          ██  ██  
        ██[38;2;255;255;255m██[38;2;249;249;249m██[38;2;207;199;208m██[38;2;180;74;57m██[38;2;230;115;65m██[38;2;207;199;208m██[38;2;202;194;203m██[38;2;249;249;249m██[38;2;0;0;0m██        ██[38;2;202;194;203m██[38;2;0;0;0m██[38;2;202;194;203m██[38;2;0;0;0m██
        ██[38;2;249;249;249m████[38;2;168;155;170m██[38;2;230;115;65m██[38;2;180;74;57m██[38;2;207;199;208m██[38;2;255;255;255m██[38;2;249;249;249m██[38;2;0;0;0m██        ██[38;2;249;249;249m██[38;2;202;194;203m██[38;2;249;249;249m██[38;2;0;0;0m██
        ██[38;2;207;199;208m██[38;2;230;115;65m██[38;2;180;74;57m██[38;2;230;115;65m██[38;2;168;155;170m██[38;2;207;199;208m██[38;2;255;255;255m██[38;2;249;249;249m██[38;2;0;0;0m██          ██[38;2;249;249;249m████[38;2;0;0;0m██
        ██[38;2;249;249;249m██[38;2;168;155;170m██[38;2;230;115;65m████████[38;2;207;199;208m██[38;2;249;249;249m██[38;2;202;194;203m██[38;2;0;0;0m██        ██[38;2;230;115;65m████[38;2;0;0;0m██
      ██[38;2;230;115;65m████[38;2;168;155;170m██[38;2;230;115;65m██[38;2;168;155;170m██[38;2;207;199;208m████████[38;2;249;249;249m██[38;2;0;0;0m██        ██[38;2;249;249;249m██[38;2;0;0;0m██  
  ██████[38;2;93;92;101m██[38;2;230;115;65m████████████████[38;2;207;199;208m██[38;2;0;0;0m██      ██[38;2;180;74;57m████[38;2;0;0;0m██  
██[38;2;180;74;57m████[38;2;65;65;74m██[38;2;205;189;49m██[38;2;93;92;101m██[38;2;230;115;65m██████[38;2;93;92;101m██████[38;2;207;199;208m██[38;2;249;249;249m██[38;2;0;0;0m██      ██[38;2;207;199;208m██[38;2;0;0;0m██    
  ██[38;2;180;74;57m██[38;2;65;65;74m██[38;2;205;189;49m██[38;2;93;92;101m██[38;2;230;115;65m██[38;2;93;92;101m████[38;2;0;0;0m██[38;2;255;238;49m████[38;2;0;0;0m██[38;2;249;249;249m██[38;2;93;92;101m██[38;2;0;0;0m██████[38;2;207;199;208m██[38;2;168;155;170m██[38;2;0;0;0m██    
██[38;2;180;74;57m██████[38;2;65;65;74m██[38;2;98;98;98m████[38;2;0;0;0m██[38;2;255;238;49m██[38;2;180;74;57m██[38;2;255;238;49m████[38;2;0;0;0m██[38;2;249;249;249m██[38;2;93;92;101m██[38;2;249;249;249m██████[38;2;207;199;208m██[38;2;0;0;0m██      
  ████████[38;2;197;197;197m████[38;2;180;74;57m██[38;2;0;0;0m██[38;2;255;238;49m████[38;2;0;0;0m██[38;2;180;74;57m██[38;2;230;115;65m████[38;2;93;92;101m████[38;2;249;249;249m████[38;2;0;0;0m██      
          ██[38;2;230;115;65m████[38;2;180;74;57m██[38;2;0;0;0m████[38;2;180;74;57m██[38;2;230;115;65m██████████[38;2;93;92;101m██[38;2;230;115;65m██[38;2;0;0;0m██      
            ████[38;2;230;115;65m████████████[38;2;93;92;101m██████[38;2;230;115;65m████[38;2;0;0;0m██      
                ██[38;2;93;92;101m████████[38;2;230;115;65m████[38;2;93;92;101m██[38;2;180;74;57m██[38;2;230;115;65m████[38;2;180;74;57m██[38;2;0;0;0m██    
              ██[38;2;255;238;49m██[38;2;205;189;49m██[38;2;168;155;170m██[38;2;230;115;65m████[38;2;93;92;101m████[38;2;180;74;57m██[38;2;0;0;0m████[38;2;180;74;57m██[38;2;207;199;208m██[38;2;0;0;0m██    
              ██[38;2;230;115;65m██[38;2;255;238;49m██[38;2;207;199;208m██[38;2;230;115;65m██████[38;2;180;74;57m██[38;2;0;0;0m██    ██[38;2;207;199;208m██[38;2;0;0;0m██    
                ██[38;2;207;199;208m██[38;2;180;74;57m██[38;2;207;199;208m██[38;2;230;115;65m████[38;2;0;0;0m██    ██[38;2;180;74;57m████[38;2;0;0;0m██    
                ██[38;2;207;199;208m██[38;2;168;155;170m██[38;2;207;199;208m██[38;2;249;249;249m████[38;2;0;0;0m██      ████      
              ██[38;2;180;74;57m████[38;2;168;155;170m██[38;2;207;199;208m██[38;2;249;249;249m████[38;2;0;0;0m██                
                ██████[38;2;230;115;65m████[38;2;0;0;0m██                  
                    ██████                    
[0m