                              [38;2;0;0;0m████                      
                  ██      ████[38;2;101;151;66m████[38;2;0;0;0m██████                
                ██[38;2;197;197;197m██[38;2;0;0;0m██  ██[38;2;78;118;67m██[38;2;101;151;66m██[38;2;78;118;67m██[38;2;101;151;66m████[38;2;78;118;67m██[38;2;101;151;66m██[38;2;0;0;0m██        ██    
                ██[38;2;197;197;197m██[38;2;0;0;0m████[38;2;78;118;67m████[38;2;101;151;66m██████████████[38;2;0;0;0m██    ██[38;2;123;182;96m██[38;2;0;0;0m██  
              ██[38;2;156;156;156m██[38;2;197;197;197m██[38;2;65;65;65m██[38;2;78;118;67m████[38;2;101;151;66m████████████[38;2;78;118;67m██████[38;2;0;0;0m████[38;2;101;151;66m██[38;2;123;182;96m██[38;2;0;0;0m██  
        ████  ██[38;2;101;151;66m██[38;2;197;197;197m██[38;2;65;65;65m████[38;2;101;151;66m██████████[38;2;78;118;67m████[38;2;101;151;66m████[38;2;78;118;67m██[38;2;65;65;65m██[38;2;123;182;96m████[38;2;101;151;66m██[38;2;152;165;57m██[38;2;0;0;0m██
        ██[38;2;197;197;197m██[38;2;0;0;0m██[38;2;65;65;65m██[38;2;101;151;66m██████[38;2;65;65;65m██[38;2;101;151;66m██[38;2;78;118;67m██[38;2;101;151;66m████[38;2;78;118;67m██[38;2;101;151;66m████████████[38;2;65;65;65m██[38;2;123;182;96m████[38;2;152;165;57m██[38;2;0;0;0m██
        ██[38;2;197;197;197m██[38;2;156;156;156m██[38;2;65;65;65m██[38;2;101;151;66m██[38;2;78;118;67m████[38;2;123;182;96m██[38;2;65;65;65m██[38;2;101;151;66m████[38;2;78;118;67m██████[38;2;101;151;66m██████████[38;2;65;65;65m██[38;2;101;151;66m██[38;2;152;165;57m████[38;2;0;0;0m██
          ██[38;2;156;156;156m██[38;2;65;65;65m██[38;2;78;118;67m████[38;2;123;182;96m██████[38;2;65;65;65m██████[38;2;78;118;67m██████[38;2;101;151;66m██[38;2;78;118;67m██[38;2;101;151;66m██[38;2;65;65;65m████[38;2;123;182;96m██[38;2;152;165;57m██[38;2;0;0;0m██  
      ████[38;2;101;151;66m██[38;2;78;118;67m██[38;2;197;197;197m██████[38;2;78;118;67m██[38;2;123;182;96m████[38;2;152;165;57m██[38;2;175;199;71m████[38;2;65;65;65m██████[38;2;78;118;67m████[38;2;65;65;65m██[38;2;156;156;156m██[38;2;65;65;65m██[38;2;152;165;57m████[38;2;0;0;0m██  
    ██[38;2;197;197;197m██[38;2;101;151;66m████[38;2;197;197;197m██████████[38;2;78;118;67m██[38;2;123;182;96m████[38;2;152;165;57m████[38;2;175;199;71m████[38;2;101;151;66m██[38;2;65;65;65m████[38;2;156;156;156m██[38;2;65;65;65m██[38;2;123;182;96m██[38;2;152;165;57m██[38;2;0;0;0m██    
    ██[38;2;197;197;197m████[38;2;156;156;156m██[38;2;197;197;197m████████[38;2;78;118;67m██[38;2;123;182;96m██████████[38;2;101;151;66m████[38;2;197;197;197m██[38;2;156;156;156m████[38;2;65;65;65m██[38;2;123;182;96m██[38;2;65;65;65m████[38;2;0;0;0m██    
      ██[38;2;197;197;197m████████[38;2;78;118;67m████[38;2;101;151;66m████████████[38;2;197;197;197m████████[38;2;65;65;65m██[38;2;123;182;96m██[38;2;65;65;65m██[38;2;152;165;57m██[38;2;0;0;0m██      
  ██████[38;2;65;65;65m████[38;2;197;197;197m████████████████████████[38;2;65;65;65m████[38;2;123;182;96m██[38;2;65;65;65m██[38;2;152;165;57m██████[38;2;0;0;0m██    
██[38;2;156;156;156m██████[38;2;65;65;65m██[38;2;123;182;96m██[38;2;65;65;65m████████[38;2;197;197;197m██████████[38;2;65;65;65m██████[38;2;123;182;96m██[38;2;101;151;66m██[38;2;123;182;96m██[38;2;65;65;65m██[38;2;152;165;57m██████[38;2;0;0;0m██    
  ██[38;2;156;156;156m██[38;2;65;65;65m██[38;2;101;151;66m██████[38;2;123;182;96m████[38;2;101;151;66m██[38;2;65;65;65m██████████[38;2;123;182;96m██[38;2;101;151;66m██[38;2;123;182;96m████[38;2;101;151;66m██[38;2;65;65;65m██[38;2;152;165;57m██[38;2;113;129;51m██[38;2;152;165;57m██[38;2;113;129;51m██[38;2;0;0;0m██    
    ██[38;2;65;65;65m██[38;2;123;182;96m██████[38;2;101;151;66m██[38;2;230;115;41m██[38;2;255;255;255m██[38;2;123;182;96m██[38;2;65;65;65m██[38;2;197;197;197m████[38;2;65;65;65m████[38;2;175;199;71m████[38;2;65;65;65m██[38;2;113;129;51m██[38;2;65;65;65m██[38;2;113;129;51m██[38;2;197;197;197m██[38;2;113;129;51m██[38;2;197;197;197m██[38;2;0;0;0m██    
      ██[38;2;65;65;65m████[38;2;101;151;66m██[38;2;255;255;255m██[38;2;0;0;0m██[38;2;255;255;255m██[38;2;65;65;65m██[38;2;197;197;197m██████████[38;2;65;65;65m██[38;2;175;199;71m██[38;2;65;65;65m██[38;2;152;165;57m██[38;2;0;0;0m██[38;2;113;129;51m██[38;2;197;197;197m██[38;2;113;129;51m██[38;2;0;0;0m██      
      ██[38;2;65;65;65m██████[38;2;175;199;71m██████[38;2;101;151;66m██[38;2;65;65;65m██[38;2;156;156;156m████[38;2;65;65;65m████[38;2;175;199;71m██████[38;2;0;0;0m██  ██████        
        ██[38;2;65;65;65m██[38;2;0;0;0m██[38;2;101;151;66m██[38;2;175;199;71m██[38;2;101;151;66m██[38;2;0;0;0m██████[38;2;65;65;65m██[38;2;175;199;71m██[38;2;152;165;57m████[38;2;175;199;71m██[38;2;152;165;57m██[38;2;0;0;0m██                
          ██  ██████    ██[38;2;197;197;197m██[38;2;152;165;57m██[38;2;255;255;255m██[38;2;152;165;57m████[38;2;255;255;255m██[38;2;0;0;0m██                
                          ████[38;2;255;255;255m████[38;2;152;165;57m██[38;2;0;0;0m██                  
                              ██████                    
[0m