                [38;2;0;0;0m████                      
              ██[38;2;66;178;189m████[38;2;0;0;0m██████                
            ██[38;2;58;206;187m████[38;2;66;96;140m██[38;2;58;206;187m████[38;2;66;96;140m██[38;2;0;0;0m██              
            ██[38;2;58;206;187m██[38;2;74;137;165m██[38;2;58;206;187m████████[38;2;0;0;0m██              
          ██[38;2;255;173;82m██[38;2;58;206;187m██[38;2;74;137;165m██[38;2;58;206;187m██████[38;2;66;178;189m██[38;2;0;0;0m██              
  ████    ██[38;2;255;173;82m██[38;2;58;206;187m██[38;2;74;137;165m██[38;2;58;206;187m██[38;2;66;178;189m██[38;2;0;0;0m██[38;2;255;173;82m██[38;2;66;178;189m██[38;2;0;0;0m██            
██[38;2;66;178;189m██[38;2;0;0;0m██    ██[38;2;74;137;165m██[38;2;58;206;187m████[38;2;66;178;189m██[38;2;255;255;255m██[38;2;65;65;65m██[38;2;246;230;41m██[38;2;66;178;189m██[38;2;0;0;0m██            
██[38;2;74;137;165m██[38;2;66;96;140m██[38;2;0;0;0m████[38;2;58;206;187m████████[38;2;66;178;189m██[38;2;246;230;41m██[38;2;0;0;0m██[38;2;246;230;41m██[38;2;74;137;165m██[38;2;0;0;0m██            
██[38;2;65;65;65m██[38;2;74;137;165m████[38;2;65;65;65m██[38;2;58;206;187m████[38;2;66;178;189m██[38;2;58;206;187m██████[38;2;246;230;41m██[38;2;74;137;165m██[38;2;0;0;0m██      ████    
  ██████[38;2;74;137;165m██[38;2;65;65;65m██[38;2;58;206;187m██████[38;2;74;137;165m██[38;2;222;192;117m████[38;2;0;0;0m██      ██[38;2;58;206;187m██[38;2;65;65;65m██[38;2;0;0;0m██  
        ██████[38;2;74;137;165m████[38;2;222;192;117m██[38;2;192;162;87m██[38;2;74;137;165m██[38;2;0;0;0m██████[38;2;65;65;65m██[38;2;58;206;187m████[38;2;66;96;140m██[38;2;66;178;189m██[38;2;0;0;0m██
              ██[38;2;192;162;87m██[38;2;74;137;165m████[38;2;65;65;65m██[38;2;74;137;165m██[38;2;66;178;189m██[38;2;58;206;187m██████[38;2;66;96;140m██[38;2;0;0;0m████  
              ██[38;2;245;215;140m██[38;2;222;192;117m██[38;2;66;178;189m██[38;2;65;65;65m████[38;2;0;0;0m██████████      
            ██[38;2;192;162;87m██[38;2;245;215;140m████[38;2;222;192;117m██[38;2;66;178;189m██[38;2;0;0;0m██          ████  
            ██[38;2;245;215;140m████[38;2;222;192;117m██[38;2;192;162;87m██[38;2;66;178;189m██[38;2;65;65;65m██[38;2;0;0;0m██████████[38;2;222;67;65m██[38;2;157;54;49m██[38;2;0;0;0m██
            ██[38;2;192;162;87m████[38;2;222;192;117m██[38;2;192;162;87m██[38;2;66;178;189m██[38;2;65;65;65m████[38;2;157;54;49m████[38;2;222;67;65m██[38;2;157;54;49m████[38;2;222;67;65m██[38;2;0;0;0m██
          ██[38;2;65;65;65m████[38;2;222;192;117m██[38;2;192;162;87m██[38;2;66;178;189m██[38;2;66;96;140m██[38;2;74;137;165m██[38;2;0;0;0m████[38;2;157;54;49m████[38;2;222;67;65m████[38;2;0;0;0m██  
          ██[38;2;66;178;189m██[38;2;74;137;165m██[38;2;65;65;65m██[38;2;0;0;0m████[38;2;74;137;165m████[38;2;0;0;0m██  ████████    
            ██████  ██[38;2;74;137;165m██[38;2;66;178;189m██[38;2;74;137;165m██[38;2;0;0;0m██            
                    ██[38;2;58;206;187m██[38;2;65;65;65m██[38;2;58;206;187m██[38;2;0;0;0m██            
                      ██████              
[0m