                                                        [38;2;0;4;0m████                
                    ████              ██              ██[38;2;169;175;162m████[38;2;0;4;0m██              
                  ██[38;2;169;175;162m████[38;2;0;4;0m██      ██  ██[38;2;234;81;68m██[38;2;0;4;0m██  ██      ██[38;2;169;175;162m████[38;2;0;4;0m██                
                    ██[38;2;169;175;162m████[38;2;0;4;0m██  ██[38;2;218;222;214m██[38;2;0;4;0m██[38;2;234;81;68m██████[38;2;0;4;0m██[38;2;234;81;68m██[38;2;0;4;0m██    ██[38;2;169;175;162m████[38;2;0;4;0m██                
                      ██[38;2;170;177;163m██[38;2;0;8;0m██  [38;2;0;4;0m██[38;2;221;225;218m██[38;2;66;66;71m██[38;2;234;81;68m██████████[38;2;0;4;0m██      ██[38;2;218;222;214m██[38;2;169;175;162m██[38;2;0;4;0m██              
                      ██[38;2;170;177;163m██[38;2;150;21;10m██[38;2;0;4;0m██[38;2;169;175;162m██[38;2;166;173;159m██[38;2;66;66;71m██[38;2;234;81;68m██[38;2;192;51;39m████[38;2;234;81;68m██[38;2;0;4;0m██        ██[38;2;218;222;214m████[38;2;0;4;0m██              
                    ██[38;2;169;175;162m██[38;2;80;88;73m██[38;2;192;51;39m██[38;2;150;21;10m██[38;2;166;173;159m██[38;2;218;222;214m██[38;2;66;65;66m██[38;2;194;53;41m████[38;2;192;51;39m████[38;2;188;48;36m██[38;2;8;0;0m██  [38;2;0;4;0m██[38;2;0;8;8m██[38;2;222;226;218m██[38;2;162;169;154m██[38;2;221;225;218m██[38;2;0;4;0m██              
                    ██[38;2;169;175;162m██[38;2;170;177;163m██[38;2;80;88;73m██[38;2;66;66;71m██[38;2;221;225;218m██[38;2;218;222;214m████[38;2;66;65;66m██[38;2;194;53;41m██[38;2;192;51;39m████[38;2;150;21;10m████[38;2;0;4;0m██[38;2;218;222;214m██[38;2;163;170;156m████[38;2;221;225;218m██[38;2;0;4;8m██                
                    [38;2;0;4;0m██[38;2;169;175;162m██[38;2;170;177;163m██████[38;2;66;65;66m██[38;2;221;225;218m██[38;2;167;174;160m██[38;2;171;178;165m██[38;2;68;65;57m██[38;2;66;65;66m██[38;2;170;177;163m██[38;2;169;175;162m██[38;2;218;222;214m████████████[38;2;0;4;0m██                
                      ██[38;2;170;177;163m████████[38;2;71;66;76m██[38;2;167;174;160m██[38;2;126;135;117m██[38;2;171;178;165m██[38;2;170;177;163m████[38;2;169;175;162m████[38;2;218;222;214m████████[38;2;0;4;0m██                  
                        ████[38;2;173;179;166m██[38;2;68;63;63m██[38;2;74;60;66m████[38;2;66;65;66m██████[38;2;170;177;163m██[38;2;127;136;118m████[38;2;162;169;154m██[38;2;222;226;218m██[38;2;0;4;0m████                    
            ████            [38;2;0;8;8m██[38;2;68;63;63m██[38;2;133;89;211m██[38;2;186;142;255m██[38;2;140;94;224m██[38;2;66;65;66m████[38;2;170;177;163m██[38;2;169;175;162m████[38;2;0;4;0m████            ████        
            ██[38;2;169;175;162m██[38;2;0;4;0m██          ██[38;2;218;222;214m██[38;2;66;69;66m██[38;2;154;102;255m██[38;2;66;65;66m████[38;2;124;133;115m██[38;2;179;185;173m██[38;2;169;175;162m██[38;2;0;4;0m██              ██[38;2;218;222;214m██[38;2;0;4;0m██        
              ██[38;2;169;175;162m██[38;2;0;4;0m██      ██[38;2;218;222;214m████[38;2;115;76;181m██[38;2;66;69;66m██[38;2;66;65;66m██[38;2;129;138;120m██[38;2;216;220;212m██[38;2;124;133;115m██[38;2;169;175;162m██[38;2;0;4;0m██            ██[38;2;218;222;214m██[38;2;0;4;0m██          
          ██  ██[38;2;171;178;165m██[38;2;0;4;0m██        ██[38;2;218;222;214m██████████[38;2;219;223;215m██[38;2;131;140;122m██[38;2;169;175;162m████[38;2;0;4;0m██          [38;2;0;8;0m██[38;2;221;224;217m██[38;2;0;4;0m██          
    ██  ██[38;2;234;81;68m██[38;2;0;4;0m██[38;2;169;175;162m██[38;2;73;80;65m██[38;2;0;4;0m██        ██[38;2;218;222;214m██[38;2;66;65;66m████[38;2;218;222;214m██[38;2;66;65;66m██[38;2;66;60;57m██[38;2;219;223;215m██[38;2;0;4;0m████        ████[38;2;160;167;153m████[38;2;66;64;66m██[38;2;0;4;0m██        
  ██[38;2;231;79;66m██[38;2;8;0;0m██[38;2;188;48;36m██[38;2;237;83;69m██[38;2;227;77;63m██[38;2;66;65;66m██[38;2;247;89;75m██[38;2;0;8;8m██          [38;2;0;4;0m██[38;2;66;64;66m████[38;2;66;65;66m████[38;2;66;64;66m██[38;2;0;4;0m██          ██[38;2;234;81;68m██[38;2;66;65;66m██[38;2;234;81;68m██[38;2;66;65;66m██[38;2;234;81;68m████[38;2;0;4;0m██      
  ██[38;2;231;79;66m██[38;2;152;22;11m██[38;2;65;68;60m████[38;2;197;55;42m████[38;2;184;45;33m████[38;2;0;4;0m██          ██[38;2;66;64;66m██[38;2;66;65;66m████[38;2;66;64;66m████[38;2;0;4;0m██        ██[38;2;234;81;68m████████[38;2;196;54;41m██[38;2;234;81;68m████[38;2;0;4;0m████  
    [38;2;0;8;0m██[38;2;110;118;101m██[38;2;170;177;163m████[38;2;71;68;65m██[38;2;193;52;40m██[38;2;192;51;39m██[38;2;234;81;68m██[38;2;68;63;63m██[38;2;0;8;8m██[38;2;0;4;0m████  ██[38;2;218;222;214m██[38;2;66;65;66m██[38;2;218;222;214m██[38;2;66;65;66m██[38;2;221;224;217m██[38;2;166;173;159m██[38;2;66;60;54m██[38;2;0;8;16m██    [38;2;0;4;0m██[38;2;234;81;68m██[38;2;134;144;110m██[38;2;146;154;138m██[38;2;133;141;124m████[38;2;233;80;67m████[38;2;196;54;41m██████[38;2;0;4;0m██
  ██[38;2;110;118;101m██[38;2;174;181;167m██[38;2;170;177;163m████[38;2;71;68;65m████[38;2;192;51;39m████[38;2;68;63;63m██[38;2;173;179;166m██[38;2;169;175;162m████[38;2;0;4;0m██[38;2;66;64;66m██[38;2;218;222;214m████████[38;2;221;224;217m██[38;2;71;66;73m██[38;2;66;60;54m██[38;2;221;225;218m██[38;2;0;4;0m██████[38;2;234;81;68m██[38;2;93;101;85m██[38;2;219;223;215m██[38;2;218;221;213m████[38;2;133;141;124m████[38;2;196;54;41m██[38;2;234;81;68m██[38;2;0;4;0m██  
██[38;2;169;175;162m██[38;2;106;115;98m██[38;2;169;175;162m██[38;2;66;65;66m████[38;2;105;113;96m██[38;2;127;136;118m██[38;2;66;65;66m██[38;2;194;53;41m██[38;2;193;52;40m██[38;2;0;4;0m████████[38;2;66;64;66m██[38;2;167;174;160m██[38;2;221;225;218m██[38;2;218;222;214m████[38;2;170;177;163m██[38;2;66;65;66m██[38;2;163;170;156m██[38;2;222;226;218m██[38;2;218;222;214m████[38;2;98;106;90m████[38;2;218;222;214m██[38;2;169;175;162m██[38;2;218;222;214m██[38;2;169;175;162m████[38;2;218;222;214m██[38;2;0;16;0m██[38;2;175;38;27m██[38;2;196;54;41m██[38;2;0;4;0m██
██[38;2;169;175;162m████[38;2;66;65;57m██[38;2;98;106;90m████[38;2;169;175;162m████[38;2;66;65;66m██[38;2;194;53;41m██[38;2;0;4;0m██        ██[38;2;167;174;160m██[38;2;71;66;76m██[38;2;218;222;214m██[38;2;66;65;66m██[38;2;170;177;163m████[38;2;66;60;57m██[38;2;0;8;16m██[38;2;0;4;0m██[38;2;218;222;214m██[38;2;98;106;90m██[38;2;218;222;214m██████[38;2;169;175;162m██[38;2;218;222;214m████[38;2;169;175;162m██[38;2;224;228;221m██[38;2;0;16;0m██[38;2;196;54;41m██[38;2;0;4;0m██
  ██[38;2;169;175;162m██[38;2;0;4;0m██[38;2;169;175;162m██████[38;2;0;4;0m██████            [38;2;0;8;16m██[38;2;66;60;54m██[38;2;66;65;66m████████[38;2;0;4;0m██    ████[38;2;218;222;214m██[38;2;221;225;218m██[38;2;162;169;154m██[38;2;0;4;0m██[38;2;218;222;214m██████[38;2;127;136;118m██[38;2;169;175;162m██[38;2;0;4;0m██  
    ██  ██████                ██[38;2;221;225;218m██[38;2;66;60;54m██[38;2;218;222;214m██[38;2;66;65;66m████[38;2;170;177;163m██[38;2;127;136;118m██[38;2;0;4;0m██      ██[38;2;221;225;218m██[38;2;0;4;8m██  [38;2;0;4;0m██[38;2;218;222;214m████[38;2;127;136;118m██[38;2;169;175;162m██[38;2;0;4;0m██  
                          ████[38;2;131;140;122m██[38;2;218;222;214m██████[38;2;169;175;162m██[38;2;133;141;124m██[38;2;169;175;162m██[38;2;127;136;118m██[38;2;169;175;162m██[38;2;0;4;0m██      ██    ██[38;2;218;222;214m██[38;2;0;4;0m██[38;2;169;175;162m██[38;2;0;4;0m██    
                    ██████[38;2;195;201;190m██[38;2;197;202;191m██[38;2;131;140;122m██[38;2;218;222;214m██[38;2;169;175;162m██[38;2;218;222;214m██[38;2;169;175;162m████████[38;2;127;136;118m██[38;2;218;222;214m██[38;2;0;4;0m████          ██  ██      
                  ██[38;2;194;200;189m████[38;2;197;202;191m██[38;2;133;141;124m████[38;2;218;221;213m██[38;2;163;170;156m████[38;2;169;175;162m████[38;2;133;141;124m████[38;2;169;175;162m████[38;2;162;169;154m██[38;2;222;226;218m██[38;2;218;222;214m██[38;2;0;4;0m██                    
                  ██[38;2;194;200;189m██[38;2;0;4;0m██[38;2;133;141;124m██[38;2;218;221;213m██████[38;2;222;226;218m██[38;2;0;8;8m██[38;2;169;175;162m██[38;2;133;141;124m██[38;2;218;221;213m████[38;2;133;141;124m██[38;2;169;175;162m██[38;2;0;4;0m████[38;2;218;222;214m████[38;2;0;4;0m██                  
                    ██  ██[38;2;218;222;214m████[38;2;169;175;162m██[38;2;0;4;0m██  ████[38;2;218;222;214m████[38;2;115;124;106m██[38;2;0;8;0m██    [38;2;0;4;0m██[38;2;218;222;214m██[38;2;0;4;0m██                  
                          ██[38;2;169;175;162m████[38;2;0;4;0m██      ██[38;2;218;222;214m██[38;2;221;224;217m██[38;2;0;8;0m██      [38;2;0;4;0m██                    
                            ████        ██[38;2;218;222;214m██[38;2;127;136;118m██[38;2;0;4;0m██                            
                                          ████                              
[0m