                    [38;2;0;0;0m██                    
                  ██[38;2;75;104;144m██[38;2;0;0;0m██                  
                ██[38;2;75;104;144m████[38;2;0;0;0m██                  
                ██[38;2;75;104;144m██[38;2;52;75;104m██[38;2;0;0;0m██                  
                ██[38;2;75;104;144m██[38;2;65;65;65m██[38;2;0;0;0m██  ████████        
              ██[38;2;65;65;65m██[38;2;34;53;76m██[38;2;75;104;144m████[38;2;0;0;0m██[38;2;75;104;144m██████[38;2;0;0;0m██        
            ██[38;2;52;75;104m██[38;2;75;104;144m██[38;2;52;75;104m██[38;2;75;104;144m██[38;2;52;75;104m██[38;2;75;104;144m████[38;2;52;75;104m██[38;2;0;0;0m██          
    ████  ██[38;2;255;255;255m██[38;2;75;104;144m████[38;2;52;75;104m██[38;2;75;104;144m████[38;2;34;53;76m██[38;2;65;65;65m██[38;2;0;0;0m██            
████[38;2;148;159;103m████[38;2;0;0;0m██[38;2;255;255;255m██[38;2;0;0;0m██[38;2;75;104;144m██[38;2;52;75;104m██[38;2;75;104;144m████████[38;2;52;75;104m████[38;2;0;0;0m██          
██[38;2;148;159;103m████[38;2;65;65;65m██[38;2;52;75;104m██[38;2;255;255;255m████[38;2;75;104;144m██[38;2;52;75;104m██[38;2;75;104;144m██████████[38;2;52;75;104m██[38;2;0;0;0m██          
  ██[38;2;102;206;136m██[38;2;65;65;65m██[38;2;52;75;104m████[38;2;75;104;144m██[38;2;52;75;104m██[38;2;75;104;144m██████[38;2;255;255;255m██[38;2;189;189;189m██[38;2;75;104;144m██[38;2;52;75;104m████[38;2;0;0;0m██        
    ████[38;2;52;75;104m████[38;2;255;255;255m████[38;2;52;75;104m██[38;2;75;104;144m████[38;2;0;0;0m██[38;2;255;255;255m██[38;2;52;75;104m██████[38;2;0;0;0m██        
        ██[38;2;52;75;104m████[38;2;189;189;189m██[38;2;255;255;255m██[38;2;52;75;104m████[38;2;255;255;255m████[38;2;52;75;104m██[38;2;65;65;65m██[38;2;34;53;76m██[38;2;0;0;0m██        
          ██[38;2;65;65;65m██[38;2;52;75;104m████████████[38;2;65;65;65m██[38;2;112;123;67m██[38;2;102;206;136m████[38;2;0;0;0m████    
          ██[38;2;52;75;104m██[38;2;34;53;76m██[38;2;0;0;0m██[38;2;34;53;76m██[38;2;52;75;104m██████[38;2;65;65;65m██[38;2;148;159;103m██[38;2;112;123;67m██[38;2;148;159;103m██████[38;2;0;0;0m██  
            ████  ████[38;2;65;65;65m████[38;2;34;53;76m██[38;2;65;65;65m██[38;2;148;159;103m████[38;2;112;123;67m██[38;2;241;255;81m██[38;2;0;0;0m██  
                      ██[38;2;52;75;104m████[38;2;0;0;0m██████[38;2;148;159;103m██[38;2;112;123;67m████[38;2;0;0;0m██
                        ████      ██████  
[0m