                        [38;2;0;0;0m██████        
                    ████[38;2;82;90;82m████[38;2;0;0;0m██        
                ████[38;2;82;90;82m██████[38;2;0;0;0m██          
              ██[38;2;82;90;82m██████████[38;2;0;0;0m██          
            ██[38;2;82;90;82m██████████[38;2;0;0;0m██  ██████    
            ██[38;2;82;90;82m██[38;2;65;65;65m████[38;2;82;90;82m████[38;2;0;0;0m████[38;2;82;90;82m████[38;2;0;0;0m██    
          ██[38;2;65;65;65m████[38;2;255;255;255m██[38;2;82;90;82m██[38;2;65;65;65m██[38;2;82;90;82m████████[38;2;0;0;0m██      
          ██[38;2;255;255;255m████[38;2;82;90;82m██[38;2;229;200;81m████[38;2;65;65;65m██[38;2;82;90;82m████[38;2;0;0;0m██        
        ██[38;2;255;255;255m████[38;2;82;90;82m██[38;2;229;200;81m████[38;2;82;90;82m██[38;2;65;65;65m████[38;2;0;0;0m██          
        ██[38;2;156;81;175m██[38;2;255;255;255m████[38;2;0;0;0m██[38;2;51;185;82m██[38;2;255;255;255m██[38;2;65;65;65m██████[38;2;0;0;0m██        
      ██[38;2;156;81;175m██████[38;2;255;255;255m██[38;2;65;65;65m██[38;2;51;185;82m██[38;2;229;200;81m██[38;2;65;65;65m██[38;2;0;0;0m████          
    ██[38;2;243;66;128m████[38;2;156;81;175m████[38;2;0;0;0m██[38;2;229;200;81m████[38;2;205;28;90m██[38;2;0;0;0m██              
  ██[38;2;82;90;82m████[38;2;243;66;128m██[38;2;0;0;0m████  ██[38;2;205;28;90m████[38;2;0;0;0m██        ████  
██[38;2;82;90;82m██[38;2;0;0;0m██████      ██[38;2;243;66;128m████[38;2;0;0;0m██      ██[38;2;65;65;65m████[38;2;0;0;0m██
████          ██[38;2;255;255;255m██████[38;2;82;90;82m██[38;2;0;0;0m██  ██[38;2;65;65;65m████[38;2;0;0;0m████
            ██[38;2;255;255;255m██[38;2;229;200;81m██[38;2;255;255;255m██[38;2;65;65;65m██[38;2;82;90;82m████[38;2;0;0;0m██[38;2;65;65;65m████[38;2;0;0;0m████  
            ██[38;2;229;200;81m██████[38;2;65;65;65m██[38;2;82;90;82m██████[38;2;65;65;65m██[38;2;0;0;0m██      
              ██[38;2;82;90;82m██████[38;2;65;65;65m██[38;2;82;90;82m██████[38;2;0;0;0m██      
                ██[38;2;82;90;82m██████[38;2;65;65;65m████[38;2;0;0;0m██        
                  ██[38;2;65;65;65m████[38;2;82;115;115m██[38;2;0;0;0m██          
                ██[38;2;123;156;156m██[38;2;65;65;65m██[38;2;123;156;156m██[38;2;0;0;0m██            
                  ██████              
[0m