                                            [38;2;0;0;0m████                  
                                        ████[38;2;166;138;68m████[38;2;0;0;0m██                
                                  ██████[38;2;169;136;67m██[38;2;166;138;68m██████[38;2;0;0;0m██                
                          ████████[38;2;66;65;66m██[38;2;166;138;68m██████████[38;2;68;73;74m██[38;2;0;0;0m██                
                  ████████[38;2;132;100;93m████[38;2;165;121;90m████[38;2;66;65;66m████[38;2;166;138;68m████████████[38;2;0;0;0m██              
            ██████[38;2;166;138;68m████████[38;2;79;70;71m████[38;2;132;102;82m██[38;2;165;121;90m████[38;2;66;65;66m██[38;2;166;138;68m████████████[38;2;0;0;0m██              
          ██[38;2;187;160;49m████[38;2;90;77;38m██[38;2;166;138;68m████████[38;2;169;136;67m████[38;2;66;65;66m██[38;2;165;121;90m████[38;2;66;65;66m██[38;2;166;138;68m██████████[38;2;0;0;0m██                
        ██[38;2;187;160;49m██████[38;2;96;87;48m██[38;2;166;138;68m████████████[38;2;66;65;66m██[38;2;165;121;99m██[38;2;165;121;90m██[38;2;66;65;66m██████[38;2;166;138;68m████[38;2;68;73;74m██[38;2;0;0;0m██                
        ██[38;2;187;160;49m████[38;2;96;87;48m██[38;2;169;139;66m██[38;2;166;138;68m██████████[38;2;66;65;66m████[38;2;132;102;88m██[38;2;165;121;90m████[38;2;66;65;66m██[38;2;166;138;68m██████████[38;2;0;0;0m██              
        ██[38;2;187;160;49m██[38;2;57;59;57m██[38;2;74;65;66m██[38;2;171;139;67m██[38;2;165;136;70m████[38;2;99;73;74m██[38;2;169;136;67m██[38;2;165;136;70m████[38;2;166;138;68m██[38;2;66;65;66m██[38;2;167;121;90m████[38;2;66;65;66m██[38;2;166;138;68m██████████[38;2;0;0;0m██              
          ████[38;2;109;104;104m██[38;2;74;65;66m██[38;2;165;136;70m██[38;2;99;73;74m██[38;2;112;97;98m██[38;2;99;73;74m████[38;2;165;136;70m██[38;2;166;138;68m██[38;2;66;65;66m██[38;2;167;121;90m████[38;2;66;65;66m██[38;2;166;138;68m████████[38;2;66;65;66m██[38;2;0;0;0m██              
            ██[38;2;123;101;99m██[38;2;82;67;66m██[38;2;169;136;67m██[38;2;84;70;71m██[38;2;66;65;74m██[38;2;132;102;90m██[38;2;167;122;90m██[38;2;95;75;73m██[38;2;148;128;56m██[38;2;66;60;57m██[38;2;148;109;99m████[38;2;0;0;0m██████[38;2;169;136;67m██[38;2;166;138;68m████[38;2;0;0;0m██              
              ██[38;2;123;101;99m██[38;2;84;70;71m████[38;2;132;102;90m██[38;2;165;121;99m██[38;2;167;122;90m████[38;2;90;87;87m██[38;2;66;60;57m██[38;2;98;72;66m██[38;2;0;0;0m██      ██████                
            ██[38;2;167;122;90m████[38;2;66;65;66m██[38;2;165;121;90m██████████[38;2;167;122;90m██[38;2;95;75;73m██[38;2;148;130;90m██[38;2;0;0;0m██                            
            ██[38;2;95;75;73m██[38;2;167;122;90m██[38;2;132;102;82m██[38;2;165;121;90m████[38;2;66;65;66m████[38;2;165;121;90m██[38;2;95;75;73m██[38;2;167;122;90m██[38;2;148;130;90m████[38;2;0;0;0m██    ████              ████
            ██[38;2;66;65;66m██[38;2;132;99;94m██[38;2;66;65;66m████[38;2;66;64;66m██[38;2;106;82;45m██[38;2;99;87;82m██[38;2;165;125;99m██[38;2;94;74;73m██[38;2;165;121;90m██[38;2;134;117;84m██[38;2;156;134;90m██[38;2;68;62;63m██[38;2;0;4;8m██[38;2;0;0;0m██[38;2;126;132;104m██[38;2;140;113;115m██[38;2;0;0;0m██        [38;2;0;0;8m████[38;2;74;85;148m██[38;2;0;0;0m██
          ██[38;2;165;121;90m██[38;2;66;65;66m██[38;2;132;99;94m██[38;2;66;65;66m██[38;2;166;138;68m██[38;2;0;0;0m██[38;2;106;82;45m██[38;2;66;69;74m████[38;2;94;74;73m████[38;2;156;134;90m██[38;2;90;85;74m██[38;2;68;62;63m██[38;2;137;120;118m██[38;2;126;132;104m██[38;2;0;0;0m████      ████[38;2;178;158;89m██[38;2;76;85;142m██[38;2;0;0;0m██  
        ██[38;2;165;121;90m██████[38;2;66;65;66m██████████[38;2;165;121;90m██[38;2;131;99;96m██[38;2;167;122;90m██[38;2;95;75;73m██[38;2;88;77;74m██[38;2;66;65;66m██[38;2;140;113;115m██[38;2;0;0;0m████        ██[38;2;169;148;67m██[38;2;78;87;144m████[38;2;178;162;76m██[38;2;0;0;0m██  
      ██[38;2;127;99;94m██[38;2;131;99;96m████[38;2;165;121;90m████████████[38;2;131;99;96m██[38;2;165;121;90m██[38;2;167;122;90m████[38;2;66;65;66m██[38;2;132;101;90m██[38;2;0;0;0m██          ██[38;2;66;65;66m██[38;2;78;87;144m████[38;2;178;162;76m██[38;2;0;0;16m██    
      [38;2;0;0;0m██[38;2;123;101;99m██████[38;2;131;100;95m████████[38;2;132;99;94m██[38;2;99;73;74m██[38;2;167;122;90m████[38;2;165;121;99m██[38;2;66;65;66m████[38;2;132;99;94m██[38;2;132;100;93m██[38;2;0;0;0m██      ██[38;2;77;87;145m████[38;2;78;87;144m██[38;2;187;162;48m████[38;2;0;0;0m██    
      ██[38;2;82;67;66m████[38;2;0;0;0m██[38;2;131;100;95m████████[38;2;132;99;94m████[38;2;95;75;73m██[38;2;167;122;90m██[38;2;66;65;66m██[38;2;132;102;88m██[38;2;66;65;66m████[38;2;132;100;93m██[38;2;0;0;0m██    ██[38;2;169;148;67m██[38;2;77;87;145m████[38;2;187;162;48m████████[38;2;0;0;0m██  
  ████[38;2;143;133;86m████[38;2;0;0;0m██  ██[38;2;127;99;94m██[38;2;132;100;93m████[38;2;0;0;0m██[38;2;66;65;66m██████[38;2;74;60;66m██[38;2;123;146;90m██[38;2;132;102;82m██[38;2;66;65;66m████[38;2;169;136;67m██[38;2;0;0;0m████[38;2;66;65;66m████[38;2;92;88;57m██[38;2;187;163;60m██[38;2;187;160;49m████████[38;2;0;0;0m██  
██[38;2;165;121;90m████[38;2;0;0;0m████      ██[38;2;132;100;93m██[38;2;0;0;0m██  ██[38;2;66;65;66m██[38;2;132;99;94m██[38;2;106;117;82m██[38;2;123;146;90m██[38;2;165;121;90m████[38;2;66;65;66m██[38;2;95;80;43m██[38;2;165;135;70m██[38;2;68;71;74m██[38;2;94;97;94m████[38;2;57;60;90m██[38;2;187;163;60m██[38;2;187;160;49m████████[38;2;0;0;0m██  
  ████            ████  ██[38;2;98;84;41m██[38;2;66;65;66m████[38;2;165;121;90m██[38;2;66;65;66m████[38;2;101;80;37m██[38;2;169;136;67m██[38;2;101;80;37m██[38;2;169;136;67m██[38;2;66;65;66m██[38;2;94;97;94m██[38;2;82;77;109m██[38;2;57;73;74m██[38;2;137;123;57m██[38;2;178;162;76m██[38;2;168;163;98m██[38;2;0;0;16m██    
                      [38;2;0;0;0m██[38;2;98;84;41m██[38;2;66;65;66m██[38;2;98;84;41m██[38;2;66;65;66m██[38;2;165;121;90m██[38;2;66;65;66m██[38;2;166;138;68m██[38;2;169;136;67m██[38;2;101;80;37m██[38;2;169;136;67m██[38;2;101;80;37m██[38;2;66;65;66m██[38;2;94;97;94m██[38;2;82;77;109m██[38;2;132;85;181m██[38;2;57;60;99m██[38;2;87;86;66m██[38;2;91;91;67m████[38;2;0;0;0m██  
                      ██[38;2;106;82;45m██[38;2;66;65;66m██[38;2;98;84;41m██[38;2;95;80;43m██[38;2;66;65;66m██[38;2;169;136;67m██[38;2;101;80;37m██[38;2;165;136;69m██[38;2;106;82;45m██[38;2;165;135;70m██[38;2;68;71;74m██[38;2;95;97;95m████[38;2;76;81;115m████[38;2;66;65;66m██[38;2;0;0;0m██████    
                    ██[38;2;106;82;45m██[38;2;66;64;66m██[38;2;98;84;41m████[38;2;66;65;66m██[38;2;169;136;67m████[38;2;101;80;37m██[38;2;165;136;69m████[38;2;0;0;0m████[38;2;95;97;95m████[38;2;76;81;115m██[38;2;132;81;181m██[38;2;0;0;0m██          
                    ██[38;2;106;82;45m██[38;2;66;64;66m██[38;2;106;82;45m██[38;2;165;136;69m██[38;2;66;65;66m██[38;2;166;138;68m██[38;2;169;136;67m██[38;2;95;80;43m██[38;2;169;136;67m██[38;2;0;0;0m██    ██[38;2;94;97;94m██[38;2;79;82;95m██[38;2;74;81;123m██[38;2;0;0;0m██          
                      ██[38;2;66;64;66m██[38;2;165;136;69m████[38;2;66;65;66m██[38;2;166;138;68m██[38;2;66;65;66m████[38;2;0;0;0m██        ██[38;2;84;83;68m████[38;2;82;79;70m██[38;2;0;0;0m██        
                      ██[38;2;78;105;74m████[38;2;0;0;0m██[38;2;61;73;53m████[38;2;90;100;87m████[38;2;0;0;0m██          [38;2;8;20;0m██[38;2;140;101;170m██[38;2;82;79;68m██[38;2;0;0;0m██        
                ██████[38;2;78;105;74m████[38;2;0;0;0m██  [38;2;8;0;8m██[38;2;115;146;99m██[38;2;90;100;87m██[38;2;115;150;90m████[38;2;0;0;0m██      ██[38;2;74;60;85m████[38;2;82;79;68m██[38;2;0;0;0m██        
              ██[38;2;78;105;74m██[38;2;54;67;54m██[38;2;82;101;82m██[38;2;78;105;74m██[38;2;0;0;0m██      ██[38;2;115;150;90m████[38;2;0;0;0m██      ██[38;2;94;97;94m██[38;2;66;64;66m██[38;2;99;97;99m██[38;2;66;65;66m██[38;2;0;0;0m██        
                ████████      ██[38;2;66;65;66m██[38;2;78;105;73m████[38;2;115;150;90m██[38;2;0;0;0m██      ████████          
                            ██[38;2;115;154;99m██[38;2;76;102;66m██[38;2;115;150;90m██[38;2;0;0;0m████                          
                              ██████                              
[0m