                    [38;2;0;0;0m████                                
                  ██[38;2;227;210;107m██[38;2;0;0;0m██                                
                  ██[38;2;227;210;107m██[38;2;0;0;0m██                                
                ██[38;2;227;210;107m████[38;2;0;0;0m██                                
              ████[38;2;227;210;107m████[38;2;0;0;0m██  ██████                        
            ██[38;2;177;152;36m██[38;2;227;210;107m████[38;2;115;115;115m██[38;2;0;0;0m████[38;2;227;210;107m██████[38;2;0;0;0m██                      
████      ██[38;2;177;152;36m██[38;2;227;210;107m████████████[38;2;177;152;36m████[38;2;0;0;0m██          ████          
██[38;2;177;152;36m██[38;2;0;0;0m██      ██[38;2;227;210;107m████[38;2;65;65;65m████[38;2;177;152;36m████[38;2;227;210;107m██[38;2;0;0;0m██          ██[38;2;227;210;107m██[38;2;0;0;0m██          
  ██[38;2;177;152;36m██[38;2;0;0;0m██  ██[38;2;227;210;107m██[38;2;177;152;36m██[38;2;0;0;0m██[38;2;140;94;174m██[38;2;255;255;255m██[38;2;177;152;36m██[38;2;227;210;107m██████[38;2;0;0;0m██      ██[38;2;227;210;107m██[38;2;0;0;0m██            
  ██[38;2;177;152;36m██[38;2;0;0;0m██  ██[38;2;177;152;36m██[38;2;227;210;107m██████████████[38;2;0;0;0m██    ████[38;2;227;210;107m████[38;2;0;0;0m██            
    ██[38;2;177;152;36m██[38;2;0;0;0m██  ██[38;2;65;65;65m██████[38;2;227;210;107m██████████[38;2;0;0;0m████[38;2;227;210;107m██████[38;2;0;0;0m██              
    ██[38;2;177;152;36m████[38;2;0;0;0m██[38;2;177;152;36m██[38;2;227;210;107m██████[38;2;177;152;36m██[38;2;227;210;107m██[38;2;65;65;65m██████[38;2;227;210;107m████████[38;2;177;152;36m██[38;2;0;0;0m██              
      ██[38;2;177;152;36m████████[38;2;65;65;65m██[38;2;227;210;107m██[38;2;65;65;65m████[38;2;227;210;107m██████████[38;2;177;152;36m██[38;2;0;0;0m████    ████        
    ██[38;2;177;152;36m██[38;2;65;65;65m██[38;2;227;210;107m██[38;2;177;152;36m██[38;2;65;65;65m██████[38;2;227;210;107m████████[38;2;177;152;36m██[38;2;65;65;65m████[38;2;0;0;0m██    ████[38;2;227;210;107m████[38;2;0;0;0m██      
  ██[38;2;65;65;65m██[38;2;177;152;36m████[38;2;65;65;65m██[38;2;227;210;107m██[38;2;65;65;65m████[38;2;227;210;107m████████[38;2;177;152;36m██[38;2;65;65;65m██[38;2;177;152;36m████[38;2;65;65;65m██[38;2;0;0;0m████[38;2;177;152;36m██[38;2;227;210;107m██[38;2;0;0;0m████        
  ██[38;2;177;152;36m████[38;2;65;65;65m████[38;2;227;210;107m████████████[38;2;177;152;36m████[38;2;227;210;107m██[38;2;65;65;65m██[38;2;177;152;36m██████████[38;2;0;0;0m██            
    ██████[38;2;123;77;157m██[38;2;227;210;107m██████[38;2;65;65;65m████[38;2;227;210;107m██[38;2;65;65;65m██[38;2;227;210;107m████[38;2;177;152;36m██[38;2;65;65;65m██[38;2;177;152;36m██[38;2;65;65;65m████[38;2;0;0;0m██              
        ██[38;2;177;152;36m██[38;2;227;210;107m████[38;2;65;65;65m██[38;2;140;94;174m██[38;2;65;65;65m██[38;2;227;210;107m██[38;2;65;65;65m██[38;2;227;210;107m██[38;2;177;152;36m██[38;2;227;210;107m██[38;2;65;65;65m██[38;2;177;152;36m██████[38;2;0;0;0m██████    ████  
      ██[38;2;65;65;65m██[38;2;177;152;36m████[38;2;227;210;107m██[38;2;65;65;65m████[38;2;227;210;107m██████[38;2;65;65;65m██[38;2;227;210;107m████[38;2;255;255;255m██[38;2;0;0;0m████[38;2;177;152;36m██[38;2;227;210;107m████[38;2;177;152;36m██[38;2;0;0;0m████[38;2;177;152;36m████[38;2;0;0;0m██
      ██[38;2;177;152;36m██████[38;2;65;65;65m██[38;2;177;152;36m██[38;2;227;210;107m██████████[38;2;65;65;65m██[38;2;255;255;255m██[38;2;0;0;0m██    ██[38;2;65;65;65m████[38;2;227;210;107m████[38;2;65;65;65m██[38;2;0;0;0m████  
        ██[38;2;177;152;36m██[38;2;65;65;65m██[38;2;140;94;174m██[38;2;65;65;65m████[38;2;227;210;107m████[38;2;177;152;36m██[38;2;227;210;107m██[38;2;65;65;65m██████[38;2;0;0;0m████[38;2;177;152;36m██████[38;2;65;65;65m████[38;2;0;0;0m██      
      ██[38;2;177;152;36m██[38;2;65;65;65m████[38;2;123;77;157m██████[38;2;65;65;65m██[38;2;227;210;107m██[38;2;65;65;65m██████[38;2;227;210;107m████[38;2;65;65;65m██[38;2;177;152;36m████████[38;2;65;65;65m██[38;2;177;152;36m██[38;2;65;65;65m██[38;2;0;0;0m██    
      ██[38;2;65;65;65m██[38;2;177;152;36m████[38;2;65;65;65m██[38;2;140;94;174m██[38;2;177;152;36m████[38;2;65;65;65m████[38;2;177;152;36m██[38;2;227;210;107m██████[38;2;177;152;36m██[38;2;65;65;65m██[38;2;177;152;36m████[38;2;0;0;0m██████[38;2;177;152;36m████[38;2;0;0;0m██  
        ██[38;2;65;65;65m████[38;2;177;152;36m██[38;2;65;65;65m██[38;2;0;0;0m██[38;2;177;152;36m████[38;2;65;65;65m██[38;2;227;210;107m████[38;2;177;152;36m████[38;2;227;210;107m██[38;2;0;0;0m██████      ████    
        ██[38;2;177;152;36m████[38;2;65;65;65m██[38;2;0;0;0m██  ██████[38;2;227;210;107m██[38;2;177;152;36m██[38;2;227;210;107m████[38;2;177;152;36m██[38;2;0;0;0m██                  
          ██████          ██[38;2;227;210;107m██████[38;2;0;0;0m██                    
                            ██[38;2;177;152;36m██████[38;2;0;0;0m██                  
                            ██[38;2;255;255;255m██[38;2;0;0;0m██[38;2;255;255;255m██[38;2;0;0;0m██                  
                              ██  ██                    
[0m