                          [38;2;0;0;0m████                                        
                      ████[38;2;214;204;139m██[38;2;0;0;0m██                                        
                  ████[38;2;214;204;139m████[38;2;0;0;0m██                                          
                ██[38;2;214;204;139m██[38;2;216;205;136m████[38;2;160;148;79m██[38;2;0;0;0m██                                          
              ██[38;2;214;204;139m████[38;2;216;205;136m████[38;2;0;0;0m██                                            
      ██    ██[38;2;214;204;139m██[38;2;216;205;136m████[38;2;214;204;139m██████[38;2;0;0;8m██[38;2;0;0;0m████                                      
    ██[38;2;160;148;79m██[38;2;0;0;0m████[38;2;214;204;139m████[38;2;216;205;136m████[38;2;214;204;139m██[38;2;93;95;98m██[38;2;107;102;73m██[38;2;214;204;139m██████[38;2;0;0;0m██      ████                          
    ██[38;2;160;148;79m██[38;2;109;106;77m██[38;2;220;208;128m██[38;2;216;205;136m████████[38;2;160;148;79m██[38;2;215;205;136m██[38;2;214;204;139m████[38;2;65;64;64m██[38;2;0;0;0m██    ████[38;2;214;204;139m██[38;2;0;0;0m██                          
    ██[38;2;160;148;79m██[38;2;146;139;94m██[38;2;220;208;128m██[38;2;216;205;136m████████[38;2;215;205;136m████[38;2;214;204;139m██[38;2;65;64;64m██[38;2;0;0;0m██  ████[38;2;214;204;139m████[38;2;0;0;0m██    ██████                  
      ██[38;2;216;205;136m████████[38;2;220;208;128m████[38;2;180;178;162m██[38;2;106;103;79m██[38;2;71;72;54m██[38;2;220;208;128m██[38;2;214;204;139m██[38;2;0;0;0m██[38;2;215;205;136m████[38;2;214;204;139m████[38;2;70;67;51m██[38;2;0;0;8m██[38;2;0;0;0m██[38;2;214;204;139m████[38;2;0;0;0m██                  
      ██[38;2;216;205;136m████████[38;2;146;138;91m██[38;2;71;72;54m██[38;2;28;24;0m██[38;2;255;254;246m██[38;2;146;138;91m██[38;2;220;208;128m██[38;2;214;204;139m████[38;2;160;148;79m██[38;2;215;205;136m██[38;2;65;64;64m████[38;2;214;204;139m████████[38;2;0;0;0m██                    
    [38;2;0;0;8m██[38;2;107;104;78m██[38;2;216;205;136m████[38;2;214;204;139m██[38;2;65;64;64m██[38;2;70;67;51m██[38;2;0;0;8m██[38;2;255;255;255m████[38;2;160;148;79m██[38;2;215;205;136m██[38;2;216;205;136m████[38;2;215;205;136m██[38;2;160;148;79m██[38;2;216;205;136m████[38;2;214;204;139m████[38;2;0;0;0m████                      
    [38;2;0;0;8m██[38;2;214;205;147m██[38;2;216;205;136m████[38;2;214;204;139m████████[38;2;217;206;133m████[38;2;215;205;136m████[38;2;216;205;136m████[38;2;215;205;136m████[38;2;216;205;136m████[38;2;214;204;139m██[38;2;0;0;0m██  ██████                  
      ██[38;2;207;197;130m██[38;2;138;131;87m██[38;2;220;208;128m██[38;2;99;103;88m██[38;2;96;97;93m████[38;2;99;103;88m██[38;2;220;208;128m██[38;2;216;205;136m████████████[38;2;160;148;79m██[38;2;215;205;136m██[38;2;65;64;64m████[38;2;0;0;0m██[38;2;214;204;139m██████[38;2;0;0;0m██                
        ██[38;2;138;131;87m██[38;2;99;103;88m██[38;2;142;136;100m██[38;2;160;148;79m████[38;2;142;136;100m██[38;2;99;103;88m██[38;2;216;205;136m████████████[38;2;215;205;136m██[38;2;160;148;79m██[38;2;214;204;139m████████[38;2;0;0;0m████                  
          ██[38;2;160;148;79m████[38;2;162;154;78m████[38;2;160;148;79m████[38;2;216;205;136m████████████[38;2;215;205;136m██[38;2;160;148;79m██[38;2;220;208;128m████[38;2;0;0;0m████                      
            ██[38;2;160;148;79m██[38;2;162;154;78m████[38;2;160;148;79m██[38;2;215;205;136m██[38;2;216;205;136m████████████[38;2;215;205;136m████[38;2;148;140;86m██[38;2;3;4;0m██                          
          [38;2;0;0;0m██[38;2;214;204;139m████[38;2;160;148;79m████[38;2;214;204;139m████[38;2;65;64;64m████[38;2;214;204;139m████[38;2;215;205;136m████[38;2;160;148;79m████[38;2;162;155;78m████[38;2;0;0;0m██████                    
        ██[38;2;160;148;79m██[38;2;65;64;64m██[38;2;214;204;139m██[38;2;215;205;136m████[38;2;214;204;139m██[38;2;65;64;64m██[38;2;96;97;93m████[38;2;65;64;64m██[38;2;214;204;139m██[38;2;215;205;136m██[38;2;160;148;79m██[38;2;215;205;136m████[38;2;65;64;64m██[38;2;162;155;78m██[38;2;160;148;79m██████[38;2;0;0;0m██                  
      ██[38;2;160;148;79m████[38;2;65;64;64m██[38;2;214;204;139m██[38;2;216;205;136m████[38;2;65;56;58m██[38;2;107;105;92m████[38;2;214;204;139m██████[38;2;160;148;79m██[38;2;215;205;136m██[38;2;216;205;136m████[38;2;228;213;125m██[38;2;69;75;54m██[38;2;162;155;78m██[38;2;65;64;64m██[38;2;0;0;0m██                    
    ██[38;2;160;148;79m██[38;2;109;106;77m██[38;2;74;60;73m██[38;2;214;204;139m████[38;2;216;205;136m████[38;2;214;204;139m██████[38;2;65;56;58m██[38;2;65;64;64m██[38;2;214;204;139m██[38;2;160;148;79m██[38;2;215;205;136m██[38;2;216;205;136m████[38;2;151;144;89m████[38;2;65;64;64m██[38;2;162;155;78m██[38;2;160;148;79m██[38;2;0;0;0m██                  
    ██[38;2;160;148;79m██[38;2;162;155;78m██[38;2;65;64;64m██[38;2;214;204;139m████████[38;2;216;205;136m████[38;2;65;56;58m██[38;2;107;105;92m██[38;2;93;95;98m██[38;2;214;204;139m██████[38;2;215;205;136m██[38;2;160;148;79m██[38;2;215;205;136m████[38;2;75;71;49m████[38;2;0;0;0m██                    
  ██[38;2;160;148;79m████[38;2;65;64;64m██[38;2;162;155;78m██[38;2;214;204;139m██[38;2;65;64;64m████[38;2;214;204;139m██[38;2;216;205;136m████[38;2;214;204;139m████████[38;2;65;64;64m██[38;2;214;204;139m██[38;2;160;148;79m██[38;2;215;205;136m██[38;2;160;148;79m████[38;2;154;148;89m██[38;2;8;0;2m██                      
[38;2;0;0;0m██[38;2;222;222;222m██[38;2;124;123;100m████[38;2;69;75;54m██[38;2;228;213;125m██[38;2;65;64;64m██[38;2;194;148;214m██[38;2;198;147;218m██[38;2;65;60;61m██[38;2;214;204;139m████[38;2;216;205;136m████████[38;2;214;204;139m██[38;2;65;64;64m██[38;2;220;208;128m██[38;2;146;138;91m██[38;2;216;205;136m████[38;2;225;212;127m██[38;2;0;0;8m██            [38;2;0;0;0m██        
  ██[38;2;223;228;210m██[38;2;71;67;45m██[38;2;151;144;89m████[38;2;65;64;64m██[38;2;156;116;170m██[38;2;161;115;173m████[38;2;65;64;64m██[38;2;214;204;139m██[38;2;216;205;136m████████[38;2;214;204;139m████[38;2;71;72;54m██[38;2;220;208;128m██[38;2;216;205;136m████[38;2;150;141;87m██[38;2;74;70;48m██[38;2;0;0;0m████      ██[38;2;214;204;139m██[38;2;0;0;0m██████  
    ██[38;2;65;64;64m██[38;2;154;148;89m██[38;2;75;71;49m██[38;2;162;155;78m██[38;2;65;64;64m██[38;2;201;156;217m████[38;2;198;147;218m██[38;2;65;60;61m██[38;2;74;60;73m██[38;2;216;205;136m██████[38;2;225;212;127m██[38;2;67;68;64m██[38;2;69;67;56m██[38;2;255;254;246m██[38;2;143;138;103m████[38;2;255;254;246m██[38;2;70;73;63m██[38;2;162;155;78m████[38;2;0;0;0m██████[38;2;214;204;139m██[38;2;228;213;125m██[38;2;69;75;54m██[38;2;161;154;84m████[38;2;0;0;0m██
        [38;2;8;0;2m██[38;2;75;71;49m██[38;2;162;155;78m██[38;2;65;64;64m██[38;2;164;107;170m████[38;2;161;115;173m████[38;2;159;131;157m██[38;2;74;60;73m██[38;2;216;205;136m████[38;2;67;68;64m██[38;2;147;140;96m██[38;2;131;130;119m██[38;2;69;67;56m██[38;2;253;255;246m██[38;2;87;79;33m██[38;2;70;73;63m██[38;2;164;163;155m██[38;2;65;64;64m██[38;2;162;155;78m██[38;2;150;141;85m██[38;2;225;212;127m██[38;2;214;204;139m████[38;2;151;144;89m████[38;2;77;79;47m██[38;2;0;0;8m██  
      [38;2;0;0;0m██[38;2;162;154;78m████[38;2;65;64;64m██[38;2;162;155;78m██[38;2;79;75;53m██[38;2;193;163;214m██[38;2;201;156;217m████[38;2;171;110;172m████[38;2;65;64;64m████[38;2;162;155;78m████[38;2;65;64;64m██[38;2;214;204;139m██[38;2;65;64;64m██[38;2;214;204;139m██[38;2;209;200;140m██[38;2;65;60;61m██[38;2;71;62;71m██[38;2;154;148;89m██[38;2;162;154;78m████████████[38;2;160;148;79m████[38;2;0;0;0m██
    ██[38;2;160;148;79m██[38;2;162;154;78m████[38;2;162;155;78m██[38;2;65;64;64m██[38;2;101;109;109m██[38;2;79;75;53m██[38;2;164;107;170m████[38;2;171;110;172m██[38;2;110;111;68m██[38;2;162;155;78m██████[38;2;65;64;64m██[38;2;214;204;139m████████[38;2;65;60;61m██[38;2;108;106;92m██[38;2;106;105;80m██[38;2;71;62;71m██[38;2;162;154;78m████████████[38;2;0;0;0m████  
    ██[38;2;160;148;79m██[38;2;65;64;64m████[38;2;162;155;78m████[38;2;65;64;64m██[38;2;162;155;78m██[38;2;78;58;82m██[38;2;164;113;162m██[38;2;103;112;68m██[38;2;164;156;78m██[38;2;162;154;78m████[38;2;162;155;78m██[38;2;65;64;64m██[38;2;215;205;136m████[38;2;216;205;136m████████[38;2;214;204;139m██[38;2;65;64;64m██[38;2;160;148;79m██████[38;2;0;0;0m██████      
      ██[38;2;162;155;78m████[38;2;65;64;64m██[38;2;162;155;78m████[38;2;65;64;64m██[38;2;78;58;82m██[38;2;3;4;0m██[38;2;164;156;78m████[38;2;162;154;78m████[38;2;65;64;64m██[38;2;162;155;78m██[38;2;160;148;79m██[38;2;215;205;136m██[38;2;216;205;136m████████[38;2;65;64;64m████[38;2;0;0;0m██████            
      ██[38;2;159;154;88m████[38;2;160;148;79m██[38;2;74;60;73m██[38;2;65;64;64m████[38;2;0;0;0m██  ██████████[38;2;160;148;79m██[38;2;162;155;78m██[38;2;65;64;64m██████[38;2;67;68;64m██[38;2;225;212;127m██[38;2;214;204;139m██[38;2;0;0;0m██                  
        [38;2;8;0;2m██[38;2;105;101;62m██[38;2;109;106;77m██[38;2;160;148;79m██[38;2;162;155;78m████[38;2;0;0;0m██          ██[38;2;160;148;79m██[38;2;65;64;64m██[38;2;162;155;78m██████[38;2;147;140;96m██[38;2;67;68;64m██[38;2;214;204;139m██[38;2;0;0;0m██                  
      ██[38;2;217;219;212m██[38;2;108;109;105m██[38;2;217;219;212m██[38;2;108;109;105m██[38;2;0;0;0m████              ████[38;2;225;212;127m██[38;2;160;148;79m██████[38;2;215;205;136m██[38;2;0;0;0m██                    
        ████████                    ██[38;2;150;141;85m██[38;2;215;205;136m██████[38;2;160;148;79m██[38;2;0;0;0m██                    
                                    ██[38;2;255;255;255m██[38;2;99;103;88m████[38;2;86;87;83m██[38;2;255;255;255m██[38;2;0;0;0m██                    
                                      ██[38;2;21;27;5m██[38;2;255;255;255m██[38;2;3;4;0m████                      
                                          [38;2;0;0;0m██                          
[0m