          [38;2;0;0;0m████            
      ████[38;2;225;226;199m████[38;2;0;0;0m████        
    ██[38;2;65;65;65m██[38;2;154;155;128m██[38;2;196;197;170m████[38;2;65;65;65m██[38;2;196;197;170m██[38;2;0;0;0m██      
  ██[38;2;225;226;199m██[38;2;196;197;170m██[38;2;65;65;65m██[38;2;196;197;170m████[38;2;154;155;128m██[38;2;196;197;170m██[38;2;0;0;0m██      
  ██[38;2;225;226;199m████[38;2;154;155;128m██[38;2;196;197;170m██[38;2;225;226;199m██████[38;2;196;197;170m██[38;2;0;0;0m██    
  ██[38;2;65;65;65m██[38;2;225;226;199m██████████████[38;2;0;0;0m██    
██[38;2;154;155;128m██[38;2;225;226;199m██[38;2;196;197;170m██[38;2;225;226;199m██████████[38;2;154;155;128m██[38;2;65;65;65m██    
[38;2;0;0;0m██[38;2;189;189;189m██[38;2;154;155;128m██[38;2;225;226;199m████[38;2;154;155;128m████[38;2;225;226;199m██[38;2;154;155;128m██[38;2;196;197;170m██[38;2;225;226;199m██[38;2;0;0;0m██  
██[38;2;255;255;255m██[38;2;0;0;0m██[38;2;225;226;199m██[38;2;154;155;128m██[38;2;185;50;0m██[38;2;255;255;255m██[38;2;196;197;170m██[38;2;65;65;65m██[38;2;225;226;199m██[38;2;196;197;170m██[38;2;0;0;0m██  
  ██[38;2;225;226;199m██████[38;2;0;0;0m██[38;2;255;255;255m██[38;2;196;197;170m██[38;2;65;65;65m██[38;2;196;197;170m██[38;2;154;155;128m██[38;2;0;0;0m██  
  ██[38;2;196;197;170m██[38;2;225;226;199m████[38;2;196;197;170m████████[38;2;0;0;0m████    
    ██[38;2;65;65;65m██[38;2;197;99;99m████[38;2;196;197;170m██[38;2;65;65;65m██[38;2;0;0;0m██        
      ██[38;2;65;65;65m██████[38;2;196;197;170m██[38;2;0;0;0m████      
  ████[38;2;65;65;65m██[38;2;154;155;128m██[38;2;65;65;65m██[38;2;225;226;199m██[38;2;196;197;170m██[38;2;225;226;199m████[38;2;0;0;0m██    
██[38;2;154;155;128m██████[38;2;65;65;65m██[38;2;255;255;255m██[38;2;225;226;199m████[38;2;65;65;65m██[38;2;225;226;199m████[38;2;0;0;0m██  
████[38;2;154;155;128m██[38;2;65;65;65m██[38;2;74;137;255m████[38;2;255;255;255m████[38;2;65;65;65m████[38;2;255;255;255m██[38;2;0;0;0m██  
    ██[38;2;65;65;65m██[38;2;34;98;217m██[38;2;74;137;255m██[38;2;34;98;217m██[38;2;74;137;255m████[38;2;65;65;65m██[38;2;225;226;199m████[38;2;0;0;0m██
  ██[38;2;34;98;217m████[38;2;0;0;0m██████[38;2;74;137;255m██[38;2;34;98;217m██[38;2;65;65;65m██[38;2;225;226;199m██[38;2;196;197;170m██[38;2;0;0;0m██
    ██████    ██[38;2;225;226;199m████[38;2;0;0;0m████  
            ██[38;2;74;137;255m████[38;2;34;98;217m██[38;2;0;0;0m██    
              ██████      
[0m