                                  [38;2;0;0;0m██    
                        ████    ██[38;2;122;122;122m██[38;2;0;0;0m████
                    ████[38;2;87;143;199m████[38;2;0;0;0m████[38;2;47;97;159m██[38;2;122;122;122m██[38;2;47;97;159m██[38;2;0;0;0m██
        ██    ██████[38;2;255;255;255m██[38;2;65;65;65m██[38;2;255;255;255m██[38;2;47;97;159m██[38;2;87;143;199m████[38;2;47;97;159m████[38;2;0;0;0m██  
      ██[38;2;122;122;122m██[38;2;0;0;0m████[38;2;47;97;159m██[38;2;87;143;199m████[38;2;47;97;159m██[38;2;165;165;165m██[38;2;255;255;255m██[38;2;165;165;165m██[38;2;47;97;159m██[38;2;87;143;199m████[38;2;47;97;159m██[38;2;0;0;0m██  
      ██[38;2;122;122;122m██[38;2;87;143;199m██[38;2;47;97;159m██[38;2;175;175;175m██[38;2;47;97;159m██[38;2;87;143;199m████[38;2;47;97;159m██[38;2;255;255;255m██[38;2;165;165;165m██[38;2;255;255;255m██[38;2;47;97;159m██[38;2;87;143;199m██[38;2;0;0;0m██    
    ██[38;2;122;122;122m██[38;2;47;97;159m██[38;2;87;143;199m██[38;2;47;97;159m██[38;2;175;175;175m██[38;2;47;97;159m████[38;2;87;143;199m████[38;2;47;97;159m██[38;2;255;255;255m████[38;2;47;97;159m██[38;2;87;143;199m████[38;2;0;0;0m██  
    ██[38;2;47;97;159m██[38;2;87;143;199m██[38;2;47;97;159m██[38;2;175;175;175m██[38;2;47;97;159m██[38;2;87;143;199m██[38;2;47;97;159m██[38;2;87;143;199m████[38;2;47;97;159m██[38;2;255;255;255m██[38;2;47;97;159m██[38;2;87;143;199m██████[38;2;0;0;0m██  
  ██[38;2;87;143;199m██████[38;2;47;97;159m████[38;2;87;143;199m██[38;2;165;165;165m██[38;2;65;65;65m██[38;2;47;97;159m██[38;2;87;143;199m████[38;2;47;97;159m██[38;2;197;197;197m██[38;2;47;97;159m██[38;2;87;143;199m████[38;2;0;0;0m██  
██[38;2;47;97;159m██[38;2;87;143;199m████[38;2;47;97;159m██[38;2;87;143;199m████[38;2;0;0;0m██[38;2;255;255;255m██[38;2;65;65;65m██[38;2;165;165;165m██[38;2;47;97;159m██[38;2;87;143;199m██[38;2;47;97;159m████[38;2;87;143;199m████[38;2;0;0;0m██    
██[38;2;87;143;199m██[38;2;47;97;159m████[38;2;87;143;199m████[38;2;255;255;255m██[38;2;0;0;0m██[38;2;255;255;255m██[38;2;65;65;65m██[38;2;165;165;165m██[38;2;65;65;65m██[38;2;87;143;199m██[38;2;0;0;0m██[38;2;87;143;199m████[38;2;47;97;159m████[38;2;0;0;0m██  
██[38;2;87;143;199m██████████[38;2;65;65;65m██[38;2;255;255;255m██[38;2;165;165;165m██[38;2;65;65;65m██[38;2;165;165;165m██[38;2;65;65;65m██[38;2;0;0;0m██[38;2;47;97;159m██[38;2;0;0;0m██[38;2;47;97;159m██████[38;2;0;0;0m██  
██[38;2;87;143;199m████[38;2;47;97;159m██[38;2;87;143;199m██████[38;2;65;65;65m████[38;2;165;165;165m████[38;2;0;0;0m██[38;2;165;165;165m██[38;2;0;0;0m████[38;2;47;97;159m██████[38;2;0;0;0m██  
  ██[38;2;87;143;199m██████[38;2;47;97;159m██[38;2;87;143;199m██[38;2;65;65;65m██[38;2;165;165;165m████[38;2;0;0;0m██  ██[38;2;255;255;255m██[38;2;47;97;159m██[38;2;87;143;199m██[38;2;47;97;159m████[38;2;0;0;0m██  
    ██[38;2;87;143;199m██[38;2;65;65;65m██[38;2;165;165;165m██[38;2;65;65;65m██[38;2;165;165;165m██████[38;2;0;0;0m██  ████[38;2;255;255;255m██[38;2;0;0;0m██[38;2;255;255;255m██[38;2;0;0;0m██    
      ████[38;2;165;165;165m██████[38;2;0;0;0m████      ████  ████    
          ██████                        
[0m