              [38;2;0;0;0m████                
            ██[38;2;113;172;255m██[38;2;67;133;225m██[38;2;0;0;0m██              
            ██[38;2;67;133;225m██[38;2;45;111;203m██[38;2;0;0;0m██              
  ████      ██[38;2;67;133;225m██[38;2;45;111;203m██[38;2;0;0;0m██              
██[38;2;113;172;255m██[38;2;67;133;225m██[38;2;0;0;0m██    ██[38;2;67;133;225m██[38;2;45;111;203m██[38;2;0;0;0m██              
██[38;2;67;133;225m██[38;2;45;111;203m██[38;2;0;0;0m██    ██[38;2;67;133;225m██[38;2;45;111;203m██[38;2;0;0;0m██        ████  
██[38;2;67;133;225m██[38;2;45;111;203m██[38;2;0;0;0m██    ██[38;2;67;133;225m██[38;2;45;111;203m██[38;2;0;0;0m██      ██[38;2;113;172;255m██[38;2;67;133;225m██[38;2;0;0;0m██
  ██[38;2;67;133;225m██[38;2;0;0;0m██  ██[38;2;20;86;178m██[38;2;67;133;225m████[38;2;0;0;0m████    ██[38;2;67;133;225m██[38;2;45;111;203m██[38;2;0;0;0m██
  ██[38;2;67;133;225m██[38;2;45;111;203m██[38;2;0;0;0m██[38;2;67;133;225m████[38;2;20;86;178m████[38;2;113;172;255m██[38;2;67;133;225m██[38;2;0;0;0m██  ██[38;2;67;133;225m██[38;2;45;111;203m██[38;2;0;0;0m██
    ██[38;2;45;111;203m██[38;2;0;0;0m██[38;2;45;111;203m██[38;2;169;204;255m██[38;2;234;242;255m██[38;2;169;204;255m██[38;2;20;86;178m██[38;2;113;172;255m██[38;2;20;86;178m██[38;2;0;0;0m██[38;2;20;86;178m██[38;2;67;133;225m██[38;2;45;111;203m██[38;2;0;0;0m██
      ██[38;2;45;111;203m██[38;2;169;204;255m██[38;2;234;242;255m██████[38;2;169;204;255m██[38;2;20;86;178m██[38;2;113;172;255m██[38;2;20;86;178m██[38;2;67;133;225m██[38;2;45;111;203m██[38;2;0;0;0m██  
      ██[38;2;45;111;203m██[38;2;234;242;255m██[38;2;65;65;65m██[38;2;132;132;132m██[38;2;234;242;255m████[38;2;20;86;178m██[38;2;113;172;255m██[38;2;20;86;178m██[38;2;0;0;0m████    
      ██[38;2;45;111;203m██[38;2;234;242;255m██[38;2;165;165;165m██[38;2;0;0;0m██[38;2;234;242;255m████[38;2;20;86;178m██[38;2;67;133;225m██[38;2;0;0;0m██        
        ██[38;2;234;242;255m██[38;2;0;0;0m██[38;2;65;65;65m██[38;2;234;242;255m████[38;2;20;86;178m██[38;2;67;133;225m██[38;2;0;0;0m██        
        ██[38;2;113;172;255m██[38;2;234;242;255m██████[38;2;169;204;255m██[38;2;20;86;178m██[38;2;0;0;0m██          
          ██[38;2;113;172;255m██[38;2;234;242;255m██[38;2;169;204;255m██[38;2;20;86;178m██[38;2;0;0;0m██            
            ████████              
[0m