                        [38;2;0;0;0m████████                              
                      ██[38;2;248;245;252m████[38;2;184;169;207m████[38;2;0;0;0m██        ██████              
                    ██[38;2;248;245;252m████████[38;2;0;0;0m██        ██[38;2;248;245;252m██████[38;2;0;0;0m██            
                    ██[38;2;184;169;207m██[38;2;248;245;252m████[38;2;0;0;0m██          ██[38;2;184;169;207m████[38;2;0;0;0m██              
                  ██[38;2;248;245;252m██████████[38;2;0;0;0m██      ██[38;2;248;245;252m██████[38;2;184;169;207m██[38;2;0;0;0m██    ██████  
                ██[38;2;184;169;207m██[38;2;248;245;252m██████████[38;2;0;0;0m██    ██[38;2;248;245;252m██████████[38;2;0;0;0m██  [38;2;0;0;8m██[38;2;101;89;165m██[38;2;154;141;245m██[38;2;110;96;158m██[38;2;0;0;0m██
              ██[38;2;248;245;252m████[38;2;187;172;210m████[38;2;248;245;252m████[38;2;184;169;207m██[38;2;248;245;252m██[38;2;0;0;0m██  ██[38;2;248;245;252m████████████[38;2;0;0;0m██[38;2;101;89;165m██[38;2;148;133;244m██[38;2;66;51;72m██[38;2;154;141;245m██[38;2;0;0;0m██
            ██[38;2;240;234;252m██[38;2;248;245;252m██████████████████[38;2;8;4;8m██[38;2;248;245;252m██[38;2;187;172;210m████[38;2;248;245;252m██████[38;2;108;92;200m██[38;2;157;149;246m██[38;2;108;92;200m████[38;2;148;133;244m██[38;2;101;89;165m██[38;2;0;0;0m██
          ██[38;2;239;247;239m██[38;2;178;163;201m██[38;2;248;245;252m██[38;2;167;152;190m██████[38;2;248;245;252m████████[38;2;90;87;90m██[38;2;248;245;252m████████████[38;2;104;91;196m██[38;2;157;149;246m██[38;2;108;92;200m██[38;2;157;149;246m██[38;2;108;92;200m██[38;2;101;89;165m██[38;2;0;0;8m██  
        [38;2;0;0;0m██[38;2;222;243;231m██[38;2;162;132;192m██[38;2;222;243;231m██[38;2;165;150;188m██[38;2;172;178;170m██[38;2;222;243;231m██[38;2;178;170;197m██[38;2;167;152;190m██[38;2;248;245;252m████[38;2;95;95;95m██[38;2;248;245;252m██████████████[38;2;113;67;178m██[38;2;157;149;246m████[38;2;104;91;196m██[38;2;0;0;0m████    
        ██[38;2;222;243;231m██[38;2;162;132;192m██[38;2;222;243;231m██[38;2;165;150;188m██[38;2;222;243;231m██[38;2;156;134;181m██[38;2;222;243;231m██[38;2;167;152;190m██[38;2;248;245;252m████[38;2;95;95;95m██[38;2;248;245;252m████████████████[38;2;111;67;178m████[38;2;0;0;0m██        
        [38;2;0;4;0m██[38;2;239;251;247m██[38;2;156;140;165m██[38;2;222;243;231m██[38;2;165;150;188m██[38;2;222;243;231m██[38;2;162;132;192m██[38;2;222;243;231m██[38;2;165;150;188m██[38;2;144;137;209m██[38;2;126;111;149m██[38;2;168;153;191m██[38;2;167;152;190m██[38;2;248;245;252m██████████████████[38;2;0;0;0m██        
      ██[38;2;243;237;252m██[38;2;180;165;203m██[38;2;222;243;231m██[38;2;156;140;165m██[38;2;188;173;211m██[38;2;222;243;231m██[38;2;162;132;192m██[38;2;222;243;231m██[38;2;165;150;188m██[38;2;145;133;244m██[38;2;126;111;149m██[38;2;248;245;252m████[38;2;167;152;190m██[38;2;248;245;252m████[38;2;167;152;190m████[38;2;248;245;252m██[38;2;145;121;218m██[38;2;156;148;246m██[38;2;248;245;252m██[38;2;0;0;0m██        
  ██[38;2;0;0;24m██[38;2;198;194;250m██[38;2;248;245;252m██[38;2;160;133;193m████[38;2;248;245;252m████[38;2;164;147;185m██[38;2;222;243;231m██[38;2;156;137;175m██[38;2;248;245;252m██[38;2;124;109;147m██[38;2;248;245;252m██████████[38;2;167;152;190m██[38;2;248;245;252m████[38;2;126;126;161m██[38;2;187;187;208m██[38;2;145;121;218m██[38;2;248;245;252m████[38;2;0;0;0m██      
██[38;2;157;149;246m██[38;2;198;194;250m██[38;2;108;97;135m██[38;2;248;245;252m██[38;2;160;133;193m██████[38;2;164;147;185m████[38;2;156;137;175m████[38;2;248;245;252m██████[38;2;160;133;193m████[38;2;248;245;252m██████████[38;2;246;243;252m████[38;2;248;245;252m██████[38;2;0;0;0m██      
  ██[38;2;198;194;250m██[38;2;108;97;135m██[38;2;248;245;252m████[38;2;160;133;193m██████████[38;2;248;245;252m████████[38;2;160;133;193m██[38;2;159;133;192m████████████[38;2;160;133;193m██[38;2;248;245;252m██████████[38;2;0;4;0m████  
    [38;2;0;0;24m██[38;2;198;194;250m██[38;2;248;245;252m██████████[38;2;160;133;193m██[38;2;248;245;252m████████████[38;2;159;133;192m████████████[38;2;248;245;252m██████[38;2;113;67;178m██[38;2;104;91;196m████[38;2;248;245;252m██[38;2;127;129;127m██[38;2;0;0;0m██
    ██[38;2;248;245;252m████████████████[38;2;132;110;228m██[38;2;173;158;236m██[38;2;248;245;252m██[38;2;157;149;246m██[38;2;143;120;217m██[38;2;248;245;252m████████████[38;2;143;120;217m██[38;2;157;149;246m██[38;2;109;67;178m██[38;2;111;94;201m██[38;2;157;149;246m████[38;2;113;67;178m██[38;2;248;245;252m██[38;2;0;0;0m██
      ██[38;2;248;245;252m██[38;2;226;211;249m██[38;2;104;91;196m██[38;2;248;245;252m████████[38;2;173;158;236m██[38;2;132;110;228m██[38;2;248;245;252m██[38;2;143;120;217m██[38;2;157;149;246m██[38;2;248;245;252m████████████[38;2;157;149;246m██[38;2;143;120;217m██[38;2;109;67;178m██[38;2;157;149;246m████[38;2;108;92;200m██[38;2;113;67;178m██[38;2;248;245;252m██[38;2;0;0;0m██
        ██[38;2;104;91;196m██[38;2;143;120;217m██[38;2;104;91;196m██[38;2;212;197;235m██[38;2;247;244;252m██[38;2;224;209;247m██[38;2;116;85;203m██[38;2;247;244;252m████[38;2;248;245;252m████[38;2;247;244;252m████[38;2;94;84;195m██[38;2;246;243;252m██[38;2;248;245;252m████[38;2;247;244;252m████[38;2;246;243;252m██[38;2;95;52;177m██[38;2;113;67;178m████[38;2;248;245;252m██[38;2;127;129;127m██[38;2;0;0;0m██
          ██[38;2;143;120;217m████[38;2;104;91;196m████[38;2;116;85;203m██[38;2;146;127;208m██[38;2;114;99;197m██[38;2;214;199;237m██[38;2;248;245;252m████[38;2;214;199;237m██[38;2;114;99;197m██[38;2;155;138;215m██[38;2;94;84;195m██[38;2;226;211;249m██[38;2;248;245;252m██[38;2;214;199;237m██[38;2;114;99;197m██[38;2;146;117;203m██[38;2;246;243;252m██[38;2;248;245;252m████[38;2;0;4;0m████  
            [38;2;0;0;0m████[38;2;135;108;212m████[38;2;141;119;216m████[38;2;143;120;217m██[38;2;104;91;196m████████[38;2;143;120;217m██[38;2;141;119;216m████[38;2;104;91;196m██████[38;2;143;120;217m████[38;2;104;91;196m████[38;2;0;0;0m██      
                ██[38;2;135;108;212m██[38;2;141;119;216m████[38;2;143;120;217m██[38;2;104;91;196m██[38;2;143;120;217m████[38;2;104;91;196m██[38;2;143;120;217m██[38;2;141;119;216m████[38;2;104;91;196m██[38;2;143;120;217m██████[38;2;104;91;196m██[38;2;143;120;217m██[38;2;0;0;0m██        
                ██[38;2;157;149;246m██[38;2;124;114;187m██[38;2;151;141;245m██[38;2;104;91;196m██[38;2;130;110;212m██[38;2;104;91;196m██[38;2;143;120;217m████[38;2;104;91;196m██[38;2;137;116;213m██[38;2;66;65;66m██[38;2;143;120;217m████[38;2;142;123;213m████[38;2;0;0;0m████          
                  ██[38;2;151;141;245m██[38;2;67;58;72m██[38;2;104;91;196m██[38;2;157;149;246m██[38;2;104;91;196m██[38;2;143;120;217m██████[38;2;66;65;66m██[38;2;137;116;213m██[38;2;104;91;196m██[38;2;143;120;217m██[38;2;49;63;74m██[38;2;16;4;0m██              
                  [38;2;0;0;0m██[38;2;157;149;246m██[38;2;0;0;0m██[38;2;157;149;246m██████[38;2;108;92;200m██[38;2;157;149;246m████[38;2;0;0;0m██[38;2;157;149;246m██[38;2;106;99;166m██[38;2;157;149;246m██[38;2;0;0;0m██                
                    ██  ██[38;2;157;149;246m██[38;2;108;92;200m██[38;2;157;149;246m████[38;2;0;0;0m██  ██[38;2;157;149;246m██[38;2;0;0;8m██                  
                        [38;2;0;0;0m██[38;2;104;91;196m██[38;2;157;149;246m████[38;2;0;0;0m██      ██                    
                          ██[38;2;108;92;200m██[38;2;157;149;246m██[38;2;0;0;0m██                            
                          ██[38;2;157;149;246m██[38;2;0;0;0m██                              
                            ██                                
[0m