              [38;2;0;0;0m██████      ██        
          ████[38;2;187;91;52m██████[38;2;0;0;0m██████[38;2;187;91;52m██[38;2;0;0;0m██  ██  
        ██[38;2;187;91;52m██[38;2;197;131;85m██[38;2;187;91;52m██████[38;2;65;65;65m██[38;2;92;150;0m██[38;2;64;102;1m██[38;2;187;91;52m██[38;2;0;0;0m████[38;2;187;91;52m██[38;2;0;0;0m██
  ██  ██[38;2;187;91;52m██████[38;2;0;0;0m██[38;2;187;91;52m██████[38;2;65;65;65m██[38;2;92;150;0m██[38;2;64;102;1m██[38;2;65;65;65m██[38;2;0;0;0m██[38;2;187;91;52m██[38;2;0;0;0m██
██[38;2;197;131;85m██[38;2;0;0;0m████[38;2;187;91;52m████[38;2;0;0;0m██[38;2;197;131;85m██[38;2;0;0;0m██[38;2;187;91;52m████[38;2;65;65;65m██[38;2;92;150;0m██[38;2;64;102;1m██[38;2;92;150;0m██[38;2;65;65;65m██[38;2;157;73;47m██[38;2;0;0;0m██
██[38;2;187;91;52m██[38;2;0;0;0m██[38;2;187;91;52m██████[38;2;0;0;0m██[38;2;187;91;52m██[38;2;0;0;0m██[38;2;187;91;52m████[38;2;65;65;65m██[38;2;92;150;0m██[38;2;64;102;1m██[38;2;92;150;0m██[38;2;65;65;65m██[38;2;0;0;0m██  
██[38;2;65;65;65m██[38;2;0;0;0m██[38;2;187;91;52m██[38;2;65;65;65m██[38;2;187;91;52m██[38;2;0;0;0m██[38;2;65;65;65m██[38;2;0;0;0m██[38;2;187;91;52m██████[38;2;65;65;65m██[38;2;92;150;0m██[38;2;64;102;1m██[38;2;157;73;47m██[38;2;0;0;0m██  
██[38;2;65;65;65m██[38;2;0;0;0m██[38;2;65;65;65m██████[38;2;0;0;0m██[38;2;65;65;65m██[38;2;0;0;0m██[38;2;187;91;52m████[38;2;65;65;65m████[38;2;92;150;0m██[38;2;64;102;1m██[38;2;157;73;47m██[38;2;0;0;0m██  
  ██[38;2;187;91;52m██[38;2;0;0;0m██[38;2;187;91;52m██[38;2;0;0;0m██[38;2;187;91;52m██[38;2;0;0;0m██[38;2;187;91;52m████[38;2;65;65;65m██[38;2;187;91;52m████[38;2;65;65;65m██[38;2;64;102;1m██[38;2;0;0;0m██    
  ██[38;2;65;65;65m██[38;2;187;91;52m██████[38;2;65;65;65m████[38;2;187;91;52m████[38;2;65;65;65m██[38;2;187;91;52m██[38;2;157;73;47m██[38;2;65;65;65m██[38;2;0;0;0m██      
  ██[38;2;214;115;41m██[38;2;187;91;52m████[38;2;65;65;65m██[38;2;187;91;52m██[38;2;214;115;41m██[38;2;65;65;65m██[38;2;157;73;47m██[38;2;65;65;65m██[38;2;157;73;47m██[38;2;65;65;65m████[38;2;0;0;0m██      
    ██[38;2;187;91;52m████[38;2;214;115;41m██[38;2;0;0;0m██[38;2;247;230;41m██[38;2;157;73;47m██[38;2;65;65;65m██[38;2;0;0;0m████[38;2;65;65;65m██[38;2;0;0;0m██        
    ████[38;2;187;91;52m██[38;2;65;65;65m██[38;2;0;0;0m████[38;2;65;65;65m██[38;2;0;0;0m██    ████        
        ████    ████                
[0m