                                    [38;2;0;0;0m██████████                                        
                                ████[38;2;255;204;0m██[38;2;255;241;166m████[38;2;255;204;0m████[38;2;0;0;0m██                                      
                        ████████[38;2;206;131;13m██[38;2;255;204;0m██████[38;2;65;65;65m████████[38;2;0;0;0m██      ████████                      
                      ██[38;2;255;204;0m████[38;2;255;241;166m██[38;2;255;204;0m████[38;2;206;131;13m██[38;2;255;204;0m██[38;2;65;65;65m██[38;2;255;213;82m██[38;2;148;106;49m██[38;2;255;213;82m██[38;2;148;106;49m██[38;2;255;213;82m██[38;2;0;0;0m██████[38;2;255;204;0m████[38;2;255;241;166m██[38;2;255;204;0m██[38;2;0;0;0m██████                
                  ████[38;2;255;204;0m████[38;2;255;241;166m██████[38;2;255;204;0m████[38;2;65;65;65m██[38;2;255;213;82m██[38;2;148;106;49m██[38;2;65;65;65m██████[38;2;148;106;49m██[38;2;255;213;82m██[38;2;65;65;65m██[38;2;255;204;0m████[38;2;255;241;166m██████[38;2;255;204;0m██████[38;2;0;0;0m██              
                ██[38;2;255;204;0m██[38;2;255;241;166m██[38;2;255;204;0m████████[38;2;206;131;13m██████[38;2;65;65;65m██[38;2;255;213;82m██[38;2;148;106;49m██[38;2;255;213;82m██[38;2;148;106;49m██[38;2;255;213;82m██[38;2;148;106;49m██[38;2;255;213;82m██[38;2;65;65;65m██[38;2;206;131;13m████[38;2;255;204;0m██████████[38;2;255;241;166m████[38;2;0;0;0m██            
                  ██[38;2;255;204;0m████[38;2;206;131;13m██████[38;2;255;204;0m████████[38;2;65;65;65m██[38;2;255;213;82m██████████[38;2;65;65;65m██[38;2;255;204;0m██████[38;2;206;131;13m██████[38;2;255;204;0m██████████[38;2;0;0;0m██          
                    ██[38;2;206;131;13m██[38;2;255;204;0m████████████████[38;2;65;65;65m██████████[38;2;206;131;13m██[38;2;255;204;0m████████████[38;2;206;131;13m████[38;2;255;204;0m██[38;2;0;0;0m████            
                  ██[38;2;255;204;0m████████████[38;2;255;241;166m████[38;2;255;204;0m██[38;2;65;65;65m██████[38;2;255;204;0m████████[38;2;206;131;13m████[38;2;255;204;0m██████[38;2;255;241;166m████[38;2;255;204;0m██[38;2;206;131;13m██[38;2;0;0;0m██              
              ████[38;2;255;204;0m████[38;2;255;241;166m████[38;2;255;204;0m████[38;2;255;241;166m████[38;2;0;0;0m██████[38;2;148;106;49m██[38;2;65;65;65m██[38;2;255;204;0m██[38;2;255;241;166m████[38;2;255;204;0m██████[38;2;206;131;13m████[38;2;255;204;0m████████████[38;2;0;0;0m██            
            ██[38;2;255;204;0m██████[38;2;255;241;166m██████[38;2;255;204;0m██████[38;2;0;0;0m██    ██[38;2;148;106;49m████[38;2;65;65;65m██[38;2;255;204;0m████████████[38;2;65;65;65m████[38;2;255;204;0m██████[38;2;255;241;166m██████[38;2;0;0;0m██          
              ██[38;2;255;204;0m██████████████[38;2;0;0;0m██    ██[38;2;164;148;65m██[38;2;148;106;49m██[38;2;164;148;65m██[38;2;65;65;65m██[38;2;255;204;0m████████[38;2;255;241;166m██████[38;2;65;65;65m██████[38;2;255;204;0m██[38;2;255;241;166m████[38;2;255;204;0m████[38;2;0;0;0m██        
                ████[38;2;255;204;0m████████[38;2;0;0;0m██      ██[38;2;148;106;49m██[38;2;164;148;65m██[38;2;148;106;49m██[38;2;65;65;65m██[38;2;255;204;0m██████████[38;2;255;241;166m████[38;2;255;204;0m██[38;2;65;65;65m██[38;2;29;125;45m██[38;2;65;65;65m██[38;2;255;204;0m██████[38;2;0;0;0m██          
                    ██[38;2;65;65;65m██[38;2;255;204;0m██[38;2;65;65;65m██[38;2;29;125;45m██[38;2;0;0;0m██████[38;2;65;65;65m██[38;2;148;106;49m████████[38;2;65;65;65m██[38;2;255;204;0m██[38;2;255;241;166m████[38;2;255;204;0m██████████[38;2;65;65;65m██[38;2;29;125;45m██[38;2;65;65;65m████[38;2;0;0;0m██            
                ████[38;2;29;125;45m████[38;2;65;65;65m██[38;2;29;125;45m██████████[38;2;65;65;65m████[38;2;164;148;65m██[38;2;148;106;49m██[38;2;164;148;65m██[38;2;65;65;65m██[38;2;255;204;0m██[38;2;255;241;166m██████[38;2;255;204;0m████████[38;2;65;65;65m██[38;2;29;125;45m████████[38;2;0;0;0m██          
            ████[38;2;29;125;45m████████████[38;2;65;65;65m██████[38;2;29;125;45m████[38;2;65;65;65m██[38;2;148;106;49m██[38;2;164;148;65m██[38;2;148;106;49m██[38;2;65;65;65m██[38;2;255;204;0m██[38;2;255;241;166m████[38;2;255;204;0m████████[38;2;65;65;65m██[38;2;29;125;45m████[38;2;0;0;0m██████            
          ██[38;2;29;125;45m████[38;2;65;65;65m████[38;2;29;125;45m██[38;2;65;65;65m██████[38;2;50;156;61m██████[38;2;65;65;65m████████[38;2;148;106;49m██████[38;2;65;65;65m██[38;2;255;204;0m████[38;2;65;65;65m██[38;2;255;204;0m██[38;2;65;65;65m████[38;2;50;156;61m██[38;2;65;65;65m██[38;2;0;0;0m██                  
            ██[38;2;65;65;65m██[38;2;106;160;1m████[38;2;65;65;65m██[38;2;136;227;68m████████[38;2;29;125;45m██████[38;2;50;156;61m██[38;2;65;65;65m████████████████[38;2;50;156;61m██[38;2;65;65;65m██[38;2;29;125;45m██[38;2;50;156;61m████[38;2;136;227;68m████[38;2;0;0;0m██████            
              ██[38;2;65;65;65m████[38;2;50;156;61m██████[38;2;29;125;45m████[38;2;136;227;68m████[38;2;50;156;61m████████[38;2;65;65;65m██████[38;2;50;156;61m████████████[38;2;29;125;45m████████[38;2;136;227;68m██████[38;2;0;0;0m██          
            ██[38;2;136;227;68m████████[38;2;29;125;45m████[38;2;136;227;68m██████████[38;2;29;125;45m██[38;2;50;156;61m██████[38;2;65;65;65m██[38;2;50;156;61m██████[38;2;29;125;45m██[38;2;50;156;61m████[38;2;136;227;68m████[38;2;50;156;61m██[38;2;136;227;68m████[38;2;29;125;45m████[38;2;136;227;68m████[38;2;0;0;0m████      
          ██[38;2;65;65;65m██[38;2;50;156;61m██████[38;2;29;125;45m██[38;2;136;227;68m████████[38;2;29;125;45m██[38;2;136;227;68m██████[38;2;29;125;45m██[38;2;50;156;61m██[38;2;65;65;65m██████[38;2;50;156;61m██[38;2;29;125;45m██[38;2;50;156;61m████[38;2;136;227;68m████[38;2;29;125;45m██[38;2;136;227;68m██████████[38;2;29;125;45m██[38;2;50;156;61m██[38;2;136;227;68m████[38;2;0;0;0m██    
        ██[38;2;65;65;65m██[38;2;136;227;68m██████[38;2;29;125;45m██[38;2;136;227;68m████████████[38;2;29;125;45m██[38;2;136;227;68m████[38;2;65;65;65m████[38;2;159;215;51m██████[38;2;65;65;65m██████[38;2;136;227;68m████[38;2;29;125;45m██[38;2;136;227;68m██████[38;2;50;156;61m██[38;2;136;227;68m██████████████[38;2;0;0;0m██  
      ██[38;2;136;227;68m████████████████████[38;2;50;156;61m██[38;2;136;227;68m████[38;2;29;125;45m██[38;2;65;65;65m██[38;2;159;215;51m██████[38;2;156;65;65m████[38;2;255;204;0m██[38;2;65;65;65m██[38;2;106;160;1m██[38;2;65;65;65m████████[38;2;136;227;68m██[38;2;50;156;61m██[38;2;136;227;68m██████[38;2;29;125;45m██[38;2;136;227;68m████████[38;2;0;0;0m██  
      ██[38;2;29;125;45m████[38;2;50;156;61m██[38;2;136;227;68m████████[38;2;29;125;45m██[38;2;136;227;68m██████[38;2;50;156;61m██[38;2;65;65;65m████[38;2;159;215;51m██████[38;2;156;65;65m██[38;2;255;204;0m██████[38;2;65;65;65m██[38;2;106;160;1m██████████[38;2;65;65;65m████[38;2;136;227;68m████[38;2;29;125;45m██[38;2;136;227;68m████[38;2;50;156;61m██[38;2;136;227;68m██[38;2;29;125;45m██[38;2;136;227;68m██[38;2;0;0;0m██
    ██[38;2;159;215;51m██[38;2;65;65;65m████[38;2;136;227;68m██████[38;2;29;125;45m██[38;2;136;227;68m████[38;2;29;125;45m██[38;2;136;227;68m██[38;2;65;65;65m████[38;2;159;215;51m██████████[38;2;255;204;0m██████[38;2;65;65;65m██[38;2;106;160;1m████████████████[38;2;65;65;65m████[38;2;29;125;45m██[38;2;136;227;68m████[38;2;50;156;61m██[38;2;136;227;68m██[38;2;29;125;45m██[38;2;65;65;65m██[38;2;0;0;0m██
    ██[38;2;159;215;51m████[38;2;65;65;65m██[38;2;136;227;68m████[38;2;65;65;65m████[38;2;136;227;68m████[38;2;65;65;65m████[38;2;159;215;51m██████████████[38;2;106;160;1m████[38;2;255;204;0m██[38;2;65;65;65m██[38;2;106;160;1m████████████████[38;2;159;215;51m██[38;2;106;160;1m██[38;2;65;65;65m████████[38;2;136;227;68m██[38;2;29;125;45m██[38;2;0;0;0m██  
  ██[38;2;159;215;51m████████[38;2;65;65;65m████[38;2;159;215;51m████[38;2;65;65;65m████[38;2;159;215;51m██████████████████████[38;2;65;65;65m██[38;2;106;160;1m████████████████[38;2;159;215;51m████████[38;2;106;160;1m████[38;2;65;65;65m██[38;2;0;0;0m████    
██[38;2;65;65;65m██[38;2;159;215;51m████████████████████████[38;2;106;160;1m████[38;2;159;215;51m██████████████[38;2;106;160;1m██████[38;2;159;215;51m████[38;2;106;160;1m████████[38;2;159;215;51m████████[38;2;106;160;1m██████[38;2;0;0;0m██      
██[38;2;65;65;65m██[38;2;159;215;51m██████████████████████[38;2;106;160;1m██[38;2;159;215;51m████████████████████[38;2;106;160;1m██[38;2;159;215;51m████████[38;2;106;160;1m██[38;2;65;65;65m██[38;2;106;160;1m██[38;2;66;99;1m██[38;2;159;215;51m████[38;2;106;160;1m████████[38;2;0;0;0m██      
██[38;2;66;99;1m██[38;2;65;65;65m██[38;2;159;215;51m██████████████████[38;2;106;160;1m██[38;2;159;215;51m████████[38;2;65;65;65m████[38;2;159;215;51m██████████[38;2;106;160;1m██[38;2;159;215;51m██████████[38;2;65;65;65m██[38;2;106;160;1m██[38;2;66;99;1m██[38;2;106;160;1m████████[38;2;159;215;51m██[38;2;66;99;1m██[38;2;0;0;0m██      
██[38;2;66;99;1m██[38;2;65;65;65m██[38;2;159;215;51m██████████████████[38;2;106;160;1m██[38;2;159;215;51m████[38;2;65;65;65m██[38;2;0;0;0m██[38;2;255;255;255m████[38;2;106;160;1m██[38;2;159;215;51m██████[38;2;106;160;1m██[38;2;65;65;65m██[38;2;159;215;51m████████[38;2;106;160;1m████[38;2;65;65;65m██[38;2;66;99;1m██[38;2;106;160;1m████████████[38;2;0;0;0m██      
██[38;2;66;99;1m██[38;2;65;65;65m██[38;2;159;215;51m██████████████████████[38;2;65;65;65m██[38;2;206;131;13m██[38;2;255;204;0m██[38;2;255;255;255m████[38;2;106;160;1m██[38;2;159;215;51m██[38;2;106;160;1m██████[38;2;65;65;65m██[38;2;106;160;1m██[38;2;159;215;51m████[38;2;106;160;1m██████[38;2;65;65;65m██[38;2;0;0;0m██[38;2;106;160;1m████[38;2;66;99;1m██[38;2;106;160;1m██[38;2;66;99;1m██[38;2;0;0;0m██        
  ██[38;2;189;189;197m██[38;2;65;65;65m██[38;2;159;215;51m██████████████████[38;2;65;65;65m██[38;2;255;255;255m████████[38;2;106;160;1m██████████[38;2;65;65;65m██[38;2;106;160;1m██████████[38;2;159;215;51m██[38;2;66;99;1m██[38;2;0;0;0m██  ██[38;2;66;99;1m██[38;2;189;189;197m██[38;2;66;99;1m██[38;2;189;189;197m██[38;2;0;0;0m██        
    ████[38;2;159;215;51m████████████████████[38;2;106;160;1m████████████████[38;2;66;99;1m██[38;2;65;65;65m██[38;2;106;160;1m██████████████[38;2;0;0;0m██    ████████          
        ██[38;2;159;215;51m████[38;2;66;99;1m██[38;2;159;215;51m██████[38;2;106;160;1m████████████[38;2;66;99;1m████████[38;2;0;0;0m██████[38;2;106;160;1m██████[38;2;159;215;51m██[38;2;66;99;1m██[38;2;106;160;1m████[38;2;0;0;0m██                      
          ████[38;2;106;160;1m████████████[38;2;66;99;1m████████[38;2;156;65;65m██[38;2;189;189;197m██[38;2;0;0;0m████    ██[38;2;106;160;1m████████████[38;2;0;0;0m██                        
              ████████[38;2;66;99;1m████[38;2;156;65;65m██████[38;2;189;189;197m██[38;2;0;0;0m████      ██[38;2;189;189;197m██[38;2;66;99;1m██[38;2;106;160;1m████[38;2;66;99;1m██[38;2;106;160;1m████[38;2;0;0;0m██                        
                      ████████████          ████[38;2;255;255;255m██[38;2;66;99;1m████[38;2;255;255;255m██[38;2;66;99;1m██[38;2;0;0;0m██                          
                                                ██████████                            
[0m