                    [38;2;0;0;0m████                              
                  ██[38;2;255;145;91m██[38;2;0;0;0m████                            
                ██[38;2;255;145;91m██[38;2;65;65;65m██[38;2;255;145;91m██[38;2;0;0;0m██████                        
              ██[38;2;255;145;91m████████[38;2;65;65;65m██[38;2;255;255;236m████[38;2;0;0;0m██                      
              ██[38;2;255;145;91m██████[38;2;65;65;65m██[38;2;239;215;122m██[38;2;255;255;236m████[38;2;241;217;124m██[38;2;0;0;0m████                  
            ██[38;2;141;116;75m██[38;2;255;145;91m████[38;2;211;86;43m██[38;2;65;65;65m██[38;2;255;255;236m██████[38;2;132;132;132m██[38;2;255;255;236m██[38;2;0;0;0m██                  
            ██[38;2;241;217;124m██[38;2;211;86;43m████[38;2;65;65;65m██[38;2;141;116;75m████[38;2;255;255;236m████[38;2;239;215;122m██[38;2;255;255;236m██[38;2;132;132;132m██[38;2;0;0;0m██                
      ██████[38;2;141;116;75m██[38;2;0;0;0m██[38;2;132;132;132m████[38;2;141;116;75m██[38;2;255;255;255m████[38;2;141;116;75m██[38;2;255;255;236m██████[38;2;241;217;124m██[38;2;0;0;0m██                
  ████[38;2;241;217;124m████[38;2;65;65;65m██[38;2;241;217;124m██[38;2;255;145;91m██[38;2;211;86;43m██[38;2;241;217;124m██[38;2;177;150;108m██[38;2;0;0;0m██[38;2;255;255;255m██[38;2;177;150;108m██[38;2;255;255;236m████[38;2;239;215;122m██[38;2;255;255;236m██[38;2;0;0;0m██                
██[38;2;239;215;122m██[38;2;241;217;124m██████[38;2;239;215;122m██[38;2;0;0;0m██[38;2;211;86;43m████[38;2;132;132;132m██[38;2;255;255;236m██[38;2;177;150;108m████[38;2;255;255;236m████[38;2;132;132;132m██[38;2;255;255;236m████[38;2;239;215;122m██[38;2;0;0;0m████            
██[38;2;65;65;65m██[38;2;239;215;122m██[38;2;241;217;124m██[38;2;0;0;0m████  ██[38;2;163;51;53m██████[38;2;255;255;236m████[38;2;163;51;53m██[38;2;255;255;236m████[38;2;132;132;132m██[38;2;255;255;236m████████[38;2;0;0;0m████        
██[38;2;132;132;132m██[38;2;65;65;65m██[38;2;0;0;0m██      ██[38;2;177;150;108m██[38;2;163;51;53m████████[38;2;141;116;75m██[38;2;255;255;236m██[38;2;132;132;132m██[38;2;239;215;122m██[38;2;255;255;236m████████████[38;2;0;0;0m██      
██[38;2;132;132;132m██[38;2;0;0;0m████        ██[38;2;177;150;108m██████[38;2;141;116;75m██[38;2;239;215;122m██[38;2;132;132;132m████[38;2;255;255;236m██[38;2;239;215;122m██[38;2;255;255;236m████████████[38;2;0;0;0m██    
  ████            ██[38;2;65;65;65m██[38;2;132;132;132m██[38;2;239;215;122m████████[38;2;255;255;236m████[38;2;0;0;0m████[38;2;239;215;122m██[38;2;255;255;236m████████[38;2;0;0;0m██  
                ██[38;2;65;65;65m██[38;2;241;217;124m██[38;2;239;215;122m████████[38;2;255;255;236m██████[38;2;0;0;0m██  ████[38;2;255;255;236m██████[38;2;239;215;122m██[38;2;0;0;0m██
              ██[38;2;241;217;124m██[38;2;132;132;132m████[38;2;241;217;124m██[38;2;132;132;132m██[38;2;241;217;124m██[38;2;255;255;236m██████[38;2;239;215;122m████[38;2;0;0;0m██    ██[38;2;255;255;236m████[38;2;132;132;132m██[38;2;0;0;0m██
              ██[38;2;241;217;124m████[38;2;132;132;132m████[38;2;239;215;122m████[38;2;255;255;236m████[38;2;239;215;122m████[38;2;255;255;236m████[38;2;0;0;0m██    ██[38;2;132;132;132m██[38;2;65;65;65m██[38;2;0;0;0m██
            ██[38;2;132;132;132m██[38;2;65;65;65m██[38;2;241;217;124m████[38;2;239;215;122m██[38;2;0;0;0m██████[38;2;255;255;236m██████████[38;2;239;215;122m██[38;2;0;0;0m██  ██[38;2;132;132;132m██[38;2;0;0;0m██  
            ████[38;2;132;132;132m██[38;2;65;65;65m██[38;2;239;215;122m██[38;2;0;0;0m██      ██[38;2;239;215;122m██[38;2;255;255;236m████[38;2;239;215;122m████[38;2;0;0;0m██  ████    
              ████████          ████[38;2;239;215;122m████[38;2;65;65;65m██[38;2;132;132;132m██[38;2;0;0;0m██        
                                  ██[38;2;239;215;122m██[38;2;65;65;65m██[38;2;132;132;132m██[38;2;0;0;0m████        
                                    ████████          
[0m