                        [38;2;0;0;0m██                                                
                      ██[38;2;143;149;155m██[38;2;0;0;0m██                                              
                      ██[38;2;143;149;155m██[38;2;0;0;0m██                                              
                    ██[38;2;143;149;155m████[38;2;0;0;0m██                                              
                    [38;2;0;8;16m██[38;2;133;138;143m██[38;2;144;151;156m████[38;2;0;0;0m██                                ██████      
                  ██[38;2;196;201;205m██[38;2;133;138;143m██[38;2;144;151;156m████[38;2;0;0;0m██      ██████████            ████[38;2;143;149;155m██[38;2;109;110;113m██[38;2;0;0;0m██      
                  ██[38;2;187;190;194m██[38;2;151;155;160m██[38;2;144;151;156m████[38;2;63;70;74m██[38;2;0;0;0m██████[38;2;231;243;255m██[38;2;189;211;222m██[38;2;231;243;255m██[38;2;189;211;222m██[38;2;231;243;255m██[38;2;0;0;0m██████  ████[38;2;143;149;155m████[38;2;107;109;110m██[38;2;0;0;0m██        
                ██[38;2;66;65;66m██[38;2;187;190;194m██[38;2;109;112;119m██[38;2;110;112;116m████[38;2;63;70;74m██[38;2;189;211;222m██[38;2;231;243;255m████[38;2;189;211;222m██[38;2;231;243;255m████[38;2;189;211;222m██[38;2;231;243;255m████[38;2;231;239;247m██[38;2;77;79;82m██[38;2;0;0;0m██[38;2;143;149;155m██████[38;2;107;109;110m████[38;2;0;0;0m██        
            ████[38;2;231;243;255m██[38;2;66;65;66m██[38;2;189;191;195m██[38;2;114;114;117m██[38;2;107;109;110m██[38;2;66;65;66m██[38;2;231;243;255m████[38;2;181;193;192m██[38;2;239;255;255m██[38;2;181;193;192m██[38;2;239;255;255m██[38;2;187;206;216m██[38;2;231;247;255m██████[38;2;66;65;66m██[38;2;143;149;155m██[38;2;144;151;156m████[38;2;143;149;155m██[38;2;107;109;110m██[38;2;109;110;113m██[38;2;0;0;0m██          
          ██[38;2;231;243;255m████████[38;2;66;60;66m██[38;2;114;114;117m██[38;2;107;109;110m██[38;2;66;65;66m██[38;2;189;211;222m██[38;2;231;243;255m██[38;2;66;69;66m████████[38;2;231;247;255m██[38;2;143;165;178m██[38;2;191;192;192m██[38;2;66;69;74m██[38;2;143;149;155m████[38;2;144;151;156m████[38;2;107;109;110m████[38;2;109;110;113m██[38;2;0;0;0m██          
            ██████████[38;2;109;110;113m██[38;2;66;65;66m████████[38;2;189;191;195m████[38;2;107;109;110m████[38;2;66;65;66m██[38;2;140;162;181m██[38;2;142;162;176m██[38;2;66;65;66m██[38;2;107;109;110m██[38;2;143;149;155m██[38;2;144;151;156m██[38;2;109;110;114m██[38;2;107;109;110m████[38;2;66;69;66m██[38;2;239;255;255m██[38;2;0;0;0m██        
                      ██[38;2;66;65;66m██[38;2;107;109;110m██[38;2;188;191;195m████[38;2;109;110;113m████[38;2;143;149;155m████[38;2;116;116;117m██[38;2;66;65;66m██[38;2;142;162;176m██[38;2;66;65;66m██[38;2;107;109;110m████[38;2;109;110;114m████[38;2;107;109;110m████[38;2;66;69;66m██[38;2;181;193;192m██[38;2;189;211;222m██[38;2;0;0;0m██      
                    [38;2;8;0;0m██[38;2;147;152;156m██[38;2;148;151;155m██[38;2;106;107;110m██[38;2;107;109;110m████[38;2;143;149;155m████[38;2;144;151;156m████[38;2;107;109;110m██[38;2;143;149;155m██[38;2;57;65;66m██[38;2;123;158;189m██[38;2;66;65;66m██[38;2;107;109;110m████[38;2;110;112;117m██[38;2;116;116;117m██[38;2;66;65;66m██[38;2;231;243;255m████████[38;2;0;0;0m██    
                    [38;2;8;0;0m██[38;2;69;70;73m██[38;2;106;107;110m██[38;2;184;189;193m██[38;2;107;109;110m██[38;2;143;149;155m██[38;2;66;65;66m████[38;2;144;151;156m████[38;2;107;109;110m██[38;2;143;149;155m██[38;2;152;155;157m██[38;2;57;65;66m██[38;2;66;65;66m██[38;2;107;109;110m████[38;2;110;112;117m██[38;2;66;65;66m██[38;2;140;162;181m██[38;2;140;162;177m██[38;2;231;243;255m██[38;2;189;211;222m████[38;2;0;0;0m██    
          ██████[38;2;8;0;0m████[38;2;66;65;66m██[38;2;188;191;195m██[38;2;184;189;193m██[38;2;106;107;110m██[38;2;144;151;156m████████[38;2;66;65;66m██[38;2;143;149;155m██[38;2;112;113;114m██[38;2;145;152;157m██[38;2;143;149;155m████[38;2;66;65;66m██[38;2;107;109;110m██[38;2;66;65;66m████[38;2;140;162;181m████[38;2;139;162;177m██[38;2;189;211;222m██[38;2;231;243;255m████[38;2;206;227;239m██[38;2;0;0;0m██  
        ██[38;2;126;189;66m██[38;2;143;149;155m████[38;2;147;152;156m██[38;2;69;70;73m██[38;2;188;191;195m████[38;2;106;107;110m██[38;2;148;151;155m██[38;2;144;151;156m████████[38;2;143;149;155m██[38;2;66;65;66m██[38;2;145;152;157m████[38;2;107;109;110m████[38;2;66;65;66m████[38;2;107;109;110m████[38;2;0;0;0m██[38;2;140;162;181m██[38;2;189;211;222m████████[38;2;206;227;239m██[38;2;0;0;0m██  
          ██[38;2;126;189;66m████[38;2;98;109;90m██[38;2;83;85;87m██[38;2;57;65;74m██[38;2;191;192;192m██[38;2;112;113;114m██[38;2;145;152;157m██[38;2;144;151;156m████[38;2;143;149;155m██████[38;2;66;65;66m████[38;2;97;99;101m██[38;2;107;109;110m████[38;2;66;65;66m██[38;2;94;97;94m██[38;2;126;189;66m██[38;2;0;0;0m██  ██████[38;2;231;243;255m████[38;2;228;244;255m████[38;2;0;0;0m██
            ██[38;2;126;189;66m██[38;2;127;190;90m██[38;2;83;85;87m██[38;2;239;251;255m██[38;2;57;65;74m██[38;2;145;152;157m████[38;2;144;151;156m████[38;2;66;65;66m██████[38;2;143;149;155m████[38;2;66;65;66m████[38;2;107;109;110m██[38;2;66;65;66m████[38;2;126;189;66m██[38;2;0;0;0m██        ████[38;2;228;244;255m████[38;2;0;0;0m██
              ██[38;2;170;255;66m██[38;2;110;113;116m██[38;2;255;65;62m██[38;2;174;48;45m██[38;2;66;65;66m████[38;2;66;60;66m████[38;2;255;255;206m██[38;2;197;194;151m██[38;2;131;137;141m████[38;2;143;149;155m██████[38;2;66;65;66m██[38;2;74;69;66m██[38;2;102;103;105m██[38;2;66;65;66m████[38;2;0;0;0m██          ██████
              ██[38;2;170;255;66m██[38;2;110;113;116m██[38;2;66;65;57m██[38;2;255;65;62m██[38;2;174;43;49m██[38;2;255;56;63m██[38;2;166;67;53m██[38;2;255;86;63m██[38;2;173;133;112m██[38;2;82;73;41m██[38;2;131;137;141m██[38;2;170;255;66m██[38;2;169;255;49m██[38;2;137;194;87m██[38;2;143;149;155m████[38;2;148;153;158m██[38;2;74;69;66m██[38;2;94;97;94m██████[38;2;0;0;0m██              
            ██[38;2;170;255;66m██[38;2;144;151;156m████[38;2;143;149;155m██[38;2;0;0;0m██[38;2;147;35;38m██[38;2;255;62;66m██[38;2;255;56;69m██[38;2;95;98;99m██[38;2;73;78;88m████[38;2;126;189;63m████[38;2;170;255;66m████████████[38;2;66;65;66m████[38;2;94;97;94m██[38;2;0;0;0m██              
          ██[38;2;170;255;66m████[38;2;144;151;156m████[38;2;0;0;0m██  [38;2;0;8;16m██[38;2;85;66;40m██[38;2;95;98;99m████[38;2;126;189;66m████[38;2;126;189;63m████[38;2;0;0;0m████[38;2;66;65;66m████[38;2;85;79;32m██[38;2;0;0;16m██[38;2;66;65;66m██[38;2;198;195;189m██[38;2;0;0;0m██                
          ██[38;2;180;255;107m██[38;2;110;113;113m██[38;2;0;0;0m████  ██[38;2;144;151;156m████[38;2;143;149;155m██[38;2;126;189;66m████[38;2;0;0;0m██████    ██[38;2;94;97;94m██[38;2;0;0;0m██  ██[38;2;198;195;189m██[38;2;0;0;0m██                
        ██[38;2;170;255;66m██[38;2;110;113;113m██[38;2;45;47;54m██      [38;2;0;0;0m██[38;2;144;151;156m████[38;2;126;189;66m████[38;2;0;0;0m██        ██[38;2;94;97;94m████[38;2;0;0;0m██    ██                  
      ██[38;2;180;255;107m██[38;2;110;113;113m██[38;2;0;0;0m████  ████[38;2;143;149;155m████[38;2;126;189;66m████[38;2;0;0;0m██        ██[38;2;66;65;63m████[38;2;0;0;0m██                          
    ██[38;2;170;255;66m██[38;2;110;113;113m██[38;2;45;47;54m██      [38;2;0;0;0m██[38;2;143;149;155m████[38;2;126;189;66m████[38;2;0;0;0m██        ██[38;2;198;195;189m██[38;2;66;65;63m██[38;2;198;195;189m██[38;2;0;0;0m██                          
  ██[38;2;180;255;107m██[38;2;110;113;113m██[38;2;0;0;0m████  ██[38;2;0;0;41m██[38;2;104;124;118m██[38;2;126;189;66m████[38;2;0;0;0m████            ████[38;2;198;195;189m██[38;2;0;0;0m██                          
██[38;2;170;255;66m██[38;2;110;113;113m██[38;2;45;47;54m██      [38;2;0;0;0m██[38;2;104;124;118m██[38;2;140;186;148m██[38;2;126;189;66m██[38;2;0;0;0m██                    ██                            
██[38;2;143;149;155m██[38;2;0;0;0m██      [38;2;0;0;41m██[38;2;104;124;118m██[38;2;126;189;66m████[38;2;0;0;0m██                                                    
  ████  ████[38;2;104;124;118m██[38;2;140;186;148m██[38;2;0;0;0m████                                                      
        ██[38;2;143;149;155m████[38;2;0;0;0m██                                                          
          ████                                                            
[0m