                      [38;2;0;0;0m██████████████                                        
                ██████[38;2;249;204;186m██[38;2;255;230;222m██[38;2;249;204;186m██[38;2;255;162;112m████[38;2;65;65;65m████[38;2;0;0;0m██████                                  
              ██[38;2;243;136;74m██[38;2;255;162;112m██████████[38;2;65;65;65m████[38;2;255;164;82m██████████[38;2;0;0;0m████      ██████████████          
        ██████[38;2;65;65;65m████[38;2;243;136;74m████████[38;2;65;65;65m██[38;2;197;148;65m██[38;2;255;164;82m██[38;2;213;106;65m██████████[38;2;255;164;82m██[38;2;197;148;65m██[38;2;0;0;0m██████[38;2;249;204;186m██[38;2;255;230;222m████[38;2;249;204;186m██[38;2;255;162;112m██[38;2;243;136;74m████[38;2;0;0;0m████      
    ████[38;2;255;162;112m██████████[38;2;65;65;65m██████████[38;2;255;164;82m██████████████████[38;2;65;65;65m██[38;2;255;162;112m████████████████[38;2;243;136;74m██████[38;2;0;0;0m██    
  ██[38;2;243;136;74m██[38;2;255;162;112m██[38;2;249;204;186m██[38;2;255;230;222m██[38;2;249;204;186m██[38;2;255;162;112m████[38;2;249;204;186m████[38;2;255;162;112m██[38;2;65;65;65m██[38;2;197;148;65m██████[38;2;255;164;82m██████████[38;2;197;148;65m██████[38;2;65;65;65m██[38;2;255;162;112m██████████[38;2;249;204;186m██[38;2;255;230;222m████[38;2;249;204;186m██[38;2;243;136;74m████[38;2;0;0;0m██  
██[38;2;243;136;74m██████[38;2;255;162;112m██████████████[38;2;65;65;65m████████[38;2;197;148;65m████████████████[38;2;65;65;65m████████████████[38;2;243;136;74m██████████[38;2;0;0;0m██  
██[38;2;243;136;74m████████████[38;2;65;65;65m████████[38;2;255;162;112m████████[38;2;65;65;65m██████[38;2;197;148;65m██████[38;2;65;65;65m████[38;2;255;230;222m██[38;2;249;204;186m██[38;2;255;162;112m████████████[38;2;65;65;65m██████[38;2;243;136;74m██[38;2;202;81;41m██[38;2;0;0;0m██  
██[38;2;243;136;74m██████[38;2;65;65;65m██████[38;2;255;162;112m████[38;2;249;204;186m██[38;2;255;230;222m████[38;2;249;204;186m██[38;2;255;162;112m██████████[38;2;65;65;65m██████[38;2;255;162;112m██████████████[38;2;249;204;186m██[38;2;255;230;222m████[38;2;249;204;186m██[38;2;255;162;112m██[38;2;243;136;74m██[38;2;65;65;65m██[38;2;0;0;0m██    
  ██[38;2;65;65;65m████[38;2;243;136;74m████[38;2;255;162;112m████████████████████████████[38;2;65;65;65m██[38;2;255;162;112m██████████████████████████[38;2;243;136;74m████[38;2;0;0;0m██  
  ██[38;2;243;136;74m██████[38;2;255;162;112m██[38;2;255;230;222m██[38;2;249;204;186m██[38;2;255;162;112m████████████[38;2;249;204;186m██[38;2;255;230;222m████[38;2;249;204;186m██[38;2;255;162;112m██████[38;2;65;65;65m██[38;2;255;162;112m████[38;2;249;204;186m██[38;2;255;230;222m████[38;2;255;162;112m████████[38;2;249;204;186m██[38;2;255;230;222m██[38;2;249;204;186m██[38;2;243;136;74m██████[38;2;0;0;0m██
██[38;2;243;136;74m██████████[38;2;255;162;112m██[38;2;255;230;222m████[38;2;255;162;112m██████[38;2;249;204;186m██[38;2;255;230;222m██████[38;2;249;204;186m██[38;2;255;162;112m████████[38;2;243;136;74m██[38;2;65;65;65m██[38;2;255;162;112m████[38;2;255;230;222m████[38;2;249;204;186m██[38;2;255;162;112m██████[38;2;243;136;74m████████████[38;2;0;0;0m██
██[38;2;243;136;74m████████████████[38;2;255;162;112m██████████████████████[38;2;243;136;74m████[38;2;65;65;65m██[38;2;202;81;41m██[38;2;255;162;112m████████[38;2;243;136;74m████████████████[38;2;202;81;41m██[38;2;0;0;0m██
██[38;2;202;81;41m██[38;2;243;136;74m████████████████████[38;2;255;162;112m████[38;2;249;204;186m██[38;2;255;230;222m████[38;2;249;204;186m██[38;2;255;162;112m██[38;2;243;136;74m██████[38;2;202;81;41m██[38;2;65;65;65m██[38;2;202;81;41m██[38;2;243;136;74m████████████████████[38;2;202;81;41m██[38;2;0;0;0m██  
  ██[38;2;202;81;41m██[38;2;243;136;74m████████████████████████████████████[38;2;202;81;41m████[38;2;65;65;65m██[38;2;202;81;41m████[38;2;243;136;74m██████████████[38;2;202;81;41m██[38;2;0;0;0m████    
    ██[38;2;202;81;41m██[38;2;243;136;74m████████████████████████████████[38;2;202;81;41m██████[38;2;65;65;65m████[38;2;202;81;41m████████████[38;2;0;0;0m██████        
      ████[38;2;202;81;41m██[38;2;243;136;74m████████████████████████[38;2;202;81;41m████████[38;2;65;65;65m██[38;2;0;154;47m████[38;2;65;65;65m████[38;2;0;0;0m████████              
          ████████[38;2;243;136;74m██████████[38;2;202;81;41m██████████[38;2;65;65;65m██████[38;2;0;154;47m████████[38;2;0;0;0m██                      
                  ██[38;2;65;65;65m██████████████████[38;2;0;154;47m████████[38;2;75;201;99m██[38;2;0;154;47m████[38;2;0;0;0m██                      
            ██████[38;2;0;154;47m██[38;2;65;65;65m██[38;2;75;201;99m██[38;2;225;104;64m██[38;2;75;201;99m████████████████[38;2;0;154;47m██[38;2;75;201;99m██[38;2;0;154;47m██[38;2;75;201;99m██[38;2;0;154;47m██[38;2;0;0;0m██                      
          ██[38;2;0;154;47m████████[38;2;65;65;65m██[38;2;75;201;99m██████████████[38;2;225;104;64m██[38;2;75;201;99m██████[38;2;0;154;47m██[38;2;75;201;99m██[38;2;0;154;47m██████[38;2;0;0;0m████                  
          ██[38;2;0;154;47m██████[38;2;0;0;0m████[38;2;75;201;99m████[38;2;65;65;65m██[38;2;75;201;99m██████[38;2;65;65;65m██[38;2;75;201;99m████████[38;2;0;154;47m██████████[38;2;75;201;99m████[38;2;0;0;0m██████            
            ██████    ██[38;2;75;201;99m████[38;2;65;65;65m██████[38;2;75;201;99m██████████[38;2;0;154;47m████████[38;2;0;0;0m██[38;2;75;201;99m████████[38;2;0;154;47m██[38;2;0;0;0m██          
                      ██[38;2;0;154;47m██[38;2;75;201;99m████████████████[38;2;0;154;47m████████[38;2;0;0;0m██  ██[38;2;0;154;47m██[38;2;75;201;99m██████[38;2;0;0;0m██          
                        ██[38;2;0;154;47m██[38;2;75;201;99m██████████[38;2;0;154;47m██████████[38;2;0;0;0m██      ████████            
                          ██[38;2;65;65;65m██[38;2;0;154;47m██████████████[38;2;65;65;65m██[38;2;0;0;0m██                            
                      ████[38;2;0;154;47m████[38;2;65;65;65m████[38;2;0;0;0m████████[38;2;65;65;65m██[38;2;0;154;47m██[38;2;0;0;0m██                            
                    ██[38;2;0;154;47m██████████[38;2;0;0;0m██        ██[38;2;0;154;47m████[38;2;0;0;0m██                          
                    ██[38;2;65;65;65m██[38;2;0;154;47m████[38;2;0;0;0m████        ██[38;2;0;154;47m██[38;2;75;201;99m████[38;2;0;154;47m██[38;2;0;0;0m██                        
                      ██████            ██[38;2;75;201;99m████████[38;2;0;0;0m██                        
                                          ██[38;2;75;201;99m████[38;2;65;65;65m██[38;2;0;0;0m██                        
                                            ██████                          
[0m