                                      [38;2;0;0;0m████                                  
                            ████    ██[38;2;255;74;178m██[38;2;169;49;117m██[38;2;0;0;0m██                                
                          [38;2;0;4;8m██[38;2;232;164;29m██[38;2;234;161;30m██[38;2;0;12;8m██[38;2;0;0;24m██[38;2;88;40;36m██[38;2;74;52;65m████[38;2;128;77;22m██[38;2;0;12;8m██[38;2;0;0;0m██  ████                      
                          [38;2;0;4;8m██[38;2;125;75;23m██[38;2;128;77;22m██[38;2;234;161;30m██[38;2;174;52;113m██[38;2;255;73;167m██[38;2;255;65;169m██[38;2;143;56;88m██[38;2;234;161;30m████[38;2;235;166;29m██[38;2;0;0;0m██[38;2;255;219;75m████[38;2;0;0;0m██                    
                        ██[38;2;207;131;29m████[38;2;255;212;51m████[38;2;255;57;171m████[38;2;246;57;155m██[38;2;218;63;120m██[38;2;255;220;77m████[38;2;249;179;32m████[38;2;65;64;65m██[38;2;240;171;30m██[38;2;0;0;0m██                    
                      ██[38;2;235;166;29m██[38;2;207;131;29m██[38;2;82;178;255m██[38;2;115;206;255m██[38;2;255;212;51m██[38;2;246;175;121m██[38;2;226;52;116m██[38;2;218;63;120m██[38;2;255;224;89m██[38;2;255;220;77m██[38;2;82;178;255m██[38;2;115;206;255m██[38;2;249;179;32m██[38;2;240;171;30m██[38;2;65;64;65m██[38;2;0;0;0m██                    
                  [38;2;0;4;8m████[38;2;235;166;29m██[38;2;98;194;255m██[38;2;255;212;53m██[38;2;82;178;255m████[38;2;235;166;29m██[38;2;234;161;30m████[38;2;65;64;65m██[38;2;240;171;30m██[38;2;207;131;29m██[38;2;82;178;255m████[38;2;255;212;53m██[38;2;255;220;77m██[38;2;115;206;255m██[38;2;240;171;30m██[38;2;0;0;0m██                  
                ██[38;2;232;164;29m██[38;2;125;75;23m██[38;2;235;166;29m██[38;2;98;194;255m██[38;2;255;212;53m████[38;2;235;166;29m████[38;2;0;12;8m██[38;2;128;77;22m██[38;2;65;64;65m████[38;2;207;131;29m████[38;2;255;212;53m████[38;2;115;206;255m██[38;2;255;220;77m██[38;2;240;171;30m████[38;2;0;0;0m██                
                ██[38;2;74;63;82m████[38;2;255;220;77m████[38;2;123;182;255m██[38;2;95;63;84m██[38;2;0;0;0m████  ██[38;2;195;58;132m████[38;2;0;0;0m████[38;2;95;63;84m██[38;2;123;182;255m██[38;2;255;212;51m████[38;2;134;107;126m██[38;2;209;139;27m██[38;2;156;99;26m██[38;2;0;8;8m██              
                  [38;2;57;50;0m██[38;2;106;181;246m██[38;2;115;206;255m██[38;2;255;220;77m██[38;2;95;63;84m██[38;2;82;70;0m██        [38;2;0;0;0m████    [38;2;82;70;0m██[38;2;95;63;84m██[38;2;255;212;51m██[38;2;115;206;255m██[38;2;139;202;246m██[38;2;209;139;27m██[38;2;255;217;66m████[38;2;0;0;0m██            
                ██[38;2;249;179;32m██[38;2;82;178;255m████[38;2;249;179;32m██[38;2;235;166;29m██[38;2;0;0;0m██      ████        ██[38;2;235;166;29m██[38;2;82;178;255m████[38;2;235;170;31m██[38;2;255;216;71m██[38;2;232;164;29m██[38;2;0;0;0m██            
                ██[38;2;249;179;32m████████[38;2;0;0;0m██    ████[38;2;255;219;75m██[38;2;235;166;29m██[38;2;0;0;0m████    ██[38;2;235;166;29m████[38;2;235;170;31m████[38;2;65;60;65m████[38;2;0;0;0m██            
                ██[38;2;98;194;255m████[38;2;235;166;29m████[38;2;0;0;0m██  ██[38;2;255;219;75m██[38;2;255;222;77m██[38;2;232;160;31m██[38;2;239;169;32m████[38;2;240;171;30m██[38;2;0;0;0m██  ██[38;2;98;194;255m████[38;2;115;206;255m██[38;2;255;220;77m██[38;2;74;85;119m██[38;2;24;19;0m██              
                [38;2;0;0;0m██[38;2;235;166;29m████[38;2;98;194;255m████[38;2;65;64;65m██[38;2;0;0;0m██[38;2;255;219;75m████[38;2;205;124;28m██[38;2;232;160;31m██[38;2;239;169;32m████[38;2;240;171;30m████[38;2;0;0;0m██[38;2;65;64;65m██[38;2;235;166;29m████[38;2;255;220;77m██[38;2;115;206;255m██[38;2;123;170;238m██[38;2;24;19;0m██              
                [38;2;0;0;0m██[38;2;71;60;84m██[38;2;98;181;255m██[38;2;207;131;29m████[38;2;65;64;65m██[38;2;255;219;75m████[38;2;205;124;28m██[38;2;240;171;30m████████████[38;2;207;131;29m████[38;2;235;166;29m██[38;2;106;197;255m██[38;2;235;170;31m████[38;2;76;58;31m██[38;2;0;12;16m██              
        [38;2;0;0;0m██████    [38;2;57;46;0m██[38;2;98;181;255m██[38;2;82;178;255m██[38;2;207;131;29m██[38;2;255;219;75m██████[38;2;205;124;28m██[38;2;240;171;30m██[38;2;65;64;65m████[38;2;240;171;30m████[38;2;65;64;65m██[38;2;82;178;255m██[38;2;207;131;29m██[38;2;106;197;255m████[38;2;82;178;255m██[38;2;235;170;31m██[38;2;216;140;30m██[38;2;255;225;106m██[38;2;0;0;0m██            
        ██[38;2;240;171;30m████[38;2;0;0;0m████[38;2;65;64;65m██[38;2;240;171;30m██[38;2;65;64;65m██[38;2;255;219;75m██████[38;2;197;125;51m██[38;2;65;52;57m██[38;2;65;64;65m██[38;2;255;231;188m██[38;2;65;64;65m██[38;2;240;171;30m████[38;2;65;64;65m██[38;2;98;194;255m██[38;2;235;166;29m██[38;2;255;212;53m██[38;2;82;178;255m██[38;2;255;220;75m██[38;2;67;63;53m██[38;2;234;161;30m████[38;2;0;0;0m██            
          ██[38;2;240;171;30m██████[38;2;65;64;65m████████[38;2;255;219;75m██[38;2;65;64;65m██[38;2;65;52;57m██[38;2;255;234;192m██[38;2;255;231;188m██[38;2;65;64;65m████[38;2;240;171;30m████[38;2;65;64;65m██[38;2;98;194;255m██[38;2;235;166;29m██[38;2;255;212;53m████[38;2;234;167;29m████[38;2;128;77;22m██[38;2;0;12;8m██              
          [38;2;0;0;0m██[38;2;235;166;29m██[38;2;202;117;29m████[38;2;255;222;77m████████[38;2;65;64;65m██[38;2;255;219;75m██[38;2;255;222;77m██[38;2;255;231;188m██[38;2;65;64;65m████[38;2;239;169;32m████████[38;2;108;96;54m██[38;2;115;206;255m██[38;2;255;220;77m████[38;2;95;63;84m████[38;2;0;0;0m██                
            ██[38;2;255;231;188m████[38;2;255;222;77m████████[38;2;255;219;75m████[38;2;255;222;77m████[38;2;65;64;65m████[38;2;239;169;32m██████[38;2;202;117;29m██[38;2;163;126;40m██[38;2;108;96;54m██[38;2;98;194;255m████[38;2;123;182;255m██[38;2;82;70;0m██            [38;2;0;0;0m████  
          [38;2;8;6;0m██[38;2;255;242;220m██[38;2;255;236;199m████[38;2;255;231;188m██[38;2;255;222;77m██[38;2;255;223;80m████[38;2;255;219;75m██████[38;2;65;64;65m████[38;2;240;171;30m██[38;2;239;169;32m████[38;2;205;124;28m██[38;2;235;166;29m██[38;2;205;124;28m██[38;2;235;166;29m██[38;2;65;60;65m████[38;2;65;64;65m██[38;2;240;171;30m██[38;2;0;0;0m██        ██[38;2;240;171;30m██[38;2;0;0;0m██  
        ██[38;2;250;202;31m████[38;2;255;236;199m████[38;2;255;222;77m████[38;2;255;65;173m██[38;2;255;223;80m██[38;2;255;219;75m██[38;2;65;64;65m████████[38;2;240;171;30m██[38;2;239;169;32m████[38;2;235;166;29m██[38;2;205;124;28m██[38;2;235;166;29m██[38;2;205;124;28m██[38;2;235;161;30m██[38;2;200;125;28m██[38;2;240;171;30m████[38;2;65;64;65m██[38;2;0;0;0m██  ████[38;2;235;166;29m██[38;2;240;171;30m██[38;2;0;0;0m██  
      ██[38;2;255;65;173m██[38;2;255;222;77m████[38;2;255;223;80m████[38;2;255;65;173m████[38;2;254;133;104m██[38;2;202;117;29m██[38;2;134;25;65m██[38;2;245;176;31m██[38;2;65;64;65m████[38;2;240;171;30m████[38;2;239;169;32m████[38;2;202;117;29m██[38;2;239;169;32m██[38;2;190;145;33m██[38;2;79;72;50m██[38;2;65;64;65m████[38;2;240;171;30m████[38;2;65;64;65m██[38;2;240;171;30m██[38;2;0;0;0m██[38;2;65;64;65m████[38;2;240;171;30m██[38;2;0;0;0m██    
      ██[38;2;255;65;173m██[38;2;255;222;77m████[38;2;255;223;80m██[38;2;255;65;173m████[38;2;202;117;29m████[38;2;219;59;118m██[38;2;208;53;132m██[38;2;245;176;31m██[38;2;240;171;30m████[38;2;65;64;65m██[38;2;240;171;30m██[38;2;239;169;32m████████[38;2;79;72;50m██[38;2;255;222;96m██[38;2;240;171;30m████[38;2;65;64;65m██[38;2;240;171;30m██[38;2;65;64;65m██[38;2;240;171;30m██[38;2;65;64;65m████[38;2;240;171;30m██[38;2;65;64;65m██[38;2;0;0;0m██    
        ██[38;2;255;222;77m████[38;2;217;120;50m██[38;2;255;82;175m██[38;2;0;8;24m██[38;2;115;161;178m██[38;2;255;230;238m██[38;2;204;88;82m██[38;2;239;169;32m████[38;2;180;88;76m██[38;2;202;56;133m██[38;2;65;60;65m██[38;2;240;171;30m██[38;2;239;169;32m████[38;2;240;171;30m██[38;2;65;64;65m██[38;2;255;220;77m████[38;2;255;219;75m██[38;2;239;169;32m██[38;2;240;171;30m██[38;2;65;64;65m████[38;2;240;171;30m████[38;2;65;64;65m██[38;2;235;166;29m██[38;2;0;0;0m██      
        ██[38;2;255;222;77m████[38;2;140;21;65m████[38;2;172;238;255m████[38;2;204;88;82m██[38;2;192;121;49m██[38;2;239;169;32m████[38;2;202;56;133m██[38;2;180;88;76m██[38;2;202;117;29m██[38;2;65;60;65m██[38;2;239;169;32m████[38;2;240;171;30m██[38;2;65;64;65m██[38;2;235;166;29m██[38;2;255;220;77m██[38;2;239;169;32m████[38;2;240;171;30m██[38;2;65;64;65m████[38;2;240;171;30m████[38;2;65;64;65m██[38;2;0;0;0m██        
          ██[38;2;186;139;27m██[38;2;240;171;30m██[38;2;65;64;65m██[38;2;239;169;32m████[38;2;233;156;31m████[38;2;235;166;29m██[38;2;201;57;133m██[38;2;198;57;132m████[38;2;208;63;137m██[38;2;160;63;113m██[38;2;65;64;65m██[38;2;240;171;30m██[38;2;65;64;65m██[38;2;240;171;30m██[38;2;235;166;29m████[38;2;255;65;173m████[38;2;240;171;30m██[38;2;65;64;65m██[38;2;235;166;29m████[38;2;206;65;139m██[38;2;0;12;24m██          
          [38;2;0;0;0m██[38;2;251;181;31m██[38;2;65;64;65m██[38;2;240;171;30m██[38;2;239;169;32m██[38;2;176;80;77m██[38;2;246;65;164m██[38;2;210;142;52m██[38;2;235;166;29m██[38;2;201;57;133m██[38;2;65;64;65m████████[38;2;240;171;30m████[38;2;65;64;65m██[38;2;240;171;30m██[38;2;235;166;29m██[38;2;255;65;173m██[38;2;65;64;65m██████[38;2;240;171;30m██[38;2;235;166;29m██[38;2;201;57;133m██[38;2;65;40;54m████[38;2;0;0;0m████      
        ██[38;2;65;64;65m████[38;2;255;65;173m██[38;2;201;57;133m██[38;2;255;65;172m████[38;2;255;65;173m██████[38;2;65;64;65m██████[38;2;240;171;30m████[38;2;74;52;65m██[38;2;240;171;30m████[38;2;65;64;65m██[38;2;198;57;132m██[38;2;65;64;65m████[38;2;107;94;97m████[38;2;65;64;65m██[38;2;240;171;30m██[38;2;65;64;65m████████[38;2;240;171;30m██[38;2;0;0;0m██    
      ██[38;2;255;219;75m██[38;2;65;64;65m████[38;2;255;65;173m████[38;2;193;62;135m██[38;2;65;60;65m██[38;2;65;64;65m██████████[38;2;240;171;30m████[38;2;65;64;65m██[38;2;255;200;141m██[38;2;74;52;65m██[38;2;240;171;30m████[38;2;65;64;65m████[38;2;107;94;97m██[38;2;65;64;65m████████████[38;2;240;171;30m████[38;2;65;64;65m██[38;2;0;0;0m██    
      ██[38;2;255;216;71m██[38;2;255;222;96m██[38;2;134;84;23m██[38;2;255;65;169m██[38;2;74;52;65m██[38;2;65;64;65m██[38;2;0;0;0m██[38;2;244;141;31m██[38;2;63;55;32m██[38;2;240;136;30m██[38;2;65;64;65m██[38;2;239;169;32m████[38;2;65;64;65m██[38;2;255;210;158m████[38;2;246;138;32m██[38;2;84;69;39m██[38;2;235;169;28m██[38;2;235;161;30m██[38;2;65;60;65m██[38;2;65;64;65m██[38;2;255;219;75m████[38;2;65;64;65m██[38;2;255;222;77m██[38;2;66;58;55m██[38;2;240;171;30m████[38;2;239;169;32m████[38;2;0;0;0m██    
      ██[38;2;207;131;29m██[38;2;198;128;28m████[38;2;74;52;65m██[38;2;143;56;88m██[38;2;0;0;0m██  [38;2;0;8;16m██[38;2;244;141;31m██[38;2;65;64;65m██[38;2;240;171;30m██[38;2;239;169;32m████[38;2;65;64;65m██[38;2;255;210;158m██[38;2;246;138;32m████[38;2;84;69;39m██[38;2;0;16;16m██[38;2;65;60;65m██[38;2;200;125;28m██[38;2;255;219;75m██████[38;2;65;64;65m██[38;2;255;222;77m██[38;2;234;169;27m██[38;2;65;64;65m██[38;2;240;171;30m██[38;2;239;169;32m████[38;2;235;166;29m██[38;2;0;0;0m██  
      ██[38;2;240;171;30m██[38;2;239;169;32m████████[38;2;0;0;0m██    ██████[38;2;240;171;30m████[38;2;232;164;29m██[38;2;125;75;23m██[38;2;242;138;33m██[38;2;0;0;0m████  ██[38;2;255;219;75m██[38;2;239;169;32m████████[38;2;65;64;65m██[38;2;255;219;75m██[38;2;65;64;65m██[38;2;240;171;30m██████[38;2;63;32;50m██[38;2;0;8;16m██  
    [38;2;0;0;0m██[38;2;240;171;30m████[38;2;239;169;32m████████[38;2;0;0;0m██          ████[38;2;0;4;8m████[38;2;0;0;0m██      ██[38;2;255;219;75m████████████[38;2;65;64;65m██[38;2;240;171;30m██[38;2;65;64;65m██████[38;2;193;60;133m████[38;2;0;0;0m██
    ██[38;2;65;64;65m██[38;2;240;171;30m██[38;2;239;169;32m████████[38;2;240;171;30m██[38;2;0;0;0m██                        ██[38;2;255;219;75m██[38;2;255;222;77m████[38;2;255;220;77m████[38;2;216;140;30m██[38;2;76;58;31m██[38;2;0;0;0m████[38;2;195;58;132m████[38;2;0;0;0m████  
  ██[38;2;195;58;132m██[38;2;65;64;65m████[38;2;239;169;32m████████[38;2;240;171;30m██[38;2;0;0;0m██                      ██[38;2;255;219;75m████[38;2;255;222;77m████[38;2;255;220;77m██[38;2;235;166;29m██[38;2;255;225;106m██[38;2;0;12;16m██    [38;2;0;0;0m████      
██[38;2;195;58;132m████[38;2;65;64;65m██[38;2;198;57;132m██[38;2;125;75;23m██[38;2;232;164;29m██[38;2;235;166;29m██[38;2;0;0;0m████                        ██[38;2;74;56;74m██[38;2;189;140;28m██[38;2;255;219;75m████[38;2;232;164;29m██[38;2;255;216;71m██[38;2;239;169;32m██[38;2;255;219;75m██[38;2;0;0;0m██            
  ████[38;2;198;57;132m████[38;2;0;4;8m████[38;2;0;0;0m██                            ██[38;2;255;82;173m██[38;2;74;56;74m██[38;2;65;64;65m██[38;2;255;219;75m██[38;2;65;60;65m████[38;2;255;219;75m██[38;2;239;169;32m██[38;2;0;0;0m██            
      ████                                ██[38;2;255;65;173m██[38;2;65;64;65m████[38;2;255;65;173m██[38;2;85;30;61m██[38;2;255;65;172m██[38;2;65;60;65m██[38;2;157;104;24m██[38;2;255;221;69m██[38;2;0;0;0m██            
                                          ████[38;2;65;64;65m██[38;2;255;65;173m████[38;2;0;0;16m██[38;2;193;62;135m██[38;2;255;65;172m██[38;2;0;4;0m████              
                                              [38;2;0;0;0m██████  ████                  
[0m