                      [38;2;0;0;0m██████████        
                  ████[38;2;173;112;40m██[38;2;255;189;50m██[38;2;173;112;40m██[38;2;255;189;50m████[38;2;0;0;0m████    
                ██[38;2;65;65;65m██[38;2;173;112;40m██[38;2;255;189;50m██[38;2;173;112;40m██[38;2;255;189;50m████[38;2;173;112;40m██[38;2;255;189;50m████[38;2;0;0;0m██  
          ████████[38;2;215;134;56m██[38;2;173;112;40m██[38;2;255;189;50m██[38;2;173;112;40m██[38;2;255;189;50m██[38;2;173;112;40m██[38;2;255;189;50m████[38;2;173;112;40m████[38;2;0;0;0m██
      ████[38;2;173;112;40m██[38;2;255;189;50m██[38;2;173;112;40m██[38;2;0;0;0m██[38;2;215;134;56m██[38;2;173;112;40m██[38;2;215;134;56m██[38;2;128;89;44m██[38;2;215;134;56m██[38;2;173;112;40m██[38;2;255;189;50m██[38;2;173;112;40m██[38;2;255;189;50m████[38;2;0;0;0m██
██████[38;2;255;189;50m██[38;2;173;112;40m██[38;2;255;189;50m██[38;2;173;112;40m██[38;2;255;189;50m████[38;2;65;65;65m██[38;2;215;134;56m██[38;2;128;89;44m██[38;2;215;134;56m██[38;2;128;89;44m██[38;2;215;134;56m██[38;2;173;112;40m██[38;2;255;189;50m██[38;2;173;112;40m████[38;2;0;0;0m██
██[38;2;231;195;26m██[38;2;65;65;65m██[38;2;215;134;56m██[38;2;173;112;40m██[38;2;215;134;56m██[38;2;173;112;40m██[38;2;215;134;56m██[38;2;255;189;50m██[38;2;65;65;65m████[38;2;128;89;44m██[38;2;215;134;56m██[38;2;128;89;44m██[38;2;215;134;56m██[38;2;128;89;44m██[38;2;215;134;56m██[38;2;255;189;50m██[38;2;0;0;0m██  
██[38;2;231;195;26m████[38;2;65;65;65m██[38;2;255;189;50m██[38;2;215;134;56m██[38;2;255;189;50m██[38;2;65;65;65m████[38;2;255;228;38m████[38;2;65;65;65m██[38;2;128;89;44m██[38;2;215;134;56m██[38;2;128;89;44m██[38;2;215;134;56m██[38;2;0;0;0m████    
  ██[38;2;231;195;26m██[38;2;255;189;50m██████[38;2;65;65;65m██[38;2;231;195;26m██[38;2;255;228;38m████[38;2;150;125;11m██[38;2;65;65;65m████████[38;2;215;134;56m██[38;2;0;0;0m██      
  ██[38;2;231;195;26m██[38;2;65;65;65m██[38;2;255;189;50m██[38;2;65;65;65m██[38;2;255;228;38m██████[38;2;150;125;11m██[38;2;198;153;10m██[38;2;65;65;65m██[38;2;255;228;38m██████[38;2;0;0;0m██        
    ██[38;2;255;228;38m██[38;2;65;65;65m████[38;2;255;228;38m██[38;2;150;125;11m████[38;2;231;195;26m██[38;2;150;125;11m██[38;2;255;228;38m████████[38;2;231;195;26m██[38;2;0;0;0m██      
    ██[38;2;255;228;38m██████[38;2;231;195;26m██[38;2;255;255;255m██[38;2;0;0;0m██[38;2;231;195;26m██[38;2;65;65;65m██[38;2;255;228;38m██████[38;2;231;195;26m██████[38;2;0;0;0m██    
  ██[38;2;231;195;26m██[38;2;255;228;38m██████[38;2;0;0;0m████[38;2;150;125;11m██[38;2;231;195;26m████████████████[38;2;0;0;0m██    
  ██[38;2;255;228;38m██[38;2;150;125;11m██[38;2;255;228;38m██[38;2;231;195;26m██████████████[38;2;65;65;65m██[38;2;231;195;26m██████[38;2;65;65;65m██[38;2;0;0;0m██    
    ██[38;2;231;195;26m██████████[38;2;65;65;65m██[38;2;231;195;26m██████[38;2;0;0;0m████[38;2;198;153;10m████[38;2;0;0;0m██      
      ████[38;2;65;65;65m████[38;2;150;125;11m██[38;2;231;195;26m██████[38;2;0;0;0m██  ██[38;2;198;153;10m████[38;2;0;0;0m██      
          ██[38;2;198;153;10m████[38;2;65;65;65m██[38;2;231;195;26m██[38;2;198;153;10m██[38;2;0;0;0m██    ████        
            ██[38;2;150;125;11m██[38;2;65;65;65m██[38;2;150;125;11m██[38;2;0;0;0m██                  
            ██[38;2;65;65;65m██[38;2;198;153;10m████[38;2;0;0;0m██                  
              ██████                    
[0m