        [38;2;0;0;0m██████                              
      ██[38;2;255;255;255m██████[38;2;0;0;0m██        ████████            
    ██[38;2;65;65;65m██[38;2;255;255;255m████████[38;2;0;0;0m██  ████[38;2;255;255;255m██████[38;2;197;197;197m██[38;2;0;0;0m████        
  ██[38;2;255;255;255m████████████[38;2;65;65;65m██[38;2;0;0;0m██[38;2;255;255;255m██████████[38;2;192;125;210m██[38;2;255;255;255m████[38;2;0;0;0m██      
  ██[38;2;255;255;255m██[38;2;239;211;246m████[38;2;255;255;255m██████████[38;2;65;65;65m██[38;2;255;255;255m████████████████[38;2;0;0;0m██    
  ██[38;2;192;125;210m██[38;2;239;211;246m██████[38;2;255;255;255m████████[38;2;65;65;65m██████[38;2;255;255;255m██████████████[38;2;0;0;0m██  
██[38;2;255;255;255m██[38;2;65;65;65m██[38;2;255;255;255m██[38;2;239;211;246m██████[38;2;65;65;65m██████[38;2;255;255;255m██████[38;2;65;65;65m██[38;2;192;125;210m██[38;2;239;211;246m██[38;2;255;255;255m████[38;2;192;125;210m████[38;2;0;0;0m██  
██[38;2;255;255;255m██████[38;2;192;125;210m██[38;2;255;255;255m██[38;2;65;65;65m██[38;2;255;255;255m██████[38;2;172;110;203m████[38;2;65;65;65m██[38;2;192;125;210m██[38;2;239;211;246m██████[38;2;255;255;255m██████[38;2;192;125;210m██[38;2;0;0;0m██
██[38;2;192;125;210m██[38;2;255;255;255m██[38;2;192;125;210m██[38;2;65;65;65m████[38;2;255;255;255m██████[38;2;172;110;203m████[38;2;65;65;65m████[38;2;239;211;246m████[38;2;192;125;210m████[38;2;239;211;246m██[38;2;255;255;255m██████[38;2;0;0;0m██
  ██[38;2;65;65;65m████[38;2;255;255;255m████[38;2;0;0;0m██[38;2;192;125;210m██[38;2;255;255;255m████[38;2;65;65;65m██[38;2;255;255;255m████[38;2;65;65;65m██[38;2;192;125;210m██[38;2;239;211;246m██████[38;2;255;255;255m██████[38;2;0;0;0m██
  ██[38;2;255;255;255m██████[38;2;0;0;0m██[38;2;255;255;255m██[38;2;0;0;0m██[38;2;197;197;197m██[38;2;65;65;65m██[38;2;255;255;255m████████[38;2;65;65;65m██[38;2;0;0;0m████[38;2;255;255;255m██[38;2;192;125;210m████[38;2;255;255;255m██[38;2;0;0;0m██
██[38;2;255;255;255m████████[38;2;192;125;210m████[38;2;197;197;197m████[38;2;65;65;65m██[38;2;255;255;255m██████████[38;2;0;0;0m██  ██[38;2;255;255;255m████[38;2;0;0;0m██  
██[38;2;172;110;203m██[38;2;255;255;255m██████████[38;2;197;197;197m██[38;2;65;65;65m██[38;2;197;197;197m██[38;2;255;255;255m████████[38;2;197;197;197m██[38;2;0;0;0m██    ████    
  ██[38;2;239;211;246m██[38;2;255;255;255m██████[38;2;197;197;197m████████[38;2;255;255;255m████[38;2;65;65;65m██[38;2;197;197;197m████[38;2;0;0;0m██            
    ██████[38;2;65;65;65m████[38;2;197;197;197m████[38;2;255;255;255m██████[38;2;0;0;0m██[38;2;197;197;197m██████[38;2;0;0;0m██          
          ██[38;2;255;255;255m██████████[38;2;0;0;0m██  ██[38;2;148;192;205m████[38;2;0;0;0m██          
          ██[38;2;197;197;197m██[38;2;65;65;65m██[38;2;255;255;255m██████[38;2;0;0;0m██  ██[38;2;148;192;205m██[38;2;65;65;65m██[38;2;0;0;0m██          
            ██[38;2;148;192;205m██[38;2;65;65;65m██[38;2;255;255;255m██[38;2;197;197;197m██[38;2;0;0;0m██    ████            
            ██[38;2;148;192;205m██[38;2;65;65;65m██[38;2;148;192;205m████[38;2;0;0;0m██                    
              ████[38;2;148;192;205m████[38;2;0;0;0m██                    
                  ████                      
[0m