                                                                            [38;2;0;4;0m████                      
                                                                          ██[38;2;204;99;238m████[38;2;0;4;0m██████                
                                                                          ██[38;2;204;99;238m████[38;2;203;99;238m████[38;2;204;99;238m██[38;2;0;4;0m██████████████  
                                                                            ██[38;2;204;99;238m██[38;2;203;99;238m████[38;2;204;99;238m████████████████[38;2;0;4;0m██
                                                                            ██[38;2;204;99;238m██[38;2;203;99;238m████[38;2;204;99;238m████████[38;2;206;106;238m██[38;2;136;71;159m██[38;2;0;4;0m████  
                                                                              ██[38;2;203;99;238m████[38;2;143;83;158m████████[38;2;0;4;0m████      
                                                                              ██[38;2;141;83;157m████[38;2;141;83;156m██[38;2;0;4;0m██████          
                                                                              ██[38;2;141;83;157m████[38;2;0;4;0m██                
                            ████████████████████                            ██[38;2;141;83;156m████[38;2;0;4;0m██                  
                    ████████[38;2;204;99;238m████████[38;2;222;121;240m████[38;2;255;255;255m████[38;2;238;203;249m████[38;2;0;4;0m████████████████████        ██[38;2;141;83;156m████[38;2;0;4;0m██                  
                ████[38;2;223;131;241m████[38;2;224;121;240m████[38;2;203;99;238m████████[38;2;255;255;255m████████████[38;2;203;99;238m████[38;2;219;150;243m██[38;2;255;255;255m████[38;2;198;99;238m██[38;2;204;99;238m████[38;2;203;119;220m██[38;2;182;59;204m██[38;2;0;4;0m████████[38;2;141;83;157m████[38;2;141;83;156m██[38;2;0;4;0m██                  
            ████[38;2;223;129;241m████[38;2;223;131;241m████[38;2;224;121;240m██[38;2;66;65;66m██[38;2;223;129;241m██[38;2;203;99;238m██████[38;2;219;150;243m██[38;2;255;255;255m██████[38;2;231;150;243m██[38;2;195;99;238m██[38;2;203;99;238m████[38;2;255;255;255m████[38;2;232;150;243m██[38;2;198;99;238m██[38;2;204;99;238m██[38;2;255;255;255m██[38;2;244;240;253m██[38;2;203;119;220m██[38;2;206;106;238m██[38;2;136;71;159m██[38;2;141;83;156m████[38;2;141;83;157m████[38;2;141;83;156m████[38;2;0;4;0m██                
          ██[38;2;225;132;241m████[38;2;223;131;241m████████████[38;2;224;121;240m██[38;2;66;65;66m██[38;2;203;99;238m████████████████████████████████████████[38;2;143;83;158m████[38;2;141;83;157m████████[38;2;141;83;156m██[38;2;0;4;0m██              
        ██[38;2;204;99;238m████[38;2;225;132;241m██[38;2;223;131;241m████████████[38;2;224;121;240m████[38;2;203;99;238m██[38;2;223;129;241m██[38;2;203;99;238m████████████████████████████████████[38;2;204;99;238m██[38;2;143;83;158m██[38;2;141;83;157m████████[38;2;141;83;156m██[38;2;0;4;0m██              
      ██[38;2;203;99;238m██████████[38;2;223;129;241m██[38;2;225;132;241m████[38;2;203;99;238m████[38;2;225;132;241m██[38;2;204;99;238m██[38;2;223;129;241m██[38;2;203;99;238m██████████████████████████████████████████[38;2;141;83;157m████████[38;2;149;102;154m██[38;2;140;74;137m██[38;2;0;4;0m██            
    ██[38;2;204;99;238m██[38;2;203;99;238m████████████[38;2;204;99;238m████[38;2;203;99;238m██[38;2;223;129;241m██[38;2;204;99;238m██[38;2;225;132;241m██[38;2;203;99;238m████████████████████████████████████████████[38;2;141;83;157m████████[38;2;140;74;137m██[38;2;156;190;189m██[38;2;0;4;0m██            
    ██[38;2;204;99;238m██[38;2;203;99;238m████████████████████████████████████████████████████████████████████[38;2;204;99;238m██[38;2;135;82;151m██[38;2;141;83;156m████[38;2;109;92;112m██[38;2;156;186;198m██[38;2;60;66;63m██[38;2;8;4;0m██[38;2;0;4;0m██        
  ██[38;2;204;99;238m████[38;2;203;99;238m████████████████████████████████████████████████████████████████████[38;2;204;99;238m██[38;2;66;65;66m██████[38;2;57;60;74m████[38;2;165;190;189m██████[38;2;0;4;0m██      
  ██[38;2;203;99;238m████████████████████████████████████████████████████████████████[38;2;204;99;238m████████[38;2;203;99;238m████[38;2;204;99;238m████████[38;2;66;64;66m██[38;2;0;4;0m████        
██[38;2;204;99;238m██[38;2;203;99;238m████████████████████████████████████████████████████████████████[38;2;204;99;238m██[38;2;66;65;66m████[38;2;204;99;238m██[38;2;203;99;238m████[38;2;204;99;238m██[38;2;141;86;181m████[38;2;204;99;238m██[38;2;0;4;0m██            
██[38;2;204;99;238m██[38;2;211;124;240m██[38;2;137;80;192m██[38;2;144;89;183m████████[38;2;137;80;192m██[38;2;211;124;240m██[38;2;204;99;238m████████[38;2;203;99;238m████████[38;2;202;99;238m██[38;2;157;88;182m██[38;2;71;82;85m██[38;2;157;145;167m██[38;2;203;99;238m████████████████████[38;2;204;99;238m██[38;2;66;65;66m██[38;2;202;99;238m██[38;2;133;82;151m██[38;2;141;83;156m██[38;2;66;65;66m██████[38;2;204;99;238m██████[38;2;0;4;0m██              
██[38;2;204;99;238m██[38;2;137;80;192m██[38;2;222;251;255m██[38;2;231;243;255m████████[38;2;222;251;255m██[38;2;137;80;192m██[38;2;141;86;181m██████[38;2;204;99;238m██[38;2;203;99;238m████████[38;2;202;99;238m██[38;2;66;69;74m██[38;2;214;247;255m██[38;2;0;0;0m██[38;2;203;99;238m████████████████████[38;2;204;99;238m████[38;2;66;65;66m██████████[38;2;165;190;189m██[38;2;66;65;66m████[38;2;0;4;0m██                
██[38;2;134;85;177m██[38;2;228;244;255m████████████████████[38;2;231;243;255m██[38;2;144;89;183m██████[38;2;204;99;238m██████[38;2;170;94;195m██[38;2;0;4;0m██[38;2;191;97;223m██[38;2;203;99;238m████████████████[38;2;204;99;238m████[38;2;203;99;238m████[38;2;204;99;238m██████████[38;2;66;65;66m██[38;2;165;190;189m██[38;2;0;4;0m██                  
  ██[38;2;228;244;255m████████████████████[38;2;231;243;255m████████[38;2;141;86;181m████[38;2;204;99;238m████[38;2;191;97;223m████[38;2;203;99;238m████████████████[38;2;66;65;66m██[38;2;204;99;238m██[38;2;203;99;238m████[38;2;204;99;238m██[38;2;141;86;181m████[38;2;204;99;238m████[38;2;66;65;66m██[38;2;0;4;0m██                    
  ██[38;2;231;243;255m████████[38;2;228;244;255m████████████████████████[38;2;144;89;183m████[38;2;137;80;192m██[38;2;211;124;240m██[38;2;204;99;238m████████████[38;2;209;119;240m██[38;2;126;85;138m██[38;2;117;95;115m██[38;2;57;56;82m██[38;2;66;65;66m██[38;2;209;119;240m██[38;2;204;99;238m████[38;2;209;119;240m██[38;2;66;65;66m██[38;2;66;64;66m██[38;2;0;4;0m██                      
    ██[38;2;231;243;255m██[38;2;165;190;189m██[38;2;231;243;255m██[38;2;228;244;255m████████████████████████[38;2;231;243;255m████[38;2;222;251;255m██[38;2;137;80;192m██[38;2;141;86;181m████████[38;2;124;83;138m████[38;2;126;85;138m██[38;2;164;190;189m██[38;2;165;186;198m████[38;2;164;190;189m██[38;2;66;65;66m████████[38;2;186;133;212m██[38;2;0;4;0m██                        
    ██[38;2;165;190;189m██[38;2;228;244;255m████[38;2;165;190;189m██[38;2;231;243;255m██[38;2;228;244;255m████[38;2;165;190;189m██[38;2;231;243;255m██[38;2;228;244;255m████[38;2;165;190;189m██[38;2;231;243;255m██[38;2;228;244;255m████████████████████[38;2;164;190;189m████████[38;2;165;190;189m████[38;2;99;115;127m████[38;2;165;190;189m████[38;2;0;4;0m████                          
      ██[38;2;228;244;255m████[38;2;165;190;189m██[38;2;231;243;255m██[38;2;228;244;255m████[38;2;165;190;189m██[38;2;231;243;255m██[38;2;228;244;255m████[38;2;231;243;255m██[38;2;165;190;189m██[38;2;228;244;255m████████████████████[38;2;164;190;189m████████[38;2;99;115;127m██████[38;2;165;190;189m██[38;2;0;4;0m████                              
        ██[38;2;231;243;255m██[38;2;231;251;255m██[38;2;154;171;172m██[38;2;231;243;255m██████[38;2;165;190;189m██[38;2;231;243;255m████[38;2;228;244;255m████[38;2;165;190;189m██[38;2;231;243;255m██████[38;2;228;244;255m████[38;2;231;243;255m████[38;2;231;251;255m██[38;2;165;186;192m██[38;2;165;190;189m████[38;2;99;115;127m████[38;2;156;182;189m██[38;2;104;122;126m██[38;2;0;4;0m████                                  
          ██[38;2;0;12;8m██[38;2;231;251;255m██[38;2;165;190;189m██[38;2;231;243;255m██████[38;2;165;190;189m██[38;2;231;243;255m██[38;2;228;244;255m████[38;2;231;243;255m██[38;2;165;190;189m████[38;2;231;243;255m██[38;2;228;244;255m████[38;2;231;243;255m██[38;2;165;190;189m██[38;2;165;186;192m██[38;2;99;121;129m██[38;2;99;115;127m████[38;2;165;190;189m████[38;2;0;4;0m████                                      
              ██████[38;2;231;243;255m████[38;2;231;255;255m██[38;2;154;172;170m██[38;2;165;183;192m██[38;2;231;247;255m██[38;2;231;243;255m████[38;2;231;251;255m██[38;2;99;121;129m██[38;2;99;115;127m████████[38;2;104;122;126m██[38;2;156;182;189m██[38;2;165;190;189m██[38;2;0;4;0m██████                                          
                    ████[38;2;0;8;0m████[38;2;231;247;255m██[38;2;99;119;129m██[38;2;99;113;129m████[38;2;165;186;192m████[38;2;165;190;189m████[38;2;0;4;0m██████████                                                
                            ████████████████                                                          
[0m