      [38;2;0;0;0m████  ████                                                        
    ██[38;2;123;124;134m██[38;2;255;255;255m██[38;2;0;0;0m██[38;2;255;255;255m██[38;2;246;246;246m██[38;2;0;0;0m██    ████████      ██████                              
    ██[38;2;255;255;255m████████[38;2;82;82;82m████[38;2;0;0;0m████[38;2;255;255;255m████████[38;2;0;0;0m██████[38;2;255;255;255m████[38;2;127;127;127m██[38;2;0;0;0m██                            
      ██[38;2;222;238;238m██[38;2;255;255;255m██[38;2;65;64;65m██[38;2;89;84;90m██[38;2;225;143;255m████[38;2;89;84;90m██[38;2;74;64;49m██[38;2;255;255;205m██[38;2;255;209;49m████[38;2;255;255;255m████[38;2;89;84;90m██[38;2;255;255;255m██████[38;2;0;0;0m██                            
  ████[38;2;222;238;238m████[38;2;255;255;255m██[38;2;65;64;65m██[38;2;225;143;255m████[38;2;89;84;90m██[38;2;225;143;255m██[38;2;74;64;49m██[38;2;194;191;153m██[38;2;0;0;0m██[38;2;255;209;49m██[38;2;89;84;90m████[38;2;255;255;255m██████[38;2;0;0;0m██                              
██[38;2;206;208;239m████[38;2;205;228;235m████[38;2;206;208;239m██[38;2;65;64;65m██[38;2;160;104;177m██[38;2;223;136;255m████[38;2;160;104;177m██[38;2;79;75;74m████[38;2;65;64;65m████[38;2;255;255;255m████████[38;2;206;208;239m██[38;2;140;125;132m██[38;2;0;0;0m██                            
██[38;2;140;125;132m██[38;2;206;208;239m██[38;2;205;228;235m████[38;2;206;208;239m████[38;2;90;83;86m████████[38;2;206;208;239m████████[38;2;205;228;235m██[38;2;255;255;255m████[38;2;205;228;235m██[38;2;206;208;239m██████[38;2;0;0;0m████                        
  ██[38;2;140;125;132m██[38;2;205;228;235m████[38;2;230;238;213m██[38;2;74;68;57m██[38;2;206;208;239m████████[38;2;205;228;235m████████████████[38;2;206;208;239m████[38;2;230;242;246m██[38;2;65;64;65m██[38;2;255;255;255m██[38;2;0;0;0m██  ██████████          
    ██[38;2;205;228;235m████[38;2;74;68;57m██[38;2;178;182;161m██[38;2;65;64;65m████████[38;2;205;228;235m████████████████[38;2;206;208;239m██[38;2;140;125;132m██[38;2;65;64;65m██[38;2;230;242;246m██[38;2;255;255;255m████[38;2;0;0;0m██[38;2;225;143;255m██████████[38;2;0;0;0m████      
  ██[38;2;198;200;231m██[38;2;206;208;239m████[38;2;74;68;57m██[38;2;194;187;128m██[38;2;230;161;123m██[38;2;74;56;65m██[38;2;211;80;98m████[38;2;65;64;65m████[38;2;74;68;57m██[38;2;230;238;213m██[38;2;205;228;235m████████[38;2;206;208;239m██[38;2;65;64;65m██[38;2;206;208;239m████[38;2;230;242;246m██[38;2;75;66;68m██[38;2;65;64;65m██[38;2;163;88;200m██[38;2;176;91;193m██[38;2;223;136;255m██[38;2;112;63;119m████[38;2;255;255;255m████[38;2;8;0;0m████  
  [38;2;0;0;0m██[38;2;131;133;153m██[38;2;206;208;239m██[38;2;65;64;65m██[38;2;255;246;164m██[38;2;194;187;128m██[38;2;74;56;65m██[38;2;178;126;104m██[38;2;211;80;98m████[38;2;65;64;65m██[38;2;205;194;123m██[38;2;178;182;161m██[38;2;74;68;57m██[38;2;205;228;235m████████[38;2;206;208;239m████[38;2;65;64;65m██[38;2;206;208;239m██[38;2;230;242;246m██[38;2;125;120;131m██[38;2;65;64;65m██[38;2;163;88;200m██[38;2;176;91;193m██[38;2;122;56;118m██[38;2;112;63;119m██[38;2;213;210;212m██[38;2;222;141;255m████[38;2;218;140;253m██[38;2;85;53;77m██[38;2;0;0;0m██
██[38;2;206;208;239m██[38;2;65;64;65m██[38;2;74;72;73m████[38;2;255;238;180m██[38;2;65;64;65m██[38;2;71;60;60m██[38;2;213;76;98m██[38;2;156;64;65m████[38;2;65;64;65m██[38;2;191;186;137m██[38;2;178;182;161m██[38;2;74;68;57m██[38;2;205;228;235m████[38;2;205;230;238m██[38;2;129;118;128m██[38;2;206;208;239m████[38;2;65;64;65m██[38;2;206;208;239m██[38;2;205;228;235m████[38;2;206;208;239m██[38;2;65;64;65m██[38;2;122;49;137m██[38;2;205;205;213m██[38;2;213;210;212m██[38;2;163;88;200m██[38;2;175;91;200m████[38;2;225;143;255m████[38;2;0;0;0m██
██[38;2;206;208;239m████[38;2;74;72;73m██[38;2;255;238;180m████[38;2;65;64;65m██[38;2;213;76;98m██[38;2;142;68;79m██[38;2;246;141;115m████[38;2;65;64;65m██[38;2;255;246;172m██[38;2;74;68;57m██[38;2;230;238;213m██[38;2;205;228;235m████[38;2;205;230;238m██[38;2;74;68;72m██[38;2;65;64;65m████[38;2;206;208;239m████[38;2;205;228;235m████[38;2;206;208;239m██[38;2;65;64;65m██[38;2;205;205;213m██[38;2;133;100;163m██[38;2;163;88;200m████[38;2;175;91;200m████[38;2;0;0;0m████  
  ██[38;2;206;208;239m██[38;2;65;64;65m██[38;2;255;238;180m██[38;2;65;64;65m████[38;2;142;91;87m██[38;2;246;137;115m██[38;2;246;141;115m██[38;2;65;64;65m██[38;2;254;238;178m████[38;2;65;64;65m████[38;2;76;63;60m██[38;2;207;192;249m██[38;2;206;208;239m██[38;2;65;64;65m██[38;2;205;228;235m████████[38;2;213;226;230m██[38;2;65;64;65m████[38;2;163;88;200m██[38;2;175;91;200m████[38;2;148;84;197m██████[38;2;0;0;0m██      
  ██[38;2;206;208;239m██[38;2;65;64;65m██[38;2;255;238;180m██[38;2;65;64;65m██[38;2;225;143;255m██[38;2;90;68;74m██[38;2;246;137;115m██[38;2;246;141;115m██[38;2;65;64;65m██[38;2;254;238;178m████[38;2;65;64;65m██[38;2;163;88;200m██[38;2;157;126;162m██[38;2;76;63;60m██[38;2;65;64;65m██[38;2;206;208;239m██[38;2;205;228;235m████████[38;2;116;115;120m██[38;2;65;64;65m██[38;2;163;88;200m████[38;2;175;91;200m████[38;2;148;84;197m██[38;2;0;0;0m████        
    ████████[38;2;225;143;255m██[38;2;223;136;255m██[38;2;76;63;60m██[38;2;65;64;65m████[38;2;255;238;180m██[38;2;65;64;65m██[38;2;175;91;200m████████[38;2;65;64;65m██[38;2;205;218;222m██[38;2;205;228;235m████[38;2;116;115;120m██[38;2;213;226;230m██[38;2;201;169;250m██[38;2;65;64;65m██[38;2;225;143;255m██[38;2;65;64;65m██[38;2;178;94;197m████[38;2;0;0;0m██            
            ██[38;2;138;82;132m██[38;2;223;136;255m██[38;2;225;143;255m██[38;2;65;64;65m██[38;2;255;238;180m██[38;2;65;64;65m██[38;2;175;91;200m████[38;2;155;67;141m████[38;2;205;218;222m██[38;2;65;64;65m██[38;2;205;228;235m████[38;2;65;64;65m██████[38;2;201;169;250m██[38;2;225;143;255m████[38;2;98;51;75m██[38;2;8;0;0m██              
            [38;2;0;0;0m██[38;2;77;46;51m██[38;2;155;74;140m██[38;2;255;255;255m██[38;2;155;67;141m██[38;2;107;62;109m████[38;2;155;67;141m████[38;2;213;210;212m████[38;2;155;67;141m████[38;2;65;64;65m████[38;2;175;91;200m████[38;2;225;143;255m████[38;2;231;142;255m████████[38;2;0;0;0m██            
              [38;2;16;4;0m██[38;2;155;74;140m██[38;2;155;67;141m██[38;2;255;255;255m██████[38;2;213;210;212m████[38;2;155;67;141m██████[38;2;213;210;212m██[38;2;154;79;144m██[38;2;175;86;198m██[38;2;175;91;200m████[38;2;151;89;197m████[38;2;231;142;255m████████[38;2;225;143;255m██[38;2;0;0;0m██          
            ██[38;2;84;52;82m██[38;2;238;255;255m██[38;2;155;67;141m██████████████[38;2;213;210;212m██[38;2;205;205;213m██[38;2;164;60;152m██[38;2;151;89;197m████[38;2;158;99;198m████[38;2;175;91;200m████[38;2;163;88;200m████[38;2;225;143;255m████[38;2;175;91;200m████[38;2;0;0;0m██        
          ██[38;2;148;84;197m██[38;2;119;114;140m██[38;2;84;52;82m██[38;2;255;255;255m████████[38;2;213;210;212m██████[38;2;155;67;141m██[38;2;164;60;152m██[38;2;165;109;181m██[38;2;151;89;197m██[38;2;225;143;255m██[38;2;240;131;255m██[38;2;65;58;61m██[38;2;175;91;200m████[38;2;163;88;200m██[38;2;65;64;65m██[38;2;151;89;197m████[38;2;175;91;200m████[38;2;0;0;0m██        
      ████[38;2;175;91;200m████[38;2;163;88;200m██[38;2;65;64;65m██[38;2;145;62;142m████[38;2;155;67;141m████████[38;2;154;80;131m██[38;2;175;86;198m██[38;2;151;89;197m██[38;2;225;143;255m██[38;2;231;142;255m████████[38;2;65;64;65m██[38;2;163;88;200m██[38;2;148;84;197m██[38;2;0;0;0m██[38;2;148;84;197m████[38;2;178;94;197m██[38;2;0;0;0m██          
    ██[38;2;148;84;197m████[38;2;175;91;200m████[38;2;163;88;200m████[38;2;6;0;8m██[38;2;189;95;215m██[38;2;175;91;200m████████[38;2;175;86;198m██[38;2;65;60;63m██[38;2;225;143;255m████[38;2;231;142;255m████████[38;2;65;64;65m██[38;2;163;88;200m██[38;2;0;0;0m██  ██[38;2;148;84;197m██[38;2;132;62;122m██[38;2;178;94;197m██[38;2;0;0;0m██        
      ██[38;2;148;84;197m██████[38;2;0;0;0m████  ████[38;2;148;84;197m██████[38;2;174;100;187m██[38;2;94;55;69m██[38;2;225;143;255m██████[38;2;151;89;197m██[38;2;225;143;255m██[38;2;151;89;197m██[38;2;217;125;254m██[38;2;57;50;53m██[38;2;87;50;83m██[38;2;8;0;0m██  [38;2;0;0;0m██████          
        ██████          ██████[38;2;8;0;0m████[38;2;0;0;0m██[38;2;225;143;255m██████[38;2;151;89;197m██[38;2;225;143;255m██[38;2;115;75;123m████[38;2;225;143;255m████[38;2;0;0;0m██                
                                    ████[38;2;225;143;255m██[38;2;216;133;254m██[38;2;106;66;127m██[38;2;225;143;255m████[38;2;0;0;0m████                  
                                        ██████████                      
[0m