      [38;2;0;0;0m████                      
      ██[38;2;255;255;255m██[38;2;0;0;0m██████                
      ██[38;2;255;255;255m████[38;2;198;157;71m██[38;2;247;239;77m██[38;2;0;0;0m████            
    ██[38;2;226;200;65m██[38;2;255;255;255m██[38;2;189;189;189m██[38;2;198;157;71m██[38;2;247;239;77m████[38;2;226;200;65m██[38;2;0;0;0m██          
    ██[38;2;247;239;77m██[38;2;198;157;71m████[38;2;247;239;77m████████[38;2;0;0;0m██          
  ██[38;2;247;239;77m██████████████████[38;2;0;0;0m██        
  ██[38;2;198;157;71m██[38;2;247;239;77m██████[38;2;255;255;255m██[38;2;0;0;0m██[38;2;247;239;77m██████[38;2;0;0;0m██        
██[38;2;253;156;188m██[38;2;237;128;160m██[38;2;65;65;65m██[38;2;247;239;77m████[38;2;0;0;0m██[38;2;65;65;65m██[38;2;247;239;77m████[38;2;226;200;65m██[38;2;0;0;0m██        
██[38;2;237;128;160m██████[38;2;65;65;65m██[38;2;247;239;77m██████[38;2;226;200;65m████[38;2;0;0;0m██          
  ██[38;2;237;128;160m████[38;2;65;65;65m██[38;2;226;200;65m████████[38;2;198;157;71m██[38;2;0;0;0m██      ██  
    ████[38;2;226;200;65m████████[38;2;65;65;65m██[38;2;0;0;0m██      ██[38;2;189;189;189m██[38;2;0;0;0m██
        ██[38;2;65;65;65m██████[38;2;226;200;65m████[38;2;0;0;0m██  ██[38;2;189;189;189m████[38;2;0;0;0m██
        ██[38;2;237;128;160m██[38;2;247;239;77m████[38;2;237;128;160m██[38;2;226;200;65m██[38;2;0;0;0m██  ██[38;2;189;189;189m██[38;2;0;0;0m██  
          ██[38;2;226;200;65m██████[38;2;65;65;65m██[38;2;226;200;65m██[38;2;0;0;0m██[38;2;226;200;65m██[38;2;0;0;0m██    
            ██[38;2;65;65;65m████[38;2;226;200;65m██████[38;2;65;65;65m██[38;2;0;0;0m██    
              ██[38;2;226;200;65m██[38;2;237;128;160m██[38;2;226;200;65m██[38;2;0;0;0m████      
                ██████          
[0m