              [38;2;0;0;0m████████                                              
          ████[38;2;206;96;57m████████[38;2;0;0;0m██                ██████                      
        ██[38;2;206;96;57m████[38;2;66;65;66m████[38;2;0;0;0m██[38;2;206;96;57m████[38;2;0;0;0m██            ██[38;2;115;190;255m██[38;2;107;190;255m██[38;2;93;148;194m██[38;2;0;0;0m██                    
      ██[38;2;206;96;57m██[38;2;0;0;0m████[38;2;66;65;66m██[38;2;0;0;0m██  ██[38;2;206;96;57m██[38;2;0;0;0m██          ██[38;2;115;190;255m████[38;2;66;65;74m██[38;2;93;148;194m██[38;2;0;0;0m██                    
    ██[38;2;206;96;57m██[38;2;0;0;0m██    ██[38;2;206;96;57m██[38;2;0;4;24m██[38;2;68;62;38m██[38;2;206;110;74m██[38;2;0;4;33m██          [38;2;0;0;0m██[38;2;107;190;255m██[38;2;93;148;194m██[38;2;66;65;66m██[38;2;74;121;181m██[38;2;0;0;0m██      ██████        
  ██[38;2;206;96;57m██[38;2;0;0;0m██        ██[38;2;206;101;66m████[38;2;68;63;46m████[38;2;0;0;0m██████  ██[38;2;115;190;255m██[38;2;66;65;74m██[38;2;93;148;194m██[38;2;74;121;181m████[38;2;0;0;0m██    ██[38;2;247;155;123m██████[38;2;0;0;0m██      
  ██[38;2;206;96;57m██[38;2;0;0;0m██        ██[38;2;66;65;66m████[38;2;77;84;119m████████[38;2;79;85;123m██[38;2;0;0;0m██[38;2;8;0;0m██[38;2;123;182;255m██[38;2;90;150;231m██[38;2;66;65;66m██[38;2;90;150;222m██[38;2;0;0;0m██    [38;2;0;0;8m██[38;2;247;160;132m██[38;2;66;65;66m██[38;2;0;0;0m██[38;2;85;78;43m██[38;2;255;158;115m██[38;2;0;0;0m██    
██[38;2;206;96;57m██[38;2;0;0;0m██      ████[38;2;79;85;123m██[38;2;77;84;119m████████████[38;2;79;85;123m████[38;2;70;85;105m██[38;2;32;36;44m██[38;2;66;65;66m██[38;2;82;121;176m██[38;2;0;0;0m██    ██[38;2;247;160;132m██[38;2;82;74;49m██[38;2;0;0;0m██  [38;2;0;0;8m██[38;2;170;106;79m██[38;2;0;0;0m██    
██[38;2;206;96;57m██[38;2;0;0;0m██    ██[38;2;79;85;123m██[38;2;76;83;117m██[38;2;231;125;90m██[38;2;76;82;117m████[38;2;77;84;119m████[38;2;74;81;116m████[38;2;77;84;119m████████[38;2;60;66;92m██[38;2;57;65;74m██[38;2;0;0;0m██    ██[38;2;247;155;123m██[38;2;0;0;0m██[38;2;206;96;57m██[38;2;0;0;0m██[38;2;66;65;66m██[38;2;206;96;57m██[38;2;30;34;40m██[38;2;16;4;0m██  
[38;2;0;0;0m██[38;2;206;96;57m██[38;2;0;0;0m██  ██[38;2;79;85;123m████[38;2;76;83;117m██[38;2;231;125;90m██[38;2;76;82;117m██[38;2;247;155;123m██[38;2;77;84;119m████[38;2;206;96;57m██[38;2;74;81;116m██[38;2;77;84;119m████████[38;2;76;84;128m██[38;2;60;66;92m██[38;2;59;65;97m██[38;2;0;0;0m████[38;2;247;155;123m██[38;2;0;0;0m██  ██[38;2;206;96;57m████[38;2;66;65;66m██[38;2;107;170;239m████[38;2;0;0;0m██
██[38;2;206;101;66m██[38;2;68;62;38m██[38;2;0;0;0m██[38;2;247;251;255m██[38;2;77;84;119m████[38;2;231;138;99m████[38;2;247;155;123m████[38;2;231;138;99m████[38;2;77;84;119m████████████[38;2;76;84;119m██[38;2;60;66;99m██[38;2;59;65;98m████[38;2;66;65;66m██[38;2;247;155;123m██[38;2;49;54;78m██[38;2;16;12;0m██[38;2;66;65;66m██████[38;2;90;150;222m██[38;2;99;170;239m████[38;2;0;0;0m██
  [38;2;0;4;24m██[38;2;206;101;66m██[38;2;82;83;85m██[38;2;164;167;170m██[38;2;77;84;119m████[38;2;231;138;99m██[38;2;76;84;119m██[38;2;76;82;117m██[38;2;247;155;123m██[38;2;231;138;99m██[38;2;76;84;119m██[38;2;77;84;119m████████████[38;2;76;84;119m██[38;2;60;66;99m██[38;2;59;65;98m████[38;2;66;65;66m██[38;2;247;155;123m██[38;2;49;54;78m██[38;2;66;71;95m██[38;2;60;65;100m██[38;2;66;65;66m██[38;2;90;150;222m████[38;2;0;0;0m████  
  ██[38;2;206;96;57m██[38;2;66;65;66m████[38;2;77;84;119m████████[38;2;74;81;116m██[38;2;206;96;57m██[38;2;77;84;119m████[38;2;77;83;116m██[38;2;145;155;203m██[38;2;255;255;255m██[38;2;170;170;172m██[38;2;76;84;119m████[38;2;59;65;98m████[38;2;60;65;100m██[38;2;66;65;66m██[38;2;247;155;123m██[38;2;66;65;66m██[38;2;59;65;98m████[38;2;60;65;100m████[38;2;0;0;0m████      
    ██[38;2;98;148;192m██[38;2;115;190;255m██[38;2;66;65;66m██[38;2;77;84;119m██████[38;2;74;81;116m████[38;2;77;84;119m████[38;2;77;83;116m██[38;2;255;255;247m██[38;2;0;0;8m██[38;2;255;255;255m██[38;2;60;66;99m████[38;2;59;65;98m████[38;2;60;65;100m██[38;2;66;65;66m██[38;2;247;155;123m██[38;2;66;65;66m██[38;2;59;65;98m████[38;2;60;65;100m██[38;2;0;0;0m██          
    ██[38;2;115;190;255m██[38;2;82;103;189m██[38;2;115;186;255m██[38;2;66;56;74m██[38;2;66;65;66m████[38;2;77;84;119m████████[38;2;72;75;88m██[38;2;140;154;206m██[38;2;231;239;255m██[38;2;167;174;197m██[38;2;59;65;98m████[38;2;60;65;100m████[38;2;66;65;66m██[38;2;247;155;123m██[38;2;66;65;66m██[38;2;60;65;100m██████[38;2;66;65;66m██[38;2;60;65;100m██[38;2;0;0;0m██        
    ██[38;2;98;146;222m██[38;2;115;190;255m██[38;2;90;121;164m██[38;2;115;186;255m██[38;2;115;190;255m████[38;2;66;65;66m████████[38;2;57;59;74m████[38;2;28;29;41m██[38;2;104;109;139m██[38;2;59;65;98m████[38;2;66;65;66m████[38;2;247;155;123m██[38;2;66;65;66m██[38;2;60;65;100m████[38;2;0;0;0m████[38;2;60;65;100m████[38;2;0;0;0m██        
      ██[38;2;90;150;222m██[38;2;115;186;255m██[38;2;90;121;164m██[38;2;86;105;185m████[38;2;115;190;255m██████████████[38;2;66;65;66m██[38;2;60;65;100m██[38;2;66;65;66m██[38;2;247;155;123m████[38;2;66;65;66m██[38;2;60;65;100m██[38;2;64;69;99m██[38;2;8;8;0m██    [38;2;0;0;0m████          
      ██[38;2;90;150;222m██[38;2;66;56;74m██[38;2;115;186;255m██[38;2;115;190;255m████[38;2;86;105;185m████████████[38;2;115;190;255m████[38;2;66;65;66m██[38;2;60;65;100m██[38;2;66;65;66m████[38;2;60;65;100m████[38;2;64;69;99m██[38;2;28;30;41m██[38;2;0;0;0m██                
    ██[38;2;90;150;222m██[38;2;40;55;74m██[38;2;0;0;0m██[38;2;66;65;66m██████[38;2;115;190;255m████████████[38;2;148;207;239m██[38;2;99;85;49m██[38;2;206;96;57m██[38;2;66;65;66m██[38;2;68;66;74m████[38;2;31;33;44m██[38;2;70;76;107m██[38;2;59;65;98m████[38;2;60;65;100m██[38;2;0;0;0m██              
    ██[38;2;90;150;222m██[38;2;16;8;0m██  [38;2;0;0;0m██[38;2;206;96;57m████[38;2;66;65;66m████████[38;2;66;65;74m██[38;2;98;148;194m██[38;2;99;85;49m██[38;2;115;125;112m██[38;2;206;96;57m████[38;2;206;118;90m██[38;2;0;8;66m██[38;2;8;8;0m██[38;2;70;76;107m██[38;2;59;65;98m████[38;2;60;65;100m██[38;2;0;0;0m██              
      ██      ██████[38;2;206;96;57m██████[38;2;49;56;74m██[38;2;99;154;222m██[38;2;115;190;255m██[38;2;66;65;66m██[38;2;206;96;57m██[38;2;0;0;0m████    ██[38;2;79;85;123m██████[38;2;0;0;0m██              
                    ██████[38;2;24;8;0m██[38;2;49;56;74m██[38;2;115;190;255m████[38;2;0;0;0m██          ██████                
                            ██[38;2;115;190;255m████[38;2;0;0;0m██                                
                              ████                                  
[0m