                              [38;2;0;0;0m████                  
  ██████              ██  ████[38;2;105;235;48m██[38;2;41;183;9m██[38;2;0;0;0m████              
██[38;2;255;255;255m████[38;2;201;181;224m██[38;2;0;0;0m██████      ██[38;2;255;255;255m██[38;2;65;65;65m██[38;2;255;255;255m██[38;2;65;65;65m██[38;2;41;183;9m██[38;2;105;235;48m████[38;2;41;183;9m██[38;2;0;0;0m██            
  ██[38;2;201;181;224m██[38;2;255;255;255m████[38;2;105;235;48m██[38;2;41;183;9m██[38;2;0;0;0m██████[38;2;255;255;255m██[38;2;201;181;224m██[38;2;255;255;255m████[38;2;132;132;115m██[38;2;255;255;255m██[38;2;105;235;48m██[38;2;41;183;9m██[38;2;105;235;48m██[38;2;0;0;0m██            
██[38;2;255;255;255m██████[38;2;105;235;48m████[38;2;255;255;255m████[38;2;132;132;115m██[38;2;255;255;255m██████████[38;2;201;181;224m██[38;2;132;132;115m██[38;2;255;255;255m██[38;2;0;0;0m████              
  ██████[38;2;41;183;9m██[38;2;255;255;255m████[38;2;132;132;115m██[38;2;201;181;224m██[38;2;255;255;255m████████████[38;2;201;181;224m██[38;2;0;0;0m██                  
        ██████[38;2;132;132;115m██[38;2;255;255;255m████████[38;2;201;181;224m██[38;2;255;255;255m████[38;2;132;132;115m██[38;2;0;0;0m████                
              ██[38;2;255;255;255m██████[38;2;65;65;65m██[38;2;255;255;255m████[38;2;201;181;224m██[38;2;255;255;255m████[38;2;201;181;224m██[38;2;0;0;0m████████        
              ██[38;2;65;65;65m██[38;2;189;132;90m██[38;2;255;255;255m██[38;2;65;65;65m██[38;2;255;255;255m████[38;2;132;132;115m██[38;2;255;255;255m████████████[38;2;41;183;9m██[38;2;0;0;0m██████  
              ██[38;2;247;181;82m████[38;2;189;132;90m██[38;2;255;255;255m██[38;2;201;181;224m██[38;2;0;0;0m██████[38;2;201;181;224m██[38;2;255;255;255m██████[38;2;105;235;48m████[38;2;255;255;255m██████[38;2;0;0;0m██
            ██[38;2;247;181;82m████[38;2;189;132;90m██[38;2;0;0;0m██████      ██████[38;2;41;183;9m██[38;2;105;235;48m██[38;2;255;255;255m████[38;2;201;181;224m██[38;2;0;0;0m██  
          ██[38;2;132;132;115m████[38;2;189;132;90m██[38;2;0;0;0m██                  ██████[38;2;201;181;224m██[38;2;255;255;255m████[38;2;0;0;0m██
          ██[38;2;132;132;115m██[38;2;65;65;65m██[38;2;0;0;0m██                          ██████  
            ████                                    
[0m