                [38;2;0;0;0m████████████            
            ████[38;2;70;52;53m██[38;2;99;85;82m████████[38;2;70;52;53m██[38;2;0;0;0m████        
        ████[38;2;99;85;82m████████████████████[38;2;8;8;8m██      
      [38;2;0;0;0m██[38;2;103;85;82m██[38;2;99;85;82m██████████████████████[38;2;70;52;53m██[38;2;0;0;0m██    
      ██[38;2;119;115;115m██[38;2;99;85;82m████████[38;2;90;69;66m██[38;2;99;85;82m██████████[38;2;70;52;53m██[38;2;99;85;82m██[38;2;70;52;53m██[38;2;8;4;0m██  
    [38;2;0;0;0m██[38;2;99;85;82m████[38;2;70;52;53m██[38;2;99;85;82m████[38;2;70;52;53m██[38;2;90;69;66m██[38;2;70;52;53m██[38;2;99;85;82m██████████████[38;2;8;4;0m██  
    [38;2;0;0;0m██[38;2;99;85;82m██████████████████████[38;2;70;52;53m██[38;2;99;85;82m████[38;2;70;52;53m██[38;2;99;85;82m██[38;2;0;0;0m██
    ██[38;2;99;85;82m██[38;2;70;52;53m██[38;2;99;85;82m██████[38;2;70;52;53m██[38;2;99;85;82m██████████[38;2;172;171;170m██[38;2;99;85;82m██[38;2;70;52;53m██[38;2;99;85;82m██[38;2;70;52;53m██[38;2;0;0;0m██
  ██[38;2;119;115;115m██[38;2;123;113;115m██[38;2;156;154;156m████[38;2;70;52;53m████[38;2;214;195;189m██[38;2;70;52;53m████[38;2;99;85;82m████[38;2;214;199;198m██[38;2;255;255;255m██[38;2;172;171;170m██[38;2;70;52;53m██████[38;2;0;0;0m██
  ██[38;2;119;115;115m██[38;2;156;154;156m██[38;2;231;227;222m████[38;2;156;154;156m██[38;2;231;227;222m██[38;2;0;0;0m████[38;2;156;157;156m██[38;2;66;65;66m████[38;2;156;157;156m██[38;2;214;199;198m██[38;2;255;255;255m██[38;2;172;171;170m██[38;2;70;52;53m████[38;2;0;0;0m██
    ██[38;2;214;195;189m██[38;2;231;227;222m██[38;2;255;255;255m██████[38;2;231;227;222m██[38;2;255;251;255m██[38;2;214;195;189m██[38;2;126;127;126m██[38;2;66;65;66m██[38;2;181;154;159m██[38;2;214;199;198m████[38;2;255;148;170m██[38;2;172;171;170m██[38;2;70;52;53m██[38;2;0;0;0m██
  ██[38;2;119;115;115m██[38;2;214;195;189m██[38;2;247;190;206m██[38;2;255;255;255m██████[38;2;8;0;0m██[38;2;0;0;0m██[38;2;255;255;255m██[38;2;81;81;81m██[38;2;66;65;66m████[38;2;208;152;160m██[38;2;255;148;170m██[38;2;172;171;170m██[38;2;70;52;53m██[38;2;0;0;0m██  
██[38;2;119;115;115m████[38;2;66;60;57m██[38;2;214;195;189m██[38;2;255;255;255m████████[38;2;214;195;189m████[38;2;112;112;112m██[38;2;66;65;66m████[38;2;172;171;170m████[38;2;70;52;53m████[38;2;0;0;0m██  
  ██[38;2;119;115;115m██[38;2;66;60;57m██[38;2;70;52;53m██[38;2;214;195;189m████████[38;2;99;85;82m████[38;2;81;81;81m██[38;2;66;65;66m████[38;2;112;112;112m██[38;2;172;171;170m██[38;2;70;52;53m██[38;2;0;0;0m██    
    ████[38;2;70;52;53m██████[38;2;99;85;82m██████[38;2;70;52;53m████[38;2;81;81;81m██[38;2;66;65;66m██████[38;2;0;0;0m██      
        ████[38;2;70;52;53m████████████[38;2;81;81;81m██[38;2;66;65;66m██[38;2;81;81;81m██[38;2;66;65;66m██[38;2;0;0;0m██      
            ██[38;2;70;52;53m██[38;2;0;0;0m██[38;2;70;52;53m████████[38;2;0;0;0m██████        
            ████  ██[38;2;71;66;66m████[38;2;0;0;0m██              
                    ████                
[0m