      [38;2;0;0;0m██                                
    ██[38;2;255;162;138m██[38;2;0;0;0m██  ████████████                
  ████[38;2;255;162;138m██[38;2;0;0;0m████[38;2;235;167;177m██[38;2;254;203;212m████████[38;2;235;167;177m██[38;2;0;0;0m████            
██[38;2;255;162;138m████[38;2;237;108;70m██[38;2;65;65;65m██[38;2;254;203;212m██[38;2;255;221;227m████[38;2;254;203;212m████████[38;2;235;167;177m██[38;2;179;87;99m██[38;2;0;0;0m██          
  ██[38;2;237;108;70m██[38;2;65;65;65m██[38;2;254;203;212m██[38;2;0;0;0m██[38;2;255;221;227m████[38;2;254;203;212m██████████[38;2;235;167;177m██[38;2;179;87;99m██[38;2;0;0;0m██        
  ██[38;2;237;108;70m██[38;2;65;65;65m██[38;2;254;203;212m██████████████████[38;2;235;167;177m██[38;2;65;65;65m██[38;2;255;162;138m██[38;2;0;0;0m██      
    ████[38;2;179;87;99m██[38;2;254;203;212m████████[38;2;0;0;0m██[38;2;254;203;212m██████[38;2;179;87;99m██[38;2;65;65;65m██[38;2;255;162;138m██[38;2;0;0;0m████    
      ██[38;2;235;167;177m██[38;2;65;65;65m████[38;2;254;203;212m████████[38;2;179;87;99m██[38;2;235;167;177m██[38;2;237;108;70m██[38;2;255;162;138m████[38;2;0;0;0m██[38;2;255;162;138m██[38;2;0;0;0m██  
        ██[38;2;235;167;177m████[38;2;65;65;65m██████[38;2;179;87;99m██[38;2;235;167;177m████[38;2;65;65;65m██[38;2;237;108;70m████[38;2;255;162;138m████[38;2;0;0;0m██  
          ████[38;2;235;167;177m████████[38;2;179;87;99m██[38;2;0;0;0m████[38;2;237;108;70m██[38;2;65;65;65m██[38;2;237;108;70m████[38;2;255;162;138m██[38;2;0;0;0m██
              ██████████    ████[38;2;237;108;70m██[38;2;0;0;0m████  
              ██[38;2;58;82;90m██[38;2;235;167;177m██[38;2;0;0;0m██    ████  ██      
            ████[38;2;235;167;177m██████[38;2;0;0;0m████[38;2;235;167;177m████[38;2;0;0;0m██        
          ██[38;2;235;167;177m██[38;2;179;87;99m██[38;2;58;82;90m████[38;2;206;122;134m██[38;2;65;65;65m██[38;2;235;167;177m████[38;2;206;122;134m██[38;2;0;0;0m██        
            ████[38;2;206;122;134m████[38;2;65;65;65m██[38;2;0;0;0m████████          
                ████[38;2;235;167;177m████[38;2;0;0;0m██              
                    ████                
[0m