                      [38;2;0;0;0m████                    
                  ████[38;2;107;137;156m██[38;2;0;0;0m██                    
                ██[38;2;65;65;65m██[38;2;107;137;156m████[38;2;0;0;0m██                    
                ██[38;2;107;137;156m██[38;2;65;65;65m████                      
                  [38;2;0;0;0m██[38;2;107;137;156m████[38;2;0;0;0m██                    
  ████          ██[38;2;107;137;156m████[38;2;65;65;65m██[38;2;0;0;0m██                    
██[38;2;181;74;123m████[38;2;0;0;0m████████    ██[38;2;107;137;156m██[38;2;0;0;0m██    ██████            
  ██[38;2;181;74;123m██████████[38;2;0;0;0m██████[38;2;107;137;156m██[38;2;0;0;0m██  ██[38;2;214;107;156m████[38;2;0;0;0m██            
██[38;2;181;74;123m██████████[38;2;65;65;65m████[38;2;107;137;156m██████[38;2;65;65;65m██[38;2;0;0;0m██[38;2;214;107;156m████[38;2;0;0;0m██              
██[38;2;181;74;123m████████[38;2;65;65;65m██[38;2;107;137;156m████████████[38;2;65;65;65m████[38;2;0;0;0m██                
  ██[38;2;65;65;65m██[38;2;181;74;123m██[38;2;65;65;65m██[38;2;255;255;255m██[38;2;65;65;65m██[38;2;107;137;156m██████████[38;2;65;65;65m██[38;2;214;107;156m████[38;2;0;0;0m████            
  ██[38;2;255;156;148m██[38;2;65;65;65m██[38;2;107;137;156m██[38;2;0;0;0m██[38;2;107;137;156m██████████[38;2;65;65;65m██[38;2;107;137;156m██[38;2;65;65;65m██[38;2;214;107;156m██████[38;2;0;0;0m██████      
██[38;2;255;156;148m████[38;2;65;65;65m██[38;2;107;137;156m██[38;2;255;255;255m██[38;2;107;137;156m████████[38;2;255;255;255m██[38;2;107;137;156m██████[38;2;65;65;65m██[38;2;214;107;156m██████████[38;2;0;0;0m████  
██[38;2;206;115;123m██[38;2;255;156;148m████[38;2;65;65;65m██[38;2;107;137;156m██████████[38;2;0;0;0m██[38;2;189;189;189m██[38;2;107;137;156m████[38;2;65;65;65m████[38;2;214;107;156m████████[38;2;181;74;123m██[38;2;214;107;156m██[38;2;0;0;0m██
  ██[38;2;206;115;123m██[38;2;255;156;148m████[38;2;65;65;65m██[38;2;107;137;156m████████[38;2;255;255;255m██[38;2;107;137;156m████[38;2;65;65;65m██[38;2;255;156;148m████[38;2;65;65;65m██[38;2;214;107;156m████[38;2;181;74;123m██[38;2;214;107;156m██[38;2;181;74;123m██[38;2;0;0;0m██
  ██[38;2;206;115;123m██████[38;2;65;65;65m██[38;2;214;107;156m████[38;2;65;65;65m██[38;2;107;137;156m██[38;2;65;65;65m██████[38;2;255;156;148m████████[38;2;65;65;65m████[38;2;214;107;156m██[38;2;181;74;123m██[38;2;0;0;0m██  
    ████[38;2;206;115;123m██[38;2;65;65;65m██[38;2;181;74;123m██[38;2;65;65;65m██[38;2;255;156;148m████[38;2;65;65;65m██[38;2;255;156;148m████[38;2;65;65;65m██[38;2;255;156;148m████[38;2;206;115;123m████[38;2;65;65;65m██[38;2;0;0;0m████    
        ██[38;2;65;65;65m████[38;2;255;156;148m████████[38;2;65;65;65m██[38;2;255;156;148m████[38;2;206;115;123m████[38;2;65;65;65m██[38;2;206;115;123m██[38;2;0;0;0m██        
          ██[38;2;206;115;123m████[38;2;255;156;148m██[38;2;65;65;65m██[38;2;255;156;148m████[38;2;206;115;123m██████████[38;2;0;0;0m██          
            ██[38;2;206;115;123m██████[38;2;65;65;65m████[38;2;206;115;123m████[38;2;0;0;0m██████            
            ██[38;2;206;115;123m██████████[38;2;0;0;0m████                  
              ██[38;2;206;115;123m██████[38;2;0;0;0m██                      
                ██████                        
[0m