                    [38;2;0;0;0m██████                        
                  ██[38;2;255;138;236m████[38;2;214;89;208m██[38;2;0;0;0m████                    
                ██[38;2;255;138;236m████████[38;2;214;89;208m██[38;2;175;62;184m██[38;2;0;0;0m██                  
                ██[38;2;214;89;208m██[38;2;255;138;236m████[38;2;214;89;208m██████[38;2;175;62;184m██[38;2;0;0;0m██                
                  ██[38;2;214;89;208m████████████[38;2;0;0;0m██                
                    ██[38;2;65;65;65m██[38;2;214;89;208m████████[38;2;255;138;236m██[38;2;0;0;0m██              
                ████[38;2;255;138;236m████[38;2;65;65;65m████[38;2;175;62;184m██[38;2;255;138;236m██████[38;2;0;0;0m██            
              ██[38;2;65;65;65m██[38;2;255;138;236m██████████████████[38;2;0;0;0m██            
            ██[38;2;255;138;236m██[38;2;0;0;0m████[38;2;255;138;236m██████████████████[38;2;0;0;0m██          
          ██[38;2;255;138;236m██[38;2;65;65;65m██[38;2;255;138;236m██[38;2;0;0;0m██[38;2;255;138;236m██████[38;2;65;65;65m██[38;2;0;0;0m██[38;2;255;138;236m██[38;2;175;62;184m██[38;2;255;138;236m████[38;2;0;0;0m██          
  ████████[38;2;255;138;236m████[38;2;65;65;65m██[38;2;255;138;236m████████[38;2;175;62;184m██[38;2;214;89;208m██[38;2;255;138;236m██[38;2;0;0;0m██[38;2;175;62;184m██[38;2;255;138;236m████[38;2;0;0;0m██          
██[38;2;255;138;236m████████████[38;2;0;0;0m██[38;2;65;65;65m██[38;2;255;138;236m██[38;2;65;65;65m██[38;2;255;138;236m██████████[38;2;175;62;184m██[38;2;255;138;236m██████[38;2;0;0;0m██        
  ██[38;2;255;138;236m████████[38;2;0;0;0m██  ██[38;2;65;65;65m██[38;2;214;90;90m██[38;2;65;65;65m██[38;2;255;138;236m██[38;2;65;65;65m██[38;2;255;138;236m██[38;2;65;65;65m██[38;2;214;89;208m██[38;2;65;65;65m██[38;2;255;138;236m████[38;2;0;0;0m██  ████  
    ████████    ██[38;2;214;89;208m██[38;2;214;90;90m████[38;2;65;65;65m██[38;2;214;90;90m██[38;2;65;65;65m██[38;2;214;90;90m██[38;2;214;89;208m██[38;2;65;65;65m██[38;2;255;138;236m██[38;2;214;89;208m██[38;2;0;0;0m████[38;2;65;65;65m████[38;2;0;0;0m██
                  ██[38;2;214;89;208m██[38;2;214;90;90m██[38;2;255;148;123m██████[38;2;214;89;208m██[38;2;0;0;0m████[38;2;214;89;208m████[38;2;0;0;0m██[38;2;65;65;65m██[38;2;0;0;0m████  
                    ██[38;2;65;65;65m██[38;2;255;148;123m████[38;2;65;65;65m██[38;2;0;0;0m██  ██[38;2;214;89;208m██████[38;2;0;0;0m██      
                  ██[38;2;255;138;236m████[38;2;214;89;208m██████[38;2;255;138;236m██[38;2;0;0;0m██  ██[38;2;214;89;208m██████[38;2;0;0;0m██    
                  ██[38;2;65;65;65m██[38;2;255;138;236m████████████[38;2;0;0;0m████[38;2;214;89;208m██████[38;2;0;0;0m██    
                    ██[38;2;255;138;236m██[38;2;65;65;65m██[38;2;175;62;184m██[38;2;255;138;236m██[38;2;65;65;65m████[38;2;0;0;0m██  ██[38;2;214;89;208m██[38;2;0;0;0m██      
                    ██[38;2;175;62;184m████[38;2;65;65;65m████[38;2;214;89;208m██[38;2;0;0;0m██      ██        
                      ████[38;2;214;89;208m████[38;2;65;65;65m██[38;2;0;0;0m██                
                          ██████                  
[0m