                  [38;2;0;0;0m████████                        
              ██[38;2;8;16;0m██[38;2;170;183;77m██[38;2;198;231;73m██████[38;2;0;0;0m████                    
            ██[38;2;230;248;118m██[38;2;227;255;128m████[38;2;198;231;73m██████████[38;2;0;0;0m██                  
          ██[38;2;229;249;115m████████[38;2;232;250;114m██[38;2;198;231;73m██████████[38;2;0;0;0m██                
        ██[38;2;198;231;73m██[38;2;229;249;115m████████[38;2;232;250;114m██[38;2;198;231;73m████████████[38;2;0;0;0m██              
        ██[38;2;198;231;73m████[38;2;232;250;114m██████[38;2;198;231;73m██████████████[38;2;0;0;0m██              
      ██[38;2;198;231;73m████████████████████████████[38;2;0;0;0m██            
      ██[38;2;198;231;73m████████████████[38;2;65;63;63m████[38;2;66;77;49m██[38;2;167;169;136m██[38;2;188;241;63m██[38;2;151;184;60m██[38;2;0;0;0m██            
      ██[38;2;198;231;73m██████████████[38;2;66;65;66m██[38;2;181;182;189m██[38;2;8;4;0m██[38;2;247;255;231m██[38;2;66;77;49m██[38;2;74;69;57m██[38;2;151;184;60m██[38;2;0;0;0m██            
      ██[38;2;66;65;66m██████[38;2;198;231;73m██████[38;2;66;65;66m██[38;2;255;255;255m██[38;2;0;0;0m████[38;2;255;255;239m██[38;2;66;77;49m██[38;2;170;188;52m████[38;2;0;0;0m██            
    ██[38;2;66;65;66m██[38;2;247;190;74m████[38;2;66;65;66m████[38;2;198;231;73m██[38;2;66;65;66m████[38;2;255;255;255m██[38;2;0;0;0m████[38;2;66;77;49m██[38;2;139;138;109m██[38;2;170;188;52m██[38;2;0;0;0m██              
  ██[38;2;249;191;74m████[38;2;247;190;74m████[38;2;192;173;88m██[38;2;66;65;66m██[38;2;169;188;52m████[38;2;170;188;52m██[38;2;66;65;66m██████[38;2;169;188;52m████[38;2;170;188;52m██[38;2;0;0;0m██              
██[38;2;247;190;74m██[38;2;249;191;74m████[38;2;247;190;74m██[38;2;193;172;90m██[38;2;192;173;88m██[38;2;66;65;66m██[38;2;169;188;52m████[38;2;170;188;52m████████[38;2;169;188;52m████[38;2;0;0;0m██                
██[38;2;189;170;90m██[38;2;214;178;82m████[38;2;0;0;0m██████[38;2;170;188;52m██████[38;2;169;188;52m████[38;2;170;188;52m████[38;2;156;166;66m██[38;2;82;56;66m██[38;2;172;102;48m██[38;2;0;0;0m██              
  ██[38;2;214;178;82m██[38;2;0;0;0m██      ██[38;2;66;65;66m██[38;2;170;188;52m██[38;2;169;188;52m████[38;2;170;188;52m██[38;2;66;65;66m██[38;2;82;56;66m██[38;2;106;92;66m██[38;2;172;102;48m██[38;2;0;0;0m██              
    ██        ██[38;2;88;93;104m██[38;2;66;65;66m████████[38;2;88;93;104m██[38;2;66;65;66m████[38;2;172;102;48m████[38;2;0;0;0m██            
            ██[38;2;198;231;73m██[38;2;88;93;104m██████████████[38;2;66;65;66m██[38;2;172;102;48m████[38;2;0;0;0m██            
          ██[38;2;184;230;84m████[38;2;87;93;101m██[38;2;198;231;73m██[38;2;93;103;87m████[38;2;66;77;49m██[38;2;167;169;136m██[38;2;87;93;101m██[38;2;198;231;73m██[38;2;66;65;66m██[38;2;172;102;48m████[38;2;0;0;0m██          
          ██[38;2;255;137;65m██[38;2;184;230;84m██[38;2;198;231;73m████[38;2;192;221;85m██[38;2;66;52;82m██[38;2;247;255;231m██[38;2;66;77;49m██[38;2;198;231;73m████[38;2;66;65;66m██[38;2;172;102;48m████[38;2;0;0;0m██          
        ██[38;2;255;255;255m██[38;2;198;231;73m████[38;2;253;168;84m████[38;2;66;65;66m██[38;2;255;255;255m██████[38;2;66;65;66m██[38;2;198;231;73m████[38;2;66;65;66m██[38;2;172;102;48m██[38;2;255;137;65m██[38;2;0;0;0m██        
        ██[38;2;255;255;255m██[38;2;66;65;66m██[38;2;198;231;73m██[38;2;159;149;74m██[38;2;66;113;66m██[38;2;255;255;255m██[38;2;129;128;129m██[38;2;123;131;134m██[38;2;255;255;255m██[38;2;66;65;66m██[38;2;198;231;73m████[38;2;66;65;66m██[38;2;255;137;65m████[38;2;0;0;0m██        
        ██[38;2;255;255;255m██[38;2;82;85;90m████[38;2;66;65;66m██[38;2;255;255;255m██[38;2;123;129;136m██[38;2;255;137;65m██[38;2;234;185;80m██[38;2;132;105;140m██[38;2;255;255;255m██[38;2;66;65;66m██[38;2;210;236;73m██[38;2;74;69;66m██[38;2;255;137;65m██████[38;2;0;0;0m██      
      ██[38;2;255;255;255m████[38;2;82;85;90m██[38;2;255;255;255m██████[38;2;123;129;136m██[38;2;255;137;65m██[38;2;255;216;82m██[38;2;234;185;80m██[38;2;129;128;129m██[38;2;66;65;66m██[38;2;210;236;73m██[38;2;148;180;70m██[38;2;66;65;66m██[38;2;255;137;65m████[38;2;0;0;0m██      
      ██[38;2;255;255;255m████[38;2;85;93;101m██[38;2;255;255;255m████████[38;2;123;131;134m██[38;2;234;185;80m██[38;2;255;216;82m██[38;2;66;65;66m██[38;2;215;237;64m██[38;2;169;188;52m████[38;2;66;65;66m██[38;2;255;137;65m██[38;2;255;134;65m████[38;2;0;0;0m██    
      ██[38;2;255;255;255m██[38;2;85;93;101m██[38;2;255;255;255m████████████[38;2;132;105;140m██[38;2;234;185;80m██[38;2;66;65;66m██[38;2;148;179;64m██[38;2;169;188;52m████[38;2;66;65;66m██[38;2;255;137;65m██[38;2;255;134;65m████[38;2;0;0;0m██    
      ██[38;2;214;211;214m██[38;2;87;91;104m██[38;2;255;255;255m████████[38;2;211;210;211m████[38;2;214;223;181m██[38;2;66;73;49m██[38;2;170;188;52m██████[38;2;247;190;74m██[38;2;66;65;66m██[38;2;255;137;65m██[38;2;255;134;65m████[38;2;255;137;65m██[38;2;0;0;0m██  
      ██[38;2;214;211;214m██[38;2;87;91;104m██[38;2;255;255;255m██[38;2;123;131;134m██[38;2;255;255;255m██[38;2;211;210;211m██[38;2;123;130;140m██[38;2;211;210;211m██[38;2;66;73;49m██[38;2;152;148;110m██[38;2;170;188;52m██[38;2;247;190;74m████[38;2;170;188;52m██[38;2;66;65;66m██[38;2;255;137;65m██[38;2;255;134;65m████[38;2;255;137;65m██[38;2;0;0;0m██  
      ██[38;2;255;137;65m██[38;2;82;85;90m██[38;2;237;214;192m██[38;2;161;135;119m██[38;2;214;210;212m████[38;2;161;135;119m██[38;2;237;214;192m██[38;2;66;73;66m██[38;2;247;207;74m██[38;2;247;190;74m██[38;2;170;188;52m██[38;2;164;139;57m██[38;2;247;203;82m██[38;2;0;0;0m██[38;2;255;137;65m██[38;2;255;134;65m████████[38;2;0;0;0m██
      ██[38;2;82;85;90m████[38;2;161;135;119m██[38;2;87;58;46m██[38;2;255;130;64m████[38;2;87;58;46m██[38;2;161;135;119m██[38;2;66;73;66m██[38;2;156;140;70m██[38;2;170;188;52m██[38;2;247;190;74m██[38;2;247;203;82m██[38;2;0;12;8m██  [38;2;0;0;0m██[38;2;255;134;65m████████[38;2;0;0;0m██
        ██[38;2;66;65;66m██[38;2;88;93;104m██[38;2;66;65;66m██[38;2;88;93;104m████[38;2;60;62;66m██[38;2;90;93;99m██[38;2;82;63;46m██[38;2;247;190;90m████[38;2;82;63;46m██[38;2;0;0;0m██    ██[38;2;255;137;65m██████[38;2;0;0;0m██  
          ██[38;2;66;65;66m████████[38;2;60;62;66m██[38;2;0;0;0m██[38;2;0;0;24m██[38;2;82;63;46m████[38;2;0;0;24m██        [38;2;0;0;0m██████    
        ██[38;2;214;211;214m██[38;2;231;195;198m██[38;2;119;97;99m██[38;2;172;102;48m████[38;2;0;0;0m██  ██[38;2;170;96;45m██[38;2;0;0;0m██                    
          ██[38;2;8;0;0m████[38;2;0;0;0m████  ██[38;2;170;96;45m██[38;2;255;145;69m██[38;2;172;102;48m██[38;2;0;0;0m██                  
                    ██[38;2;255;255;255m██[38;2;255;251;247m██[38;2;95;83;82m██[38;2;255;137;65m██[38;2;0;0;0m██                  
                      ██[38;2;16;0;0m████[38;2;0;0;0m██                    
[0m