                [38;2;0;0;0m██████                      
                ██[38;2;92;89;142m████[38;2;0;0;0m██                    
              ████[38;2;92;89;142m██████[38;2;0;0;0m██                  
            ██[38;2;65;61;113m██[38;2;92;89;142m████████[38;2;0;0;0m██                  
          ██[38;2;92;89;142m██████[38;2;126;241;200m██[38;2;92;89;142m██████[38;2;0;0;0m██                
          ██[38;2;92;89;142m████[38;2;126;241;200m██████[38;2;92;89;142m██[38;2;65;61;113m██[38;2;0;0;0m██                
    ████  ██[38;2;92;89;142m████[38;2;126;241;200m██[38;2;0;0;0m██[38;2;126;241;200m██[38;2;65;61;113m██████[38;2;0;0;0m██              
  ██[38;2;92;89;142m████[38;2;0;0;0m██  ██[38;2;65;61;113m████[38;2;126;241;200m██[38;2;65;61;113m██[38;2;137;244;206m██[38;2;0;196;97m██[38;2;65;61;113m██[38;2;0;0;0m██              
██[38;2;92;89;142m██[38;2;65;61;113m████████[38;2;0;0;0m████[38;2;65;61;113m██████[38;2;0;196;97m██[38;2;0;16;0m██[38;2;0;0;0m██                
██[38;2;65;61;113m██████[38;2;0;0;0m████    ██[38;2;65;61;113m██[38;2;0;0;0m████[38;2;65;61;113m██[38;2;92;89;142m██[38;2;0;0;0m████    ██████  
  ██████      ████[38;2;65;61;113m██[38;2;0;0;0m██  ████[38;2;92;89;142m████[38;2;0;0;0m████[38;2;92;89;142m████[38;2;65;61;113m██[38;2;0;0;0m██
            ██[38;2;227;218;213m████[38;2;234;27;177m██[38;2;227;218;213m██[38;2;0;0;0m██    ██[38;2;65;61;113m████[38;2;92;89;142m████[38;2;65;61;113m████[38;2;0;0;0m██
            ██[38;2;227;218;213m██[38;2;234;27;177m██[38;2;227;218;213m██[38;2;234;27;177m██[38;2;179;162;169m██[38;2;0;0;0m██    ████[38;2;65;61;113m██████[38;2;0;0;0m██  
              ██[38;2;234;27;177m██[38;2;147;65;122m██[38;2;227;218;213m██[38;2;179;162;169m██[38;2;0;0;0m██        ██████    
                ██[38;2;147;65;122m████[38;2;0;0;0m██                    
                  ████                      
[0m