                                    [38;2;0;0;0m████  ████              
                                  ██[38;2;255;255;255m████[38;2;0;0;0m██[38;2;65;98;158m██[38;2;0;0;0m██  ████        
                                  ██[38;2;189;189;189m██[38;2;255;255;255m████[38;2;65;65;65m████[38;2;0;0;0m██[38;2;65;98;158m██[38;2;0;0;0m██        
                                    ████[38;2;189;189;189m██[38;2;65;65;65m██[38;2;115;115;115m██[38;2;65;65;65m██[38;2;65;98;158m██[38;2;0;0;0m████████  
                                        ██[38;2;115;115;115m████[38;2;65;65;65m██[38;2;115;115;115m██[38;2;189;189;189m██[38;2;255;255;255m████[38;2;189;189;189m██[38;2;0;0;0m██
      ██████            ██              ██[38;2;65;65;65m████[38;2;93;129;188m██[38;2;0;0;0m████[38;2;189;189;189m██[38;2;255;255;255m████[38;2;0;0;0m██
  ████[38;2;255;59;149m██████[38;2;0;0;0m████      ██[38;2;115;115;115m██[38;2;0;0;0m██    ██    ██[38;2;255;59;149m████[38;2;93;129;188m██[38;2;65;98;158m██[38;2;0;0;0m██  ██████  
██[38;2;255;59;149m████[38;2;65;65;65m████[38;2;255;255;255m██[38;2;65;65;65m██[38;2;115;115;115m██[38;2;0;0;0m██  ██[38;2;115;115;115m████[38;2;0;0;0m██  ██[38;2;115;115;115m██[38;2;0;0;0m██  ██[38;2;65;98;158m████[38;2;93;129;188m██[38;2;0;0;0m██            
██[38;2;255;59;149m████[38;2;255;128;184m██[38;2;189;189;189m██[38;2;65;65;65m████[38;2;115;115;115m████[38;2;0;0;0m██[38;2;115;115;115m██[38;2;65;65;65m████[38;2;115;115;115m██[38;2;0;0;0m██[38;2;65;65;65m██[38;2;115;115;115m██[38;2;0;0;0m██[38;2;255;59;149m████[38;2;93;129;188m████[38;2;0;0;0m██              
  ████[38;2;255;255;255m██[38;2;65;65;65m████[38;2;115;115;115m████[38;2;65;65;65m██████[38;2;65;98;158m████[38;2;65;65;65m██[38;2;0;0;0m██[38;2;65;98;158m██[38;2;65;65;65m████[38;2;65;98;158m██████[38;2;93;129;188m██[38;2;0;0;0m██              
      ██[38;2;65;98;158m██[38;2;93;129;188m██[38;2;115;115;115m██[38;2;65;65;65m██[38;2;93;129;188m████[38;2;65;98;158m██[38;2;65;65;65m██[38;2;93;129;188m████[38;2;65;65;65m██[38;2;93;129;188m████[38;2;65;65;65m██[38;2;255;59;149m██[38;2;93;129;188m████[38;2;0;0;0m██                
    ██[38;2;255;59;149m██[38;2;93;129;188m████[38;2;65;65;65m██[38;2;93;129;188m████████[38;2;65;98;158m██[38;2;65;65;65m██[38;2;93;129;188m████[38;2;65;98;158m██[38;2;93;129;188m████[38;2;65;65;65m████[38;2;0;0;0m██                  
    ██[38;2;65;65;65m██[38;2;93;129;188m██████████████[38;2;65;98;158m██[38;2;255;59;149m██[38;2;93;129;188m██[38;2;65;65;65m████████[38;2;189;189;189m████[38;2;65;65;65m██[38;2;0;0;0m████              
    ██[38;2;255;59;149m████[38;2;93;129;188m██████████[38;2;255;128;184m██[38;2;255;59;149m████[38;2;65;65;65m████[38;2;189;189;189m██████[38;2;65;65;65m████[38;2;255;255;255m██████[38;2;0;0;0m████          
      ██[38;2;65;98;158m██████[38;2;255;59;149m████[38;2;65;65;65m██[38;2;255;59;149m████[38;2;65;65;65m████[38;2;65;98;158m██[38;2;65;65;65m██[38;2;189;189;189m████[38;2;255;255;255m████[38;2;65;65;65m████[38;2;255;255;255m██[38;2;255;128;184m██[38;2;255;59;149m██[38;2;0;0;0m██        
    ████[38;2;255;255;255m██[38;2;93;129;188m████[38;2;65;98;158m██[38;2;255;59;149m██[38;2;65;65;65m██████[38;2;255;59;149m██[38;2;65;65;65m██[38;2;0;0;0m████[38;2;65;65;65m██[38;2;255;255;255m██████████[38;2;65;65;65m██[38;2;255;59;149m████[38;2;0;0;0m██        
    ██  ██[38;2;65;98;158m██[38;2;255;255;255m██[38;2;65;98;158m██[38;2;255;59;149m██[38;2;65;65;65m██[38;2;255;59;149m████[38;2;0;0;0m████  ████[38;2;65;65;65m██[38;2;189;189;189m██[38;2;255;255;255m██[38;2;255;128;184m████[38;2;255;59;149m██[38;2;65;65;65m██[38;2;0;0;0m██          
    ██    ████[38;2;255;59;149m██[38;2;65;65;65m██[38;2;255;59;149m██[38;2;0;0;0m████  ██    ██  [38;2;65;65;65m████[38;2;255;59;149m██████[38;2;0;0;0m██            
              ██████      ██  ████      [38;2;65;65;65m██████              
                        [38;2;0;0;0m████  ██                            
                      ████                                  
[0m