                                                                              [38;2;0;0;0m████              
                                                                        ██████[38;2;108;102;118m████[38;2;0;0;0m██            
                                              ████                    ██[38;2;88;82;98m██[38;2;107;101;117m██[38;2;108;102;118m████[38;2;0;0;0m██              
                                            ██[38;2;210;210;210m██[38;2;0;0;0m██              ████  ██[38;2;107;101;117m████[38;2;108;102;118m██[38;2;57;56;57m██[38;2;0;0;0m██              
                                  ██        ██[38;2;210;210;210m██[38;2;0;0;0m██            ██[38;2;223;223;219m██[38;2;0;0;0m██  ██[38;2;108;102;118m████[38;2;107;101;117m██[38;2;88;82;98m██[38;2;0;0;0m██              
                                ██[38;2;255;255;255m██[38;2;0;0;0m██    ██[38;2;210;210;210m██[38;2;0;0;0m██    ██      ██[38;2;223;223;219m██[38;2;0;0;0m██  ██[38;2;108;102;118m██████[38;2;88;82;98m████[38;2;0;0;0m██              
                                [38;2;0;4;0m██[38;2;255;255;255m██[38;2;210;210;210m██[38;2;0;0;0m██  ██[38;2;201;201;201m██[38;2;0;0;0m██  ██[38;2;255;255;255m██[38;2;8;4;8m██  [38;2;0;0;0m██[38;2;225;225;221m██[38;2;57;56;57m██[38;2;60;62;60m██[38;2;0;0;0m██[38;2;88;82;98m████[38;2;108;102;118m████[38;2;0;0;0m████                
                              ██[38;2;255;255;255m██[38;2;181;181;181m██[38;2;210;210;210m██[38;2;0;0;0m██  ██[38;2;201;201;201m██[38;2;60;62;60m██[38;2;0;0;0m██[38;2;255;255;255m██[38;2;194;194;194m████[38;2;0;0;0m██[38;2;223;223;219m██[38;2;225;225;221m██[38;2;57;56;57m██[38;2;85;79;95m████[38;2;88;82;98m████[38;2;0;0;0m████                    
                              ██[38;2;255;255;255m██[38;2;212;212;212m██[38;2;210;210;210m████[38;2;0;0;0m██[38;2;60;62;60m██[38;2;57;56;57m██[38;2;232;64;81m██[38;2;57;56;57m██[38;2;255;255;255m██[38;2;212;212;212m████[38;2;54;55;60m██[38;2;219;219;217m██[38;2;57;56;57m██[38;2;88;82;98m████████[38;2;0;0;0m██                        
                            ██[38;2;255;255;255m██[38;2;212;212;212m████[38;2;57;56;57m██[38;2;210;210;210m██[38;2;201;201;201m██[38;2;60;62;60m██[38;2;232;64;81m██[38;2;57;56;57m██[38;2;255;255;255m██[38;2;212;212;212m██████[38;2;219;219;217m██[38;2;54;55;60m██[38;2;88;82;98m██████████[38;2;0;0;0m██                        
                            ██[38;2;255;255;255m██[38;2;210;210;210m██[38;2;57;56;57m██[38;2;57;64;65m██[38;2;96;63;76m██[38;2;41;68;74m██[38;2;232;64;77m██[38;2;233;73;85m██[38;2;57;68;74m██[38;2;255;255;255m██[38;2;212;212;212m██[38;2;210;210;210m██[38;2;57;56;57m██[38;2;210;210;210m████[38;2;54;56;60m██[38;2;88;82;98m██████████[38;2;0;0;0m██                      
      ████████      ██████  ██[38;2;255;255;255m██[38;2;210;210;210m██[38;2;57;56;57m██[38;2;174;60;99m██[38;2;57;64;65m██[38;2;106;71;76m██[38;2;232;64;77m██[38;2;57;68;74m██[38;2;117;73;79m██[38;2;212;212;212m████[38;2;57;56;57m██[38;2;210;210;210m████[38;2;172;47;90m██[38;2;54;56;60m████[38;2;107;101;117m██[38;2;88;82;98m██████[38;2;0;0;0m██                      
    ██[38;2;217;217;214m████████[38;2;0;0;0m██[38;2;0;8;8m████[38;2;212;212;212m████[38;2;111;48;68m██[38;2;0;12;8m██[38;2;57;56;57m██[38;2;255;255;255m██[38;2;57;56;57m██[38;2;172;47;90m██[38;2;174;60;99m██[38;2;57;64;65m██[38;2;231;61;76m████[38;2;57;56;57m██[38;2;255;255;255m██[38;2;219;219;217m██[38;2;54;55;60m██[38;2;212;212;212m████[38;2;232;64;81m██[38;2;175;46;90m██[38;2;172;47;90m██[38;2;57;56;57m██[38;2;108;102;118m████[38;2;57;56;57m██[38;2;168;80;107m██[38;2;114;46;51m██[38;2;0;20;16m██[38;2;0;0;0m████                
  ██[38;2;217;217;214m████[38;2;0;0;0m██[38;2;217;217;214m██████[38;2;75;30;34m██[38;2;225;74;89m██[38;2;232;64;81m████[38;2;166;65;98m████[38;2;57;56;57m██[38;2;255;255;255m██[38;2;57;56;57m██[38;2;172;47;90m██[38;2;57;64;65m██[38;2;96;63;76m██[38;2;231;61;76m██[38;2;172;47;90m██[38;2;57;56;57m██[38;2;255;255;255m██[38;2;54;55;60m██[38;2;219;219;217m██[38;2;232;64;81m██████[38;2;175;46;90m██[38;2;172;47;90m██[38;2;57;56;57m██[38;2;108;102;118m██████[38;2;57;56;57m██[38;2;225;74;89m████[38;2;210;210;210m████[38;2;0;0;0m████            
  ██████  ██[38;2;77;42;44m████[38;2;210;210;210m██[38;2;65;64;65m██[38;2;231;61;76m████[38;2;232;64;81m██[38;2;175;46;90m██[38;2;57;64;65m██[38;2;96;63;76m██[38;2;49;72;74m██[38;2;172;51;90m██[38;2;57;56;57m██[38;2;210;210;210m██[38;2;232;64;81m██[38;2;212;212;212m██[38;2;57;56;57m██[38;2;255;255;255m██[38;2;54;55;60m██[38;2;119;198;255m██[38;2;232;64;81m████[38;2;210;210;210m████[38;2;212;212;212m██[38;2;57;56;57m██[38;2;108;102;118m██████[38;2;57;56;57m██[38;2;174;49;88m██[38;2;65;64;65m██[38;2;232;64;81m████[38;2;224;65;73m██[38;2;109;66;68m██[38;2;0;0;0m██          
            [38;2;0;24;24m██[38;2;225;74;85m██[38;2;65;64;65m████[38;2;231;61;76m████[38;2;232;64;81m████[38;2;174;60;99m██[38;2;57;64;65m██[38;2;172;51;90m██[38;2;91;67;78m██[38;2;57;56;57m██[38;2;210;210;210m██[38;2;172;47;90m██[38;2;212;212;212m██[38;2;57;56;57m████[38;2;226;248;255m██[38;2;119;198;255m██[38;2;232;64;81m██[38;2;212;212;212m██[38;2;172;47;90m████[38;2;57;56;57m██[38;2;106;100;116m██[38;2;108;102;118m██████[38;2;57;56;57m██[38;2;174;49;88m████[38;2;57;60;65m████[38;2;49;64;65m████[38;2;57;56;57m██          
          [38;2;0;0;0m██[38;2;65;64;65m████[38;2;232;64;81m████[38;2;231;61;76m████[38;2;232;64;81m████[38;2;210;210;210m████[38;2;111;48;68m██[38;2;166;65;98m██[38;2;57;58;60m██[38;2;255;255;255m██[38;2;212;212;212m██[38;2;255;255;255m██[38;2;30;113;186m████[38;2;93;190;255m██[38;2;163;36;36m██[38;2;113;60;76m██[38;2;168;80;107m██[38;2;54;56;60m████[38;2;88;82;98m██[38;2;107;101;117m██[38;2;108;102;118m████[38;2;57;56;57m██[38;2;174;60;99m██[38;2;212;212;212m██[38;2;57;56;57m████[38;2;255;255;255m████[38;2;212;212;212m██[38;2;210;210;210m██[38;2;57;56;57m██[38;2;0;0;0m██      
    ██████[38;2;210;210;210m██[38;2;223;223;219m████[38;2;65;64;65m██[38;2;232;64;81m██[38;2;231;61;76m████[38;2;232;64;81m██[38;2;212;212;212m██[38;2;172;47;90m████[38;2;166;65;98m██[38;2;0;12;8m██[38;2;0;0;0m██[38;2;57;58;60m██[38;2;255;255;255m████[38;2;232;64;81m████[38;2;143;105;112m████[38;2;0;20;16m██[38;2;57;41;46m██[38;2;88;82;98m██[38;2;54;56;60m██[38;2;107;101;117m████[38;2;108;102;118m██[38;2;57;56;57m██[38;2;92;76;82m████[38;2;57;56;57m██[38;2;255;255;255m██[38;2;217;217;214m████[38;2;212;212;212m████[38;2;57;56;57m██[38;2;210;210;210m████[38;2;0;0;0m██    
  ██[38;2;217;217;214m████[38;2;221;221;219m████[38;2;65;60;65m████[38;2;232;64;81m████[38;2;231;61;76m████████[38;2;174;49;91m████[38;2;0;0;0m██    ██[38;2;255;255;255m████[38;2;210;210;210m████[38;2;0;0;0m████  ██[38;2;88;82;98m████[38;2;108;102;118m████[38;2;88;82;98m██[38;2;57;56;57m██[38;2;210;210;210m██[38;2;172;47;90m████[38;2;57;56;57m██████[38;2;54;56;60m██[38;2;208;210;208m██[38;2;212;212;212m████[38;2;255;255;255m████[38;2;0;0;0m██  
██[38;2;210;210;210m██[38;2;217;217;214m██[38;2;0;0;0m██[38;2;0;0;8m██[38;2;52;51;52m██[38;2;232;64;81m██[38;2;65;60;65m██[38;2;65;64;65m████[38;2;231;61;76m████████[38;2;174;49;91m████[38;2;0;0;0m██  ██[38;2;255;255;255m██[38;2;181;181;181m██[38;2;0;4;0m██[38;2;0;0;0m████        ██████[38;2;108;102;118m██[38;2;57;56;57m██[38;2;210;210;210m██████[38;2;172;47;90m██████[38;2;57;56;57m██[38;2;54;56;60m████[38;2;57;56;57m██[38;2;255;255;255m██████[38;2;0;0;0m██  
██[38;2;210;210;210m██[38;2;0;0;0m██    ██[38;2;65;64;65m██[38;2;223;223;219m██[38;2;142;63;65m██[38;2;71;41;39m██[38;2;232;64;81m████[38;2;231;53;91m██[38;2;175;55;85m██[38;2;172;47;90m██[38;2;0;0;0m██      ████                    ██[38;2;59;29;41m██[38;2;172;51;90m████[38;2;91;67;78m██[38;2;57;56;57m██████[38;2;255;255;255m████[38;2;212;212;212m██[38;2;210;210;210m██[38;2;57;56;57m██[38;2;255;255;255m██[38;2;212;212;212m██[38;2;210;210;210m██[38;2;0;0;0m██
██[38;2;210;210;210m██[38;2;0;0;0m██  ██[38;2;210;210;210m██[38;2;223;223;219m████[38;2;0;20;16m██[38;2;213;84;89m██[38;2;65;64;65m████[38;2;175;55;85m██[38;2;65;60;74m██[38;2;0;0;0m██                ████              [38;2;0;16;16m██[38;2;172;51;90m████[38;2;49;72;74m██[38;2;255;255;255m██[38;2;217;217;214m██[38;2;212;212;212m██████[38;2;57;56;57m████[38;2;210;210;210m██[38;2;212;212;212m████[38;2;210;210;210m██[38;2;0;0;0m██
  ██  ██[38;2;217;217;214m████[38;2;0;0;0m████  ██[38;2;223;223;219m████[38;2;0;0;0m████                [38;2;0;4;0m██[38;2;156;103;115m██[38;2;168;80;107m██[38;2;0;0;0m████      [38;2;0;8;0m████[38;2;172;47;90m████[38;2;57;52;57m██[38;2;173;56;80m██[38;2;57;56;57m██████[38;2;0;0;0m██[38;2;60;37;43m██[38;2;174;60;99m██[38;2;54;56;60m████[38;2;212;212;212m████[38;2;210;210;210m██[38;2;0;0;0m██
      ██[38;2;217;217;214m██[38;2;0;0;0m██    ██[38;2;210;210;210m██[38;2;223;223;219m██[38;2;0;0;0m██                  ██[38;2;128;122;138m██[38;2;78;53;57m██[38;2;168;80;107m████[38;2;172;47;90m██[38;2;0;0;0m██  ██[38;2;112;53;71m██[38;2;167;75;106m██[38;2;172;47;90m██[38;2;57;56;57m██[38;2;232;58;92m██[38;2;57;52;57m██[38;2;172;47;90m████[38;2;0;0;0m██  [38;2;0;24;16m██[38;2;60;37;43m██[38;2;54;56;60m██[38;2;208;210;208m██[38;2;212;212;212m████[38;2;210;210;210m██[38;2;0;0;0m██
      ██[38;2;210;210;210m██[38;2;0;0;0m██    ██[38;2;223;223;219m██[38;2;0;0;0m██                    ██[38;2;150;144;160m██[38;2;0;0;0m████[38;2;150;144;160m██[38;2;174;49;91m████[38;2;0;0;0m██[38;2;172;47;90m██████[38;2;57;56;57m██[38;2;139;132;150m██[38;2;232;58;92m██[38;2;173;56;80m██[38;2;62;46;49m████[38;2;54;53;54m██[38;2;0;0;8m██[38;2;57;56;57m██[38;2;217;217;214m██[38;2;255;255;255m██[38;2;212;212;212m██[38;2;60;62;60m██[38;2;201;201;201m██[38;2;0;0;0m██  
        ██      ██[38;2;223;223;219m██[38;2;0;0;0m██                      ██    ██[38;2;174;49;91m████[38;2;172;47;90m██[38;2;0;0;0m████[38;2;172;47;90m██[38;2;57;56;57m██[38;2;139;132;150m██[38;2;57;52;57m████[38;2;135;128;146m██[38;2;103;97;113m██[38;2;54;53;54m██[38;2;232;232;230m██[38;2;255;255;255m████[38;2;212;212;212m██[38;2;57;56;57m██[38;2;201;201;201m██[38;2;0;0;0m██    
                  ██                            ██[38;2;74;68;84m██[38;2;172;47;90m██[38;2;0;0;0m████    ████[38;2;57;56;57m██[38;2;172;47;90m██[38;2;57;56;57m██[38;2;140;134;151m██[38;2;104;19;50m██[38;2;172;47;90m██[38;2;0;0;0m████[38;2;57;56;57m████[38;2;210;210;210m████[38;2;0;0;0m██    
                                              ██[38;2;147;141;157m████[38;2;0;0;0m██            ██[38;2;172;47;90m██[38;2;57;56;57m██[38;2;143;71;93m████[38;2;0;0;0m██    ██[38;2;210;210;210m████[38;2;0;0;0m██      
                                                ████              ██[38;2;57;56;60m██[38;2;164;98;116m██[38;2;174;60;99m██[38;2;60;37;43m██[38;2;0;0;0m██  ██[38;2;210;210;210m██[38;2;65;64;65m██[38;2;0;0;0m██        
                                                            ██████[38;2;140;134;138m██[38;2;91;85;100m██[38;2;57;56;60m██[38;2;60;37;43m██[38;2;0;24;16m██    [38;2;0;0;0m██[38;2;210;210;210m██[38;2;0;0;0m██          
                                      ████          ████████[38;2;210;210;210m██[38;2;172;47;90m██[38;2;172;51;90m██[38;2;57;56;57m████[38;2;92;76;82m██[38;2;0;0;0m██        ██            
                                      ██[38;2;255;255;255m██[38;2;0;0;0m██    ████[38;2;232;64;81m████[38;2;172;47;90m██████[38;2;210;210;210m██[38;2;91;67;78m██[38;2;172;51;90m██[38;2;174;60;99m██[38;2;92;76;82m██[38;2;0;0;0m██                      
                                ██    ██[38;2;197;197;192m██[38;2;255;255;255m██[38;2;0;0;0m████[38;2;232;64;81m████[38;2;231;61;76m████[38;2;212;212;212m████[38;2;210;210;210m██[38;2;172;47;90m██[38;2;210;210;210m██[38;2;172;47;90m██[38;2;210;210;210m██[38;2;0;0;0m██                        
                              ██[38;2;255;255;255m██[38;2;0;0;0m██    [38;2;8;8;16m██[38;2;57;56;57m██[38;2;223;223;219m████[38;2;57;56;57m██[38;2;232;64;81m██[38;2;231;61;76m████[38;2;232;64;81m████[38;2;172;47;90m████[38;2;210;210;210m████[38;2;0;0;0m██                          
                              ██[38;2;210;210;210m██[38;2;0;0;0m██      ██[38;2;57;56;57m████[38;2;232;64;81m████[38;2;231;61;76m████████[38;2;232;64;81m██[38;2;175;46;90m██[38;2;210;210;210m██[38;2;0;0;0m██                            
                              ██[38;2;210;210;210m████[38;2;0;0;0m██████[38;2;210;210;210m██[38;2;225;225;221m████[38;2;57;56;57m██[38;2;232;64;81m██[38;2;231;61;76m████████[38;2;232;64;81m██[38;2;175;46;90m██[38;2;210;210;210m██[38;2;0;0;0m██                            
                                ██[38;2;210;210;210m██[38;2;54;58;63m██[38;2;199;199;194m██[38;2;210;210;210m████[38;2;57;56;57m████[38;2;172;47;90m████[38;2;57;56;57m██[38;2;232;64;69m██[38;2;57;56;57m██[38;2;225;74;77m██[38;2;172;47;90m██[38;2;210;210;210m██[38;2;0;0;0m██                              
                                  ██[38;2;255;255;255m██[38;2;54;58;63m██[38;2;57;56;57m████[38;2;225;225;221m████[38;2;57;56;57m████[38;2;110;66;67m██[38;2;57;56;57m██[38;2;139;72;71m██[38;2;57;56;57m██[38;2;210;210;210m████[38;2;0;0;0m██                              
                                  ██[38;2;57;56;57m██[38;2;255;255;255m██[38;2;201;201;201m████[38;2;0;0;0m██[38;2;57;56;57m██[38;2;57;56;65m██[38;2;228;230;225m██[38;2;225;225;221m██[38;2;57;56;57m██[38;2;255;255;255m██[38;2;51;50;48m██[38;2;0;0;0m████                                
                                    ████[38;2;60;62;60m██[38;2;0;0;0m██  ██[38;2;228;230;225m██[38;2;197;197;194m██[38;2;57;56;57m████[38;2;197;197;192m██[38;2;8;8;16m██                                    
                                        [38;2;0;0;0m██[38;2;255;255;255m██[38;2;8;4;8m██[38;2;48;47;42m██[38;2;210;210;210m████[38;2;0;0;0m██[38;2;57;56;57m██[38;2;210;210;210m██[38;2;0;0;0m██                                    
                                        ██[38;2;183;183;179m██[38;2;255;255;255m██[38;2;192;192;188m██[38;2;210;210;210m██[38;2;0;0;0m██  ████                                      
                                          ██[38;2;210;210;210m████[38;2;0;0;0m██                                              
                                            ████                                                
[0m