                                                        [38;2;0;4;0m██                                
                                                      ██[38;2;222;223;132m██[38;2;0;4;0m██                              
                                                  ██[38;2;8;12;0m██[38;2;231;231;123m██[38;2;189;185;63m████[38;2;0;4;0m██                            
                                              ████[38;2;222;223;132m██[38;2;231;231;123m██[38;2;156;158;82m██[38;2;189;185;63m████[38;2;0;4;0m██                      ████  
                                          ██[38;2;8;16;0m██[38;2;246;247;115m██[38;2;189;186;66m████████[38;2;0;4;0m████                    ████[38;2;231;231;148m████[38;2;0;4;0m██
                                      ████[38;2;222;223;132m██[38;2;167;170;76m████[38;2;189;186;66m██[38;2;66;65;66m██[38;2;63;64;32m██[38;2;0;14;16m██                  [38;2;0;4;0m██████[38;2;239;235;156m████[38;2;231;231;148m██[38;2;0;4;0m██  
                                    [38;2;8;12;0m██[38;2;231;231;123m██[38;2;189;185;63m████[38;2;189;186;66m██[38;2;66;65;66m████[38;2;189;186;66m██[38;2;189;185;63m████[38;2;0;4;0m████      ████████[38;2;247;239;165m██[38;2;255;251;181m██[38;2;225;225;131m██[38;2;222;223;132m████[38;2;0;4;0m██    
                                  ██[38;2;231;231;123m██[38;2;156;158;82m██[38;2;189;185;63m████[38;2;66;65;66m██[38;2;189;186;66m██████[38;2;189;185;63m████[38;2;189;186;66m██[38;2;0;4;0m██  ████[38;2;255;251;181m██████[38;2;247;239;165m████[38;2;225;225;131m████[38;2;222;223;132m██[38;2;0;4;0m██      
                                [38;2;8;12;0m██[38;2;231;231;123m██[38;2;189;186;66m██████[38;2;66;65;66m██[38;2;189;185;63m████[38;2;189;186;66m████[38;2;66;65;66m████████[38;2;0;4;0m██[38;2;247;239;165m██[38;2;255;251;181m██[38;2;225;225;131m██[38;2;222;223;132m████████[38;2;66;64;66m████[38;2;0;4;0m██        
                              ██[38;2;231;231;123m██[38;2;156;158;82m██[38;2;66;65;66m████[38;2;189;186;66m████[38;2;189;185;63m████[38;2;66;65;66m████[38;2;74;147;165m██[38;2;66;65;66m████[38;2;255;251;181m██[38;2;247;239;165m████[38;2;225;225;131m████[38;2;222;223;132m██[38;2;66;65;66m██████[38;2;66;64;66m██[38;2;0;4;0m██          
                                [38;2;14;5;1m██[38;2;53;74;78m██[38;2;66;65;66m██[38;2;189;186;66m██████[38;2;66;65;66m████[38;2;73;120;132m████[38;2;74;73;66m██[38;2;255;255;181m██[38;2;239;235;156m████[38;2;225;224;131m████[38;2;66;65;66m████████[38;2;225;224;131m████[38;2;222;223;132m████[38;2;0;4;0m██        
                          ██  ██[38;2;90;142;156m██[38;2;53;74;78m██[38;2;189;186;66m██████[38;2;66;65;66m██[38;2;74;147;165m████[38;2;189;186;66m██[38;2;73;120;132m██[38;2;255;255;181m██[38;2;194;194;142m██[38;2;66;65;66m████[38;2;225;224;131m████[38;2;222;223;132m████████[38;2;225;224;131m████[38;2;222;223;132m██[38;2;0;4;0m██          
                    ██  [38;2;8;4;0m██[38;2;79;147;164m██[38;2;8;4;0m██[38;2;79;147;164m██[38;2;98;109;90m██[38;2;57;85;90m██[38;2;189;185;63m████████[38;2;189;186;66m██[38;2;66;65;66m████[38;2;189;186;66m██[38;2;66;65;66m██████[38;2;222;223;132m██████████[38;2;66;65;66m████████[38;2;0;4;0m██            
                  ██[38;2;189;186;66m██[38;2;0;4;0m██[38;2;43;74;82m██[38;2;79;147;164m██[38;2;43;74;82m██[38;2;79;147;164m██[38;2;57;85;90m██[38;2;181;190;90m██[38;2;189;185;63m████████[38;2;66;65;66m████[38;2;189;186;66m████████[38;2;66;65;66m██[38;2;222;223;132m████[38;2;66;65;66m██████[38;2;115;225;247m████████[38;2;0;4;0m██            
                  ██[38;2;189;186;66m██[38;2;66;65;66m██[38;2;74;147;165m██[38;2;66;65;66m██[38;2;74;147;165m████[38;2;66;65;57m██[38;2;176;175;90m██[38;2;189;185;63m████[38;2;115;133;131m██[38;2;82;77;49m██[38;2;115;225;247m██[38;2;66;65;66m██[38;2;115;133;131m██[38;2;82;77;49m██[38;2;66;65;66m████[38;2;222;223;132m████[38;2;57;70;74m██[38;2;107;228;255m██[38;2;123;165;178m██[38;2;74;168;189m██[38;2;103;117;115m████[38;2;0;4;0m████              
                ██[38;2;189;186;66m████[38;2;66;65;66m██[38;2;74;147;165m██[38;2;66;65;66m██[38;2;74;147;165m██[38;2;66;65;66m██[38;2;231;231;107m██[38;2;66;65;57m██[38;2;189;185;63m████[38;2;82;77;49m██[38;2;148;199;214m██[38;2;115;225;247m██[38;2;66;65;66m██[38;2;82;77;49m██[38;2;148;199;214m██[38;2;115;225;247m██[38;2;66;65;66m██[38;2;222;223;132m██[38;2;66;65;66m██[38;2;82;149;164m████[38;2;74;168;189m██[38;2;222;227;156m██[38;2;206;227;181m██[38;2;0;39;49m██                  
                [38;2;0;4;0m██[38;2;94;97;94m██[38;2;66;65;66m██[38;2;222;223;132m██[38;2;66;65;66m██[38;2;74;147;165m████[38;2;66;65;66m██[38;2;239;235;99m██[38;2;74;69;49m██[38;2;189;186;66m██[38;2;66;65;66m██[38;2;115;225;247m████[38;2;74;145;164m██[38;2;115;225;247m██████[38;2;66;65;66m██[38;2;222;223;132m██[38;2;225;224;131m████[38;2;222;223;132m████████[38;2;0;4;0m██                    
                ██[38;2;94;97;94m██[38;2;66;65;66m██[38;2;222;223;132m██[38;2;66;65;66m██[38;2;74;147;165m████[38;2;66;65;66m██[38;2;184;179;82m████[38;2;66;65;66m████[38;2;115;225;247m██[38;2;74;145;164m██[38;2;115;225;247m████[38;2;66;65;66m████[38;2;222;223;132m████[38;2;225;224;131m████[38;2;0;4;0m████████                      
                [38;2;13;5;2m██[38;2;53;74;78m██[38;2;222;223;132m████[38;2;182;228;207m██[38;2;62;61;70m██[38;2;98;109;90m██[38;2;57;85;90m██[38;2;96;95;93m██[38;2;222;223;132m██[38;2;66;65;66m██[38;2;115;225;247m████[38;2;74;145;164m██[38;2;115;225;247m████[38;2;66;65;66m██[38;2;222;223;132m██████[38;2;66;64;66m██[38;2;0;4;0m██      ██                      
              ██[38;2;90;142;156m██[38;2;53;74;78m██[38;2;50;142;189m██[38;2;222;223;132m██[38;2;133;179;158m██[38;2;62;61;70m██[38;2;57;85;90m██[38;2;181;190;90m██[38;2;96;95;93m██[38;2;222;223;132m██[38;2;66;65;66m██[38;2;115;225;247m████████[38;2;66;65;66m██[38;2;222;223;132m████[38;2;66;65;66m████[38;2;0;4;0m██      ██[38;2;222;223;132m██[38;2;0;4;0m██                    
            [38;2;0;39;49m██[38;2;103;117;115m██[38;2;109;119;104m██[38;2;57;78;82m██[38;2;50;142;189m██[38;2;49;143;189m██[38;2;66;65;66m██[38;2;189;186;66m██[38;2;165;158;49m████[38;2;99;97;82m██[38;2;222;227;115m██[38;2;66;65;66m████[38;2;115;225;247m████[38;2;66;65;66m██[38;2;222;223;132m██[38;2;214;227;148m██[38;2;57;78;82m██[38;2;66;65;66m██[38;2;189;186;66m██[38;2;0;4;0m██  [38;2;0;5;8m████[38;2;222;223;132m████[38;2;0;4;0m██            ██  ████
          ██[38;2;206;227;181m██[38;2;103;117;115m██[38;2;57;78;82m██[38;2;214;227;148m██[38;2;50;142;189m██[38;2;222;223;132m██[38;2;66;65;66m████[38;2;90;209;231m██[38;2;140;151;109m██[38;2;181;183;104m██[38;2;222;227;115m██[38;2;66;65;66m██[38;2;222;223;132m██[38;2;66;65;66m██[38;2;115;225;247m██[38;2;66;65;66m██[38;2;222;223;132m██[38;2;109;119;104m██[38;2;57;78;82m██[38;2;189;186;66m████[38;2;66;64;66m██[38;2;0;4;0m██[38;2;74;74;52m██[38;2;222;223;140m██[38;2;96;188;208m████[38;2;66;64;66m██[38;2;0;4;0m██        ██[38;2;45;142;190m██[38;2;0;4;0m██[38;2;45;142;190m██[38;2;0;4;0m██
          ██[38;2;222;223;132m██[38;2;74;74;49m██[38;2;222;223;132m██[38;2;50;142;189m██[38;2;35;141;190m██[38;2;182;228;207m██[38;2;222;223;132m████[38;2;66;65;66m████████[38;2;222;223;132m████[38;2;66;65;66m████[38;2;222;223;132m████[38;2;96;188;208m██[38;2;222;223;132m██[38;2;66;65;66m████[38;2;115;225;247m██[38;2;66;65;66m██[38;2;222;223;132m████[38;2;214;227;148m██[38;2;57;78;82m██[38;2;115;225;247m████[38;2;0;4;0m██    ██[38;2;45;141;189m██[38;2;3;96;139m██[38;2;45;141;189m██[38;2;0;4;0m██  
            [38;2;0;5;8m██[38;2;222;223;132m██[38;2;49;143;189m██[38;2;50;142;189m██[38;2;3;96;139m██[38;2;35;141;190m██[38;2;50;142;189m██[38;2;222;223;132m██████████[38;2;115;225;247m████[38;2;66;65;66m████[38;2;222;223;132m██[38;2;74;145;164m██[38;2;96;188;208m██[38;2;222;223;132m████[38;2;66;65;66m██[38;2;115;225;247m██[38;2;66;65;66m██[38;2;222;223;132m██[38;2;66;65;66m██[38;2;57;78;82m██[38;2;109;119;104m██[38;2;74;145;164m██[38;2;115;225;247m████[38;2;0;4;0m████[38;2;66;64;66m██[38;2;45;141;189m██████[38;2;0;4;0m██  
            [38;2;0;5;8m██[38;2;222;223;140m██[38;2;4;97;141m██[38;2;35;141;190m██[38;2;45;141;189m████[38;2;131;109;82m██[38;2;231;222;132m██[38;2;192;193;173m██[38;2;66;69;57m██[38;2;66;65;66m██[38;2;170;191;192m██[38;2;173;195;189m██[38;2;63;67;63m██[38;2;123;228;247m██[38;2;51;78;82m██[38;2;222;223;140m██[38;2;106;120;112m██[38;2;167;181;184m██[38;2;57;71;74m██[38;2;33;86;99m██[38;2;153;184;192m██[38;2;115;228;249m████[38;2;33;93;107m██[38;2;101;134;142m██[38;2;107;230;255m██[38;2;66;65;66m██[38;2;74;147;165m████[38;2;66;65;66m████[38;2;44;143;192m████[38;2;45;141;189m██[38;2;45;142;190m██[38;2;0;4;0m██    
        ████[38;2;0;5;8m██[38;2;74;74;52m██[38;2;239;211;148m██[38;2;35;141;190m██[38;2;3;96;139m██[38;2;4;96;139m██[38;2;231;222;132m██[38;2;56;55;67m██[38;2;66;69;57m██[38;2;255;255;231m██[38;2;66;65;66m██[38;2;170;191;192m██[38;2;173;195;189m██[38;2;8;4;0m██[38;2;16;8;0m██[38;2;51;78;82m██[38;2;222;223;140m██[38;2;49;90;99m██[38;2;57;71;74m██[38;2;222;234;239m██[38;2;214;234;239m██[38;2;93;135;145m██[38;2;115;228;249m████[38;2;101;134;142m██[38;2;239;231;214m██[38;2;86;148;160m██[38;2;66;65;66m██████[38;2;45;141;189m██[38;2;45;142;190m██[38;2;43;144;192m████[38;2;0;4;0m████      
    [38;2;0;14;16m████[38;2;189;186;66m██[38;2;221;224;132m██[38;2;239;215;132m██[38;2;8;0;0m██[38;2;62;57;62m██[38;2;126;110;79m██[38;2;222;223;132m██[38;2;66;65;66m██[38;2;82;82;82m██[38;2;0;0;0m██[38;2;149;149;158m██[38;2;255;251;247m██[38;2;74;74;52m██[38;2;0;5;8m████[38;2;189;211;165m██[38;2;8;8;0m██[38;2;56;68;76m██[38;2;66;65;66m████[38;2;115;225;247m██[38;2;86;143;156m██[38;2;255;231;189m████[38;2;74;145;164m██[38;2;115;225;247m██[38;2;166;194;222m██[38;2;63;66;67m██[38;2;66;65;66m████[38;2;44;143;192m████[38;2;45;141;189m████[38;2;57;52;59m██[38;2;0;8;8m██          
  [38;2;0;4;0m██[38;2;110;122;82m██[38;2;165;182;115m██[38;2;189;186;66m██[38;2;221;224;132m██[38;2;8;0;0m██[38;2;123;107;66m██[38;2;62;57;62m██[38;2;231;219;123m██[38;2;66;65;66m████[38;2;82;82;82m██[38;2;247;247;247m██[38;2;255;251;247m██[38;2;55;56;70m██[38;2;0;5;8m██[38;2;222;223;140m██[38;2;126;140;112m██[38;2;0;5;8m██[38;2;81;101;115m██[38;2;56;68;76m██[38;2;115;225;247m██████[38;2;57;69;66m██[38;2;74;147;165m████[38;2;115;225;247m████[38;2;63;66;67m██[38;2;132;143;167m██[38;2;222;223;132m████[38;2;43;144;192m██[38;2;44;143;192m██[38;2;66;65;66m████[38;2;52;144;191m██[38;2;0;8;8m██          
[38;2;0;8;0m██[38;2;115;224;247m██[38;2;115;225;247m██[38;2;74;145;164m██[38;2;189;185;63m██[38;2;148;134;52m██[38;2;148;143;60m██[38;2;66;65;66m██[38;2;255;231;189m██[38;2;66;65;66m██[38;2;252;229;192m████[38;2;66;65;66m████[38;2;0;8;0m████[38;2;222;223;132m██[38;2;74;145;164m██[38;2;123;228;247m██[38;2;8;8;0m██[38;2;72;75;79m██[38;2;115;225;247m██████[38;2;66;165;189m██[38;2;126;183;197m██[38;2;66;65;66m██[38;2;115;225;247m██[38;2;166;194;222m██[38;2;63;66;67m██[38;2;50;142;189m██[38;2;222;223;132m██[38;2;44;143;192m████[38;2;45;141;189m██[38;2;66;65;66m██[38;2;74;101;107m██[38;2;25;142;195m██[38;2;44;143;192m██[38;2;43;144;192m██[38;2;0;4;0m██        
[38;2;0;8;0m██[38;2;76;148;164m██[38;2;74;145;164m████[38;2;189;185;63m████[38;2;189;181;57m██[38;2;66;65;66m██[38;2;255;231;189m████[38;2;252;229;192m████[38;2;255;231;189m██[38;2;66;65;66m██[38;2;76;148;164m██[38;2;115;224;247m██[38;2;74;145;164m██[38;2;222;223;132m██[38;2;8;8;0m██[38;2;46;76;82m██[38;2;72;75;79m████[38;2;115;225;247m██[38;2;74;145;164m██[38;2;247;231;214m██[38;2;66;165;189m██[38;2;66;65;66m██[38;2;115;225;247m██[38;2;63;66;67m██[38;2;132;143;167m██[38;2;222;223;132m██[38;2;50;142;189m██[38;2;44;143;192m████[38;2;66;65;66m████[38;2;74;101;107m██[38;2;1;108;156m██[38;2;44;143;192m████[38;2;0;4;0m██        
██[38;2;189;186;66m██[38;2;145;136;54m████[38;2;132;129;44m██[38;2;198;190;66m██[38;2;66;65;57m██[38;2;42;145;195m██[38;2;45;144;193m████[38;2;255;231;189m████[38;2;79;81;46m██[38;2;159;158;84m██[38;2;222;223;132m████[38;2;177;224;206m██[38;2;79;53;75m██[38;2;74;64;49m██[38;2;0;8;8m██[38;2;0;5;8m████[38;2;115;119;119m██[38;2;231;231;222m██[38;2;76;148;164m██[38;2;115;224;247m██[38;2;66;64;66m████[38;2;50;142;189m██[38;2;222;223;132m██[38;2;43;144;192m████[38;2;45;142;190m██[38;2;66;65;66m██[38;2;115;228;249m████[38;2;66;65;66m██[38;2;1;97;141m██[38;2;3;96;139m██[38;2;45;141;189m██[38;2;45;142;190m██[38;2;0;4;0m██      
██[38;2;189;186;66m██[38;2;222;223;132m████[38;2;0;8;0m████[38;2;87;101;117m██[38;2;66;65;57m██[38;2;45;144;193m██[38;2;255;231;189m████[38;2;66;65;66m██[38;2;0;6;8m██[38;2;239;234;123m██[38;2;222;223;132m██[38;2;50;142;189m██[38;2;70;144;178m████[38;2;156;202;181m████[38;2;189;211;165m██[38;2;126;140;112m██[38;2;0;13;16m████[38;2;0;8;0m████[38;2;0;4;0m██[38;2;66;64;66m██[38;2;50;142;189m████[38;2;44;143;192m████[38;2;45;141;189m██[38;2;66;65;66m██[38;2;115;228;249m████[38;2;66;65;66m██[38;2;1;97;141m██[38;2;3;96;139m████[38;2;45;141;189m██[38;2;45;142;190m██[38;2;0;4;0m██    
  ██[38;2;222;223;132m██[38;2;0;4;0m██    ██[38;2;17;97;135m██[38;2;66;65;66m████████[38;2;0;8;0m██[38;2;76;148;164m██[38;2;115;225;247m██[38;2;222;223;132m██[38;2;182;228;207m██[38;2;132;178;157m██[38;2;50;142;189m██████[38;2;222;223;132m██[38;2;115;225;247m████[38;2;74;145;164m██[38;2;222;223;132m██[38;2;51;157;206m██[38;2;0;4;0m██████████[38;2;46;72;79m██[38;2;84;144;159m██[38;2;115;225;247m████[38;2;50;54;56m██[38;2;12;100;140m██[38;2;1;97;141m████[38;2;3;96;139m██[38;2;45;141;189m████[38;2;0;4;0m██  
    ██        ██[38;2;1;97;141m████[38;2;66;65;66m██[38;2;74;147;165m██[38;2;115;224;247m██[38;2;0;8;0m██[38;2;222;223;132m████[38;2;112;115;115m██[38;2;49;92;99m██[38;2;222;223;132m████████████████[38;2;51;157;206m██[38;2;51;157;205m██[38;2;136;182;161m████[38;2;222;223;132m████[38;2;8;4;0m████[38;2;0;4;0m████[38;2;0;12;16m██[38;2;12;100;140m██[38;2;1;97;141m██[38;2;66;65;66m██[38;2;3;96;139m████[38;2;45;141;189m██[38;2;0;4;0m██  
              ██[38;2;1;97;141m██████[38;2;66;65;66m██[38;2;123;228;247m██[38;2;8;8;0m██[38;2;222;223;132m██[38;2;74;145;164m██[38;2;123;228;247m██[38;2;8;8;0m██[38;2;0;4;0m████████[38;2;115;225;247m████[38;2;126;140;112m██[38;2;189;211;165m██[38;2;222;223;132m████[38;2;50;142;189m████[38;2;49;143;189m██[38;2;50;142;189m████[38;2;222;223;132m██[38;2;222;227;123m████[38;2;172;172;110m██[38;2;8;8;0m██[38;2;8;0;0m██[38;2;131;117;86m██[38;2;66;65;66m██[38;2;1;97;141m██[38;2;45;141;189m██[38;2;0;4;0m██  
                ██[38;2;1;97;141m██████[38;2;46;76;82m██[38;2;8;8;0m██[38;2;222;223;132m██[38;2;74;145;164m██[38;2;8;8;0m██[38;2;46;76;82m██[38;2;0;4;0m██  ██[38;2;45;142;190m██[38;2;0;4;0m████[38;2;0;5;8m████[38;2;0;4;0m██[38;2;222;223;132m██████████[38;2;50;142;189m████[38;2;83;140;164m██[38;2;145;191;170m██[38;2;255;255;165m████[38;2;255;235;173m██[38;2;8;0;0m██[38;2;66;65;66m██[38;2;1;97;141m██[38;2;0;4;0m██    
                  ████[38;2;17;97;135m██[38;2;53;74;78m██[38;2;90;142;156m██[38;2;0;4;0m██[38;2;222;223;132m██[38;2;0;5;0m████      [38;2;0;4;0m██[38;2;66;60;66m██[38;2;133;155;167m██[38;2;45;141;189m██████[38;2;0;4;0m████████████[38;2;239;227;165m██[38;2;222;223;132m████[38;2;170;172;104m██[38;2;255;255;156m██[38;2;255;251;181m████[38;2;0;4;0m████      
                      ██[38;2;13;5;2m██[38;2;53;74;78m██[38;2;0;4;0m██[38;2;222;223;132m██[38;2;0;5;0m████      [38;2;0;4;0m██[38;2;183;204;218m██[38;2;66;60;66m██[38;2;66;65;66m████[38;2;0;4;0m██        ██[38;2;239;227;165m██[38;2;0;4;0m██████[38;2;0;8;0m████[38;2;0;4;0m████          
                          ██[38;2;142;139;126m██[38;2;0;4;0m████        ██[38;2;252;229;192m████[38;2;255;231;189m██[38;2;0;4;0m██          ██[38;2;164;152;132m██[38;2;247;227;198m██[38;2;0;4;0m██                    
                          ██[38;2;142;139;126m████[38;2;0;4;0m██        ██[38;2;252;229;192m████[38;2;0;4;0m██          ██[38;2;255;231;189m██[38;2;247;227;198m██[38;2;0;4;0m██                      
                        ██[38;2;66;64;66m██[38;2;140;138;132m████[38;2;0;4;0m██        ██[38;2;252;229;192m████[38;2;0;4;0m██        ██[38;2;66;64;66m██████[38;2;0;4;0m██                      
                      ██[38;2;66;64;66m████[38;2;70;71;66m██[38;2;0;4;0m██          ██[38;2;252;229;192m████[38;2;0;4;0m██          ██████                        
                        ██████          [38;2;0;0;0m██[38;2;247;223;198m██[38;2;255;231;189m████[38;2;0;4;0m██                                        
                                      ██[38;2;82;74;66m████[38;2;255;231;189m██[38;2;0;4;0m██                                          
                                      ██[38;2;66;64;66m██████[38;2;0;4;0m██                                          
                                        ██████                                            
[0m