          [38;2;0;4;0m██                                                                    
        ██[38;2;115;225;247m██[38;2;0;4;0m██                                                                  
        ██[38;2;115;225;247m██[38;2;0;4;0m██                                                                  
      ██[38;2;66;64;66m██[38;2;74;145;164m██[38;2;115;225;247m██[38;2;0;4;0m██      [38;2;8;8;0m████                                                      
      [38;2;0;4;0m██[38;2;66;64;66m██[38;2;74;145;164m██[38;2;115;225;247m██[38;2;0;4;0m██    ██[38;2;123;228;247m██[38;2;46;76;82m██[38;2;0;4;0m██                                                    
      [38;2;8;4;0m██[38;2;46;72;79m██[38;2;86;143;156m██[38;2;115;225;247m██[38;2;0;4;0m██    ██[38;2;66;65;66m██[38;2;107;230;255m██[38;2;0;4;0m██                                                    
      [38;2;8;4;0m██[38;2;84;144;159m██[38;2;57;69;66m██[38;2;115;225;247m████[38;2;0;4;0m████[38;2;74;147;165m██[38;2;66;65;66m██[38;2;86;148;160m██[38;2;0;4;0m██        ██  ██                                      
    ██[38;2;86;148;160m██[38;2;66;65;66m██[38;2;140;233;247m██[38;2;22;77;103m██[38;2;115;225;247m██████[38;2;74;145;164m██[38;2;57;70;74m██[38;2;82;149;164m██[38;2;0;4;0m████    ██[38;2;74;147;165m██[38;2;0;4;0m██[38;2;74;147;165m██[38;2;0;4;0m██      ██  ██                        
  ██[38;2;26;142;194m██[38;2;66;65;66m██[38;2;107;230;255m██[38;2;119;132;152m██[38;2;140;233;247m██[38;2;66;65;66m████[38;2;115;225;247m████[38;2;107;228;255m██[38;2;82;149;164m██[38;2;74;147;165m██[38;2;0;4;0m████  ██[38;2;74;147;165m██████[38;2;0;4;0m██    ██[38;2;115;225;247m██[38;2;0;4;0m██[38;2;115;225;247m██[38;2;0;4;0m██                      
  [38;2;0;12;16m██[38;2;46;57;64m██[38;2;115;225;247m████[38;2;145;172;185m██[38;2;227;208;193m██[38;2;214;235;239m██[38;2;152;186;197m██[38;2;66;65;66m████[38;2;123;229;247m████[38;2;7;98;141m██[38;2;140;232;247m██[38;2;51;78;82m██[38;2;16;8;0m██[38;2;74;145;164m████[38;2;86;143;156m██[38;2;115;225;247m████[38;2;8;8;0m██[38;2;16;8;0m██[38;2;51;78;82m██[38;2;115;228;249m████[38;2;115;225;247m██[38;2;0;4;0m██              ██████  
██[38;2;18;103;143m██[38;2;46;57;64m██[38;2;115;225;247m██[38;2;255;231;189m██[38;2;227;208;193m██[38;2;82;144;156m██[38;2;152;186;197m██[38;2;81;119;156m██[38;2;115;225;247m████[38;2;49;59;71m██[38;2;1;92;133m██[38;2;1;114;166m██[38;2;7;98;141m██[38;2;123;228;247m██[38;2;51;78;82m██[38;2;74;145;164m██[38;2;115;225;247m████[38;2;57;69;66m██[38;2;43;75;82m██[38;2;115;225;247m██[38;2;51;78;82m██[38;2;123;228;247m██[38;2;115;228;249m████[38;2;115;225;247m████[38;2;0;4;0m████        ██[38;2;26;142;194m██[38;2;28;142;195m██[38;2;26;142;194m██[38;2;0;4;0m██
██[38;2;10;71;99m██[38;2;71;84;90m██[38;2;148;232;247m██[38;2;121;141;156m██[38;2;74;145;164m██[38;2;115;225;247m██[38;2;37;88;120m██[38;2;30;147;200m██[38;2;115;225;247m██[38;2;66;65;66m████[38;2;28;142;195m██[38;2;7;98;141m██[38;2;140;232;247m██[38;2;115;225;247m██[38;2;66;65;66m██[38;2;166;194;222m██[38;2;49;66;74m██[38;2;66;65;66m██[38;2;28;142;195m██[38;2;66;65;66m██[38;2;115;225;247m██[38;2;115;228;249m████[38;2;107;228;255m██[38;2;57;70;74m██[38;2;115;225;247m████████[38;2;0;4;0m██    ██[38;2;28;144;196m████[38;2;1;96;139m██[38;2;0;4;0m██  
██[38;2;57;135;156m██[38;2;71;84;90m██[38;2;52;74;87m██[38;2;121;141;156m██[38;2;115;225;247m████[38;2;60;60;74m████[38;2;66;65;66m██████[38;2;26;142;194m██[38;2;1;114;166m██[38;2;7;98;141m██[38;2;115;225;247m██[38;2;66;65;66m██[38;2;49;66;74m██[38;2;9;126;179m██[38;2;28;142;195m██[38;2;66;65;66m██[38;2;115;225;247m████[38;2;115;228;249m████[38;2;82;149;164m████[38;2;57;69;66m██[38;2;86;143;156m██[38;2;74;145;164m██[38;2;115;225;247m████[38;2;0;4;0m██  ██[38;2;28;144;196m████[38;2;30;146;199m██[38;2;0;4;0m██  
  ██[38;2;115;106;115m██[38;2;66;65;66m██[38;2;115;225;247m██[38;2;66;65;66m████[38;2;12;2;8m██[38;2;175;159;112m██[38;2;255;255;255m██[38;2;66;65;66m██[38;2;37;84;120m████[38;2;1;85;124m██[38;2;115;225;247m████[38;2;66;65;66m██[38;2;28;142;195m████████[38;2;33;86;99m██[38;2;153;184;192m██[38;2;115;228;249m████[38;2;66;165;189m██[38;2;247;231;214m██[38;2;112;120;123m██[38;2;49;76;82m██[38;2;1;89;129m████[38;2;66;65;66m████[38;2;0;8;0m██[38;2;1;98;143m██[38;2;28;142;195m██[38;2;26;142;194m██[38;2;0;4;0m██    
  ██[38;2;115;106;115m██[38;2;66;65;66m████████[38;2;255;239;165m████[38;2;66;65;66m████[38;2;99;220;247m██[38;2;110;162;175m██[38;2;115;225;247m████[38;2;66;65;66m██[38;2;115;225;247m██[38;2;28;142;195m██[38;2;1;96;139m██[38;2;66;65;66m████[38;2;214;234;239m██[38;2;93;135;145m██[38;2;115;228;249m████[38;2;126;183;197m██[38;2;66;165;189m██[38;2;239;231;206m██[38;2;49;76;82m██[38;2;57;128;148m██[38;2;1;88;128m██[38;2;28;142;195m██[38;2;26;142;194m██[38;2;42;145;195m██[38;2;0;8;0m██[38;2;0;4;0m████      
    ██[38;2;66;65;66m██[38;2;255;231;189m████[38;2;139;139;129m██[38;2;66;65;66m██████[38;2;115;225;247m██[38;2;66;65;66m██[38;2;28;142;195m██[38;2;74;145;164m██[38;2;115;225;247m██[38;2;52;75;88m██[38;2;115;225;247m██[38;2;52;74;87m████[38;2;66;65;66m██[38;2;86;148;160m██[38;2;66;165;189m██[38;2;247;231;214m██[38;2;74;145;164m██[38;2;115;225;247m██[38;2;101;134;142m██[38;2;239;231;214m██[38;2;66;65;66m██████[38;2;28;142;195m██[38;2;30;146;199m██[38;2;66;65;57m██[38;2;0;4;0m██            
  ██[38;2;255;231;189m████████████[38;2;66;65;66m██[38;2;115;225;247m████[38;2;66;65;66m██[38;2;28;142;195m██[38;2;74;145;164m██[38;2;115;225;247m██[38;2;52;74;87m██[38;2;52;75;88m██[38;2;52;74;87m██[38;2;115;225;247m██[38;2;107;230;255m██[38;2;66;65;66m██[38;2;126;183;197m██[38;2;66;165;189m██[38;2;74;145;164m██[38;2;115;225;247m██[38;2;101;134;142m██[38;2;33;93;107m██[38;2;28;142;195m████[38;2;66;65;66m████[38;2;66;65;57m██[38;2;49;103;132m██[38;2;28;142;195m██[38;2;0;4;0m██          
  ██[38;2;28;142;195m██[38;2;26;143;196m██[38;2;1;98;143m██[38;2;255;227;189m████[38;2;1;70;102m██[38;2;1;77;112m██[38;2;115;225;247m██[38;2;74;145;164m██[38;2;1;64;93m██[38;2;39;146;197m██[38;2;28;142;195m██[38;2;66;65;66m██[38;2;1;97;141m██[38;2;66;65;66m██[38;2;74;145;164m██[38;2;115;225;247m██[38;2;66;165;189m██[38;2;126;183;197m██[38;2;66;65;66m██[38;2;115;225;247m████[38;2;86;143;156m██[38;2;66;65;66m██[38;2;35;148;200m██[38;2;9;126;179m██[38;2;49;66;74m██[38;2;239;231;206m██[38;2;49;76;82m██[38;2;1;97;141m████[38;2;28;142;195m██[38;2;26;142;194m██[38;2;0;4;0m██        
    ██[38;2;31;99;134m██[38;2;63;61;55m██[38;2;47;54;64m██[38;2;1;105;153m██[38;2;1;77;112m██[38;2;57;135;156m██[38;2;74;145;164m████[38;2;1;90;131m██[38;2;1;64;93m██[38;2;28;142;195m████[38;2;1;97;141m██[38;2;66;65;66m██[38;2;115;225;247m██[38;2;74;145;164m██[38;2;247;231;214m██[38;2;66;165;189m██[38;2;66;65;66m██[38;2;115;225;247m████[38;2;57;69;66m██[38;2;53;104;133m██[38;2;66;65;66m██[38;2;49;66;74m██[38;2;166;194;222m██[38;2;112;120;123m██[38;2;49;76;82m██[38;2;66;65;66m██[38;2;1;97;141m██[38;2;1;96;139m██[38;2;28;142;195m██[38;2;0;4;0m██        
  ██[38;2;1;97;141m██[38;2;66;65;57m██[38;2;30;146;199m██[38;2;28;142;195m██[38;2;66;65;66m██[38;2;74;148;167m████████[38;2;66;65;66m████[38;2;30;146;199m████[38;2;66;65;66m██[38;2;115;225;247m██[38;2;126;183;197m██[38;2;66;165;189m██[38;2;255;231;189m████[38;2;66;65;66m██[38;2;115;225;247m██[38;2;66;65;66m██[38;2;28;142;195m██[38;2;66;65;66m██[38;2;115;225;247m██[38;2;115;228;249m████████[38;2;66;65;66m██[38;2;1;97;141m██[38;2;1;96;139m██[38;2;28;142;195m██[38;2;26;142;194m██[38;2;0;4;0m██      
  ██[38;2;1;97;141m██[38;2;1;100;145m██[38;2;66;65;57m██[38;2;66;65;66m████[38;2;74;148;167m████████[38;2;66;65;66m██[38;2;74;147;165m██[38;2;64;60;55m██[38;2;1;100;145m██[38;2;66;65;66m████[38;2;66;165;189m██[38;2;247;231;214m██[38;2;255;231;189m██[38;2;74;147;165m██[38;2;115;225;247m██[38;2;66;65;66m██[38;2;28;142;195m████[38;2;66;65;66m██[38;2;115;225;247m██[38;2;115;228;249m████████[38;2;66;65;66m██[38;2;1;97;141m██[38;2;1;96;139m████[38;2;28;142;195m██[38;2;26;142;194m██[38;2;0;4;0m██    
  [38;2;0;8;8m██[38;2;1;52;75m██[38;2;1;97;141m██[38;2;66;65;66m██[38;2;60;113;126m██[38;2;66;65;66m██[38;2;82;149;164m████[38;2;74;148;167m████[38;2;66;65;66m██[38;2;74;147;165m██[38;2;66;65;66m██[38;2;28;142;195m████[38;2;66;65;66m██[38;2;115;225;247m██[38;2;74;145;164m██[38;2;255;231;189m██[38;2;74;147;165m██[38;2;166;194;222m██[38;2;49;66;74m██[38;2;19;136;189m██[38;2;51;55;58m██[38;2;148;148;139m██[38;2;74;145;164m██[38;2;115;225;247m██[38;2;86;143;156m██[38;2;115;228;249m████[38;2;66;65;66m██[38;2;1;97;141m██████[38;2;1;96;139m██[38;2;28;142;195m████[38;2;0;4;0m██  
  [38;2;0;8;8m██[38;2;7;102;145m██[38;2;66;65;66m████[38;2;60;113;126m████[38;2;57;70;74m██[38;2;107;228;255m██[38;2;74;148;167m████[38;2;66;65;66m██[38;2;74;147;165m██[38;2;66;65;66m██[38;2;28;142;195m████[38;2;66;65;66m██[38;2;115;225;247m██[38;2;74;145;164m██[38;2;255;231;189m██[38;2;74;147;165m██[38;2;49;66;74m██[38;2;9;126;179m██[38;2;0;12;8m██[38;2;19;136;189m██[38;2;148;148;139m██[38;2;74;145;164m██[38;2;115;225;247m██[38;2;57;69;66m██[38;2;115;228;249m████[38;2;66;65;66m██[38;2;1;97;141m████[38;2;66;65;66m██[38;2;1;96;139m████[38;2;28;142;195m██[38;2;0;4;0m██  
    ██[38;2;1;97;141m██[38;2;66;65;66m██[38;2;60;113;126m████[38;2;66;65;66m██[38;2;115;225;247m████[38;2;66;65;66m██[38;2;74;147;165m██████[38;2;66;65;66m██[38;2;30;146;199m████[38;2;52;74;87m██[38;2;115;225;247m██[38;2;1;90;131m██[38;2;57;76;82m██[38;2;44;53;64m██[38;2;0;8;8m██  [38;2;0;4;0m██[38;2;148;149;140m████[38;2;107;129;134m██[38;2;57;71;74m██[38;2;115;225;247m██[38;2;74;145;164m██[38;2;115;225;247m██[38;2;66;65;66m██[38;2;1;97;141m████[38;2;66;65;66m██[38;2;1;97;141m██[38;2;28;142;195m██[38;2;0;4;0m██  
    ██[38;2;1;97;141m████[38;2;66;65;66m██[38;2;60;113;126m██[38;2;66;65;66m████[38;2;115;225;247m██[38;2;66;65;66m████[38;2;74;147;165m██████[38;2;63;61;55m██[38;2;1;100;145m██[38;2;52;74;87m████[38;2;57;76;82m██[38;2;39;146;197m██[38;2;31;145;197m██[38;2;0;8;8m██  [38;2;0;4;0m██[38;2;148;149;140m████[38;2;132;158;165m██[38;2;57;71;74m██[38;2;115;225;247m██[38;2;74;145;164m██[38;2;115;225;247m██[38;2;66;65;66m██[38;2;1;97;141m████[38;2;66;65;66m██[38;2;1;97;141m██[38;2;0;4;0m██    
      ████[38;2;46;75;82m██[38;2;66;112;123m██[38;2;66;65;66m████[38;2;115;225;247m██[38;2;66;65;66m████[38;2;74;147;165m██[38;2;66;65;66m██[38;2;74;147;165m████[38;2;66;65;66m██████[38;2;33;143;195m████[38;2;0;4;0m██      ████[38;2;252;229;192m████[38;2;53;74;78m██[38;2;90;142;156m██[38;2;115;225;247m██[38;2;43;75;82m██[38;2;2;98;142m██[38;2;33;54;65m██[38;2;0;4;0m████      
          [38;2;8;4;0m██[38;2;66;112;123m██[38;2;66;65;66m██[38;2;60;113;126m██[38;2;66;65;66m██████[38;2;74;147;165m██[38;2;66;65;66m██[38;2;74;147;165m████[38;2;66;65;66m██[38;2;148;150;140m████[38;2;51;54;60m██[38;2;0;12;8m██          [38;2;0;4;0m██[38;2;252;229;192m████[38;2;53;74;78m██[38;2;12;5;3m██[38;2;115;225;247m██[38;2;8;8;0m██[38;2;2;98;142m██[38;2;0;12;16m██          
            [38;2;0;4;0m██[38;2;46;75;82m██[38;2;66;112;123m██[38;2;66;64;66m████[38;2;148;150;140m██[38;2;66;65;66m████[38;2;74;147;165m██[38;2;66;64;66m████[38;2;148;150;140m██████[38;2;0;4;0m██          ██[38;2;164;152;132m██[38;2;247;227;198m██[38;2;0;4;0m██  ██  ██            
              [38;2;8;4;0m██[38;2;66;112;123m██[38;2;0;4;0m██[38;2;66;64;66m██[38;2;148;150;140m████[38;2;66;65;66m██[38;2;74;147;165m██[38;2;0;4;0m████[38;2;255;231;189m████[38;2;0;4;0m██          ██[38;2;255;231;189m██[38;2;247;227;198m██[38;2;0;4;0m██                      
                ██  ██[38;2;148;146;140m████[38;2;0;4;0m████  ██[38;2;252;229;192m████[38;2;0;4;0m██        ██[38;2;66;64;66m██████[38;2;0;4;0m██                      
                  ██[38;2;66;64;66m██[38;2;74;73;70m██[38;2;0;0;0m██      [38;2;0;4;0m██[38;2;252;229;192m████[38;2;0;4;0m██          ██████                        
                ██[38;2;66;64;66m██████[38;2;0;4;0m██    [38;2;0;0;0m██[38;2;247;223;198m██[38;2;255;231;189m██[38;2;0;4;0m██                                          
                  ██████    ██[38;2;82;74;66m████[38;2;255;231;189m██[38;2;0;4;0m██                                          
                            ██[38;2;66;64;66m██████[38;2;0;4;0m██                                          
                              ██████                                            
[0m