                                  [38;2;0;0;0m████      
                ████    ████    ██[38;2;209;0;72m██[38;2;0;0;0m██      
      ██  ██  ██[38;2;213;0;77m██[38;2;189;190;189m██[38;2;0;0;0m████[38;2;209;0;72m██[38;2;0;0;0m██  ██[38;2;209;0;72m████[38;2;49;48;49m██[38;2;0;0;0m████  
    ██[38;2;255;255;255m██[38;2;0;0;0m██[38;2;255;255;255m██[38;2;0;0;0m██[38;2;210;0;73m██[38;2;209;0;72m████[38;2;192;191;192m██[38;2;255;255;255m██[38;2;208;0;71m████[38;2;0;0;0m██[38;2;60;62;60m██[38;2;255;255;255m██[38;2;196;0;59m██[38;2;208;0;71m████[38;2;0;0;0m██  
    ██[38;2;255;255;255m██[38;2;170;170;170m██[38;2;202;0;66m██[38;2;60;62;60m██[38;2;210;0;73m██[38;2;209;0;72m██[38;2;66;65;66m████[38;2;255;255;255m██████[38;2;210;0;73m████[38;2;196;0;59m██[38;2;255;255;255m████[38;2;208;0;71m██[38;2;49;48;49m██[38;2;0;0;0m██
    [38;2;8;8;8m██[38;2;172;172;172m██[38;2;255;255;255m████[38;2;192;191;192m██[38;2;66;65;66m████[38;2;255;255;255m██[38;2;66;65;66m████[38;2;255;255;255m████[38;2;208;0;71m████[38;2;66;65;66m████[38;2;188;195;188m██[38;2;68;70;68m██[38;2;209;0;72m██[38;2;0;0;0m██
  ██[38;2;172;172;172m██[38;2;255;255;255m████████[38;2;66;65;66m██[38;2;255;255;255m██████[38;2;66;65;66m██[38;2;255;255;255m██[38;2;192;191;192m██[38;2;189;190;189m██[38;2;208;0;71m██[38;2;209;0;72m██[38;2;66;65;66m██[38;2;188;195;188m██[38;2;8;8;8m██[38;2;0;0;0m██  
  ██[38;2;199;0;62m████[38;2;255;255;255m██[38;2;198;0;61m██[38;2;255;255;255m████████[38;2;66;65;66m██[38;2;209;0;72m██[38;2;208;0;71m██[38;2;189;190;189m██[38;2;192;190;192m██[38;2;201;0;64m██[38;2;209;0;72m██[38;2;181;182;181m██[38;2;0;0;0m██      
  ██[38;2;199;0;62m████[38;2;198;0;61m████[38;2;192;191;192m██[38;2;255;255;255m████[38;2;66;65;66m██[38;2;209;0;72m████[38;2;189;190;189m████[38;2;201;0;64m████[38;2;209;0;72m██[38;2;0;0;0m██        
██[38;2;255;255;255m████[38;2;198;0;61m██[38;2;0;175;182m██[38;2;255;238;255m██[38;2;198;0;61m████[38;2;255;255;255m████[38;2;66;65;66m██[38;2;196;0;59m██[38;2;189;191;189m██████[38;2;190;0;52m██[38;2;0;0;0m██          
██[38;2;202;0;66m██[38;2;255;255;255m██[38;2;168;168;168m██[38;2;0;175;182m██[38;2;93;228;231m██[38;2;198;0;61m██[38;2;255;255;255m████[38;2;66;65;66m██[38;2;196;0;59m████[38;2;190;0;52m██████[38;2;189;191;189m██[38;2;0;0;0m██          
██[38;2;189;190;189m██[38;2;255;255;255m████[38;2;198;0;61m██[38;2;168;168;168m██[38;2;198;0;61m██[38;2;255;255;255m██████[38;2;71;67;71m████[38;2;189;190;189m██[38;2;0;0;0m██[38;2;170;171;170m██[38;2;255;255;255m██[38;2;0;0;0m██          
  ██[38;2;49;48;49m██[38;2;186;186;186m██[38;2;255;255;255m██████[38;2;197;197;197m██[38;2;66;65;66m████[38;2;198;195;198m██[38;2;9;4;9m██[38;2;0;0;0m██  [38;2;0;4;0m████            
  [38;2;0;0;0m██[38;2;34;158;164m██[38;2;108;221;227m██[38;2;0;0;0m██████[38;2;200;0;63m██[38;2;196;0;59m████[38;2;0;0;0m██                      
  ██[38;2;108;221;227m██[38;2;9;4;0m██    [38;2;0;0;0m██[38;2;246;251;246m██[38;2;196;0;59m██[38;2;0;0;0m██                        
    ██        ████                          
[0m