              [38;2;0;0;0m██                
████      ████[38;2;96;223;255m██[38;2;0;0;0m██              
██[38;2;153;112;116m██[38;2;0;0;0m██  ██[38;2;96;223;255m████[38;2;55;153;223m██[38;2;0;0;0m██    ██████    
██[38;2;153;112;116m████[38;2;0;0;0m██[38;2;153;112;116m██[38;2;96;223;255m██[38;2;55;153;223m██[38;2;153;112;116m██[38;2;65;65;65m██[38;2;0;0;0m████[38;2;153;112;116m████[38;2;0;0;0m██    
██[38;2;65;65;65m██[38;2;153;112;116m██[38;2;65;65;65m██[38;2;153;112;116m████████[38;2;65;65;65m██[38;2;153;112;116m██████[38;2;115;85;77m██[38;2;0;0;0m██    
  ██[38;2;65;65;65m████[38;2;115;85;77m██[38;2;153;112;116m████[38;2;65;65;65m██[38;2;153;112;116m████[38;2;65;65;65m████[38;2;0;0;0m██      
  ██[38;2;65;65;65m██[38;2;96;223;255m██[38;2;65;65;65m██████[38;2;55;153;223m████[38;2;65;65;65m████[38;2;115;85;77m██[38;2;0;0;0m██  ██  
██[38;2;65;65;65m██[38;2;96;223;255m██[38;2;153;112;116m████[38;2;96;223;255m██[38;2;153;112;116m██[38;2;96;223;255m████[38;2;153;112;116m██[38;2;65;65;65m██[38;2;0;0;0m██  ██[38;2;153;112;116m██[38;2;0;0;0m██
██[38;2;153;112;116m██[38;2;255;255;255m██[38;2;153;112;116m██████[38;2;96;223;255m██[38;2;189;58;90m██[38;2;255;255;255m██[38;2;153;112;116m████[38;2;0;0;0m██  ██[38;2;153;112;116m██[38;2;0;0;0m██
  ██[38;2;189;58;90m██[38;2;153;112;116m██████[38;2;255;255;255m██[38;2;189;58;90m██[38;2;255;255;255m██[38;2;153;112;116m██████[38;2;0;0;0m██[38;2;153;112;116m████[38;2;0;0;0m██
  ██[38;2;153;112;116m██[38;2;115;85;77m██[38;2;153;112;116m████[38;2;189;58;90m██[38;2;255;255;255m██[38;2;153;112;116m████[38;2;65;65;65m████[38;2;115;85;77m██[38;2;153;112;116m██[38;2;115;85;77m██[38;2;0;0;0m██
    ██[38;2;153;112;116m██████[38;2;65;65;65m██[38;2;153;112;116m████[38;2;65;65;65m██[38;2;115;85;77m██[38;2;153;112;116m████[38;2;0;0;0m████  
    ██[38;2;115;85;77m██[38;2;65;65;65m████████[38;2;115;85;77m████[38;2;65;65;65m██[38;2;153;112;116m████[38;2;0;0;0m██    
      ██[38;2;115;85;77m██████████[38;2;65;65;65m██[38;2;0;0;0m██[38;2;115;85;77m██[38;2;153;112;116m██[38;2;0;0;0m██    
      ██[38;2;55;153;223m██[38;2;0;0;0m████[38;2;65;65;65m██[38;2;153;112;116m██[38;2;0;0;0m██  ██[38;2;96;223;255m██[38;2;0;0;0m██    
      ████  ██[38;2;96;223;255m██[38;2;0;0;0m██    ████      
            ████                
[0m