             [38;2;0;0;0m▄[38;2;0;0;0m[48;2;255;255;255m▀[0m[38;2;0;0;0m▄               
            [38;2;0;0;0m▄[38;2;8;8;0m[48;2;255;255;239m▀[0m[38;2;255;255;239m[48;2;172;172;159m▀[0m[38;2;0;0;0m[48;2;165;150;66m▀[0m[38;2;0;0;0m▄              
            [38;2;0;0;0m[48;2;0;0;0m▀[0m[38;2;255;255;206m[48;2;197;194;148m▀[0m[38;2;139;133;90m[48;2;82;73;33m▀[0m[38;2;164;148;66m[48;2;164;148;66m▀[0m[38;2;0;0;0m[48;2;0;0;0m▀[0m              
           [38;2;8;4;0m[48;2;8;4;0m▀[0m[38;2;255;255;222m[48;2;172;171;148m▀[0m[38;2;164;148;66m[48;2;66;65;66m▀[0m[38;2;164;148;66m[48;2;164;148;66m▀[0m[38;2;66;65;66m[48;2;66;65;66m▀[0m[38;2;164;148;66m[48;2;164;148;66m▀[0m[38;2;0;0;0m[48;2;0;0;0m▀[0m             
     [38;2;0;0;0m▄[38;2;0;0;0m[48;2;165;150;66m▀[0m[38;2;0;0;0m▄  [38;2;0;0;0m▄[38;2;0;0;16m[48;2;71;66;40m▀[0m[38;2;214;199;90m[48;2;214;199;90m▀[0m[38;2;164;148;66m[48;2;164;148;66m▀[0m[38;2;66;65;66m[48;2;66;65;66m▀[0m[38;2;164;148;66m[48;2;164;148;66m▀[0m[38;2;66;65;66m[48;2;66;65;66m▀[0m[38;2;0;0;0m[48;2;127;111;33m▀[0m[38;2;0;0;0m▄   [38;2;0;0;0m▄        
     [38;2;0;0;0m[48;2;0;0;0m▀[0m[38;2;164;148;66m[48;2;164;148;66m▀[0m[38;2;148;135;71m[48;2;74;67;43m▀[0m[38;2;0;0;16m[48;2;222;203;99m▀[0m[38;2;0;0;16m[48;2;78;71;49m▀[0m[38;2;156;142;82m[48;2;78;71;49m▀[0m[38;2;74;65;49m[48;2;214;199;82m▀[0m[38;2;120;109;60m[48;2;214;199;82m▀[0m[38;2;167;151;71m[48;2;120;108;60m▀[0m[38;2;74;65;49m[48;2;214;195;82m▀[0m[38;2;127;113;33m[48;2;165;150;66m▀[0m[38;2;127;113;33m[48;2;165;150;66m▀[0m[38;2;164;148;66m[48;2;66;65;66m▀[0m[38;2;164;148;66m[48;2;66;65;66m▀[0m[38;2;0;0;8m[48;2;159;146;79m▀[0m[38;2;0;0;8m[48;2;79;73;43m▀[0m[38;2;0;0;0m[48;2;214;199;90m▀[0m[38;2;214;199;90m[48;2;214;199;90m▀[0m[38;2;0;0;0m[48;2;0;0;0m▀[0m       
     [38;2;0;0;0m▀[38;2;165;150;66m[48;2;0;0;0m▀[0m[38;2;66;65;66m[48;2;164;151;76m▀[0m[38;2;214;195;82m[48;2;66;65;66m▀[0m[38;2;214;199;90m[48;2;214;199;90m▀[0m[38;2;214;199;90m[48;2;255;255;255m▀[0m[38;2;66;65;66m[48;2;214;199;90m▀[0m[38;2;66;65;66m[48;2;214;199;90m▀[0m[38;2;66;65;66m[48;2;214;199;90m▀[0m[38;2;66;65;66m[48;2;214;199;90m▀[0m[38;2;66;65;66m[48;2;164;148;66m▀[0m[38;2;66;65;66m[48;2;164;148;66m▀[0m[38;2;165;148;66m[48;2;165;148;66m▀[0m[38;2;165;148;66m[48;2;165;148;66m▀[0m[38;2;66;65;66m[48;2;66;65;66m▀[0m[38;2;214;199;90m[48;2;214;199;90m▀[0m[38;2;214;199;90m[48;2;164;148;65m▀[0m[38;2;164;148;65m[48;2;164;148;65m▀[0m[38;2;0;0;0m[48;2;0;0;0m▀[0m       
    [38;2;0;0;0m▄[38;2;0;4;0m[48;2;82;85;82m▀[0m[38;2;54;58;54m[48;2;82;85;82m▀[0m[38;2;173;154;66m[48;2;8;8;16m▀[0m[38;2;63;56;32m[48;2;118;105;49m▀[0m[38;2;170;170;148m[48;2;0;0;0m▀[0m[38;2;255;255;222m[48;2;85;85;74m▀[0m[38;2;214;199;90m[48;2;66;65;66m▀[0m[38;2;214;199;90m[48;2;66;65;66m▀[0m[38;2;214;199;90m[48;2;66;65;66m▀[0m[38;2;214;199;90m[48;2;66;65;66m▀[0m[38;2;164;148;66m[48;2;66;65;66m▀[0m[38;2;164;148;66m[48;2;66;65;66m▀[0m[38;2;66;65;66m[48;2;127;111;33m▀[0m[38;2;66;65;66m[48;2;66;65;66m▀[0m[38;2;165;148;66m[48;2;165;148;66m▀[0m[38;2;165;148;66m[48;2;165;148;66m▀[0m[38;2;165;150;66m[48;2;71;71;71m▀[0m[38;2;71;71;71m[48;2;71;71;71m▀[0m[38;2;0;0;0m[48;2;82;83;82m▀[0m[38;2;0;0;0m▄      
  [38;2;0;0;0m▄[38;2;0;0;0m[48;2;82;82;82m▀[0m[38;2;82;82;82m[48;2;82;82;82m▀[0m[38;2;82;83;82m[48;2;0;0;0m▀[0m[38;2;0;0;0m▀ [38;2;0;0;0m▀[38;2;115;102;38m[48;2;0;0;0m▀[0m[38;2;0;0;0m[48;2;173;154;57m▀[0m[38;2;161;151;200m[48;2;115;101;173m▀[0m[38;2;255;251;255m[48;2;161;151;200m▀[0m[38;2;165;142;239m[48;2;110;96;159m▀[0m[38;2;0;4;0m[48;2;0;4;0m▀[0m[38;2;0;0;8m[48;2;82;73;41m▀[0m[38;2;165;146;74m[48;2;165;146;74m▀[0m[38;2;66;65;66m[48;2;66;65;66m▀[0m[38;2;164;165;164m[48;2;164;165;164m▀[0m[38;2;79;73;43m[48;2;0;0;8m▀[0m[38;2;159;146;79m[48;2;0;0;8m▀[0m[38;2;165;150;66m[48;2;0;0;0m▀[0m[38;2;0;0;0m▀[38;2;82;82;82m[48;2;0;0;0m▀[0m[38;2;82;82;82m[48;2;82;82;82m▀[0m[38;2;0;0;0m[48;2;82;83;82m▀[0m[38;2;0;0;0m▄    
 [38;2;0;0;0m▄[38;2;0;0;0m[48;2;82;83;82m▀[0m[38;2;82;82;82m[48;2;82;82;82m▀[0m[38;2;0;0;0m[48;2;0;0;0m▀[0m    [38;2;0;0;0m▀[38;2;66;65;66m[48;2;0;0;0m▀[0m[38;2;127;111;33m[48;2;66;65;66m▀[0m[38;2;66;65;66m[48;2;127;111;33m▀[0m[38;2;66;60;57m[48;2;132;114;51m▀[0m[38;2;165;142;49m[48;2;132;114;51m▀[0m[38;2;142;139;107m[48;2;66;69;57m▀[0m[38;2;66;69;57m[48;2;181;174;132m▀[0m[38;2;164;164;164m[48;2;164;164;164m▀[0m[38;2;0;0;0m[48;2;0;0;0m▀[0m   [38;2;0;0;0m▄[38;2;0;0;0m▄[38;2;0;0;0m[48;2;66;65;66m▀[0m[38;2;82;85;82m[48;2;54;58;54m▀[0m[38;2;0;4;0m[48;2;82;85;82m▀[0m[38;2;0;0;0m▄   
 [38;2;0;0;0m[48;2;0;0;0m▀[0m[38;2;82;82;82m[48;2;82;82;82m▀[0m[38;2;82;82;82m[48;2;82;82;82m▀[0m[38;2;0;0;0m[48;2;0;0;0m▀[0m     [38;2;0;0;0m[48;2;0;0;0m▀[0m[38;2;164;148;65m[48;2;164;148;65m▀[0m[38;2;214;199;90m[48;2;214;199;90m▀[0m[38;2;214;198;90m[48;2;214;198;90m▀[0m[38;2;214;198;90m[48;2;214;198;90m▀[0m[38;2;156;142;74m[48;2;156;142;74m▀[0m[38;2;186;178;134m[48;2;247;251;255m▀[0m[38;2;0;0;0m[48;2;0;0;0m▀[0m [38;2;0;0;0m▄[38;2;0;0;0m[48;2;165;134;107m▀[0m[38;2;0;0;0m[48;2;156;130;107m▀[0m[38;2;156;130;107m[48;2;104;86;71m▀[0m[38;2;165;132;107m[48;2;165;132;107m▀[0m[38;2;165;132;107m[48;2;165;132;107m▀[0m[38;2;164;142;96m[48;2;214;186;107m▀[0m[38;2;66;56;74m[48;2;164;142;96m▀[0m[38;2;0;0;0m[48;2;165;134;107m▀[0m[38;2;0;0;0m▄  
[38;2;0;0;0m[48;2;0;0;0m▀[0m[38;2;117;108;162m[48;2;156;134;239m▀[0m[38;2;79;82;85m[48;2;79;82;85m▀[0m[38;2;82;82;82m[48;2;82;82;82m▀[0m[38;2;0;0;0m[48;2;82;82;82m▀[0m[38;2;0;0;0m▄    [38;2;0;0;0m[48;2;0;0;0m▀[0m[38;2;164;148;65m[48;2;164;148;65m▀[0m[38;2;214;199;90m[48;2;214;199;90m▀[0m[38;2;214;199;90m[48;2;255;255;255m▀[0m[38;2;255;255;255m[48;2;255;255;255m▀[0m[38;2;198;186;99m[48;2;198;186;99m▀[0m[38;2;239;243;255m[48;2;211;205;151m▀[0m[38;2;66;65;66m[48;2;66;65;66m▀[0m[38;2;0;0;0m[48;2;66;65;66m▀[0m[38;2;164;140;86m[48;2;164;140;86m▀[0m[38;2;214;199;90m[48;2;214;199;90m▀[0m[38;2;82;82;82m[48;2;82;82;82m▀[0m[38;2;82;82;82m[48;2;164;132;107m▀[0m[38;2;82;81;82m[48;2;82;81;82m▀[0m[38;2;214;199;90m[48;2;214;199;90m▀[0m[38;2;214;199;90m[48;2;164;148;65m▀[0m[38;2;164;148;65m[48;2;164;148;65m▀[0m[38;2;181;153;93m[48;2;214;199;82m▀[0m[38;2;165;130;99m[48;2;165;130;99m▀[0m[38;2;0;0;0m[48;2;0;0;0m▀[0m 
[38;2;0;0;0m[48;2;0;0;0m▀[0m[38;2;156;134;231m[48;2;156;134;231m▀[0m[38;2;115;107;173m[48;2;156;134;231m▀[0m[38;2;82;81;82m[48;2;115;105;173m▀[0m[38;2;115;105;173m[48;2;115;105;173m▀[0m[38;2;0;0;0m[48;2;0;0;0m▀[0m   [38;2;0;0;0m[48;2;0;0;0m▀[0m[38;2;164;164;164m[48;2;164;164;164m▀[0m[38;2;165;150;66m[48;2;165;150;66m▀[0m[38;2;255;255;255m[48;2;255;255;255m▀[0m[38;2;255;255;255m[48;2;214;199;90m▀[0m[38;2;214;199;90m[48;2;214;199;90m▀[0m[38;2;156;142;74m[48;2;156;142;74m▀[0m[38;2;186;178;134m[48;2;247;251;255m▀[0m[38;2;66;65;66m[48;2;66;65;66m▀[0m[38;2;165;134;107m[48;2;165;134;107m▀[0m[38;2;214;199;90m[48;2;214;199;90m▀[0m[38;2;82;81;82m[48;2;82;81;82m▀[0m[38;2;164;132;107m[48;2;82;82;82m▀[0m[38;2;82;82;82m[48;2;164;132;107m▀[0m[38;2;164;132;107m[48;2;82;82;82m▀[0m[38;2;82;82;82m[48;2;82;82;82m▀[0m[38;2;164;148;65m[48;2;214;199;90m▀[0m[38;2;214;199;90m[48;2;164;148;65m▀[0m[38;2;164;148;65m[48;2;164;148;65m▀[0m[38;2;164;148;65m[48;2;214;199;90m▀[0m[38;2;165;134;107m[48;2;165;134;107m▀[0m[38;2;0;0;0m[48;2;0;0;0m▀[0m
[38;2;0;0;0m[48;2;0;0;0m▀[0m[38;2;156;134;231m[48;2;156;134;231m▀[0m[38;2;156;134;231m[48;2;66;65;66m▀[0m[38;2;120;108;176m[48;2;148;130;231m▀[0m[38;2;120;108;176m[48;2;66;65;66m▀[0m[38;2;115;105;173m[48;2;115;105;173m▀[0m[38;2;0;0;0m[48;2;0;0;0m▀[0m [38;2;0;0;0m[48;2;0;0;0m▀[0m[38;2;183;178;139m[48;2;255;251;255m▀[0m[38;2;255;251;255m[48;2;148;142;82m▀[0m[38;2;164;148;65m[48;2;214;199;90m▀[0m[38;2;214;199;90m[48;2;214;199;90m▀[0m[38;2;214;198;90m[48;2;214;198;90m▀[0m[38;2;214;198;90m[48;2;214;198;90m▀[0m[38;2;173;150;57m[48;2;200;185;120m▀[0m[38;2;255;255;247m[48;2;173;150;57m▀[0m[38;2;74;65;57m[48;2;255;255;247m▀[0m[38;2;134;128;120m[48;2;74;65;57m▀[0m[38;2;82;82;82m[48;2;164;132;107m▀[0m[38;2;164;132;107m[48;2;82;82;82m▀[0m[38;2;82;82;82m[48;2;164;132;107m▀[0m[38;2;82;82;82m[48;2;82;82;82m▀[0m[38;2;82;82;82m[48;2;164;132;107m▀[0m[38;2;164;132;107m[48;2;82;82;82m▀[0m[38;2;82;81;82m[48;2;164;140;86m▀[0m[38;2;164;140;86m[48;2;82;81;82m▀[0m[38;2;214;199;90m[48;2;214;199;90m▀[0m[38;2;214;199;90m[48;2;164;132;106m▀[0m[38;2;165;134;107m[48;2;0;0;0m▀[0m[38;2;0;0;0m▀
[38;2;0;0;0m▀[38;2;156;134;231m[48;2;8;8;0m▀[0m[38;2;57;50;77m[48;2;156;134;231m▀[0m[38;2;148;130;231m[48;2;66;65;66m▀[0m[38;2;66;65;66m[48;2;120;108;176m▀[0m[38;2;115;105;173m[48;2;0;0;0m▀[0m[38;2;115;105;173m[48;2;0;0;0m▀[0m[38;2;0;0;0m▀[38;2;255;255;255m[48;2;0;0;0m▀[0m[38;2;255;255;247m[48;2;90;85;49m▀[0m[38;2;145;141;115m[48;2;255;255;247m▀[0m[38;2;214;199;90m[48;2;164;148;65m▀[0m[38;2;214;199;90m[48;2;214;199;90m▀[0m[38;2;214;199;90m[48;2;214;199;90m▀[0m[38;2;214;199;90m[48;2;164;148;65m▀[0m[38;2;165;150;66m[48;2;255;255;255m▀[0m[38;2;255;255;255m[48;2;255;255;255m▀[0m[38;2;255;251;255m[48;2;85;83;85m▀[0m[38;2;85;83;85m[48;2;0;0;0m▀[0m[38;2;98;86;76m[48;2;0;0;0m▀[0m[38;2;148;130;115m[48;2;98;86;76m▀[0m[38;2;82;81;74m[48;2;170;157;79m▀[0m[38;2;214;195;82m[48;2;214;195;82m▀[0m[38;2;82;81;82m[48;2;164;140;86m▀[0m[38;2;164;140;86m[48;2;82;81;82m▀[0m[38;2;82;82;82m[48;2;82;82;82m▀[0m[38;2;82;82;82m[48;2;82;82;82m▀[0m[38;2;165;134;107m[48;2;165;134;107m▀[0m[38;2;165;134;107m[48;2;0;0;0m▀[0m[38;2;0;0;0m▀ 
 [38;2;0;0;0m[48;2;0;0;0m▀[0m[38;2;156;134;231m[48;2;0;0;0m▀[0m[38;2;0;0;0m▀[38;2;0;0;0m▀    [38;2;0;0;0m[48;2;0;0;0m▀[0m[38;2;255;255;255m[48;2;0;0;0m▀[0m[38;2;255;251;255m[48;2;183;178;139m▀[0m[38;2;148;142;82m[48;2;255;251;255m▀[0m[38;2;165;150;66m[48;2;255;255;255m▀[0m[38;2;255;255;255m[48;2;255;255;255m▀[0m[38;2;255;255;255m[48;2;170;170;170m▀[0m[38;2;255;255;255m[48;2;0;0;0m▀[0m[38;2;0;0;0m[48;2;0;0;0m▀[0m  [38;2;0;0;0m▀[38;2;0;0;0m▀[38;2;165;134;107m[48;2;0;0;0m▀[0m[38;2;165;134;107m[48;2;0;0;0m▀[0m[38;2;165;134;107m[48;2;0;0;0m▀[0m[38;2;165;134;107m[48;2;0;0;0m▀[0m[38;2;0;0;0m▀[38;2;0;0;0m▀   
           [38;2;0;0;0m▀[38;2;255;255;255m[48;2;0;0;0m▀[0m[38;2;255;255;255m[48;2;255;255;255m▀[0m[38;2;255;255;255m[48;2;0;0;0m▀[0m[38;2;0;0;0m▀               
             [38;2;0;0;0m▀                 
[0m