    [38;2;0;0;0m[48;2;0;0;0m▀[0m[38;2;0;0;0m▄    [38;2;0;0;0m▄            [38;2;0;0;0m▄        
[38;2;0;0;0m▄[38;2;0;0;0m▄  [38;2;0;0;0m[48;2;0;0;0m▀[0m[38;2;65;65;65m[48;2;65;65;65m▀[0m[38;2;0;0;0m[48;2;0;0;0m▀[0m  [38;2;0;0;0m[48;2;0;0;0m▀[0m[38;2;65;65;65m[48;2;65;65;65m▀[0m[38;2;0;0;0m[48;2;0;0;0m▀[0m    [38;2;0;0;0m▄[38;2;0;0;0m▄[38;2;0;0;0m[48;2;65;65;65m▀[0m[38;2;0;0;0m[48;2;0;0;0m▀[0m  [38;2;0;0;0m▄[38;2;0;0;0m[48;2;65;65;65m▀[0m[38;2;0;0;0m▄   [38;2;0;0;0m▄   
[38;2;0;0;0m[48;2;0;0;0m▀[0m[38;2;65;65;65m[48;2;65;65;65m▀[0m[38;2;0;0;0m[48;2;53;53;53m▀[0m[38;2;0;0;0m▄[38;2;0;0;0m[48;2;156;140;140m▀[0m[38;2;53;53;53m[48;2;156;140;140m▀[0m[38;2;156;140;140m[48;2;156;140;140m▀[0m[38;2;0;0;0m[48;2;0;0;0m▀[0m [38;2;0;0;0m[48;2;0;0;0m▀[0m[38;2;65;65;65m[48;2;156;140;140m▀[0m[38;2;0;0;0m[48;2;0;0;0m▀[0m[38;2;0;0;0m▄ [38;2;0;0;0m▄[38;2;0;0;0m[48;2;65;65;65m▀[0m[38;2;65;65;65m[48;2;65;65;65m▀[0m[38;2;65;65;65m[48;2;0;0;0m▀[0m[38;2;0;0;0m[48;2;0;0;0m▀[0m  [38;2;0;0;0m▄[38;2;0;0;0m[48;2;65;65;65m▀[0m[38;2;65;65;65m[48;2;65;65;65m▀[0m[38;2;0;0;0m[48;2;0;0;0m▀[0m [38;2;0;0;0m▄[38;2;0;0;0m[48;2;65;65;65m▀[0m[38;2;0;0;0m[48;2;0;0;0m▀[0m   
[38;2;0;0;0m▄[38;2;0;0;0m[48;2;156;140;140m▀[0m[38;2;156;140;140m[48;2;99;82;156m▀[0m[38;2;156;140;140m[48;2;99;82;156m▀[0m[38;2;65;65;65m[48;2;99;82;156m▀[0m[38;2;156;140;140m[48;2;65;65;65m▀[0m[38;2;65;65;65m[48;2;99;82;156m▀[0m[38;2;156;140;140m[48;2;65;65;65m▀[0m[38;2;0;0;0m[48;2;0;0;0m▀[0m[38;2;0;0;0m[48;2;189;189;189m▀[0m[38;2;189;189;189m[48;2;189;189;189m▀[0m[38;2;189;189;189m[48;2;53;53;53m▀[0m[38;2;156;140;140m[48;2;53;53;53m▀[0m[38;2;0;0;0m[48;2;189;189;189m▀[0m[38;2;189;189;189m[48;2;189;189;189m▀[0m[38;2;65;65;65m[48;2;156;140;140m▀[0m[38;2;0;0;0m[48;2;0;0;0m▀[0m[38;2;0;0;0m▀[38;2;0;0;0m▄  [38;2;0;0;0m[48;2;0;0;0m▀[0m[38;2;65;65;65m[48;2;189;189;189m▀[0m[38;2;189;189;189m[48;2;189;189;189m▀[0m[38;2;65;65;65m[48;2;189;189;189m▀[0m[38;2;0;0;0m[48;2;0;0;0m▀[0m[38;2;0;0;0m[48;2;189;189;189m▀[0m[38;2;65;65;65m[48;2;0;0;0m▀[0m[38;2;0;0;0m▀   
[38;2;0;0;0m[48;2;0;0;0m▀[0m[38;2;99;82;156m[48;2;0;0;0m▀[0m[38;2;0;0;0m▀[38;2;0;0;0m▀[38;2;99;82;156m[48;2;0;0;0m▀[0m[38;2;99;82;156m[48;2;99;82;156m▀[0m[38;2;99;82;156m[48;2;0;0;0m▀[0m[38;2;0;0;0m[48;2;0;0;0m▀[0m[38;2;65;65;65m[48;2;65;65;65m▀[0m[38;2;189;189;189m[48;2;53;53;53m▀[0m[38;2;53;53;53m[48;2;65;65;65m▀[0m[38;2;65;65;65m[48;2;65;65;65m▀[0m[38;2;65;65;65m[48;2;65;65;65m▀[0m[38;2;53;53;53m[48;2;65;65;65m▀[0m[38;2;156;140;140m[48;2;156;140;140m▀[0m[38;2;65;65;65m[48;2;53;53;53m▀[0m[38;2;65;65;65m[48;2;189;189;189m▀[0m[38;2;0;0;0m[48;2;65;65;65m▀[0m[38;2;65;65;65m[48;2;65;65;65m▀[0m[38;2;0;0;0m[48;2;0;0;0m▀[0m[38;2;0;0;0m▄[38;2;0;0;0m[48;2;189;189;189m▀[0m[38;2;189;189;189m[48;2;99;82;156m▀[0m[38;2;189;189;189m[48;2;189;189;189m▀[0m[38;2;189;189;189m[48;2;99;82;156m▀[0m[38;2;189;189;189m[48;2;189;189;189m▀[0m[38;2;189;189;189m[48;2;99;82;156m▀[0m[38;2;0;0;0m[48;2;189;189;189m▀[0m[38;2;0;0;0m[48;2;189;189;189m▀[0m[38;2;0;0;0m▄  
     [38;2;0;0;0m▀[38;2;0;0;0m▄[38;2;0;0;0m[48;2;189;189;189m▀[0m[38;2;53;53;53m[48;2;189;189;189m▀[0m[38;2;65;65;65m[48;2;65;65;65m▀[0m[38;2;65;65;65m[48;2;65;65;65m▀[0m[38;2;0;0;0m[48;2;82;165;115m▀[0m[38;2;255;255;255m[48;2;255;255;255m▀[0m[38;2;156;140;140m[48;2;156;140;140m▀[0m[38;2;65;65;65m[48;2;65;65;65m▀[0m[38;2;65;65;65m[48;2;65;65;65m▀[0m[38;2;53;53;53m[48;2;53;53;53m▀[0m[38;2;189;189;189m[48;2;156;140;140m▀[0m[38;2;65;65;65m[48;2;189;189;189m▀[0m[38;2;189;189;189m[48;2;65;65;65m▀[0m[38;2;189;189;189m[48;2;65;65;65m▀[0m[38;2;65;65;65m[48;2;99;82;156m▀[0m[38;2;99;82;156m[48;2;99;82;156m▀[0m[38;2;189;189;189m[48;2;99;82;156m▀[0m[38;2;99;82;156m[48;2;123;99;173m▀[0m[38;2;99;82;156m[48;2;123;99;173m▀[0m[38;2;123;99;173m[48;2;123;99;173m▀[0m[38;2;99;82;156m[48;2;123;99;173m▀[0m[38;2;99;82;156m[48;2;123;99;173m▀[0m[38;2;189;189;189m[48;2;0;0;0m▀[0m[38;2;0;0;0m[48;2;0;0;0m▀[0m 
     [38;2;0;0;0m[48;2;0;0;0m▀[0m[38;2;189;189;189m[48;2;156;140;140m▀[0m[38;2;189;189;189m[48;2;189;189;189m▀[0m[38;2;189;189;189m[48;2;65;65;65m▀[0m[38;2;156;140;140m[48;2;156;140;140m▀[0m[38;2;156;140;140m[48;2;156;140;140m▀[0m[38;2;156;140;140m[48;2;65;65;65m▀[0m[38;2;156;140;140m[48;2;65;65;65m▀[0m[38;2;65;65;65m[48;2;65;65;65m▀[0m[38;2;65;65;65m[48;2;53;53;53m▀[0m[38;2;53;53;53m[48;2;53;53;53m▀[0m[38;2;53;53;53m[48;2;156;140;140m▀[0m[38;2;156;140;140m[48;2;156;140;140m▀[0m[38;2;65;65;65m[48;2;65;65;65m▀[0m[38;2;99;82;156m[48;2;99;82;156m▀[0m[38;2;99;82;156m[48;2;0;0;0m▀[0m[38;2;99;82;156m[48;2;0;0;0m▀[0m[38;2;99;82;156m[48;2;0;0;0m▀[0m[38;2;99;82;156m[48;2;99;82;156m▀[0m[38;2;123;99;173m[48;2;99;82;156m▀[0m[38;2;123;99;173m[48;2;0;0;0m▀[0m[38;2;0;0;0m▀[38;2;0;0;0m▀[38;2;0;0;0m▀   
      [38;2;0;0;0m▀[38;2;156;140;140m[48;2;0;0;0m▀[0m[38;2;65;65;65m[48;2;156;140;140m▀[0m[38;2;156;140;140m[48;2;65;65;65m▀[0m[38;2;65;65;65m[48;2;165;82;58m▀[0m[38;2;165;82;58m[48;2;214;99;66m▀[0m[38;2;165;82;58m[48;2;165;82;58m▀[0m[38;2;65;65;65m[48;2;255;255;255m▀[0m[38;2;156;140;140m[48;2;156;140;140m▀[0m[38;2;65;65;65m[48;2;0;0;0m▀[0m[38;2;156;140;140m[48;2;132;107;107m▀[0m[38;2;132;107;107m[48;2;132;107;107m▀[0m[38;2;132;107;107m[48;2;156;140;140m▀[0m[38;2;0;0;0m[48;2;0;0;0m▀[0m[38;2;132;107;107m[48;2;0;0;0m▀[0m[38;2;132;107;107m[48;2;132;107;107m▀[0m[38;2;132;107;107m[48;2;132;107;107m▀[0m[38;2;0;0;0m[48;2;132;107;107m▀[0m[38;2;0;0;0m[48;2;132;107;107m▀[0m[38;2;0;0;0m▄[38;2;0;0;0m▄[38;2;0;0;0m[48;2;65;65;65m▀[0m[38;2;0;0;0m[48;2;156;140;140m▀[0m[38;2;0;0;0m▄[38;2;0;0;0m▄ 
        [38;2;0;0;0m▀[38;2;0;0;0m[48;2;0;0;0m▀[0m[38;2;214;99;66m[48;2;255;255;255m▀[0m[38;2;214;99;66m[48;2;165;82;58m▀[0m[38;2;214;99;66m[48;2;255;255;255m▀[0m[38;2;165;82;58m[48;2;156;140;140m▀[0m[38;2;0;0;0m[48;2;0;0;0m▀[0m [38;2;0;0;0m[48;2;0;0;0m▀[0m[38;2;156;140;140m[48;2;0;0;0m▀[0m[38;2;156;140;140m[48;2;65;65;65m▀[0m[38;2;0;0;0m[48;2;156;140;140m▀[0m[38;2;0;0;0m▄[38;2;0;0;0m▀[38;2;0;0;0m▀[38;2;132;107;107m[48;2;0;0;0m▀[0m[38;2;132;107;107m[48;2;0;0;0m▀[0m[38;2;156;140;140m[48;2;0;0;0m▀[0m[38;2;156;140;140m[48;2;0;0;0m▀[0m[38;2;156;140;140m[48;2;65;65;65m▀[0m[38;2;156;140;140m[48;2;156;140;140m▀[0m[38;2;156;140;140m[48;2;0;0;0m▀[0m[38;2;156;140;140m[48;2;0;0;0m▀[0m[38;2;0;0;0m▀
         [38;2;0;0;0m▀[38;2;0;0;0m[48;2;0;0;0m▀[0m[38;2;156;140;140m[48;2;53;53;53m▀[0m[38;2;156;140;140m[48;2;53;53;53m▀[0m[38;2;0;0;0m[48;2;0;0;0m▀[0m   [38;2;0;0;0m▀[38;2;156;140;140m[48;2;0;0;0m▀[0m[38;2;65;65;65m[48;2;0;0;0m▀[0m[38;2;0;0;0m▀      [38;2;0;0;0m▀[38;2;0;0;0m▀   
          [38;2;0;0;0m[48;2;0;0;0m▀[0m[38;2;65;65;65m[48;2;65;65;65m▀[0m[38;2;65;65;65m[48;2;0;0;0m▀[0m[38;2;0;0;0m▀                  
          [38;2;0;0;0m▀[38;2;65;65;65m[48;2;0;0;0m▀[0m[38;2;0;0;0m▀                   
[0m