         [38;2;0;0;0m[48;2;0;0;0m▀[0m[38;2;0;0;0m[48;2;255;255;238m▀[0m[38;2;0;0;0m[48;2;255;255;238m▀[0m[38;2;0;0;0m[48;2;255;255;238m▀[0m[38;2;0;0;0m[48;2;255;255;238m▀[0m[38;2;0;0;0m▄[38;2;0;0;0m▄         
          [38;2;0;0;0m▀[38;2;246;219;180m[48;2;0;0;0m▀[0m[38;2;255;255;238m[48;2;246;222;189m▀[0m[38;2;255;255;238m[48;2;255;255;238m▀[0m[38;2;255;255;238m[48;2;255;255;238m▀[0m[38;2;255;255;238m[48;2;255;255;238m▀[0m[38;2;0;0;0m[48;2;255;255;238m▀[0m[38;2;0;0;0m▄       
    [38;2;33;32;41m▄[38;2;0;0;0m[48;2;206;158;206m▀[0m[38;2;0;0;0m[48;2;175;131;178m▀[0m[38;2;41;36;41m▄[38;2;0;0;0m▄[38;2;0;0;0m[48;2;255;255;238m▀[0m[38;2;0;0;0m[48;2;197;149;98m▀[0m[38;2;246;222;189m[48;2;230;194;148m▀[0m[38;2;246;222;189m[48;2;255;255;238m▀[0m[38;2;255;255;238m[48;2;255;246;222m▀[0m[38;2;246;219;180m[48;2;224;199;169m▀[0m[38;2;255;255;238m[48;2;255;255;238m▀[0m[38;2;255;255;238m[48;2;255;255;238m▀[0m[38;2;255;255;238m[48;2;238;198;148m▀[0m[38;2;0;0;0m[48;2;8;4;0m▀[0m      
[38;2;0;0;0m▄[38;2;0;0;0m[48;2;206;167;214m▀[0m[38;2;0;0;0m[48;2;175;132;178m▀[0m[38;2;0;0;0m[48;2;175;131;178m▀[0m[38;2;175;132;178m[48;2;175;132;178m▀[0m[38;2;175;132;178m[48;2;175;132;178m▀[0m[38;2;175;132;178m[48;2;173;130;178m▀[0m[38;2;0;0;0m[48;2;121;87;134m▀[0m[38;2;230;194;148m[48;2;230;194;148m▀[0m[38;2;197;149;98m[48;2;230;194;148m▀[0m[38;2;216;184;145m[48;2;230;194;148m▀[0m[38;2;230;194;148m[48;2;230;194;148m▀[0m[38;2;255;255;238m[48;2;194;148;101m▀[0m[38;2;194;152;117m[48;2;164;113;76m▀[0m[38;2;164;105;65m[48;2;230;194;148m▀[0m[38;2;230;194;148m[48;2;230;194;148m▀[0m[38;2;230;194;148m[48;2;230;194;148m▀[0m[38;2;238;198;148m[48;2;193;147;102m▀[0m[38;2;0;0;0m[48;2;121;87;134m▀[0m[38;2;0;0;0m[48;2;206;158;206m▀[0m[38;2;0;0;0m▄    
[38;2;0;0;0m▀[38;2;175;131;178m[48;2;0;0;0m▀[0m[38;2;175;131;178m[48;2;173;130;178m▀[0m[38;2;175;132;178m[48;2;202;160;206m▀[0m[38;2;175;132;178m[48;2;175;132;178m▀[0m[38;2;175;132;178m[48;2;121;87;134m▀[0m[38;2;175;132;178m[48;2;121;87;134m▀[0m[38;2;121;87;134m[48;2;139;85;57m▀[0m[38;2;230;194;148m[48;2;238;198;148m▀[0m[38;2;230;194;148m[48;2;230;194;148m▀[0m[38;2;194;148;101m[48;2;230;194;148m▀[0m[38;2;194;148;101m[48;2;230;194;148m▀[0m[38;2;194;148;101m[48;2;230;194;148m▀[0m[38;2;230;194;148m[48;2;230;194;148m▀[0m[38;2;230;194;148m[48;2;230;194;148m▀[0m[38;2;230;194;148m[48;2;131;80;49m▀[0m[38;2;137;83;60m[48;2;230;194;148m▀[0m[38;2;230;194;148m[48;2;175;132;178m▀[0m[38;2;175;132;178m[48;2;181;130;198m▀[0m[38;2;175;132;178m[48;2;175;132;178m▀[0m[38;2;0;0;0m[48;2;175;132;178m▀[0m[38;2;0;0;0m▄[38;2;41;36;41m[48;2;175;131;178m▀[0m[38;2;41;36;41m[48;2;206;167;214m▀[0m[38;2;0;0;0m▄
  [38;2;0;0;0m[48;2;0;0;0m▀[0m[38;2;121;87;134m[48;2;230;194;148m▀[0m[38;2;175;132;178m[48;2;121;87;134m▀[0m[38;2;121;87;134m[48;2;167;114;79m▀[0m[38;2;194;148;101m[48;2;194;148;101m▀[0m[38;2;139;85;57m[48;2;139;85;57m▀[0m[38;2;189;141;102m[48;2;194;149;101m▀[0m[38;2;230;194;148m[48;2;194;149;101m▀[0m[38;2;230;194;148m[48;2;194;149;101m▀[0m[38;2;230;194;148m[48;2;194;148;101m▀[0m[38;2;230;194;148m[48;2;194;148;101m▀[0m[38;2;185;139;102m[48;2;205;145;98m▀[0m[38;2;139;85;57m[48;2;123;89;65m▀[0m[38;2;164;118;82m[48;2;164;111;78m▀[0m[38;2;230;194;148m[48;2;230;194;148m▀[0m[38;2;121;87;134m[48;2;230;194;148m▀[0m[38;2;173;130;178m[48;2;121;87;134m▀[0m[38;2;175;132;178m[48;2;121;87;134m▀[0m[38;2;175;131;178m[48;2;175;132;178m▀[0m[38;2;175;132;178m[48;2;202;160;206m▀[0m[38;2;175;131;178m[48;2;175;132;178m▀[0m[38;2;175;131;178m[48;2;140;95;167m▀[0m[38;2;0;0;0m[48;2;0;0;0m▀[0m
  [38;2;0;0;0m▀[38;2;194;148;101m[48;2;0;8;16m▀[0m[38;2;194;148;101m[48;2;197;149;106m▀[0m[38;2;194;148;101m[48;2;191;148;104m▀[0m[38;2;139;80;57m[48;2;65;64;65m▀[0m[38;2;194;149;101m[48;2;206;158;206m▀[0m[38;2;139;85;57m[48;2;249;249;249m▀[0m[38;2;194;149;101m[48;2;139;85;57m▀[0m[38;2;139;85;57m[48;2;194;149;101m▀[0m[38;2;194;148;101m[48;2;139;85;49m▀[0m[38;2;194;148;101m[48;2;139;85;49m▀[0m[38;2;123;89;65m[48;2;181;145;99m▀[0m[38;2;82;60;49m[48;2;65;64;65m▀[0m[38;2;230;194;148m[48;2;183;148;112m▀[0m[38;2;164;111;78m[48;2;238;190;139m▀[0m[38;2;230;194;148m[48;2;238;198;148m▀[0m[38;2;230;194;148m[48;2;189;143;102m▀[0m[38;2;230;194;148m[48;2;194;145;101m▀[0m[38;2;121;87;134m[48;2;167;113;79m▀[0m[38;2;173;130;178m[48;2;131;97;65m▀[0m[38;2;142;98;170m[48;2;197;145;98m▀[0m[38;2;0;0;0m[48;2;0;0;0m▀[0m 
 [38;2;0;0;0m▄[38;2;0;0;0m[48;2;205;153;106m▀[0m[38;2;197;149;106m[48;2;164;113;76m▀[0m[38;2;65;55;46m[48;2;230;194;148m▀[0m[38;2;65;64;65m[48;2;238;190;139m▀[0m[38;2;65;64;65m[48;2;74;56;49m▀[0m[38;2;206;158;206m[48;2;148;133;148m▀[0m[38;2;148;97;181m[48;2;104;97;107m▀[0m[38;2;194;149;101m[48;2;230;194;148m▀[0m[38;2;194;149;101m[48;2;230;194;148m▀[0m[38;2;178;141;115m[48;2;230;194;148m▀[0m[38;2;252;252;252m[48;2;175;132;178m▀[0m[38;2;213;129;98m[48;2;148;97;181m▀[0m[38;2;181;145;99m[48;2;175;139;93m▀[0m[38;2;74;64;57m[48;2;126;98;82m▀[0m[38;2;183;148;112m[48;2;74;52;49m▀[0m[38;2;189;143;102m[48;2;65;64;65m▀[0m[38;2;139;89;57m[48;2;191;148;104m▀[0m[38;2;139;80;57m[48;2;191;148;104m▀[0m[38;2;139;80;57m[48;2;191;148;104m▀[0m[38;2;197;145;98m[48;2;0;0;0m▀[0m[38;2;0;0;0m▀  
 [38;2;0;0;0m[48;2;0;0;0m▀[0m[38;2;137;102;71m[48;2;164;113;74m▀[0m[38;2;230;194;148m[48;2;255;255;238m▀[0m[38;2;230;194;148m[48;2;255;255;238m▀[0m[38;2;183;145;109m[48;2;191;148;109m▀[0m[38;2;128;101;79m[48;2;164;113;74m▀[0m[38;2;82;56;57m[48;2;194;153;117m▀[0m[38;2;230;194;148m[48;2;74;48;41m▀[0m[38;2;230;194;148m[48;2;238;182;139m▀[0m[38;2;230;194;148m[48;2;128;95;84m▀[0m[38;2;230;194;148m[48;2;230;194;148m▀[0m[38;2;175;132;178m[48;2;230;194;148m▀[0m[38;2;202;160;206m[48;2;216;196;167m▀[0m[38;2;148;68;57m[48;2;139;80;57m▀[0m[38;2;230;190;148m[48;2;222;187;145m▀[0m[38;2;230;190;148m[48;2;222;187;145m▀[0m[38;2;191;148;104m[48;2;230;194;148m▀[0m[38;2;65;64;65m[48;2;194;148;101m▀[0m[38;2;65;64;65m[48;2;191;148;101m▀[0m[38;2;65;64;65m[48;2;191;148;101m▀[0m[38;2;139;85;57m[48;2;137;83;60m▀[0m[38;2;0;0;0m[48;2;0;0;0m▀[0m  
  [38;2;0;0;0m▀[38;2;255;255;238m[48;2;0;0;0m▀[0m[38;2;194;147;101m[48;2;255;255;255m▀[0m[38;2;191;148;109m[48;2;255;238;222m▀[0m[38;2;246;218;180m[48;2;255;238;222m▀[0m[38;2;255;206;156m[48;2;0;0;0m▀[0m[38;2;134;101;79m[48;2;65;66;65m▀[0m[38;2;74;52;57m[48;2;230;194;148m▀[0m[38;2;74;52;57m[48;2;230;194;148m▀[0m[38;2;65;64;65m[48;2;230;194;148m▀[0m[38;2;65;64;65m[48;2;230;194;148m▀[0m[38;2;139;80;57m[48;2;197;145;98m▀[0m[38;2;255;255;222m[48;2;120;89;71m▀[0m[38;2;255;255;238m[48;2;255;255;238m▀[0m[38;2;205;153;98m[48;2;255;255;238m▀[0m[38;2;230;194;148m[48;2;194;155;123m▀[0m[38;2;230;194;148m[48;2;164;105;65m▀[0m[38;2;191;148;101m[48;2;164;113;74m▀[0m[38;2;164;113;74m[48;2;164;113;74m▀[0m[38;2;137;83;60m[48;2;246;218;180m▀[0m[38;2;0;0;0m[48;2;0;0;0m▀[0m  
    [38;2;0;0;0m▀[38;2;0;0;0m▀[38;2;0;0;0m▀[38;2;0;8;16m▄[38;2;0;0;0m[48;2;197;149;106m▀[0m[38;2;137;83;60m[48;2;74;52;49m▀[0m[38;2;230;194;148m[48;2;126;98;82m▀[0m[38;2;230;194;148m[48;2;139;85;57m▀[0m[38;2;194;148;101m[48;2;139;85;57m▀[0m[38;2;197;145;98m[48;2;65;64;65m▀[0m[38;2;82;60;57m[48;2;191;148;104m▀[0m[38;2;255;255;238m[48;2;74;64;65m▀[0m[38;2;255;255;238m[48;2;255;255;222m▀[0m[38;2;255;255;238m[48;2;230;194;148m▀[0m[38;2;255;255;238m[48;2;230;194;148m▀[0m[38;2;255;255;238m[48;2;230;194;148m▀[0m[38;2;224;207;183m[48;2;0;0;0m▀[0m[38;2;0;0;0m▀   
      [38;2;0;0;0m[48;2;0;0;0m▀[0m[38;2;197;149;106m[48;2;84;83;79m▀[0m[38;2;65;55;46m[48;2;255;250;238m▀[0m[38;2;230;190;148m[48;2;255;255;230m▀[0m[38;2;230;190;148m[48;2;172;117;74m▀[0m[38;2;238;198;148m[48;2;197;153;98m▀[0m[38;2;189;141;102m[48;2;216;187;145m▀[0m[38;2;191;148;104m[48;2;191;157;120m▀[0m[38;2;65;64;65m[48;2;65;60;49m▀[0m[38;2;194;191;169m[48;2;230;194;148m▀[0m[38;2;74;64;65m[48;2;230;194;148m▀[0m[38;2;65;64;65m[48;2;230;194;148m▀[0m[38;2;65;64;65m[48;2;0;0;0m▀[0m[38;2;0;0;0m▀     
      [38;2;0;0;0m▄[38;2;0;0;0m[48;2;230;194;148m▀[0m[38;2;255;250;238m[48;2;255;255;238m▀[0m[38;2;213;186;152m[48;2;230;194;148m▀[0m[38;2;213;186;152m[48;2;255;255;238m▀[0m[38;2;255;255;238m[48;2;255;255;238m▀[0m[38;2;255;255;238m[48;2;244;217;178m▀[0m[38;2;255;206;156m[48;2;230;194;148m▀[0m[38;2;191;157;120m[48;2;230;194;148m▀[0m[38;2;65;64;65m[48;2;238;210;172m▀[0m[38;2;230;194;148m[48;2;65;64;65m▀[0m[38;2;0;0;0m[48;2;161;133;98m▀[0m[38;2;8;4;0m▄      
     [38;2;0;0;0m▀[38;2;246;218;180m[48;2;0;0;0m▀[0m[38;2;238;214;178m[48;2;246;218;180m▀[0m[38;2;230;194;148m[48;2;246;218;180m▀[0m[38;2;255;255;238m[48;2;246;218;180m▀[0m[38;2;255;255;238m[48;2;246;218;180m▀[0m[38;2;244;217;178m[48;2;230;194;148m▀[0m[38;2;238;198;148m[48;2;230;194;148m▀[0m[38;2;230;194;148m[48;2;246;218;180m▀[0m[38;2;246;221;180m[48;2;246;218;180m▀[0m[38;2;238;210;172m[48;2;230;194;148m▀[0m[38;2;238;210;172m[48;2;230;194;148m▀[0m[38;2;238;198;148m[48;2;246;218;180m▀[0m[38;2;238;198;148m[48;2;246;218;180m▀[0m[38;2;0;0;0m[48;2;246;218;180m▀[0m[38;2;0;0;0m▄    
       [38;2;0;0;0m▀[38;2;0;0;0m▀[38;2;0;0;0m▀[38;2;246;218;180m[48;2;0;0;0m▀[0m[38;2;246;221;180m[48;2;0;0;0m▀[0m[38;2;246;221;180m[48;2;0;0;0m▀[0m[38;2;0;0;0m▀[38;2;0;0;0m▀[38;2;246;221;180m[48;2;0;0;0m▀[0m[38;2;246;221;180m[48;2;0;0;0m▀[0m[38;2;246;218;180m[48;2;0;0;0m▀[0m[38;2;0;0;0m▀[38;2;0;0;0m▀     
[0m