        [38;2;0;0;0m[48;2;0;0;0m▀[0m[38;2;0;0;0m[48;2;246;202;230m▀[0m[38;2;0;0;0m[48;2;246;202;230m▀[0m[38;2;0;0;0m[48;2;246;202;230m▀[0m[38;2;0;0;0m[48;2;246;202;230m▀[0m[38;2;0;0;0m▄[38;2;0;0;0m▄        
         [38;2;0;0;0m▀[38;2;235;153;186m[48;2;8;0;0m▀[0m[38;2;246;202;230m[48;2;255;170;213m▀[0m[38;2;246;202;230m[48;2;246;202;230m▀[0m[38;2;246;202;230m[48;2;246;202;230m▀[0m[38;2;246;202;230m[48;2;249;201;227m▀[0m[38;2;0;0;0m[48;2;249;201;227m▀[0m[38;2;0;0;0m▄      
    [38;2;0;0;0m▄[38;2;0;0;0m▄ [38;2;0;0;0m▄[38;2;0;0;0m[48;2;246;202;230m▀[0m[38;2;0;0;0m[48;2;235;153;186m▀[0m[38;2;255;170;213m[48;2;205;89;148m▀[0m[38;2;172;113;142m[48;2;246;202;230m▀[0m[38;2;246;202;230m[48;2;255;202;230m▀[0m[38;2;235;153;186m[48;2;205;93;148m▀[0m[38;2;249;201;227m[48;2;249;201;227m▀[0m[38;2;249;201;227m[48;2;249;201;227m▀[0m[38;2;246;202;230m[48;2;246;186;213m▀[0m[38;2;0;0;0m[48;2;0;0;0m▀[0m     
   [38;2;0;0;0m[48;2;0;0;0m▀[0m[38;2;246;89;90m[48;2;156;56;57m▀[0m[38;2;164;59;60m[48;2;246;89;90m▀[0m[38;2;0;0;0m[48;2;156;56;57m▀[0m[38;2;246;202;230m[48;2;246;202;230m▀[0m[38;2;235;153;186m[48;2;246;202;230m▀[0m[38;2;246;202;230m[48;2;246;202;230m▀[0m[38;2;246;202;230m[48;2;246;202;230m▀[0m[38;2;246;202;230m[48;2;235;153;186m▀[0m[38;2;230;147;189m[48;2;205;89;148m▀[0m[38;2;205;93;148m[48;2;246;202;230m▀[0m[38;2;249;201;227m[48;2;246;202;230m▀[0m[38;2;249;201;227m[48;2;246;202;230m▀[0m[38;2;246;186;213m[48;2;238;149;189m▀[0m[38;2;246;186;213m[48;2;238;149;189m▀[0m[38;2;0;0;0m[48;2;164;59;60m▀[0m[38;2;0;0;0m▄   
  [38;2;0;0;0m[48;2;8;0;0m▀[0m[38;2;156;56;57m[48;2;255;190;230m▀[0m[38;2;246;89;90m[48;2;156;56;57m▀[0m[38;2;246;89;90m[48;2;156;56;57m▀[0m[38;2;156;56;57m[48;2;180;72;123m▀[0m[38;2;246;202;230m[48;2;255;198;222m▀[0m[38;2;246;202;230m[48;2;249;201;227m▀[0m[38;2;235;153;186m[48;2;249;201;227m▀[0m[38;2;235;153;186m[48;2;249;201;227m▀[0m[38;2;235;153;186m[48;2;249;201;227m▀[0m[38;2;246;202;230m[48;2;255;198;230m▀[0m[38;2;246;202;230m[48;2;255;198;230m▀[0m[38;2;246;202;230m[48;2;180;60;115m▀[0m[38;2;180;72;123m[48;2;246;198;230m▀[0m[38;2;183;82;106m[48;2;156;56;57m▀[0m[38;2;156;48;65m[48;2;246;89;90m▀[0m[38;2;246;89;90m[48;2;156;56;57m▀[0m[38;2;246;89;90m[48;2;246;89;90m▀[0m[38;2;0;0;0m[48;2;0;0;0m▀[0m  
 [38;2;0;0;0m[48;2;0;0;0m▀[0m[38;2;255;190;230m[48;2;246;202;230m▀[0m[38;2;172;126;153m[48;2;246;202;230m▀[0m[38;2;255;202;238m[48;2;200;97;145m▀[0m[38;2;222;153;178m[48;2;238;153;189m▀[0m[38;2;180;72;123m[48;2;180;72;123m▀[0m[38;2;230;156;189m[48;2;238;153;189m▀[0m[38;2;249;201;227m[48;2;238;153;189m▀[0m[38;2;249;201;227m[48;2;238;153;189m▀[0m[38;2;249;201;227m[48;2;235;153;186m▀[0m[38;2;249;201;227m[48;2;235;153;186m▀[0m[38;2;230;156;194m[48;2;246;133;180m▀[0m[38;2;180;72;123m[48;2;164;91;123m▀[0m[38;2;202;106;153m[48;2;205;89;148m▀[0m[38;2;246;198;230m[48;2;246;202;230m▀[0m[38;2;156;56;57m[48;2;172;52;49m▀[0m[38;2;156;56;57m[48;2;200;101;106m▀[0m[38;2;246;89;90m[48;2;246;89;90m▀[0m[38;2;156;56;57m[48;2;246;89;90m▀[0m[38;2;156;56;57m[48;2;106;49;65m▀[0m[38;2;0;0;0m[48;2;32;0;0m▀[0m 
 [38;2;0;0;0m▀[38;2;235;153;186m[48;2;0;8;0m▀[0m[38;2;235;153;186m[48;2;230;153;189m▀[0m[38;2;238;153;189m[48;2;238;153;189m▀[0m[38;2;180;68;123m[48;2;65;64;65m▀[0m[38;2;238;153;189m[48;2;213;139;156m▀[0m[38;2;180;72;123m[48;2;255;238;255m▀[0m[38;2;238;153;189m[48;2;180;72;123m▀[0m[38;2;180;72;123m[48;2;238;153;189m▀[0m[38;2;235;153;186m[48;2;180;72;123m▀[0m[38;2;235;153;186m[48;2;180;72;123m▀[0m[38;2;164;91;123m[48;2;255;145;172m▀[0m[38;2;82;48;65m[48;2;82;56;49m▀[0m[38;2;246;202;230m[48;2;238;170;197m▀[0m[38;2;205;89;148m[48;2;238;170;197m▀[0m[38;2;255;198;222m[48;2;255;198;222m▀[0m[38;2;172;52;49m[48;2;230;156;189m▀[0m[38;2;156;56;57m[48;2;238;149;189m▀[0m[38;2;156;56;57m[48;2;200;98;145m▀[0m[38;2;255;149;197m[48;2;161;97;126m▀[0m[38;2;180;99;131m[48;2;238;145;189m▀[0m[38;2;0;0;0m[48;2;0;0;0m▀[0m
[38;2;8;0;0m▄[38;2;0;0;0m[48;2;255;145;197m▀[0m[38;2;230;153;189m[48;2;205;89;148m▀[0m[38;2;76;56;63m[48;2;246;202;230m▀[0m[38;2;65;64;65m[48;2;255;194;230m▀[0m[38;2;65;64;65m[48;2;90;52;65m▀[0m[38;2;213;139;156m[48;2;255;153;180m▀[0m[38;2;172;40;57m[48;2;197;121;137m▀[0m[38;2;238;153;189m[48;2;249;201;227m▀[0m[38;2;238;153;189m[48;2;249;201;227m▀[0m[38;2;217;161;189m[48;2;246;202;230m▀[0m[38;2;255;250;255m[48;2;246;89;90m▀[0m[38;2;197;116;131m[48;2;172;52;57m▀[0m[38;2;255;145;172m[48;2;246;149;189m▀[0m[38;2;65;64;65m[48;2;145;98;120m▀[0m[38;2;238;170;197m[48;2;90;48;65m▀[0m[38;2;230;156;189m[48;2;65;64;65m▀[0m[38;2;180;72;123m[48;2;238;153;189m▀[0m[38;2;180;72;123m[48;2;238;153;189m▀[0m[38;2;180;72;123m[48;2;238;153;189m▀[0m[38;2;238;145;189m[48;2;0;0;0m▀[0m[38;2;8;0;0m▀ 
[38;2;8;0;0m[48;2;0;0;0m▀[0m[38;2;172;97;131m[48;2;205;89;148m▀[0m[38;2;246;202;230m[48;2;233;153;186m▀[0m[38;2;246;202;230m[48;2;233;153;186m▀[0m[38;2;200;147;175m[48;2;205;95;145m▀[0m[38;2;145;99;120m[48;2;189;68;123m▀[0m[38;2;82;56;49m[48;2;238;145;189m▀[0m[38;2;255;153;180m[48;2;74;52;65m▀[0m[38;2;249;201;227m[48;2;246;202;230m▀[0m[38;2;249;201;227m[48;2;98;64;65m▀[0m[38;2;246;202;230m[48;2;246;202;230m▀[0m[38;2;246;89;90m[48;2;246;202;230m▀[0m[38;2;197;84;101m[48;2;246;202;230m▀[0m[38;2;197;84;101m[48;2;180;72;123m▀[0m[38;2;255;198;230m[48;2;246;202;230m▀[0m[38;2;255;198;230m[48;2;246;202;230m▀[0m[38;2;238;153;189m[48;2;246;202;230m▀[0m[38;2;65;64;65m[48;2;235;153;186m▀[0m[38;2;65;64;65m[48;2;233;153;186m▀[0m[38;2;65;64;65m[48;2;233;153;186m▀[0m[38;2;180;72;123m[48;2;180;72;123m▀[0m[38;2;0;0;0m[48;2;0;0;0m▀[0m 
 [38;2;0;0;0m▀[38;2;233;153;186m[48;2;0;0;0m▀[0m[38;2;205;89;148m[48;2;238;153;189m▀[0m[38;2;205;95;145m[48;2;238;153;189m▀[0m[38;2;238;149;189m[48;2;238;153;189m▀[0m[38;2;238;145;189m[48;2;0;0;0m▀[0m[38;2;156;99;127m[48;2;65;66;65m▀[0m[38;2;98;64;65m[48;2;246;202;230m▀[0m[38;2;98;64;65m[48;2;246;202;230m▀[0m[38;2;65;64;65m[48;2;246;202;230m▀[0m[38;2;65;64;65m[48;2;246;202;230m▀[0m[38;2;180;72;123m[48;2;238;145;189m▀[0m[38;2;246;202;230m[48;2;156;99;127m▀[0m[38;2;246;202;230m[48;2;246;202;230m▀[0m[38;2;235;153;186m[48;2;246;202;230m▀[0m[38;2;246;202;230m[48;2;233;149;189m▀[0m[38;2;246;202;230m[48;2;211;93;148m▀[0m[38;2;233;153;186m[48;2;205;89;148m▀[0m[38;2;205;89;148m[48;2;205;89;148m▀[0m[38;2;180;72;123m[48;2;238;153;189m▀[0m[38;2;0;0;0m[48;2;0;0;0m▀[0m 
   [38;2;0;0;0m▀[38;2;0;0;0m▀[38;2;0;0;0m▀[38;2;0;8;0m▄[38;2;0;0;0m[48;2;230;153;189m▀[0m[38;2;180;72;123m[48;2;90;48;65m▀[0m[38;2;246;202;230m[48;2;145;98;120m▀[0m[38;2;246;202;230m[48;2;180;72;123m▀[0m[38;2;235;153;186m[48;2;180;72;123m▀[0m[38;2;238;145;189m[48;2;65;64;65m▀[0m[38;2;74;52;65m[48;2;238;153;189m▀[0m[38;2;235;153;186m[48;2;74;64;65m▀[0m[38;2;246;202;230m[48;2;194;153;175m▀[0m[38;2;255;206;230m[48;2;205;89;148m▀[0m[38;2;233;149;189m[48;2;205;89;148m▀[0m[38;2;233;153;186m[48;2;205;89;148m▀[0m[38;2;233;153;186m[48;2;0;0;0m▀[0m[38;2;0;0;0m▀  
     [38;2;0;0;0m[48;2;0;0;0m▀[0m[38;2;230;153;189m[48;2;82;67;76m▀[0m[38;2;76;56;63m[48;2;246;202;230m▀[0m[38;2;255;198;230m[48;2;246;202;230m▀[0m[38;2;255;198;230m[48;2;205;89;148m▀[0m[38;2;255;198;222m[48;2;235;153;186m▀[0m[38;2;230;156;189m[48;2;246;202;230m▀[0m[38;2;238;153;189m[48;2;238;145;189m▀[0m[38;2;65;64;65m[48;2;74;52;65m▀[0m[38;2;255;198;230m[48;2;246;202;230m▀[0m[38;2;74;64;65m[48;2;246;202;230m▀[0m[38;2;65;64;65m[48;2;246;202;230m▀[0m[38;2;65;64;65m[48;2;0;0;0m▀[0m[38;2;0;0;0m▀    
     [38;2;0;0;0m▄[38;2;0;0;0m[48;2;205;93;148m▀[0m[38;2;246;202;230m[48;2;255;202;230m▀[0m[38;2;205;89;148m[48;2;205;89;148m▀[0m[38;2;205;89;148m[48;2;246;202;230m▀[0m[38;2;246;202;230m[48;2;255;206;230m▀[0m[38;2;246;202;230m[48;2;233;149;189m▀[0m[38;2;238;145;189m[48;2;205;89;148m▀[0m[38;2;156;99;127m[48;2;205;89;148m▀[0m[38;2;65;64;65m[48;2;238;145;189m▀[0m[38;2;246;202;230m[48;2;74;56;65m▀[0m[38;2;0;0;0m[48;2;197;85;139m▀[0m[38;2;0;0;0m▄     
    [38;2;0;0;0m▀[38;2;238;153;189m[48;2;0;0;0m▀[0m[38;2;230;147;189m[48;2;238;153;189m▀[0m[38;2;205;93;148m[48;2;238;153;189m▀[0m[38;2;246;202;230m[48;2;238;153;189m▀[0m[38;2;246;202;230m[48;2;238;153;189m▀[0m[38;2;233;149;189m[48;2;205;89;148m▀[0m[38;2;211;93;148m[48;2;205;89;148m▀[0m[38;2;205;89;148m[48;2;238;153;189m▀[0m[38;2;233;153;186m[48;2;238;153;189m▀[0m[38;2;238;145;189m[48;2;205;89;148m▀[0m[38;2;183;116;148m[48;2;205;89;148m▀[0m[38;2;197;85;139m[48;2;238;153;189m▀[0m[38;2;197;85;139m[48;2;238;153;189m▀[0m[38;2;0;0;0m[48;2;238;153;189m▀[0m[38;2;0;0;0m▄   
      [38;2;0;0;0m▀[38;2;0;0;0m▀[38;2;0;0;0m▀[38;2;238;153;189m[48;2;0;0;0m▀[0m[38;2;233;153;186m[48;2;0;0;0m▀[0m[38;2;233;153;186m[48;2;0;0;0m▀[0m[38;2;0;0;0m▀[38;2;0;0;0m▀[38;2;233;153;186m[48;2;0;0;0m▀[0m[38;2;233;153;186m[48;2;0;0;0m▀[0m[38;2;238;153;189m[48;2;0;0;0m▀[0m[38;2;0;0;0m▀[38;2;0;0;0m▀    
[0m