           [38;2;0;0;0m▄[38;2;0;0;0m▄[38;2;0;0;0m[48;2;255;255;255m▀[0m[38;2;0;0;0m[48;2;255;255;255m▀[0m[38;2;0;0;0m[48;2;0;0;0m▀[0m            
  [38;2;0;0;0m▄      [38;2;0;0;0m▄[38;2;0;0;0m[48;2;255;255;255m▀[0m[38;2;255;255;255m[48;2;255;255;255m▀[0m[38;2;255;255;255m[48;2;255;255;255m▀[0m[38;2;255;255;255m[48;2;115;115;99m▀[0m[38;2;0;0;0m[48;2;0;0;0m▀[0m             
 [38;2;0;0;0m[48;2;0;0;0m▀[0m[38;2;189;189;189m[48;2;189;189;189m▀[0m[38;2;0;0;0m[48;2;189;189;189m▀[0m[38;2;0;0;0m▄[38;2;0;0;0m▄[38;2;0;0;0m▄[38;2;0;0;0m[48;2;255;255;255m▀[0m[38;2;0;0;0m[48;2;255;255;255m▀[0m[38;2;255;255;255m[48;2;65;65;65m▀[0m[38;2;65;65;65m[48;2;255;255;255m▀[0m[38;2;255;255;255m[48;2;0;0;0m▀[0m[38;2;255;255;255m[48;2;189;189;189m▀[0m[38;2;65;65;65m[48;2;65;65;65m▀[0m[38;2;0;0;0m[48;2;0;0;0m▀[0m             
 [38;2;0;0;0m▀[38;2;189;189;189m[48;2;65;65;65m▀[0m[38;2;115;115;99m[48;2;255;255;255m▀[0m[38;2;255;255;255m[48;2;255;255;255m▀[0m[38;2;255;255;255m[48;2;255;255;255m▀[0m[38;2;255;255;255m[48;2;255;255;255m▀[0m[38;2;255;255;255m[48;2;255;255;255m▀[0m[38;2;65;65;65m[48;2;65;65;65m▀[0m[38;2;255;255;255m[48;2;255;255;255m▀[0m[38;2;255;255;255m[48;2;255;255;255m▀[0m[38;2;0;0;0m[48;2;0;0;0m▀[0m[38;2;65;65;65m[48;2;65;65;65m▀[0m[38;2;0;0;0m[48;2;0;0;0m▀[0m         [38;2;0;0;0m▄[38;2;0;0;0m▄[38;2;0;0;0m[48;2;255;255;255m▀[0m[38;2;0;0;0m[48;2;255;255;255m▀[0m[38;2;0;0;0m▄
 [38;2;0;0;0m[48;2;0;0;0m▀[0m[38;2;0;0;0m[48;2;255;255;255m▀[0m[38;2;255;255;255m[48;2;255;255;255m▀[0m[38;2;255;255;255m[48;2;255;255;255m▀[0m[38;2;255;255;255m[48;2;255;255;255m▀[0m[38;2;255;255;255m[48;2;255;255;255m▀[0m[38;2;65;65;65m[48;2;255;255;255m▀[0m[38;2;255;255;255m[48;2;255;255;255m▀[0m[38;2;255;255;255m[48;2;255;255;255m▀[0m[38;2;255;255;255m[48;2;255;255;255m▀[0m[38;2;0;0;0m[48;2;0;0;0m▀[0m[38;2;0;0;0m▀ [38;2;0;0;0m▄[38;2;0;0;0m[48;2;64;149;222m▀[0m[38;2;0;0;0m[48;2;255;255;255m▀[0m[38;2;0;0;0m▄[38;2;0;0;0m▄[38;2;0;0;0m[48;2;255;255;255m▀[0m[38;2;0;0;0m[48;2;0;0;0m▀[0m[38;2;65;65;65m▄[38;2;0;0;0m[48;2;255;255;255m▀[0m[38;2;255;255;255m[48;2;255;255;255m▀[0m[38;2;255;255;255m[48;2;189;189;189m▀[0m[38;2;255;255;255m[48;2;0;0;0m▀[0m[38;2;0;0;0m▀ 
[38;2;0;0;0m[48;2;0;0;0m▀[0m[38;2;22;107;180m[48;2;64;149;222m▀[0m[38;2;255;255;255m[48;2;22;107;180m▀[0m[38;2;255;255;255m[48;2;255;255;255m▀[0m[38;2;255;255;255m[48;2;255;255;255m▀[0m[38;2;255;255;255m[48;2;255;255;255m▀[0m[38;2;255;255;255m[48;2;255;255;255m▀[0m[38;2;255;255;255m[48;2;93;200;255m▀[0m[38;2;255;255;255m[48;2;65;65;65m▀[0m[38;2;255;255;255m[48;2;255;255;255m▀[0m[38;2;255;255;255m[48;2;255;255;255m▀[0m[38;2;0;0;0m[48;2;65;65;65m▀[0m[38;2;0;0;0m▄[38;2;0;0;0m▄ [38;2;0;0;0m▀[38;2;22;107;180m[48;2;0;0;0m▀[0m[38;2;255;255;255m[48;2;93;200;255m▀[0m[38;2;64;149;222m[48;2;64;149;222m▀[0m[38;2;22;107;180m[48;2;65;65;65m▀[0m[38;2;65;65;65m[48;2;189;189;189m▀[0m[38;2;255;255;255m[48;2;189;189;189m▀[0m[38;2;255;255;255m[48;2;189;189;189m▀[0m[38;2;189;189;189m[48;2;65;65;65m▀[0m[38;2;65;65;65m[48;2;0;0;0m▀[0m[38;2;0;0;0m▀  
[38;2;0;0;0m[48;2;0;0;0m▀[0m[38;2;64;149;222m[48;2;64;149;222m▀[0m[38;2;22;107;180m[48;2;22;107;180m▀[0m[38;2;255;255;255m[48;2;255;255;255m▀[0m[38;2;255;255;255m[48;2;115;115;99m▀[0m[38;2;189;189;189m[48;2;65;65;65m▀[0m[38;2;214;99;66m[48;2;0;0;0m▀[0m[38;2;93;200;255m[48;2;0;0;0m▀[0m[38;2;65;65;65m[48;2;93;200;255m▀[0m[38;2;255;255;255m[48;2;189;189;189m▀[0m[38;2;65;65;65m[48;2;65;65;65m▀[0m[38;2;65;65;65m[48;2;189;189;189m▀[0m[38;2;9;94;167m[48;2;65;65;65m▀[0m[38;2;22;107;180m[48;2;65;65;65m▀[0m[38;2;0;0;0m[48;2;64;149;222m▀[0m[38;2;0;0;0m[48;2;64;149;222m▀[0m[38;2;64;149;222m[48;2;22;107;180m▀[0m[38;2;64;149;222m[48;2;65;65;65m▀[0m[38;2;64;149;222m[48;2;64;149;222m▀[0m[38;2;65;65;65m[48;2;22;107;180m▀[0m[38;2;189;189;189m[48;2;65;65;65m▀[0m[38;2;189;189;189m[48;2;65;65;65m▀[0m[38;2;65;65;65m[48;2;65;65;65m▀[0m[38;2;65;65;65m[48;2;0;0;0m▀[0m[38;2;0;0;0m▀   
 [38;2;0;0;0m▀[38;2;0;0;0m▀[38;2;0;0;0m▀[38;2;65;65;65m[48;2;0;0;0m▀[0m[38;2;0;0;0m[48;2;189;189;189m▀[0m[38;2;0;0;0m[48;2;255;255;255m▀[0m[38;2;65;65;65m[48;2;255;255;255m▀[0m[38;2;189;189;189m[48;2;65;65;65m▀[0m[38;2;189;189;189m[48;2;65;65;65m▀[0m[38;2;65;65;65m[48;2;189;189;189m▀[0m[38;2;255;255;255m[48;2;255;255;255m▀[0m[38;2;255;255;255m[48;2;255;255;255m▀[0m[38;2;9;94;167m[48;2;255;255;255m▀[0m[38;2;65;65;65m[48;2;65;65;65m▀[0m[38;2;22;107;180m[48;2;64;149;222m▀[0m[38;2;65;65;65m[48;2;65;65;65m▀[0m[38;2;189;189;189m[48;2;189;189;189m▀[0m[38;2;65;65;65m[48;2;65;65;65m▀[0m[38;2;64;149;222m[48;2;255;255;255m▀[0m[38;2;65;65;65m[48;2;65;65;65m▀[0m[38;2;189;189;189m[48;2;189;189;189m▀[0m[38;2;0;0;0m[48;2;65;65;65m▀[0m[38;2;0;0;0m▄    
     [38;2;0;0;0m▀[38;2;0;0;0m[48;2;0;0;0m▀[0m[38;2;65;65;65m[48;2;189;189;189m▀[0m[38;2;0;0;0m[48;2;255;255;255m▀[0m[38;2;189;189;189m[48;2;189;189;189m▀[0m[38;2;255;255;255m[48;2;255;255;255m▀[0m[38;2;255;255;255m[48;2;255;255;255m▀[0m[38;2;255;255;255m[48;2;115;115;99m▀[0m[38;2;115;115;99m[48;2;64;149;222m▀[0m[38;2;22;107;180m[48;2;64;149;222m▀[0m[38;2;64;149;222m[48;2;65;65;65m▀[0m[38;2;64;149;222m[48;2;64;149;222m▀[0m[38;2;65;65;65m[48;2;65;65;65m▀[0m[38;2;22;107;180m[48;2;64;149;222m▀[0m[38;2;64;149;222m[48;2;22;107;180m▀[0m[38;2;65;65;65m[48;2;65;65;65m▀[0m[38;2;189;189;189m[48;2;115;115;99m▀[0m[38;2;189;189;189m[48;2;189;189;189m▀[0m[38;2;189;189;189m[48;2;0;0;0m▀[0m[38;2;0;0;0m▀   
    [38;2;0;0;0m▄[38;2;0;0;0m[48;2;189;189;189m▀[0m[38;2;189;189;189m[48;2;65;65;65m▀[0m[38;2;65;65;65m[48;2;64;100;135m▀[0m[38;2;189;189;189m[48;2;64;100;135m▀[0m[38;2;64;100;135m[48;2;65;65;65m▀[0m[38;2;255;255;255m[48;2;255;255;255m▀[0m[38;2;255;255;255m[48;2;255;255;255m▀[0m[38;2;189;189;189m[48;2;255;255;255m▀[0m[38;2;65;65;65m[48;2;189;189;189m▀[0m[38;2;65;65;65m[48;2;0;0;0m▀[0m[38;2;64;100;135m[48;2;9;94;167m▀[0m[38;2;22;107;180m[48;2;0;0;0m▀[0m[38;2;22;107;180m[48;2;93;200;255m▀[0m[38;2;64;149;222m[48;2;64;149;222m▀[0m[38;2;65;65;65m[48;2;65;65;65m▀[0m[38;2;189;189;189m[48;2;189;189;189m▀[0m[38;2;189;189;189m[48;2;9;94;167m▀[0m[38;2;0;0;0m[48;2;189;189;189m▀[0m[38;2;0;0;0m▄    
    [38;2;0;0;0m▀[38;2;64;100;135m[48;2;0;0;0m▀[0m[38;2;65;65;65m[48;2;22;107;180m▀[0m[38;2;64;100;135m[48;2;65;65;65m▀[0m[38;2;64;100;135m[48;2;65;65;65m▀[0m[38;2;65;65;65m[48;2;255;255;255m▀[0m[38;2;189;189;189m[48;2;115;115;99m▀[0m[38;2;255;255;255m[48;2;115;115;99m▀[0m[38;2;65;65;65m[48;2;255;255;255m▀[0m[38;2;0;0;0m[48;2;0;0;0m▀[0m [38;2;0;0;0m▀[38;2;65;65;65m[48;2;0;0;0m▀[0m[38;2;61;180;240m[48;2;64;149;222m▀[0m[38;2;64;149;222m[48;2;0;0;0m▀[0m[38;2;22;107;180m[48;2;64;149;222m▀[0m[38;2;65;65;65m[48;2;65;65;65m▀[0m[38;2;22;107;180m[48;2;0;0;0m▀[0m[38;2;9;94;167m[48;2;22;107;180m▀[0m[38;2;0;0;0m[48;2;0;0;0m▀[0m    
     [38;2;0;0;0m▀[38;2;22;107;180m[48;2;0;0;0m▀[0m[38;2;0;0;0m▀[38;2;0;0;0m[48;2;0;0;0m▀[0m[38;2;22;107;180m[48;2;64;149;222m▀[0m[38;2;255;255;255m[48;2;22;107;180m▀[0m[38;2;189;189;189m[48;2;189;189;189m▀[0m[38;2;0;0;0m[48;2;0;0;0m▀[0m    [38;2;0;0;0m▀ [38;2;0;0;0m▀[38;2;0;0;0m▀ [38;2;0;0;0m▀[38;2;0;0;0m▀    
         [38;2;0;0;0m[48;2;0;0;0m▀[0m[38;2;64;149;222m[48;2;64;149;222m▀[0m[38;2;0;0;0m[48;2;0;0;0m▀[0m                
          [38;2;0;0;0m▀                 
[0m