           [38;2;0;0;0m▄[38;2;0;0;0m▄[38;2;0;0;0m[48;2;255;255;255m▀[0m[38;2;0;0;0m[48;2;255;255;255m▀[0m[38;2;0;0;0m[48;2;0;0;0m▀[0m            
  [38;2;0;0;0m▄      [38;2;0;0;0m▄[38;2;0;0;0m[48;2;255;255;255m▀[0m[38;2;255;255;255m[48;2;255;255;255m▀[0m[38;2;255;255;255m[48;2;255;255;255m▀[0m[38;2;255;255;255m[48;2;115;115;99m▀[0m[38;2;0;0;0m[48;2;0;0;0m▀[0m             
 [38;2;0;0;0m[48;2;0;0;0m▀[0m[38;2;189;189;189m[48;2;189;189;189m▀[0m[38;2;0;0;0m[48;2;189;189;189m▀[0m[38;2;0;0;0m▄[38;2;0;0;0m▄[38;2;0;0;0m▄[38;2;0;0;0m[48;2;255;255;255m▀[0m[38;2;0;0;0m[48;2;255;255;255m▀[0m[38;2;255;255;255m[48;2;65;65;65m▀[0m[38;2;65;65;65m[48;2;255;255;255m▀[0m[38;2;255;255;255m[48;2;0;0;0m▀[0m[38;2;255;255;255m[48;2;189;189;189m▀[0m[38;2;65;65;65m[48;2;65;65;65m▀[0m[38;2;0;0;0m[48;2;0;0;0m▀[0m             
 [38;2;0;0;0m▀[38;2;189;189;189m[48;2;65;65;65m▀[0m[38;2;115;115;99m[48;2;255;255;255m▀[0m[38;2;255;255;255m[48;2;255;255;255m▀[0m[38;2;255;255;255m[48;2;255;255;255m▀[0m[38;2;255;255;255m[48;2;255;255;255m▀[0m[38;2;255;255;255m[48;2;255;255;255m▀[0m[38;2;65;65;65m[48;2;65;65;65m▀[0m[38;2;255;255;255m[48;2;255;255;255m▀[0m[38;2;255;255;255m[48;2;255;255;255m▀[0m[38;2;0;0;0m[48;2;0;0;0m▀[0m[38;2;65;65;65m[48;2;65;65;65m▀[0m[38;2;0;0;0m[48;2;0;0;0m▀[0m         [38;2;0;0;0m▄[38;2;0;0;0m▄[38;2;0;0;0m[48;2;255;255;255m▀[0m[38;2;0;0;0m[48;2;255;255;255m▀[0m[38;2;0;0;0m▄
 [38;2;0;0;0m[48;2;0;0;0m▀[0m[38;2;0;0;0m[48;2;255;255;255m▀[0m[38;2;255;255;255m[48;2;255;255;255m▀[0m[38;2;255;255;255m[48;2;255;255;255m▀[0m[38;2;255;255;255m[48;2;255;255;255m▀[0m[38;2;255;255;255m[48;2;255;255;255m▀[0m[38;2;65;65;65m[48;2;255;255;255m▀[0m[38;2;255;255;255m[48;2;255;255;255m▀[0m[38;2;255;255;255m[48;2;255;255;255m▀[0m[38;2;255;255;255m[48;2;255;255;255m▀[0m[38;2;0;0;0m[48;2;0;0;0m▀[0m[38;2;0;0;0m▀ [38;2;0;0;0m▄[38;2;0;0;0m[48;2;247;209;46m▀[0m[38;2;0;0;0m[48;2;255;255;255m▀[0m[38;2;0;0;0m▄[38;2;0;0;0m▄[38;2;0;0;0m[48;2;255;255;255m▀[0m[38;2;0;0;0m[48;2;0;0;0m▀[0m[38;2;65;65;65m▄[38;2;0;0;0m[48;2;255;255;255m▀[0m[38;2;255;255;255m[48;2;255;255;255m▀[0m[38;2;255;255;255m[48;2;189;189;189m▀[0m[38;2;255;255;255m[48;2;0;0;0m▀[0m[38;2;0;0;0m▀ 
[38;2;0;0;0m[48;2;0;0;0m▀[0m[38;2;213;175;12m[48;2;247;209;46m▀[0m[38;2;255;255;255m[48;2;213;175;12m▀[0m[38;2;255;255;255m[48;2;255;255;255m▀[0m[38;2;255;255;255m[48;2;255;255;255m▀[0m[38;2;255;255;255m[48;2;255;255;255m▀[0m[38;2;255;255;255m[48;2;255;255;255m▀[0m[38;2;255;255;255m[48;2;255;183;136m▀[0m[38;2;255;255;255m[48;2;65;65;65m▀[0m[38;2;255;255;255m[48;2;255;255;255m▀[0m[38;2;255;255;255m[48;2;255;255;255m▀[0m[38;2;0;0;0m[48;2;65;65;65m▀[0m[38;2;0;0;0m▄[38;2;0;0;0m▄ [38;2;0;0;0m▀[38;2;213;175;12m[48;2;0;0;0m▀[0m[38;2;255;255;255m[48;2;255;183;136m▀[0m[38;2;247;209;46m[48;2;247;209;46m▀[0m[38;2;213;175;12m[48;2;65;65;65m▀[0m[38;2;65;65;65m[48;2;189;189;189m▀[0m[38;2;255;255;255m[48;2;189;189;189m▀[0m[38;2;255;255;255m[48;2;189;189;189m▀[0m[38;2;189;189;189m[48;2;65;65;65m▀[0m[38;2;65;65;65m[48;2;0;0;0m▀[0m[38;2;0;0;0m▀  
[38;2;0;0;0m[48;2;0;0;0m▀[0m[38;2;247;209;46m[48;2;247;209;46m▀[0m[38;2;213;175;12m[48;2;213;175;12m▀[0m[38;2;255;255;255m[48;2;255;255;255m▀[0m[38;2;255;255;255m[48;2;115;115;99m▀[0m[38;2;189;189;189m[48;2;65;65;65m▀[0m[38;2;214;99;66m[48;2;0;0;0m▀[0m[38;2;255;183;136m[48;2;0;0;0m▀[0m[38;2;65;65;65m[48;2;255;183;136m▀[0m[38;2;255;255;255m[48;2;189;189;189m▀[0m[38;2;65;65;65m[48;2;65;65;65m▀[0m[38;2;65;65;65m[48;2;189;189;189m▀[0m[38;2;180;146;1m[48;2;65;65;65m▀[0m[38;2;213;175;12m[48;2;65;65;65m▀[0m[38;2;0;0;0m[48;2;247;209;46m▀[0m[38;2;0;0;0m[48;2;247;209;46m▀[0m[38;2;247;209;46m[48;2;213;175;12m▀[0m[38;2;247;209;46m[48;2;65;65;65m▀[0m[38;2;247;209;46m[48;2;247;209;46m▀[0m[38;2;65;65;65m[48;2;213;175;12m▀[0m[38;2;189;189;189m[48;2;65;65;65m▀[0m[38;2;189;189;189m[48;2;65;65;65m▀[0m[38;2;65;65;65m[48;2;65;65;65m▀[0m[38;2;65;65;65m[48;2;0;0;0m▀[0m[38;2;0;0;0m▀   
 [38;2;0;0;0m▀[38;2;0;0;0m▀[38;2;0;0;0m▀[38;2;65;65;65m[48;2;0;0;0m▀[0m[38;2;0;0;0m[48;2;189;189;189m▀[0m[38;2;0;0;0m[48;2;255;255;255m▀[0m[38;2;65;65;65m[48;2;255;255;255m▀[0m[38;2;189;189;189m[48;2;65;65;65m▀[0m[38;2;189;189;189m[48;2;65;65;65m▀[0m[38;2;65;65;65m[48;2;189;189;189m▀[0m[38;2;255;255;255m[48;2;255;255;255m▀[0m[38;2;255;255;255m[48;2;255;255;255m▀[0m[38;2;180;146;1m[48;2;255;255;255m▀[0m[38;2;65;65;65m[48;2;65;65;65m▀[0m[38;2;213;175;12m[48;2;247;209;46m▀[0m[38;2;65;65;65m[48;2;65;65;65m▀[0m[38;2;189;189;189m[48;2;189;189;189m▀[0m[38;2;65;65;65m[48;2;65;65;65m▀[0m[38;2;247;209;46m[48;2;255;255;255m▀[0m[38;2;65;65;65m[48;2;65;65;65m▀[0m[38;2;189;189;189m[48;2;189;189;189m▀[0m[38;2;0;0;0m[48;2;65;65;65m▀[0m[38;2;0;0;0m▄    
     [38;2;0;0;0m▀[38;2;0;0;0m[48;2;0;0;0m▀[0m[38;2;65;65;65m[48;2;189;189;189m▀[0m[38;2;0;0;0m[48;2;255;255;255m▀[0m[38;2;189;189;189m[48;2;189;189;189m▀[0m[38;2;255;255;255m[48;2;255;255;255m▀[0m[38;2;255;255;255m[48;2;255;255;255m▀[0m[38;2;255;255;255m[48;2;115;115;99m▀[0m[38;2;115;115;99m[48;2;247;209;46m▀[0m[38;2;213;175;12m[48;2;247;209;46m▀[0m[38;2;247;209;46m[48;2;65;65;65m▀[0m[38;2;247;209;46m[48;2;247;209;46m▀[0m[38;2;65;65;65m[48;2;65;65;65m▀[0m[38;2;213;175;12m[48;2;247;209;46m▀[0m[38;2;247;209;46m[48;2;213;175;12m▀[0m[38;2;65;65;65m[48;2;65;65;65m▀[0m[38;2;189;189;189m[48;2;115;115;99m▀[0m[38;2;189;189;189m[48;2;189;189;189m▀[0m[38;2;189;189;189m[48;2;0;0;0m▀[0m[38;2;0;0;0m▀   
    [38;2;0;0;0m▄[38;2;0;0;0m[48;2;189;189;189m▀[0m[38;2;189;189;189m[48;2;65;65;65m▀[0m[38;2;65;65;65m[48;2;137;134;61m▀[0m[38;2;189;189;189m[48;2;137;134;61m▀[0m[38;2;137;134;61m[48;2;65;65;65m▀[0m[38;2;255;255;255m[48;2;255;255;255m▀[0m[38;2;255;255;255m[48;2;255;255;255m▀[0m[38;2;189;189;189m[48;2;255;255;255m▀[0m[38;2;65;65;65m[48;2;189;189;189m▀[0m[38;2;65;65;65m[48;2;0;0;0m▀[0m[38;2;137;134;61m[48;2;180;146;1m▀[0m[38;2;213;175;12m[48;2;0;0;0m▀[0m[38;2;213;175;12m[48;2;255;183;136m▀[0m[38;2;247;209;46m[48;2;247;209;46m▀[0m[38;2;65;65;65m[48;2;65;65;65m▀[0m[38;2;189;189;189m[48;2;189;189;189m▀[0m[38;2;189;189;189m[48;2;180;146;1m▀[0m[38;2;0;0;0m[48;2;189;189;189m▀[0m[38;2;0;0;0m▄    
    [38;2;0;0;0m▀[38;2;137;134;61m[48;2;0;0;0m▀[0m[38;2;65;65;65m[48;2;213;175;12m▀[0m[38;2;137;134;61m[48;2;65;65;65m▀[0m[38;2;137;134;61m[48;2;65;65;65m▀[0m[38;2;65;65;65m[48;2;255;255;255m▀[0m[38;2;189;189;189m[48;2;115;115;99m▀[0m[38;2;255;255;255m[48;2;115;115;99m▀[0m[38;2;65;65;65m[48;2;255;255;255m▀[0m[38;2;0;0;0m[48;2;0;0;0m▀[0m [38;2;0;0;0m▀[38;2;65;65;65m[48;2;0;0;0m▀[0m[38;2;238;156;103m[48;2;247;209;46m▀[0m[38;2;247;209;46m[48;2;0;0;0m▀[0m[38;2;213;175;12m[48;2;247;209;46m▀[0m[38;2;65;65;65m[48;2;65;65;65m▀[0m[38;2;213;175;12m[48;2;0;0;0m▀[0m[38;2;180;146;1m[48;2;213;175;12m▀[0m[38;2;0;0;0m[48;2;0;0;0m▀[0m    
     [38;2;0;0;0m▀[38;2;213;175;12m[48;2;0;0;0m▀[0m[38;2;0;0;0m▀[38;2;0;0;0m[48;2;0;0;0m▀[0m[38;2;213;175;12m[48;2;247;209;46m▀[0m[38;2;255;255;255m[48;2;213;175;12m▀[0m[38;2;189;189;189m[48;2;189;189;189m▀[0m[38;2;0;0;0m[48;2;0;0;0m▀[0m    [38;2;0;0;0m▀ [38;2;0;0;0m▀[38;2;0;0;0m▀ [38;2;0;0;0m▀[38;2;0;0;0m▀    
         [38;2;0;0;0m[48;2;0;0;0m▀[0m[38;2;247;209;46m[48;2;247;209;46m▀[0m[38;2;0;0;0m[48;2;0;0;0m▀[0m                
          [38;2;0;0;0m▀                 
[0m