  [38;2;0;0;0m▄[38;2;0;0;0m[48;2;205;189;106m▀[0m[38;2;0;0;0m[48;2;238;230;172m▀[0m[38;2;0;0;0m▄                
  [38;2;0;0;0m[48;2;0;0;0m▀[0m[38;2;238;230;172m[48;2;238;230;172m▀[0m[38;2;238;230;172m[48;2;197;189;180m▀[0m[38;2;0;0;0m[48;2;255;222;230m▀[0m[38;2;0;0;0m▄               
  [38;2;0;0;0m▄[38;2;0;0;0m[48;2;238;230;172m▀[0m[38;2;197;189;180m[48;2;238;230;172m▀[0m[38;2;255;222;230m[48;2;197;189;180m▀[0m[38;2;255;222;230m[48;2;255;255;255m▀[0m[38;2;0;0;0m[48;2;131;139;156m▀[0m[38;2;0;0;0m▄[38;2;0;0;0m▄[38;2;0;0;0m▄      [38;2;0;0;0m▄[38;2;0;0;0m▄[38;2;0;0;0m▄[38;2;0;0;0m▄ 
  [38;2;0;0;0m▀[38;2;238;230;172m[48;2;0;0;0m▀[0m[38;2;197;189;180m[48;2;197;189;180m▀[0m[38;2;255;255;255m[48;2;131;139;156m▀[0m[38;2;131;139;156m[48;2;255;255;255m▀[0m[38;2;255;255;255m[48;2;255;255;255m▀[0m[38;2;255;255;255m[48;2;255;255;255m▀[0m[38;2;255;255;255m[48;2;255;255;255m▀[0m[38;2;255;255;255m[48;2;255;255;255m▀[0m[38;2;0;0;0m[48;2;255;255;255m▀[0m[38;2;0;0;0m[48;2;255;255;255m▀[0m[38;2;0;0;0m▄[38;2;0;0;0m▄[38;2;0;0;0m[48;2;255;222;230m▀[0m[38;2;0;0;0m[48;2;255;222;230m▀[0m[38;2;255;222;230m[48;2;197;189;180m▀[0m[38;2;205;189;106m[48;2;238;230;172m▀[0m[38;2;238;230;172m[48;2;238;230;172m▀[0m[38;2;205;189;106m[48;2;238;230;172m▀[0m[38;2;0;0;0m[48;2;0;0;0m▀[0m
  [38;2;0;0;0m▄[38;2;0;0;0m[48;2;205;172;115m▀[0m[38;2;238;230;172m[48;2;65;65;65m▀[0m[38;2;131;139;156m[48;2;255;222;230m▀[0m[38;2;255;255;255m[48;2;197;189;180m▀[0m[38;2;255;255;255m[48;2;255;255;255m▀[0m[38;2;255;255;255m[48;2;255;255;255m▀[0m[38;2;255;255;255m[48;2;255;255;255m▀[0m[38;2;255;255;255m[48;2;255;255;255m▀[0m[38;2;255;255;255m[48;2;197;189;180m▀[0m[38;2;197;189;180m[48;2;255;255;255m▀[0m[38;2;255;255;255m[48;2;255;255;255m▀[0m[38;2;255;222;230m[48;2;255;255;255m▀[0m[38;2;255;222;230m[48;2;197;189;180m▀[0m[38;2;197;189;180m[48;2;238;230;172m▀[0m[38;2;238;230;172m[48;2;238;230;172m▀[0m[38;2;205;172;115m[48;2;238;230;172m▀[0m[38;2;205;172;115m[48;2;0;0;0m▀[0m[38;2;0;0;0m▀ 
[38;2;0;0;0m▄[38;2;0;0;0m[48;2;205;189;106m▀[0m[38;2;205;172;115m[48;2;172;123;57m▀[0m[38;2;65;65;65m[48;2;65;65;65m▀[0m[38;2;238;230;172m[48;2;238;230;172m▀[0m[38;2;222;98;131m[48;2;238;230;172m▀[0m[38;2;205;189;106m[48;2;238;230;172m▀[0m[38;2;205;189;106m[48;2;238;230;172m▀[0m[38;2;255;255;255m[48;2;205;189;106m▀[0m[38;2;205;172;115m[48;2;255;255;255m▀[0m[38;2;255;255;255m[48;2;255;197;205m▀[0m[38;2;255;255;255m[48;2;255;255;255m▀[0m[38;2;255;255;255m[48;2;255;255;255m▀[0m[38;2;255;255;255m[48;2;255;255;255m▀[0m[38;2;255;255;255m[48;2;197;189;180m▀[0m[38;2;197;189;180m[48;2;238;230;172m▀[0m[38;2;238;230;172m[48;2;238;230;172m▀[0m[38;2;205;172;115m[48;2;238;230;172m▀[0m[38;2;205;172;115m[48;2;0;0;0m▀[0m[38;2;0;0;0m▀  
[38;2;0;0;0m▀[38;2;172;123;57m[48;2;0;0;0m▀[0m[38;2;205;172;115m[48;2;172;123;57m▀[0m[38;2;65;65;65m[48;2;172;123;57m▀[0m[38;2;238;230;172m[48;2;0;0;0m▀[0m[38;2;205;189;106m[48;2;238;230;172m▀[0m[38;2;238;230;172m[48;2;205;172;115m▀[0m[38;2;238;230;172m[48;2;205;172;115m▀[0m[38;2;238;230;172m[48;2;238;230;172m▀[0m[38;2;222;98;131m[48;2;238;230;172m▀[0m[38;2;255;222;230m[48;2;238;230;172m▀[0m[38;2;255;255;255m[48;2;205;189;106m▀[0m[38;2;197;189;180m[48;2;238;230;172m▀[0m[38;2;197;189;180m[48;2;238;230;172m▀[0m[38;2;238;230;172m[48;2;238;230;172m▀[0m[38;2;238;230;172m[48;2;172;123;57m▀[0m[38;2;238;230;172m[48;2;0;0;0m▀[0m[38;2;0;0;0m▀    
  [38;2;0;0;0m▀[38;2;0;0;0m▀ [38;2;0;0;0m[48;2;0;0;0m▀[0m[38;2;238;230;172m[48;2;131;139;156m▀[0m[38;2;131;139;156m[48;2;255;255;255m▀[0m[38;2;238;230;172m[48;2;131;139;156m▀[0m[38;2;238;230;172m[48;2;238;230;172m▀[0m[38;2;238;230;172m[48;2;205;189;106m▀[0m[38;2;205;189;106m[48;2;255;255;255m▀[0m[38;2;238;230;172m[48;2;65;65;65m▀[0m[38;2;172;123;57m[48;2;205;172;115m▀[0m[38;2;172;123;57m[48;2;238;230;172m▀[0m[38;2;205;189;106m[48;2;172;123;57m▀[0m[38;2;0;0;0m[48;2;205;189;106m▀[0m[38;2;0;0;0m▄    
   [38;2;0;0;0m▄[38;2;0;0;0m[48;2;65;65;65m▀[0m[38;2;255;255;255m[48;2;197;189;180m▀[0m[38;2;255;255;255m[48;2;255;255;255m▀[0m[38;2;255;255;255m[48;2;255;255;255m▀[0m[38;2;255;255;255m[48;2;197;189;180m▀[0m[38;2;131;139;156m[48;2;65;65;65m▀[0m[38;2;255;255;255m[48;2;197;189;180m▀[0m[38;2;255;255;255m[48;2;255;255;255m▀[0m[38;2;65;65;65m[48;2;255;255;255m▀[0m[38;2;238;230;172m[48;2;65;65;65m▀[0m[38;2;172;123;57m[48;2;205;189;106m▀[0m[38;2;172;123;57m[48;2;205;189;106m▀[0m[38;2;205;189;106m[48;2;65;65;65m▀[0m[38;2;0;0;0m[48;2;255;255;255m▀[0m[38;2;0;0;0m[48;2;255;255;255m▀[0m[38;2;0;0;0m[48;2;255;255;255m▀[0m[38;2;0;0;0m▄ 
  [38;2;0;0;0m▄[38;2;0;0;0m[48;2;255;197;205m▀[0m[38;2;255;222;230m[48;2;189;106;90m▀[0m[38;2;65;65;65m[48;2;205;189;106m▀[0m[38;2;197;189;180m[48;2;65;65;65m▀[0m[38;2;197;189;180m[48;2;65;65;65m▀[0m[38;2;65;65;65m[48;2;238;230;172m▀[0m[38;2;255;255;255m[48;2;189;106;90m▀[0m[38;2;255;255;255m[48;2;255;255;255m▀[0m[38;2;65;65;65m[48;2;255;255;255m▀[0m[38;2;255;255;255m[48;2;65;65;65m▀[0m[38;2;255;255;255m[48;2;65;65;65m▀[0m[38;2;65;65;65m[48;2;205;189;106m▀[0m[38;2;65;65;65m[48;2;205;172;115m▀[0m[38;2;255;255;255m[48;2;65;65;65m▀[0m[38;2;255;255;255m[48;2;255;255;255m▀[0m[38;2;255;255;255m[48;2;255;255;255m▀[0m[38;2;0;0;0m[48;2;0;0;0m▀[0m  
  [38;2;0;0;0m▀[38;2;255;197;205m[48;2;0;0;0m▀[0m[38;2;189;106;90m[48;2;189;106;90m▀[0m[38;2;205;189;106m[48;2;0;0;0m▀[0m[38;2;205;189;106m[48;2;205;189;106m▀[0m[38;2;238;230;172m[48;2;205;189;106m▀[0m[38;2;238;230;172m[48;2;238;230;172m▀[0m[38;2;238;230;172m[48;2;205;189;106m▀[0m[38;2;189;106;90m[48;2;189;106;90m▀[0m[38;2;255;255;255m[48;2;255;255;255m▀[0m[38;2;255;255;255m[48;2;255;255;255m▀[0m[38;2;255;255;255m[48;2;255;222;230m▀[0m[38;2;65;65;65m[48;2;255;222;230m▀[0m[38;2;65;65;65m[48;2;255;197;205m▀[0m[38;2;197;189;180m[48;2;65;65;65m▀[0m[38;2;197;189;180m[48;2;156;148;139m▀[0m[38;2;156;148;139m[48;2;0;0;0m▀[0m[38;2;0;0;0m▀  
    [38;2;0;0;0m▀ [38;2;0;0;0m▀[38;2;0;0;0m[48;2;0;0;0m▀[0m[38;2;65;65;65m[48;2;197;189;180m▀[0m[38;2;65;65;65m[48;2;197;189;180m▀[0m[38;2;205;189;106m[48;2;65;65;65m▀[0m[38;2;189;106;90m[48;2;131;139;156m▀[0m[38;2;189;106;90m[48;2;131;139;156m▀[0m[38;2;255;222;230m[48;2;189;106;90m▀[0m[38;2;255;197;205m[48;2;189;106;90m▀[0m[38;2;255;197;205m[48;2;0;0;0m▀[0m[38;2;0;0;0m▀[38;2;0;0;0m▀    
        [38;2;0;0;0m▀[38;2;0;0;0m▀[38;2;0;0;0m▀[38;2;255;255;255m[48;2;0;0;0m▀[0m[38;2;255;255;255m[48;2;0;0;0m▀[0m[38;2;197;189;180m[48;2;0;0;0m▀[0m[38;2;0;0;0m▀       
[0m