                 [38;2;0;0;0m[48;2;0;0;0m▀[0m[38;2;0;0;0m[48;2;255;214;49m▀[0m[38;2;0;0;0m[48;2;0;0;0m▀[0m      
               [38;2;0;0;0m▄[38;2;0;0;0m▄[38;2;0;0;0m[48;2;123;123;132m▀[0m[38;2;255;214;49m[48;2;0;0;0m▀[0m[38;2;0;0;0m▀      
             [38;2;0;0;0m▄[38;2;0;0;0m[48;2;255;214;49m▀[0m[38;2;123;123;132m[48;2;255;214;49m▀[0m[38;2;123;123;132m[48;2;0;0;0m▀[0m[38;2;0;0;0m▀        
         [38;2;0;0;0m▄[38;2;0;0;0m[48;2;189;165;66m▀[0m[38;2;0;0;0m[48;2;123;123;132m▀[0m[38;2;0;0;0m▄[38;2;0;0;0m▀[38;2;123;123;132m[48;2;0;0;0m▀[0m[38;2;123;123;132m[48;2;123;123;132m▀[0m[38;2;123;123;132m[48;2;123;123;132m▀[0m[38;2;0;0;0m[48;2;123;123;132m▀[0m[38;2;0;0;0m▄       
       [38;2;0;0;0m▄ [38;2;0;0;0m[48;2;0;0;0m▀[0m[38;2;255;214;49m[48;2;189;165;66m▀[0m[38;2;123;123;132m[48;2;123;123;132m▀[0m[38;2;65;65;65m[48;2;65;65;65m▀[0m[38;2;0;0;0m[48;2;123;123;132m▀[0m[38;2;255;214;49m[48;2;123;123;132m▀[0m[38;2;255;214;49m[48;2;123;123;132m▀[0m[38;2;123;123;132m[48;2;189;165;66m▀[0m[38;2;99;99;99m[48;2;99;99;99m▀[0m[38;2;0;0;0m[48;2;0;0;0m▀[0m       
      [38;2;0;0;0m[48;2;0;0;0m▀[0m[38;2;99;99;99m[48;2;99;99;99m▀[0m[38;2;0;0;0m[48;2;65;65;65m▀[0m[38;2;65;65;65m[48;2;189;165;66m▀[0m[38;2;255;214;49m[48;2;99;99;99m▀[0m[38;2;123;123;132m[48;2;123;123;132m▀[0m[38;2;65;65;65m[48;2;123;123;132m▀[0m[38;2;123;123;132m[48;2;123;123;132m▀[0m[38;2;123;123;132m[48;2;65;65;65m▀[0m[38;2;65;65;65m[48;2;123;123;132m▀[0m[38;2;65;65;65m[48;2;123;123;132m▀[0m[38;2;99;99;99m[48;2;0;0;0m▀[0m[38;2;0;0;0m▀       
      [38;2;0;0;0m[48;2;0;0;0m▀[0m[38;2;65;65;65m[48;2;123;123;132m▀[0m[38;2;123;123;132m[48;2;255;214;49m▀[0m[38;2;255;214;49m[48;2;99;99;99m▀[0m[38;2;99;99;99m[48;2;123;123;132m▀[0m[38;2;123;123;132m[48;2;123;123;132m▀[0m[38;2;123;123;132m[48;2;123;123;132m▀[0m[38;2;99;99;99m[48;2;123;123;132m▀[0m[38;2;123;123;132m[48;2;123;123;132m▀[0m[38;2;123;123;132m[48;2;123;123;132m▀[0m[38;2;123;123;132m[48;2;123;123;132m▀[0m[38;2;0;0;0m[48;2;123;123;132m▀[0m[38;2;0;0;0m▄       
     [38;2;0;0;0m[48;2;0;0;0m▀[0m[38;2;123;123;132m[48;2;197;66;90m▀[0m[38;2;255;214;49m[48;2;0;0;0m▀[0m[38;2;99;99;99m[48;2;99;99;99m▀[0m[38;2;123;123;132m[48;2;123;123;132m▀[0m[38;2;123;123;132m[48;2;123;123;132m▀[0m[38;2;123;123;132m[48;2;123;123;132m▀[0m[38;2;123;123;132m[48;2;65;65;65m▀[0m[38;2;65;65;65m[48;2;247;90;107m▀[0m[38;2;123;123;132m[48;2;65;65;65m▀[0m[38;2;123;123;132m[48;2;65;65;65m▀[0m[38;2;123;123;132m[48;2;123;123;132m▀[0m[38;2;123;123;132m[48;2;123;123;132m▀[0m[38;2;0;0;0m[48;2;0;0;0m▀[0m       
      [38;2;0;0;0m[48;2;0;0;0m▀[0m[38;2;247;90;107m[48;2;123;123;132m▀[0m[38;2;99;99;99m[48;2;123;123;132m▀[0m[38;2;123;123;132m[48;2;123;123;132m▀[0m[38;2;123;123;132m[48;2;123;123;132m▀[0m[38;2;65;65;65m[48;2;123;123;132m▀[0m[38;2;0;0;0m[48;2;123;123;132m▀[0m[38;2;255;255;255m[48;2;247;90;107m▀[0m[38;2;247;90;107m[48;2;123;123;132m▀[0m[38;2;123;123;132m[48;2;123;123;132m▀[0m[38;2;123;123;132m[48;2;255;214;49m▀[0m[38;2;0;0;0m[48;2;0;0;0m▀[0m        
  [38;2;0;0;0m▄[38;2;0;0;0m▄[38;2;0;0;0m▄[38;2;0;0;0m▄ [38;2;0;0;0m▀[38;2;123;123;132m[48;2;0;0;0m▀[0m[38;2;123;123;132m[48;2;0;0;0m▀[0m[38;2;123;123;132m[48;2;123;123;132m▀[0m[38;2;123;123;132m[48;2;255;214;49m▀[0m[38;2;123;123;132m[48;2;189;165;66m▀[0m[38;2;123;123;132m[48;2;255;214;49m▀[0m[38;2;189;165;66m[48;2;123;123;132m▀[0m[38;2;255;214;49m[48;2;0;0;0m▀[0m[38;2;0;0;0m▀         
 [38;2;0;0;0m[48;2;0;0;0m▀[0m[38;2;65;65;65m[48;2;255;214;49m▀[0m[38;2;65;65;65m[48;2;255;214;49m▀[0m[38;2;99;99;99m[48;2;65;65;65m▀[0m[38;2;99;99;99m[48;2;99;99;99m▀[0m[38;2;0;0;0m[48;2;99;99;99m▀[0m[38;2;0;0;0m▄[38;2;0;0;0m▄[38;2;0;0;0m▄[38;2;0;0;0m[48;2;99;99;99m▀[0m[38;2;65;65;65m[48;2;99;99;99m▀[0m[38;2;65;65;65m[48;2;99;99;99m▀[0m[38;2;65;65;65m[48;2;65;65;65m▀[0m[38;2;99;99;99m[48;2;99;99;99m▀[0m[38;2;99;99;99m[48;2;99;99;99m▀[0m[38;2;0;0;0m[48;2;123;123;132m▀[0m[38;2;0;0;0m[48;2;123;123;132m▀[0m[38;2;0;0;0m[48;2;99;99;99m▀[0m[38;2;0;0;0m▄[38;2;0;0;0m▄[38;2;0;0;0m▄    
[38;2;0;0;0m▀[38;2;247;90;107m[48;2;0;0;0m▀[0m[38;2;247;90;107m[48;2;65;65;65m▀[0m[38;2;247;90;107m[48;2;247;90;107m▀[0m[38;2;255;214;49m[48;2;247;90;107m▀[0m[38;2;65;65;65m[48;2;255;214;49m▀[0m[38;2;99;99;99m[48;2;255;214;49m▀[0m[38;2;99;99;99m[48;2;99;99;99m▀[0m[38;2;99;99;99m[48;2;99;99;99m▀[0m[38;2;99;99;99m[48;2;0;0;0m▀[0m[38;2;0;0;0m▀[38;2;0;0;0m▀[38;2;0;0;0m[48;2;0;0;0m▀[0m[38;2;65;65;65m[48;2;99;99;99m▀[0m[38;2;255;214;49m[48;2;255;214;49m▀[0m[38;2;99;99;99m[48;2;255;214;49m▀[0m[38;2;65;65;65m[48;2;99;99;99m▀[0m[38;2;65;65;65m[48;2;99;99;99m▀[0m[38;2;123;123;132m[48;2;65;65;65m▀[0m[38;2;123;123;132m[48;2;123;123;132m▀[0m[38;2;123;123;132m[48;2;123;123;132m▀[0m[38;2;123;123;132m[48;2;123;123;132m▀[0m[38;2;0;0;0m[48;2;123;123;132m▀[0m[38;2;0;0;0m[48;2;65;65;65m▀[0m[38;2;0;0;0m▄ 
 [38;2;0;0;0m[48;2;0;0;0m▀[0m[38;2;197;66;90m[48;2;247;90;107m▀[0m[38;2;247;90;107m[48;2;0;0;0m▀[0m[38;2;99;99;99m[48;2;0;0;0m▀[0m[38;2;247;90;107m[48;2;247;90;107m▀[0m[38;2;189;165;66m[48;2;0;0;0m▀[0m[38;2;0;0;0m▀[38;2;0;0;0m▀ [38;2;0;0;0m▄[38;2;0;0;0m[48;2;123;123;132m▀[0m[38;2;123;123;132m[48;2;123;123;132m▀[0m[38;2;255;214;49m[48;2;255;214;49m▀[0m[38;2;197;66;90m[48;2;197;66;90m▀[0m[38;2;197;66;90m[48;2;197;66;90m▀[0m[38;2;255;214;49m[48;2;197;66;90m▀[0m[38;2;99;99;99m[48;2;255;214;49m▀[0m[38;2;65;65;65m[48;2;65;65;65m▀[0m[38;2;123;123;132m[48;2;123;123;132m▀[0m[38;2;123;123;132m[48;2;65;65;65m▀[0m[38;2;65;65;65m[48;2;255;214;49m▀[0m[38;2;65;65;65m[48;2;255;214;49m▀[0m[38;2;255;214;49m[48;2;197;66;90m▀[0m[38;2;0;0;0m[48;2;197;66;90m▀[0m[38;2;0;0;0m▄
 [38;2;0;0;0m▀[38;2;0;0;0m▀  [38;2;0;0;0m▀    [38;2;0;0;0m▀[38;2;65;65;65m[48;2;0;0;0m▀[0m[38;2;255;214;49m[48;2;0;0;0m▀[0m[38;2;197;66;90m[48;2;247;90;107m▀[0m[38;2;247;90;107m[48;2;0;0;0m▀[0m[38;2;247;90;107m[48;2;0;0;0m▀[0m[38;2;197;66;90m[48;2;247;90;107m▀[0m[38;2;255;214;49m[48;2;197;66;90m▀[0m[38;2;99;99;99m[48;2;255;214;49m▀[0m[38;2;65;65;65m[48;2;0;0;0m▀[0m[38;2;255;214;49m[48;2;189;165;66m▀[0m[38;2;247;90;107m[48;2;247;90;107m▀[0m[38;2;65;65;65m[48;2;65;65;65m▀[0m[38;2;247;90;107m[48;2;247;90;107m▀[0m[38;2;65;65;65m[48;2;65;65;65m▀[0m[38;2;0;0;0m[48;2;0;0;0m▀[0m
             [38;2;0;0;0m▀[38;2;0;0;0m▀ [38;2;0;0;0m[48;2;0;0;0m▀[0m[38;2;247;90;107m[48;2;0;0;0m▀[0m[38;2;0;0;0m▀ [38;2;0;0;0m▀[38;2;247;90;107m[48;2;0;0;0m▀[0m[38;2;0;0;0m▀[38;2;247;90;107m[48;2;0;0;0m▀[0m[38;2;0;0;0m▀ 
[0m