            [38;2;0;0;0m▄[38;2;0;0;0m▄[38;2;0;0;0m▄[38;2;0;0;0m[48;2;180;202;255m▀[0m[38;2;0;0;0m[48;2;180;202;255m▀[0m[38;2;0;0;0m[48;2;180;202;255m▀[0m[38;2;0;0;0m[48;2;180;202;255m▀[0m[38;2;0;0;0m[48;2;180;202;255m▀[0m[38;2;0;0;0m▄[38;2;0;0;0m▄[38;2;0;0;0m[48;2;180;202;255m▀[0m[38;2;0;0;0m[48;2;180;202;255m▀[0m[38;2;0;0;0m[48;2;180;202;255m▀[0m[38;2;0;0;0m[48;2;180;202;255m▀[0m[38;2;0;0;0m▄[38;2;0;0;0m▄         
         [38;2;0;0;0m▄[38;2;0;0;0m[48;2;41;109;78m▀[0m[38;2;0;0;0m[48;2;41;109;78m▀[0m[38;2;79;113;139m[48;2;32;76;82m▀[0m[38;2;172;186;255m[48;2;79;113;139m▀[0m[38;2;172;186;255m[48;2;79;113;139m▀[0m[38;2;79;113;139m[48;2;32;76;82m▀[0m[38;2;78;87;143m[48;2;41;109;74m▀[0m[38;2;78;87;143m[48;2;41;109;74m▀[0m[38;2;180;202;255m[48;2;76;86;145m▀[0m[38;2;180;202;255m[48;2;76;86;145m▀[0m[38;2;180;202;255m[48;2;180;202;255m▀[0m[38;2;255;255;255m[48;2;180;202;255m▀[0m[38;2;246;255;255m[48;2;74;89;148m▀[0m[38;2;189;199;219m[48;2;74;89;148m▀[0m[38;2;78;87;143m[48;2;41;109;74m▀[0m[38;2;78;87;143m[48;2;41;109;74m▀[0m[38;2;78;87;143m[48;2;41;109;74m▀[0m[38;2;78;87;143m[48;2;41;109;74m▀[0m[38;2;0;0;0m[48;2;41;109;78m▀[0m[38;2;0;0;0m[48;2;41;109;78m▀[0m[38;2;0;0;0m▄      
        [38;2;0;0;0m[48;2;0;0;0m▀[0m[38;2;41;109;78m[48;2;41;109;78m▀[0m[38;2;41;110;76m[48;2;41;110;76m▀[0m[38;2;41;110;76m[48;2;41;110;76m▀[0m[38;2;41;110;76m[48;2;41;110;76m▀[0m[38;2;41;110;76m[48;2;41;110;76m▀[0m[38;2;41;110;76m[48;2;41;110;76m▀[0m[38;2;41;110;76m[48;2;41;110;76m▀[0m[38;2;41;110;76m[48;2;41;110;76m▀[0m[38;2;41;110;76m[48;2;41;110;76m▀[0m[38;2;41;110;76m[48;2;41;110;76m▀[0m[38;2;41;110;76m[48;2;41;110;76m▀[0m[38;2;78;87;143m[48;2;41;109;74m▀[0m[38;2;78;87;143m[48;2;41;109;74m▀[0m[38;2;41;110;76m[48;2;41;110;76m▀[0m[38;2;41;110;76m[48;2;41;110;76m▀[0m[38;2;57;93;74m[48;2;41;110;76m▀[0m[38;2;41;110;76m[48;2;57;93;74m▀[0m[38;2;41;110;76m[48;2;41;110;76m▀[0m[38;2;41;110;76m[48;2;41;110;76m▀[0m[38;2;41;110;76m[48;2;41;110;76m▀[0m[38;2;41;110;76m[48;2;41;110;76m▀[0m[38;2;41;109;78m[48;2;41;109;78m▀[0m[38;2;0;0;0m[48;2;41;109;78m▀[0m[38;2;0;0;0m▄    
    [38;2;0;0;0m▄[38;2;0;0;0m▄ [38;2;0;0;0m[48;2;0;0;0m▀[0m[38;2;41;110;76m[48;2;41;110;76m▀[0m[38;2;41;110;76m[48;2;41;110;76m▀[0m[38;2;41;110;76m[48;2;41;110;76m▀[0m[38;2;41;110;76m[48;2;41;110;76m▀[0m[38;2;41;110;76m[48;2;41;110;76m▀[0m[38;2;41;110;76m[48;2;41;110;76m▀[0m[38;2;41;110;76m[48;2;41;110;76m▀[0m[38;2;41;110;76m[48;2;41;110;76m▀[0m[38;2;41;110;76m[48;2;41;110;76m▀[0m[38;2;41;110;76m[48;2;41;110;76m▀[0m[38;2;41;110;76m[48;2;41;110;76m▀[0m[38;2;41;110;76m[48;2;41;110;76m▀[0m[38;2;57;80;65m[48;2;57;80;65m▀[0m[38;2;57;80;65m[48;2;255;255;255m▀[0m[38;2;41;109;78m[48;2;65;64;65m▀[0m[38;2;41;109;78m[48;2;41;109;78m▀[0m[38;2;41;110;76m[48;2;41;110;76m▀[0m[38;2;57;93;74m[48;2;41;110;76m▀[0m[38;2;41;110;76m[48;2;57;93;74m▀[0m[38;2;41;110;76m[48;2;41;110;76m▀[0m[38;2;41;110;76m[48;2;41;110;76m▀[0m[38;2;41;110;76m[48;2;41;110;76m▀[0m[38;2;41;110;76m[48;2;41;110;76m▀[0m[38;2;41;110;76m[48;2;41;110;76m▀[0m[38;2;0;0;0m[48;2;41;109;78m▀[0m[38;2;0;0;0m▄ [38;2;0;0;0m▄ 
    [38;2;0;0;0m[48;2;0;0;0m▀[0m[38;2;255;255;255m[48;2;255;255;255m▀[0m[38;2;0;0;0m[48;2;65;64;65m▀[0m[38;2;65;64;65m[48;2;65;64;65m▀[0m[38;2;41;110;76m[48;2;41;110;76m▀[0m[38;2;41;110;76m[48;2;41;110;76m▀[0m[38;2;41;110;76m[48;2;41;110;76m▀[0m[38;2;41;110;76m[48;2;41;110;76m▀[0m[38;2;41;110;76m[48;2;41;110;76m▀[0m[38;2;41;110;76m[48;2;41;110;76m▀[0m[38;2;41;110;76m[48;2;41;110;76m▀[0m[38;2;41;110;76m[48;2;41;110;76m▀[0m[38;2;41;110;76m[48;2;41;110;76m▀[0m[38;2;41;110;76m[48;2;41;110;76m▀[0m[38;2;41;110;76m[48;2;41;110;76m▀[0m[38;2;41;110;76m[48;2;41;110;76m▀[0m[38;2;65;68;65m[48;2;65;68;65m▀[0m[38;2;255;255;255m[48;2;128;130;128m▀[0m[38;2;255;255;255m[48;2;255;255;255m▀[0m[38;2;65;64;65m[48;2;65;64;65m▀[0m[38;2;41;110;76m[48;2;41;110;76m▀[0m[38;2;41;110;76m[48;2;41;110;76m▀[0m[38;2;57;93;74m[48;2;57;93;74m▀[0m[38;2;41;110;76m[48;2;41;110;76m▀[0m[38;2;41;110;76m[48;2;41;110;76m▀[0m[38;2;41;110;76m[48;2;41;110;76m▀[0m[38;2;41;110;76m[48;2;41;110;76m▀[0m[38;2;41;110;76m[48;2;41;110;76m▀[0m[38;2;41;109;78m[48;2;41;109;78m▀[0m[38;2;65;64;65m[48;2;65;64;65m▀[0m[38;2;0;0;0m[48;2;255;255;255m▀[0m[38;2;255;255;255m[48;2;255;255;255m▀[0m[38;2;0;0;0m[48;2;0;0;0m▀[0m
    [38;2;0;0;0m▀[38;2;255;255;255m[48;2;0;0;0m▀[0m[38;2;255;255;255m[48;2;134;133;128m▀[0m[38;2;74;72;65m[48;2;134;133;128m▀[0m[38;2;41;109;78m[48;2;65;64;65m▀[0m[38;2;41;109;78m[48;2;41;109;78m▀[0m[38;2;41;110;76m[48;2;41;110;76m▀[0m[38;2;41;110;76m[48;2;41;110;76m▀[0m[38;2;41;110;76m[48;2;41;110;76m▀[0m[38;2;41;110;76m[48;2;41;110;76m▀[0m[38;2;41;110;76m[48;2;41;110;76m▀[0m[38;2;41;110;76m[48;2;41;110;76m▀[0m[38;2;41;110;76m[48;2;41;110;76m▀[0m[38;2;41;110;76m[48;2;41;110;76m▀[0m[38;2;41;110;76m[48;2;41;110;76m▀[0m[38;2;41;110;76m[48;2;41;110;76m▀[0m[38;2;65;64;65m[48;2;65;64;65m▀[0m[38;2;197;194;205m[48;2;197;194;205m▀[0m[38;2;139;137;131m[48;2;200;194;208m▀[0m[38;2;200;194;208m[48;2;200;194;208m▀[0m[38;2;65;64;65m[48;2;65;64;65m▀[0m[38;2;41;109;78m[48;2;41;109;78m▀[0m[38;2;41;110;76m[48;2;41;110;76m▀[0m[38;2;41;110;76m[48;2;41;110;76m▀[0m[38;2;41;110;76m[48;2;41;110;76m▀[0m[38;2;41;110;76m[48;2;41;110;76m▀[0m[38;2;41;110;76m[48;2;41;110;76m▀[0m[38;2;41;110;76m[48;2;41;110;76m▀[0m[38;2;41;109;78m[48;2;41;109;78m▀[0m[38;2;65;64;65m[48;2;65;64;65m▀[0m[38;2;148;148;148m[48;2;222;222;222m▀[0m[38;2;222;222;222m[48;2;0;0;0m▀[0m[38;2;0;0;0m▀
     [38;2;0;0;0m▀[38;2;197;194;205m[48;2;0;0;0m▀[0m[38;2;197;194;205m[48;2;197;194;205m▀[0m[38;2;57;80;65m[48;2;197;194;205m▀[0m[38;2;57;80;65m[48;2;57;80;65m▀[0m[38;2;57;80;65m[48;2;180;214;238m▀[0m[38;2;57;80;65m[48;2;57;80;65m▀[0m[38;2;41;110;76m[48;2;41;110;76m▀[0m[38;2;41;110;76m[48;2;57;93;74m▀[0m[38;2;41;110;76m[48;2;41;110;76m▀[0m[38;2;41;110;76m[48;2;41;110;76m▀[0m[38;2;41;110;76m[48;2;41;110;76m▀[0m[38;2;41;110;76m[48;2;41;110;76m▀[0m[38;2;41;110;76m[48;2;41;110;76m▀[0m[38;2;41;110;76m[48;2;41;110;76m▀[0m[38;2;65;64;65m[48;2;65;64;65m▀[0m[38;2;197;194;205m[48;2;197;194;205m▀[0m[38;2;200;194;208m[48;2;139;145;148m▀[0m[38;2;200;194;208m[48;2;200;194;208m▀[0m[38;2;65;64;65m[48;2;65;64;65m▀[0m[38;2;43;110;76m[48;2;54;87;71m▀[0m[38;2;65;64;65m[48;2;65;64;65m▀[0m[38;2;43;110;76m[48;2;54;87;71m▀[0m[38;2;41;110;76m[48;2;41;110;76m▀[0m[38;2;41;110;76m[48;2;41;110;76m▀[0m[38;2;41;110;76m[48;2;57;93;74m▀[0m[38;2;41;110;76m[48;2;57;93;74m▀[0m[38;2;65;72;68m[48;2;65;72;68m▀[0m[38;2;65;72;68m[48;2;197;194;205m▀[0m[38;2;197;194;205m[48;2;0;0;0m▀[0m[38;2;0;0;0m▀ 
      [38;2;0;0;0m▀[38;2;197;194;205m[48;2;0;0;0m▀[0m[38;2;189;202;222m[48;2;65;64;65m▀[0m[38;2;65;64;65m[48;2;189;202;222m▀[0m[38;2;180;214;238m[48;2;180;214;238m▀[0m[38;2;65;64;65m[48;2;65;64;65m▀[0m[38;2;57;93;74m[48;2;41;110;76m▀[0m[38;2;41;110;76m[48;2;57;93;74m▀[0m[38;2;57;93;74m[48;2;41;110;76m▀[0m[38;2;41;110;76m[48;2;57;93;74m▀[0m[38;2;57;93;74m[48;2;41;110;76m▀[0m[38;2;41;110;76m[48;2;57;93;74m▀[0m[38;2;41;110;76m[48;2;57;93;74m▀[0m[38;2;57;93;74m[48;2;57;93;74m▀[0m[38;2;65;64;65m[48;2;65;64;65m▀[0m[38;2;135;145;148m[48;2;135;145;148m▀[0m[38;2;135;145;148m[48;2;135;145;148m▀[0m[38;2;65;64;65m[48;2;65;64;65m▀[0m[38;2;57;93;74m[48;2;57;93;74m▀[0m[38;2;57;93;74m[48;2;57;93;74m▀[0m[38;2;65;64;65m[48;2;54;91;74m▀[0m[38;2;54;91;74m[48;2;54;91;74m▀[0m[38;2;57;93;74m[48;2;57;93;74m▀[0m[38;2;57;93;74m[48;2;57;93;74m▀[0m[38;2;54;91;74m[48;2;54;91;74m▀[0m[38;2;54;91;74m[48;2;65;64;65m▀[0m[38;2;65;67;71m[48;2;131;134;142m▀[0m[38;2;197;202;213m[48;2;0;0;0m▀[0m[38;2;0;0;0m▀  
       [38;2;0;0;0m▄[38;2;0;16;24m[48;2;222;255;255m▀[0m[38;2;111;135;139m[48;2;111;135;139m▀[0m[38;2;180;214;238m[48;2;180;214;238m▀[0m[38;2;65;64;65m[48;2;65;64;65m▀[0m[38;2;65;64;65m[48;2;135;145;148m▀[0m[38;2;65;64;65m[48;2;135;145;148m▀[0m[38;2;54;87;71m[48;2;65;64;65m▀[0m[38;2;43;110;76m[48;2;65;64;65m▀[0m[38;2;57;93;74m[48;2;57;93;74m▀[0m[38;2;57;93;74m[48;2;57;93;74m▀[0m[38;2;54;91;74m[48;2;54;91;74m▀[0m[38;2;54;91;74m[48;2;65;64;65m▀[0m[38;2;65;64;65m[48;2;135;145;148m▀[0m[38;2;135;145;148m[48;2;135;145;148m▀[0m[38;2;65;64;65m[48;2;65;64;65m▀[0m[38;2;54;91;74m[48;2;54;91;74m▀[0m[38;2;54;91;74m[48;2;65;64;65m▀[0m[38;2;65;64;65m[48;2;54;91;74m▀[0m[38;2;54;91;74m[48;2;65;64;65m▀[0m[38;2;54;91;74m[48;2;65;64;65m▀[0m[38;2;63;72;65m[48;2;63;72;65m▀[0m[38;2;63;72;65m[48;2;139;145;148m▀[0m[38;2;68;72;74m[48;2;137;145;148m▀[0m[38;2;137;145;148m[48;2;0;0;0m▀[0m[38;2;0;0;0m▀    
      [38;2;0;0;0m▄[38;2;0;0;0m[48;2;65;161;172m▀[0m[38;2;255;255;255m[48;2;255;255;255m▀[0m[38;2;65;161;172m[48;2;65;161;172m▀[0m[38;2;65;64;65m[48;2;0;0;0m▀[0m[38;2;0;0;0m▀[38;2;0;0;0m▀[38;2;139;145;148m[48;2;0;0;0m▀[0m[38;2;135;145;148m[48;2;65;64;65m▀[0m[38;2;135;145;148m[48;2;65;64;65m▀[0m[38;2;65;64;65m[48;2;65;64;65m▀[0m[38;2;65;64;65m[48;2;135;145;148m▀[0m[38;2;65;64;65m[48;2;135;145;148m▀[0m[38;2;135;145;148m[48;2;135;145;148m▀[0m[38;2;135;145;148m[48;2;135;145;148m▀[0m[38;2;65;64;65m[48;2;135;145;148m▀[0m[38;2;63;72;65m[48;2;63;72;65m▀[0m[38;2;63;72;65m[48;2;139;145;148m▀[0m[38;2;65;64;65m[48;2;135;145;148m▀[0m[38;2;65;64;65m[48;2;135;145;148m▀[0m[38;2;137;145;148m[48;2;137;145;148m▀[0m[38;2;137;145;148m[48;2;0;0;0m▀[0m[38;2;139;145;148m[48;2;0;0;0m▀[0m[38;2;0;0;0m▀[38;2;0;0;0m▀      
  [38;2;0;0;0m▄[38;2;0;0;0m▄[38;2;0;0;0m▄ [38;2;0;0;0m[48;2;0;0;0m▀[0m[38;2;255;255;255m[48;2;255;255;255m▀[0m[38;2;106;145;160m[48;2;57;68;74m▀[0m[38;2;156;222;246m[48;2;57;68;74m▀[0m[38;2;0;0;0m[48;2;180;214;238m▀[0m[38;2;0;0;0m▄[38;2;0;0;0m[48;2;0;0;0m▀[0m[38;2;60;70;76m[48;2;180;210;230m▀[0m[38;2;41;76;74m[48;2;98;149;160m▀[0m[38;2;156;222;246m[48;2;98;149;160m▀[0m[38;2;65;68;65m[48;2;65;68;65m▀[0m[38;2;255;255;255m[48;2;128;130;128m▀[0m[38;2;79;87;142m[48;2;142;138;128m▀[0m[38;2;79;87;142m[48;2;142;138;128m▀[0m[38;2;255;255;255m[48;2;65;68;65m▀[0m[38;2;128;130;128m[48;2;65;68;65m▀[0m[38;2;135;145;148m[48;2;65;64;65m▀[0m[38;2;65;64;65m[48;2;65;64;65m▀[0m[38;2;65;64;65m[48;2;41;109;78m▀[0m[38;2;65;64;65m[48;2;41;109;78m▀[0m[38;2;0;0;0m[48;2;41;109;78m▀[0m[38;2;0;0;0m▄         
  [38;2;0;0;0m[48;2;0;0;0m▀[0m[38;2;180;210;230m[48;2;90;105;115m▀[0m[38;2;60;70;76m[48;2;180;210;230m▀[0m[38;2;0;0;0m[48;2;60;70;76m▀[0m[38;2;65;64;65m[48;2;255;255;255m▀[0m[38;2;255;255;255m[48;2;255;255;255m▀[0m[38;2;65;60;57m[48;2;65;60;57m▀[0m[38;2;180;210;230m[48;2;104;110;115m▀[0m[38;2;65;64;65m[48;2;180;214;238m▀[0m[38;2;180;214;238m[48;2;65;64;65m▀[0m[38;2;186;221;227m[48;2;65;161;172m▀[0m[38;2;65;161;172m[48;2;246;250;255m▀[0m[38;2;255;255;255m[48;2;65;68;65m▀[0m[38;2;65;68;65m[48;2;160;161;160m▀[0m[38;2;255;255;255m[48;2;65;64;65m▀[0m[38;2;255;255;255m[48;2;65;64;65m▀[0m[38;2;246;255;255m[48;2;65;64;74m▀[0m[38;2;65;64;74m[48;2;186;191;194m▀[0m[38;2;41;109;74m[48;2;180;202;255m▀[0m[38;2;41;109;74m[48;2;180;202;255m▀[0m[38;2;65;64;65m[48;2;41;109;78m▀[0m[38;2;41;109;78m[48;2;65;64;65m▀[0m[38;2;180;202;255m[48;2;41;109;74m▀[0m[38;2;180;202;255m[48;2;180;202;255m▀[0m[38;2;172;214;255m[48;2;57;79;84m▀[0m[38;2;0;12;0m[48;2;0;12;0m▀[0m         
   [38;2;0;0;0m[48;2;0;0;0m▀[0m[38;2;57;101;106m[48;2;246;255;255m▀[0m[38;2;246;255;255m[48;2;120;152;156m▀[0m[38;2;238;255;255m[48;2;117;152;156m▀[0m[38;2;57;101;106m[48;2;178;203;205m▀[0m[38;2;93;98;95m[48;2;180;214;238m▀[0m[38;2;93;98;95m[48;2;180;214;238m▀[0m[38;2;180;214;238m[48;2;180;214;238m▀[0m[38;2;65;64;65m[48;2;180;214;238m▀[0m[38;2;246;255;255m[48;2;41;80;90m▀[0m[38;2;246;255;255m[48;2;109;138;145m▀[0m[38;2;79;97;101m[48;2;74;161;172m▀[0m[38;2;82;64;65m[48;2;74;161;172m▀[0m[38;2;65;64;65m[48;2;180;214;238m▀[0m[38;2;65;64;65m[48;2;65;64;65m▀[0m[38;2;65;64;65m[48;2;65;64;65m▀[0m[38;2;41;109;78m[48;2;65;64;65m▀[0m[38;2;180;202;255m[48;2;41;109;74m▀[0m[38;2;41;109;74m[48;2;41;109;74m▀[0m[38;2;41;109;78m[48;2;65;64;65m▀[0m[38;2;65;64;65m[48;2;65;64;65m▀[0m[38;2;41;109;78m[48;2;0;0;0m▀[0m[38;2;41;109;78m[48;2;0;0;0m▀[0m[38;2;0;0;0m▀          
  [38;2;0;0;0m[48;2;0;0;0m▀[0m[38;2;255;255;255m[48;2;255;255;255m▀[0m[38;2;93;149;159m[48;2;93;149;159m▀[0m[38;2;164;222;246m[48;2;57;113;115m▀[0m[38;2;205;226;246m[48;2;65;64;65m▀[0m[38;2;65;64;65m[48;2;205;226;246m▀[0m[38;2;74;76;74m[48;2;230;242;255m▀[0m[38;2;74;76;74m[48;2;74;76;74m▀[0m[38;2;180;214;238m[48;2;180;214;238m▀[0m[38;2;180;214;238m[48;2;139;161;176m▀[0m[38;2;65;64;65m[48;2;65;64;65m▀[0m[38;2;255;255;255m[48;2;65;64;65m▀[0m[38;2;246;255;255m[48;2;194;203;205m▀[0m[38;2;246;255;255m[48;2;90;101;106m▀[0m[38;2;65;64;65m[48;2;94;97;94m▀[0m[38;2;65;64;65m[48;2;65;64;65m▀[0m[38;2;137;145;148m[48;2;137;145;148m▀[0m[38;2;137;145;148m[48;2;137;145;148m▀[0m[38;2;65;64;65m[48;2;135;145;148m▀[0m[38;2;65;64;65m[48;2;135;145;148m▀[0m[38;2;131;133;142m[48;2;197;198;213m▀[0m[38;2;0;4;0m[48;2;197;198;213m▀[0m[38;2;0;0;0m▄[38;2;0;0;0m▄           
[38;2;0;0;0m▄[38;2;0;0;0m[48;2;255;255;255m▀[0m[38;2;255;255;255m[48;2;255;255;255m▀[0m[38;2;65;161;172m[48;2;255;255;255m▀[0m[38;2;180;214;238m[48;2;65;161;172m▀[0m[38;2;180;214;238m[48;2;180;214;238m▀[0m[38;2;93;98;95m[48;2;137;156;167m▀[0m[38;2;93;98;95m[48;2;180;214;238m▀[0m[38;2;93;98;95m[48;2;180;214;238m▀[0m[38;2;180;214;238m[48;2;93;98;95m▀[0m[38;2;93;98;95m[48;2;180;214;238m▀[0m[38;2;180;214;238m[48;2;180;214;238m▀[0m[38;2;180;214;238m[48;2;65;64;65m▀[0m[38;2;180;214;238m[48;2;65;64;65m▀[0m[38;2;41;80;90m[48;2;246;255;255m▀[0m[38;2;178;196;200m[48;2;109;138;145m▀[0m[38;2;189;214;230m[48;2;0;0;0m▀[0m[38;2;63;71;76m[48;2;126;143;153m▀[0m[38;2;135;145;148m[48;2;135;145;148m▀[0m[38;2;135;145;148m[48;2;65;64;65m▀[0m[38;2;65;64;74m[48;2;255;255;255m▀[0m[38;2;191;191;194m[48;2;191;191;194m▀[0m[38;2;197;194;205m[48;2;65;64;65m▀[0m[38;2;197;194;205m[48;2;197;194;205m▀[0m[38;2;200;194;208m[48;2;200;194;208m▀[0m[38;2;200;194;208m[48;2;200;194;208m▀[0m[38;2;0;8;0m[48;2;197;202;205m▀[0m[38;2;0;8;0m[48;2;65;72;68m▀[0m[38;2;0;0;0m[48;2;41;109;78m▀[0m[38;2;0;0;0m[48;2;41;109;78m▀[0m[38;2;0;0;0m▄[38;2;0;0;0m▄[38;2;0;0;0m▄[38;2;0;0;0m▄[38;2;0;0;0m▄  
[38;2;0;0;0m▀[38;2;255;255;255m[48;2;0;0;0m▀[0m[38;2;106;144;150m[48;2;172;214;238m▀[0m[38;2;74;109;106m[48;2;172;214;238m▀[0m[38;2;180;214;238m[48;2;139;157;168m▀[0m[38;2;180;214;238m[48;2;98;101;98m▀[0m[38;2;180;210;230m[48;2;104;107;115m▀[0m[38;2;180;210;230m[48;2;65;56;57m▀[0m[38;2;142;161;175m[48;2;65;64;65m▀[0m[38;2;142;161;175m[48;2;65;64;65m▀[0m[38;2;65;64;65m[48;2;222;222;222m▀[0m[38;2;65;64;65m[48;2;222;222;222m▀[0m[38;2;222;222;222m[48;2;222;222;222m▀[0m[38;2;65;64;65m[48;2;222;222;222m▀[0m[38;2;65;64;65m[48;2;0;0;0m▀[0m[38;2;0;0;0m▀ [38;2;0;0;0m[48;2;0;0;0m▀[0m[38;2;65;64;65m[48;2;0;109;205m▀[0m[38;2;0;109;205m[48;2;0;109;205m▀[0m[38;2;65;64;65m[48;2;65;64;65m▀[0m[38;2;65;64;65m[48;2;135;145;148m▀[0m[38;2;197;194;205m[48;2;65;64;65m▀[0m[38;2;197;194;205m[48;2;197;194;205m▀[0m[38;2;197;194;205m[48;2;57;93;74m▀[0m[38;2;197;194;205m[48;2;57;93;74m▀[0m[38;2;57;93;74m[48;2;41;110;76m▀[0m[38;2;41;110;76m[48;2;41;110;76m▀[0m[38;2;41;110;76m[48;2;41;110;76m▀[0m[38;2;41;110;76m[48;2;41;110;76m▀[0m[38;2;41;110;76m[48;2;57;93;74m▀[0m[38;2;41;110;76m[48;2;57;93;74m▀[0m[38;2;45;103;74m[48;2;45;103;74m▀[0m[38;2;45;103;74m[48;2;0;0;0m▀[0m[38;2;41;109;78m[48;2;0;0;0m▀[0m[38;2;0;0;0m▀ 
 [38;2;0;0;0m▀[38;2;0;0;0m▀[38;2;94;97;94m[48;2;0;0;0m▀[0m[38;2;222;222;222m[48;2;0;0;0m▀[0m[38;2;222;222;222m[48;2;0;0;0m▀[0m[38;2;0;0;0m▀[38;2;0;0;0m▀[38;2;35;52;68m[48;2;41;20;0m▀[0m[38;2;24;117;205m[48;2;35;52;68m▀[0m[38;2;65;64;65m[48;2;0;109;205m▀[0m[38;2;65;64;65m[48;2;0;109;205m▀[0m[38;2;222;222;222m[48;2;65;64;65m▀[0m[38;2;222;222;222m[48;2;65;64;65m▀[0m[38;2;238;255;255m[48;2;79;84;106m▀[0m[38;2;0;0;32m[48;2;79;84;106m▀[0m[38;2;0;0;0m[48;2;0;109;205m▀[0m[38;2;0;109;205m[48;2;0;109;205m▀[0m[38;2;0;109;205m[48;2;65;64;65m▀[0m[38;2;65;64;65m[48;2;65;64;65m▀[0m[38;2;255;255;255m[48;2;255;255;255m▀[0m[38;2;191;191;194m[48;2;65;64;74m▀[0m[38;2;65;64;65m[48;2;222;222;222m▀[0m[38;2;65;64;65m[48;2;222;222;222m▀[0m[38;2;65;64;65m[48;2;0;0;0m▀[0m[38;2;0;0;0m▀[38;2;49;101;74m[48;2;0;0;0m▀[0m[38;2;49;101;74m[48;2;0;0;0m▀[0m[38;2;54;87;71m[48;2;65;64;65m▀[0m[38;2;43;110;76m[48;2;65;64;65m▀[0m[38;2;49;109;82m[48;2;35;72;54m▀[0m[38;2;49;109;82m[48;2;8;0;0m▀[0m[38;2;0;0;0m▀    
        [38;2;0;0;0m▀[38;2;222;222;222m[48;2;0;0;0m▀[0m[38;2;65;64;65m[48;2;222;222;222m▀[0m[38;2;65;64;65m[48;2;222;222;222m▀[0m[38;2;0;109;205m[48;2;65;64;65m▀[0m[38;2;0;109;205m[48;2;65;64;65m▀[0m[38;2;0;109;205m[48;2;65;64;65m▀[0m[38;2;0;109;205m[48;2;65;64;65m▀[0m[38;2;65;64;65m[48;2;255;255;255m▀[0m[38;2;65;64;65m[48;2;255;255;255m▀[0m[38;2;255;255;255m[48;2;255;255;255m▀[0m[38;2;65;64;65m[48;2;65;64;65m▀[0m[38;2;255;255;255m[48;2;255;255;255m▀[0m[38;2;65;64;65m[48;2;65;64;65m▀[0m[38;2;255;255;255m[48;2;255;255;255m▀[0m[38;2;222;224;217m[48;2;255;255;255m▀[0m[38;2;0;0;0m[48;2;255;255;255m▀[0m[38;2;0;0;0m▄ [38;2;0;0;0m▄[38;2;8;8;8m[48;2;128;153;167m▀[0m[38;2;189;226;246m[48;2;128;153;167m▀[0m[38;2;60;70;79m[48;2;180;210;238m▀[0m[38;2;0;0;0m[48;2;180;210;238m▀[0m[38;2;0;0;0m▄    
        [38;2;0;0;0m[48;2;0;0;0m▀[0m[38;2;238;238;238m[48;2;238;238;238m▀[0m[38;2;255;255;255m[48;2;255;255;255m▀[0m[38;2;255;255;255m[48;2;255;255;255m▀[0m[38;2;255;255;255m[48;2;255;255;255m▀[0m[38;2;255;255;255m[48;2;255;255;255m▀[0m[38;2;255;255;255m[48;2;255;255;255m▀[0m[38;2;255;255;255m[48;2;255;255;255m▀[0m[38;2;255;255;255m[48;2;255;255;255m▀[0m[38;2;255;255;255m[48;2;222;224;217m▀[0m[38;2;255;255;255m[48;2;222;224;217m▀[0m[38;2;255;255;255m[48;2;222;224;217m▀[0m[38;2;65;64;65m[48;2;255;255;255m▀[0m[38;2;255;255;255m[48;2;255;255;255m▀[0m[38;2;255;255;255m[48;2;255;255;255m▀[0m[38;2;255;255;255m[48;2;255;255;255m▀[0m[38;2;255;255;255m[48;2;255;255;255m▀[0m[38;2;0;0;0m[48;2;0;0;0m▀[0m  [38;2;0;0;0m[48;2;0;0;0m▀[0m[38;2;139;161;180m[48;2;139;161;180m▀[0m[38;2;65;64;65m[48;2;0;0;0m▀[0m[38;2;0;0;0m▀     
       [38;2;0;0;0m[48;2;0;0;0m▀[0m[38;2;222;222;222m[48;2;95;95;95m▀[0m[38;2;222;222;222m[48;2;222;222;222m▀[0m[38;2;222;222;213m[48;2;222;222;213m▀[0m[38;2;112;111;109m[48;2;57;56;57m▀[0m[38;2;255;255;255m[48;2;255;255;255m▀[0m[38;2;255;255;255m[48;2;255;255;255m▀[0m[38;2;255;250;255m[48;2;255;250;255m▀[0m[38;2;84;83;84m[48;2;0;0;0m▀[0m[38;2;222;222;213m[48;2;0;0;0m▀[0m[38;2;222;222;213m[48;2;74;74;71m▀[0m[38;2;65;64;65m[48;2;222;222;222m▀[0m[38;2;65;64;65m[48;2;222;222;222m▀[0m[38;2;255;255;255m[48;2;65;64;65m▀[0m[38;2;255;255;255m[48;2;255;255;255m▀[0m[38;2;255;255;255m[48;2;65;161;172m▀[0m[38;2;255;255;255m[48;2;255;255;255m▀[0m[38;2;0;0;0m[48;2;0;0;0m▀[0m    [38;2;0;0;0m▀       
    [38;2;0;0;0m▄ [38;2;0;0;0m▄[38;2;0;0;0m[48;2;222;222;222m▀[0m[38;2;142;161;175m[48;2;142;161;175m▀[0m[38;2;95;97;95m[48;2;142;161;175m▀[0m[38;2;65;68;74m[48;2;65;68;74m▀[0m[38;2;186;192;194m[48;2;246;255;255m▀[0m[38;2;82;80;82m[48;2;191;196;197m▀[0m[38;2;246;255;255m[48;2;82;80;82m▀[0m[38;2;0;0;0m[48;2;0;0;0m▀[0m  [38;2;0;0;0m▀[38;2;142;155;161m[48;2;0;4;8m▀[0m[38;2;213;230;238m[48;2;142;155;161m▀[0m[38;2;213;222;222m[48;2;213;222;222m▀[0m[38;2;57;64;65m[48;2;161;169;169m▀[0m[38;2;156;222;246m[48;2;41;76;74m▀[0m[38;2;98;149;160m[48;2;98;149;160m▀[0m[38;2;222;222;222m[48;2;222;222;222m▀[0m[38;2;0;0;0m[48;2;0;0;0m▀[0m           
   [38;2;0;0;0m[48;2;0;0;0m▀[0m[38;2;197;226;222m[48;2;197;226;222m▀[0m[38;2;0;4;8m[48;2;131;152;150m▀[0m[38;2;222;222;222m[48;2;222;222;222m▀[0m[38;2;139;160;178m[48;2;139;160;178m▀[0m[38;2;156;159;160m[48;2;65;64;65m▀[0m[38;2;65;64;65m[48;2;246;255;255m▀[0m[38;2;117;152;156m[48;2;178;203;205m▀[0m[38;2;238;255;255m[48;2;57;101;106m▀[0m[38;2;180;214;238m[48;2;180;214;238m▀[0m[38;2;0;0;0m[48;2;180;214;238m▀[0m[38;2;0;0;0m▄  [38;2;0;0;0m▄[38;2;0;0;0m[48;2;139;161;180m▀[0m[38;2;139;161;180m[48;2;139;161;180m▀[0m[38;2;156;159;160m[48;2;65;64;65m▀[0m[38;2;65;64;65m[48;2;246;255;255m▀[0m[38;2;65;161;172m[48;2;65;161;172m▀[0m[38;2;180;214;238m[48;2;180;214;238m▀[0m[38;2;65;161;172m[48;2;65;161;172m▀[0m[38;2;222;222;222m[48;2;65;161;172m▀[0m[38;2;0;0;0m[48;2;139;161;180m▀[0m[38;2;0;0;0m▄         
   [38;2;0;0;0m[48;2;0;0;0m▀[0m[38;2;222;222;213m[48;2;222;222;213m▀[0m[38;2;82;153;172m[48;2;128;176;186m▀[0m[38;2;142;161;175m[48;2;142;161;175m▀[0m[38;2;142;161;175m[48;2;65;64;65m▀[0m[38;2;65;64;65m[48;2;255;255;255m▀[0m[38;2;255;255;255m[48;2;255;255;255m▀[0m[38;2;68;161;175m[48;2;68;161;175m▀[0m[38;2;95;97;95m[48;2;68;161;175m▀[0m[38;2;65;161;172m[48;2;246;250;255m▀[0m[38;2;186;221;227m[48;2;65;161;172m▀[0m[38;2;0;0;0m[48;2;139;161;180m▀[0m[38;2;0;0;0m▄ [38;2;0;0;0m▀[38;2;139;161;180m[48;2;0;0;0m▀[0m[38;2;139;161;180m[48;2;0;0;0m▀[0m[38;2;82;83;82m[48;2;0;0;0m▀[0m[38;2;246;250;246m[48;2;0;0;0m▀[0m[38;2;255;255;255m[48;2;255;255;255m▀[0m[38;2;65;161;172m[48;2;65;161;172m▀[0m[38;2;139;161;180m[48;2;139;161;180m▀[0m[38;2;139;161;180m[48;2;0;0;0m▀[0m[38;2;139;161;180m[48;2;0;0;0m▀[0m[38;2;0;0;0m▀         
    [38;2;0;0;0m▀[38;2;0;0;0m▀[38;2;0;0;0m▀[38;2;0;0;0m▀[38;2;255;255;255m[48;2;0;0;0m▀[0m[38;2;255;255;255m[48;2;0;0;0m▀[0m[38;2;65;157;180m[48;2;186;217;230m▀[0m[38;2;186;217;230m[48;2;246;246;255m▀[0m[38;2;246;255;255m[48;2;246;255;255m▀[0m[38;2;123;133;135m[48;2;0;12;16m▀[0m[38;2;139;161;180m[48;2;0;0;0m▀[0m[38;2;0;0;0m▀      [38;2;0;0;0m▀[38;2;0;0;0m▀[38;2;0;0;0m▀            
          [38;2;0;0;0m▀[38;2;0;0;0m▀[38;2;0;0;0m▀                        
[0m