          [38;2;0;0;0m▄   [38;2;0;0;0m▄[38;2;0;0;0m▄ [38;2;0;0;0m[48;2;0;0;0m▀[0m[38;2;0;0;0m[48;2;247;148;115m▀[0m[38;2;0;0;0m▄            [38;2;0;0;0m▄[38;2;0;0;0m▄    
         [38;2;0;0;0m[48;2;0;0;0m▀[0m[38;2;247;148;115m[48;2;247;148;115m▀[0m[38;2;0;0;0m[48;2;0;0;0m▀[0m[38;2;0;0;0m▄[38;2;0;0;0m[48;2;181;66;58m▀[0m[38;2;181;66;58m[48;2;181;66;58m▀[0m[38;2;0;0;0m[48;2;0;0;0m▀[0m [38;2;0;0;0m▀[38;2;247;148;115m[48;2;0;0;0m▀[0m[38;2;247;148;115m[48;2;247;148;115m▀[0m[38;2;0;0;0m[48;2;0;0;0m▀[0m           [38;2;0;0;0m[48;2;0;0;0m▀[0m[38;2;255;74;58m[48;2;255;74;58m▀[0m[38;2;0;0;0m[48;2;255;74;58m▀[0m[38;2;0;0;0m▄  
      [38;2;0;0;0m▄ [38;2;0;0;0m[48;2;0;0;0m▀[0m[38;2;247;148;115m[48;2;247;148;115m▀[0m[38;2;247;148;115m[48;2;65;65;65m▀[0m[38;2;65;65;65m[48;2;181;66;58m▀[0m[38;2;181;66;58m[48;2;181;66;58m▀[0m[38;2;181;66;58m[48;2;181;66;58m▀[0m[38;2;181;66;58m[48;2;0;0;0m▀[0m[38;2;0;0;0m▀  [38;2;0;0;0m[48;2;0;0;0m▀[0m[38;2;247;148;115m[48;2;247;148;115m▀[0m[38;2;214;99;90m[48;2;247;148;115m▀[0m[38;2;0;0;0m[48;2;214;99;90m▀[0m[38;2;0;0;0m[48;2;247;148;115m▀[0m[38;2;0;0;0m▄         [38;2;0;0;0m[48;2;0;0;0m▀[0m[38;2;255;74;58m[48;2;255;74;58m▀[0m[38;2;0;0;0m[48;2;255;74;58m▀[0m[38;2;0;0;0m▄ 
     [38;2;0;0;0m[48;2;0;0;0m▀[0m[38;2;214;99;90m[48;2;181;66;58m▀[0m[38;2;0;0;0m[48;2;247;148;115m▀[0m[38;2;247;148;115m[48;2;247;148;115m▀[0m[38;2;247;148;115m[48;2;247;148;115m▀[0m[38;2;65;65;65m[48;2;65;65;65m▀[0m[38;2;65;65;65m[48;2;247;148;115m▀[0m[38;2;181;66;58m[48;2;65;65;65m▀[0m[38;2;181;66;58m[48;2;181;66;58m▀[0m[38;2;0;0;0m[48;2;0;0;0m▀[0m   [38;2;0;0;0m▀[38;2;214;99;90m[48;2;0;0;0m▀[0m[38;2;247;148;115m[48;2;247;148;115m▀[0m[38;2;214;99;90m[48;2;247;148;115m▀[0m[38;2;247;148;115m[48;2;214;99;90m▀[0m[38;2;247;148;115m[48;2;247;148;115m▀[0m[38;2;0;0;0m[48;2;247;148;115m▀[0m[38;2;0;0;0m[48;2;247;148;115m▀[0m[38;2;0;0;0m▄[38;2;0;0;0m▄    [38;2;0;0;0m[48;2;0;0;0m▀[0m[38;2;255;74;58m[48;2;255;74;58m▀[0m[38;2;255;74;58m[48;2;255;74;58m▀[0m[38;2;255;74;58m[48;2;0;0;0m▀[0m[38;2;0;0;0m▀ 
    [38;2;0;0;0m[48;2;0;0;0m▀[0m[38;2;214;99;90m[48;2;181;66;58m▀[0m[38;2;65;65;65m[48;2;247;148;115m▀[0m[38;2;247;148;115m[48;2;247;148;115m▀[0m[38;2;247;148;115m[48;2;247;148;115m▀[0m[38;2;65;65;65m[48;2;65;65;65m▀[0m[38;2;247;148;115m[48;2;247;148;115m▀[0m[38;2;247;148;115m[48;2;65;65;65m▀[0m[38;2;65;65;65m[48;2;58;107;132m▀[0m[38;2;181;66;58m[48;2;181;66;58m▀[0m[38;2;0;0;0m[48;2;181;66;58m▀[0m[38;2;0;0;0m▄  [38;2;0;0;0m[48;2;0;0;0m▀[0m[38;2;214;99;90m[48;2;214;99;90m▀[0m[38;2;65;65;65m[48;2;65;65;65m▀[0m[38;2;247;148;115m[48;2;247;148;115m▀[0m[38;2;247;148;115m[48;2;247;148;115m▀[0m[38;2;247;148;115m[48;2;247;148;115m▀[0m[38;2;247;148;115m[48;2;214;99;90m▀[0m[38;2;247;148;115m[48;2;247;148;115m▀[0m[38;2;247;148;115m[48;2;247;148;115m▀[0m[38;2;247;148;115m[48;2;247;148;115m▀[0m[38;2;0;0;0m[48;2;214;99;90m▀[0m[38;2;0;0;0m▄ [38;2;0;0;0m[48;2;0;0;0m▀[0m[38;2;255;156;49m[48;2;255;230;41m▀[0m[38;2;255;74;58m[48;2;255;74;58m▀[0m[38;2;255;74;58m[48;2;255;74;58m▀[0m[38;2;0;0;0m[48;2;0;0;0m▀[0m  
   [38;2;0;0;0m[48;2;0;0;0m▀[0m[38;2;181;66;58m[48;2;247;148;115m▀[0m[38;2;247;148;115m[48;2;247;148;115m▀[0m[38;2;247;148;115m[48;2;247;148;115m▀[0m[38;2;247;148;115m[48;2;214;99;90m▀[0m[38;2;65;65;65m[48;2;247;148;115m▀[0m[38;2;247;148;115m[48;2;247;148;115m▀[0m[38;2;247;148;115m[48;2;65;65;65m▀[0m[38;2;65;65;65m[48;2;65;65;65m▀[0m[38;2;58;107;132m[48;2;65;65;65m▀[0m[38;2;181;66;58m[48;2;58;107;132m▀[0m[38;2;181;66;58m[48;2;181;66;58m▀[0m[38;2;0;0;0m[48;2;65;65;65m▀[0m[38;2;0;0;0m▄[38;2;0;0;0m[48;2;214;99;90m▀[0m[38;2;214;99;90m[48;2;214;99;90m▀[0m[38;2;214;99;90m[48;2;65;65;65m▀[0m[38;2;58;107;132m[48;2;74;132;189m▀[0m[38;2;65;65;65m[48;2;74;132;189m▀[0m[38;2;247;148;115m[48;2;65;65;65m▀[0m[38;2;247;148;115m[48;2;65;65;65m▀[0m[38;2;247;148;115m[48;2;247;148;115m▀[0m[38;2;214;99;90m[48;2;247;148;115m▀[0m[38;2;247;148;115m[48;2;214;99;90m▀[0m[38;2;247;148;115m[48;2;181;66;58m▀[0m[38;2;214;99;90m[48;2;214;99;90m▀[0m[38;2;0;0;0m[48;2;214;99;90m▀[0m[38;2;0;0;0m▄[38;2;0;0;0m▀[38;2;255;156;49m[48;2;0;0;0m▀[0m[38;2;255;230;41m[48;2;255;156;49m▀[0m[38;2;255;230;41m[48;2;255;230;41m▀[0m[38;2;0;0;0m[48;2;255;156;49m▀[0m[38;2;0;0;0m▄ 
  [38;2;0;0;0m[48;2;0;0;0m▀[0m[38;2;247;148;115m[48;2;247;148;115m▀[0m[38;2;247;148;115m[48;2;247;148;115m▀[0m[38;2;247;148;115m[48;2;247;148;115m▀[0m[38;2;247;148;115m[48;2;214;99;90m▀[0m[38;2;247;148;115m[48;2;247;148;115m▀[0m[38;2;247;148;115m[48;2;255;255;255m▀[0m[38;2;247;148;115m[48;2;214;99;90m▀[0m[38;2;214;99;90m[48;2;214;99;90m▀[0m[38;2;214;99;90m[48;2;214;99;90m▀[0m[38;2;214;99;90m[48;2;214;99;90m▀[0m[38;2;65;65;65m[48;2;214;99;90m▀[0m[38;2;65;65;65m[48;2;214;99;90m▀[0m[38;2;214;99;90m[48;2;247;148;115m▀[0m[38;2;247;148;115m[48;2;247;148;115m▀[0m[38;2;214;99;90m[48;2;247;148;115m▀[0m[38;2;65;65;65m[48;2;181;66;58m▀[0m[38;2;58;107;132m[48;2;181;66;58m▀[0m[38;2;58;107;132m[48;2;214;99;90m▀[0m[38;2;74;132;189m[48;2;58;107;132m▀[0m[38;2;74;132;189m[48;2;0;0;0m▀[0m[38;2;0;0;0m▀[38;2;0;0;0m▀[38;2;0;0;0m▀[38;2;247;148;115m[48;2;0;0;0m▀[0m[38;2;247;148;115m[48;2;214;99;90m▀[0m[38;2;181;66;58m[48;2;214;99;90m▀[0m[38;2;214;99;90m[48;2;181;66;58m▀[0m[38;2;0;0;0m[48;2;214;99;90m▀[0m[38;2;0;0;0m▄[38;2;0;0;0m▀[38;2;255;74;58m[48;2;0;0;0m▀[0m[38;2;255;156;49m[48;2;255;74;58m▀[0m[38;2;255;230;41m[48;2;255;230;41m▀[0m[38;2;0;0;0m[48;2;255;230;41m▀[0m[38;2;0;0;0m▄
 [38;2;0;0;0m▄[38;2;0;0;0m[48;2;247;148;115m▀[0m[38;2;214;99;90m[48;2;247;148;115m▀[0m[38;2;247;148;115m[48;2;214;99;90m▀[0m[38;2;181;66;58m[48;2;214;99;90m▀[0m[38;2;247;148;115m[48;2;0;0;0m▀[0m[38;2;0;0;0m[48;2;74;132;189m▀[0m[38;2;255;255;255m[48;2;214;99;90m▀[0m[38;2;214;99;90m[48;2;214;99;90m▀[0m[38;2;65;65;65m[48;2;65;65;65m▀[0m[38;2;65;65;65m[48;2;181;66;58m▀[0m[38;2;214;181;99m[48;2;0;0;0m▀[0m[38;2;214;181;99m[48;2;214;181;99m▀[0m[38;2;214;99;90m[48;2;247;222;148m▀[0m[38;2;247;148;115m[48;2;247;222;148m▀[0m[38;2;181;66;58m[48;2;247;222;148m▀[0m[38;2;247;148;115m[48;2;65;65;65m▀[0m[38;2;247;148;115m[48;2;65;65;65m▀[0m[38;2;247;148;115m[48;2;247;148;115m▀[0m[38;2;65;65;65m[48;2;247;148;115m▀[0m[38;2;214;99;90m[48;2;65;65;65m▀[0m[38;2;214;99;90m[48;2;214;99;90m▀[0m[38;2;0;0;0m[48;2;214;99;90m▀[0m[38;2;0;0;0m▄  [38;2;0;0;0m[48;2;0;0;0m▀[0m[38;2;214;99;90m[48;2;214;99;90m▀[0m[38;2;181;66;58m[48;2;214;99;90m▀[0m[38;2;181;66;58m[48;2;0;0;0m▀[0m[38;2;214;99;90m[48;2;0;0;0m▀[0m[38;2;0;0;0m[48;2;65;65;65m▀[0m[38;2;255;74;58m[48;2;255;74;58m▀[0m[38;2;255;156;49m[48;2;255;230;41m▀[0m[38;2;255;230;41m[48;2;255;230;41m▀[0m[38;2;255;156;49m[48;2;255;74;58m▀[0m[38;2;0;0;0m[48;2;0;0;0m▀[0m
[38;2;0;0;0m[48;2;0;0;0m▀[0m[38;2;247;148;115m[48;2;247;148;115m▀[0m[38;2;247;148;115m[48;2;247;148;115m▀[0m[38;2;247;148;115m[48;2;181;66;58m▀[0m[38;2;247;148;115m[48;2;247;148;115m▀[0m[38;2;247;148;115m[48;2;247;148;115m▀[0m[38;2;247;148;115m[48;2;214;99;90m▀[0m[38;2;214;99;90m[48;2;0;0;0m▀[0m[38;2;214;99;90m[48;2;65;65;65m▀[0m[38;2;65;65;65m[48;2;181;66;58m▀[0m[38;2;181;66;58m[48;2;181;66;58m▀[0m[38;2;0;0;0m[48;2;0;0;0m▀[0m [38;2;0;0;0m[48;2;0;0;0m▀[0m[38;2;247;222;148m[48;2;214;181;99m▀[0m[38;2;247;222;148m[48;2;247;222;148m▀[0m[38;2;247;222;148m[48;2;247;222;148m▀[0m[38;2;247;222;148m[48;2;247;222;148m▀[0m[38;2;247;222;148m[48;2;65;65;65m▀[0m[38;2;65;65;65m[48;2;65;65;65m▀[0m[38;2;247;148;115m[48;2;247;148;115m▀[0m[38;2;247;148;115m[48;2;214;99;90m▀[0m[38;2;65;65;65m[48;2;247;148;115m▀[0m[38;2;65;65;65m[48;2;247;148;115m▀[0m[38;2;214;99;90m[48;2;65;65;65m▀[0m[38;2;0;0;0m[48;2;0;0;0m▀[0m  [38;2;0;0;0m[48;2;0;0;0m▀[0m[38;2;214;99;90m[48;2;181;66;58m▀[0m[38;2;0;0;0m[48;2;214;99;90m▀[0m[38;2;0;0;0m▄[38;2;0;0;0m▀[38;2;255;156;49m[48;2;0;0;0m▀[0m[38;2;255;230;41m[48;2;255;156;49m▀[0m[38;2;255;230;41m[48;2;255;230;41m▀[0m[38;2;255;74;58m[48;2;0;0;0m▀[0m[38;2;0;0;0m▀
 [38;2;0;0;0m▀[38;2;214;99;90m[48;2;0;0;0m▀[0m[38;2;247;148;115m[48;2;0;0;0m▀[0m[38;2;214;99;90m[48;2;255;255;255m▀[0m[38;2;65;65;65m[48;2;0;0;0m▀[0m[38;2;0;0;0m▀ [38;2;0;0;0m▀[38;2;189;189;189m[48;2;0;0;0m▀[0m[38;2;181;66;58m[48;2;0;0;0m▀[0m[38;2;189;189;189m[48;2;0;0;0m▀[0m[38;2;0;0;0m[48;2;0;0;0m▀[0m[38;2;214;99;90m[48;2;214;99;90m▀[0m[38;2;65;65;65m[48;2;214;99;90m▀[0m[38;2;214;181;99m[48;2;214;99;90m▀[0m[38;2;247;222;148m[48;2;65;65;65m▀[0m[38;2;65;65;65m[48;2;255;255;255m▀[0m[38;2;65;65;65m[48;2;247;148;115m▀[0m[38;2;247;148;115m[48;2;247;148;115m▀[0m[38;2;247;148;115m[48;2;181;66;58m▀[0m[38;2;181;66;58m[48;2;247;148;115m▀[0m[38;2;247;148;115m[48;2;181;66;58m▀[0m[38;2;65;65;65m[48;2;65;65;65m▀[0m[38;2;214;99;90m[48;2;214;99;90m▀[0m[38;2;214;99;90m[48;2;214;99;90m▀[0m[38;2;0;0;0m[48;2;65;65;65m▀[0m[38;2;0;0;0m▄ [38;2;0;0;0m[48;2;0;0;0m▀[0m[38;2;214;99;90m[48;2;214;99;90m▀[0m[38;2;0;0;0m[48;2;65;65;65m▀[0m[38;2;0;0;0m▄[38;2;0;0;0m[48;2;247;148;115m▀[0m[38;2;214;99;90m[48;2;247;148;115m▀[0m[38;2;0;0;0m[48;2;0;0;0m▀[0m  
    [38;2;0;0;0m▀        [38;2;0;0;0m▀[38;2;214;99;90m[48;2;0;0;0m▀[0m[38;2;214;99;90m[48;2;0;0;0m▀[0m[38;2;214;99;90m[48;2;0;0;0m▀[0m[38;2;65;65;65m[48;2;0;0;0m▀[0m[38;2;65;65;65m[48;2;214;181;99m▀[0m[38;2;255;255;255m[48;2;65;65;65m▀[0m[38;2;181;66;58m[48;2;65;65;65m▀[0m[38;2;65;65;65m[48;2;247;148;115m▀[0m[38;2;65;65;65m[48;2;247;148;115m▀[0m[38;2;247;148;115m[48;2;214;99;90m▀[0m[38;2;214;99;90m[48;2;214;99;90m▀[0m[38;2;214;99;90m[48;2;65;65;65m▀[0m[38;2;65;65;65m[48;2;214;99;90m▀[0m[38;2;214;99;90m[48;2;214;99;90m▀[0m[38;2;0;0;0m[48;2;214;99;90m▀[0m[38;2;0;0;0m[48;2;214;99;90m▀[0m[38;2;65;65;65m[48;2;247;148;115m▀[0m[38;2;247;148;115m[48;2;247;148;115m▀[0m[38;2;247;148;115m[48;2;247;148;115m▀[0m[38;2;247;148;115m[48;2;0;0;0m▀[0m[38;2;0;0;0m▀   
                  [38;2;0;0;0m▀[38;2;0;0;0m▀[38;2;214;99;90m[48;2;0;0;0m▀[0m[38;2;214;99;90m[48;2;255;255;255m▀[0m[38;2;214;99;90m[48;2;181;66;58m▀[0m[38;2;214;99;90m[48;2;189;189;189m▀[0m[38;2;214;99;90m[48;2;0;0;0m▀[0m[38;2;0;0;0m▀[38;2;0;0;0m▀[38;2;214;99;90m[48;2;0;0;0m▀[0m[38;2;214;99;90m[48;2;0;0;0m▀[0m[38;2;214;99;90m[48;2;0;0;0m▀[0m[38;2;214;99;90m[48;2;0;0;0m▀[0m[38;2;0;0;0m▀[38;2;0;0;0m▀     
                     [38;2;0;0;0m▀[38;2;0;0;0m▀[38;2;0;0;0m▀              
[0m