            [38;2;7;7;7m▄[38;2;7;7;7m[48;2;107;178;222m▀[0m[38;2;7;7;7m[48;2;7;7;7m▀[0m                           
           [38;2;7;7;7m[48;2;7;7;7m▀[0m[38;2;107;178;222m[48;2;107;178;222m▀[0m[38;2;107;178;222m[48;2;107;178;222m▀[0m[38;2;7;7;7m[48;2;7;7;7m▀[0m     [38;2;7;7;7m▄[38;2;7;7;7m[48;2;181;243;255m▀[0m[38;2;7;7;7m[48;2;7;7;7m▀[0m                   
          [38;2;7;7;7m▄[38;2;7;7;7m[48;2;107;178;222m▀[0m[38;2;107;178;222m[48;2;7;7;7m▀[0m[38;2;7;7;7m▀    [38;2;7;7;7m▄[38;2;7;7;7m[48;2;7;7;7m▀[0m[38;2;181;243;255m[48;2;181;243;255m▀[0m[38;2;181;243;255m[48;2;181;243;255m▀[0m[38;2;7;7;7m[48;2;7;7;7m▀[0m                   
         [38;2;7;7;7m[48;2;7;7;7m▀[0m[38;2;107;178;222m[48;2;107;178;222m▀[0m[38;2;107;178;222m[48;2;7;7;7m▀[0m[38;2;7;7;7m▀ [38;2;7;7;7m▄[38;2;7;7;7m▄[38;2;7;7;7m[48;2;181;243;255m▀[0m[38;2;7;7;7m[48;2;66;66;66m▀[0m[38;2;66;66;66m[48;2;181;243;255m▀[0m[38;2;181;243;255m[48;2;181;243;255m▀[0m[38;2;181;243;255m[48;2;66;66;66m▀[0m[38;2;7;7;7m[48;2;7;7;7m▀[0m                    
       [38;2;7;7;7m▄[38;2;7;7;7m[48;2;107;178;222m▀[0m[38;2;107;178;222m[48;2;107;178;222m▀[0m[38;2;107;178;222m[48;2;7;7;7m▀[0m[38;2;7;7;7m[48;2;0;157;137m▀[0m[38;2;7;7;7m▄[38;2;7;7;7m[48;2;181;243;255m▀[0m[38;2;181;243;255m[48;2;74;124;167m▀[0m[38;2;181;243;255m[48;2;66;66;66m▀[0m[38;2;66;66;66m[48;2;181;243;255m▀[0m[38;2;181;243;255m[48;2;181;243;255m▀[0m[38;2;181;243;255m[48;2;181;243;255m▀[0m[38;2;66;66;66m[48;2;66;66;66m▀[0m[38;2;60;96;126m[48;2;60;96;126m▀[0m[38;2;7;7;7m[48;2;7;7;7m▀[0m                    
      [38;2;7;7;7m▄[38;2;7;7;7m[48;2;107;178;222m▀[0m[38;2;107;178;222m[48;2;107;178;222m▀[0m[38;2;107;178;222m[48;2;66;66;66m▀[0m[38;2;66;66;66m[48;2;66;66;66m▀[0m[38;2;7;7;7m[48;2;181;243;255m▀[0m[38;2;181;243;255m[48;2;74;124;167m▀[0m[38;2;74;124;167m[48;2;74;124;167m▀[0m[38;2;66;66;66m[48;2;66;66;66m▀[0m[38;2;181;243;255m[48;2;181;243;255m▀[0m[38;2;181;243;255m[48;2;181;243;255m▀[0m[38;2;181;243;255m[48;2;66;66;66m▀[0m[38;2;66;66;66m[48;2;60;96;126m▀[0m[38;2;66;66;66m[48;2;60;96;126m▀[0m[38;2;7;7;7m[48;2;7;7;7m▀[0m                     
 [38;2;7;7;7m▄[38;2;7;7;7m▄[38;2;7;7;7m▄[38;2;7;7;7m▄[38;2;7;7;7m▄[38;2;7;7;7m[48;2;66;66;66m▀[0m[38;2;107;178;222m[48;2;107;178;222m▀[0m[38;2;107;178;222m[48;2;66;66;66m▀[0m[38;2;66;66;66m[48;2;66;66;66m▀[0m[38;2;181;243;255m[48;2;66;66;66m▀[0m[38;2;74;124;167m[48;2;66;66;66m▀[0m[38;2;74;124;167m[48;2;74;124;167m▀[0m[38;2;74;124;167m[48;2;66;66;66m▀[0m[38;2;66;66;66m[48;2;181;243;255m▀[0m[38;2;181;243;255m[48;2;181;243;255m▀[0m[38;2;66;66;66m[48;2;66;66;66m▀[0m[38;2;66;66;66m[48;2;60;96;126m▀[0m[38;2;60;96;126m[48;2;7;7;7m▀[0m[38;2;7;7;7m▀                      
[38;2;7;7;7m▀[38;2;60;96;126m[48;2;7;7;7m▀[0m[38;2;60;96;126m[48;2;7;7;7m▀[0m[38;2;60;96;126m[48;2;60;96;126m▀[0m[38;2;60;96;126m[48;2;60;96;126m▀[0m[38;2;60;96;126m[48;2;66;66;66m▀[0m[38;2;66;66;66m[48;2;181;243;255m▀[0m[38;2;66;66;66m[48;2;74;124;167m▀[0m[38;2;74;124;167m[48;2;66;66;66m▀[0m[38;2;74;124;167m[48;2;66;66;66m▀[0m[38;2;74;124;167m[48;2;66;66;66m▀[0m[38;2;74;124;167m[48;2;74;124;167m▀[0m[38;2;66;66;66m[48;2;74;124;167m▀[0m[38;2;66;66;66m[48;2;74;124;167m▀[0m[38;2;66;66;66m[48;2;74;124;167m▀[0m[38;2;66;66;66m[48;2;66;66;66m▀[0m[38;2;60;96;126m[48;2;60;96;126m▀[0m[38;2;60;96;126m[48;2;7;7;7m▀[0m[38;2;7;7;7m▀                       
   [38;2;7;7;7m▀[38;2;60;96;126m[48;2;7;7;7m▀[0m[38;2;66;66;66m[48;2;181;243;255m▀[0m[38;2;74;124;167m[48;2;41;81;123m▀[0m[38;2;74;124;167m[48;2;41;81;123m▀[0m[38;2;41;81;123m[48;2;181;243;255m▀[0m[38;2;41;81;123m[48;2;181;243;255m▀[0m[38;2;74;124;167m[48;2;66;66;66m▀[0m[38;2;66;66;66m[48;2;66;66;66m▀[0m[38;2;74;124;167m[48;2;66;66;66m▀[0m[38;2;74;124;167m[48;2;74;124;167m▀[0m[38;2;66;66;66m[48;2;66;66;66m▀[0m[38;2;66;66;66m[48;2;66;66;66m▀[0m[38;2;7;7;7m[48;2;60;96;126m▀[0m[38;2;7;7;7m▄              [38;2;7;7;7m▄[38;2;7;7;7m[48;2;113;143;164m▀[0m[38;2;7;7;7m[48;2;7;7;7m▀[0m       
     [38;2;7;7;7m[48;2;7;7;7m▀[0m[38;2;181;243;255m[48;2;107;178;222m▀[0m[38;2;181;243;255m[48;2;66;66;66m▀[0m[38;2;255;97;58m[48;2;66;66;66m▀[0m[38;2;7;7;7m[48;2;255;97;58m▀[0m[38;2;255;97;58m[48;2;66;66;66m▀[0m[38;2;66;66;66m[48;2;66;66;66m▀[0m[38;2;74;124;167m[48;2;74;124;167m▀[0m[38;2;74;124;167m[48;2;74;124;167m▀[0m[38;2;66;66;66m[48;2;66;66;66m▀[0m[38;2;60;96;126m[48;2;60;96;126m▀[0m[38;2;60;96;126m[48;2;66;66;66m▀[0m[38;2;7;7;7m[48;2;7;7;7m▀[0m          [38;2;7;7;7m▄[38;2;7;7;7m[48;2;113;143;164m▀[0m[38;2;7;7;7m▄[38;2;7;7;7m[48;2;113;143;164m▀[0m[38;2;113;143;164m[48;2;113;143;164m▀[0m[38;2;7;7;7m[48;2;7;7;7m▀[0m  [38;2;7;7;7m▄[38;2;7;7;7m▄    
    [38;2;7;7;7m[48;2;7;7;7m▀[0m[38;2;107;178;222m[48;2;66;66;66m▀[0m[38;2;107;178;222m[48;2;66;66;66m▀[0m[38;2;99;115;126m[48;2;99;115;126m▀[0m[38;2;66;66;66m[48;2;99;115;126m▀[0m[38;2;66;66;66m[48;2;66;66;66m▀[0m[38;2;66;66;66m[48;2;74;124;167m▀[0m[38;2;74;124;167m[48;2;74;124;167m▀[0m[38;2;74;124;167m[48;2;74;124;167m▀[0m[38;2;66;66;66m[48;2;66;66;66m▀[0m[38;2;74;124;167m[48;2;181;243;255m▀[0m[38;2;66;66;66m[48;2;74;124;167m▀[0m[38;2;7;7;7m[48;2;7;7;7m▀[0m       [38;2;7;7;7m▄[38;2;7;7;7m[48;2;113;143;164m▀[0m[38;2;7;7;7m▄[38;2;7;7;7m▄[38;2;7;7;7m[48;2;113;143;164m▀[0m[38;2;113;143;164m[48;2;66;66;66m▀[0m[38;2;7;7;7m[48;2;113;143;164m▀[0m[38;2;113;143;164m[48;2;74;124;167m▀[0m[38;2;7;7;7m[48;2;60;96;126m▀[0m[38;2;104;183;125m[48;2;7;7;7m▀[0m[38;2;7;7;7m[48;2;41;81;123m▀[0m[38;2;7;7;7m[48;2;113;143;164m▀[0m[38;2;113;143;164m[48;2;113;143;164m▀[0m[38;2;113;143;164m[48;2;7;7;7m▀[0m[38;2;7;7;7m▀   
    [38;2;7;7;7m▀[38;2;74;124;167m[48;2;7;7;7m▀[0m[38;2;74;124;167m[48;2;74;124;167m▀[0m[38;2;66;66;66m[48;2;74;124;167m▀[0m[38;2;66;66;66m[48;2;74;124;167m▀[0m[38;2;66;66;66m[48;2;74;124;167m▀[0m[38;2;74;124;167m[48;2;74;124;167m▀[0m[38;2;74;124;167m[48;2;66;66;66m▀[0m[38;2;66;66;66m[48;2;66;66;66m▀[0m[38;2;74;124;167m[48;2;60;96;126m▀[0m[38;2;74;124;167m[48;2;60;96;126m▀[0m[38;2;181;243;255m[48;2;181;243;255m▀[0m[38;2;60;96;126m[48;2;66;66;66m▀[0m[38;2;7;7;7m[48;2;66;66;66m▀[0m[38;2;7;7;7m▄     [38;2;7;7;7m[48;2;7;7;7m▀[0m[38;2;113;143;164m[48;2;113;143;164m▀[0m[38;2;41;81;123m[48;2;41;81;123m▀[0m[38;2;41;81;123m[48;2;74;124;167m▀[0m[38;2;113;143;164m[48;2;41;81;123m▀[0m[38;2;41;81;123m[48;2;74;124;167m▀[0m[38;2;74;124;167m[48;2;41;81;123m▀[0m[38;2;41;81;123m[48;2;60;96;126m▀[0m[38;2;66;66;66m[48;2;41;81;123m▀[0m[38;2;113;143;164m[48;2;74;124;167m▀[0m[38;2;113;143;164m[48;2;74;124;167m▀[0m[38;2;74;124;167m[48;2;66;66;66m▀[0m[38;2;7;7;7m[48;2;7;7;7m▀[0m [38;2;7;7;7m▄[38;2;7;7;7m▄[38;2;7;7;7m▄ 
      [38;2;7;7;7m▀[38;2;74;124;167m[48;2;7;7;7m▀[0m[38;2;74;124;167m[48;2;7;7;7m▀[0m[38;2;7;7;7m▀[38;2;7;7;7m▀[38;2;7;7;7m▀[38;2;60;96;126m[48;2;7;7;7m▀[0m[38;2;60;96;126m[48;2;66;66;66m▀[0m[38;2;66;66;66m[48;2;41;81;123m▀[0m[38;2;66;66;66m[48;2;74;124;167m▀[0m[38;2;74;124;167m[48;2;74;124;167m▀[0m[38;2;74;124;167m[48;2;74;124;167m▀[0m[38;2;74;124;167m[48;2;41;81;123m▀[0m[38;2;7;7;7m[48;2;41;81;123m▀[0m[38;2;7;7;7m[48;2;60;96;126m▀[0m[38;2;7;7;7m▄  [38;2;7;7;7m▀[38;2;74;124;167m[48;2;7;7;7m▀[0m[38;2;41;81;123m[48;2;41;81;123m▀[0m[38;2;74;124;167m[48;2;74;124;167m▀[0m[38;2;41;81;123m[48;2;41;81;123m▀[0m[38;2;74;124;167m[48;2;41;81;123m▀[0m[38;2;41;81;123m[48;2;66;66;66m▀[0m[38;2;41;81;123m[48;2;66;66;66m▀[0m[38;2;66;66;66m[48;2;181;243;255m▀[0m[38;2;66;66;66m[48;2;181;243;255m▀[0m[38;2;66;66;66m[48;2;66;66;66m▀[0m[38;2;113;143;164m[48;2;41;81;123m▀[0m[38;2;7;7;7m[48;2;113;143;164m▀[0m[38;2;7;7;7m[48;2;113;143;164m▀[0m[38;2;113;143;164m[48;2;113;143;164m▀[0m[38;2;113;143;164m[48;2;113;143;164m▀[0m[38;2;113;143;164m[48;2;7;7;7m▀[0m[38;2;7;7;7m▀
        [38;2;7;7;7m▄[38;2;7;7;7m▄[38;2;7;7;7m[48;2;66;146;247m▀[0m[38;2;7;7;7m[48;2;41;81;123m▀[0m[38;2;60;96;126m[48;2;74;124;167m▀[0m[38;2;74;124;167m[48;2;74;124;167m▀[0m[38;2;74;124;167m[48;2;60;96;126m▀[0m[38;2;41;81;123m[48;2;41;81;123m▀[0m[38;2;60;96;126m[48;2;41;81;123m▀[0m[38;2;41;81;123m[48;2;66;146;247m▀[0m[38;2;66;146;247m[48;2;66;146;247m▀[0m[38;2;66;146;247m[48;2;66;146;247m▀[0m[38;2;66;146;247m[48;2;41;81;123m▀[0m[38;2;7;7;7m[48;2;66;66;66m▀[0m[38;2;7;7;7m▄[38;2;7;7;7m[48;2;181;243;255m▀[0m[38;2;7;7;7m[48;2;107;178;222m▀[0m[38;2;66;66;66m[48;2;107;178;222m▀[0m[38;2;60;96;126m[48;2;66;66;66m▀[0m[38;2;41;81;123m[48;2;60;96;126m▀[0m[38;2;60;96;126m[48;2;60;96;126m▀[0m[38;2;60;96;126m[48;2;66;66;66m▀[0m[38;2;66;66;66m[48;2;181;243;255m▀[0m[38;2;181;243;255m[48;2;107;178;222m▀[0m[38;2;181;243;255m[48;2;66;66;66m▀[0m[38;2;66;66;66m[48;2;66;66;66m▀[0m[38;2;41;81;123m[48;2;60;96;126m▀[0m[38;2;74;124;167m[48;2;66;66;66m▀[0m[38;2;74;124;167m[48;2;66;66;66m▀[0m[38;2;113;143;164m[48;2;66;66;66m▀[0m[38;2;7;7;7m[48;2;7;7;7m▀[0m[38;2;7;7;7m▀  
        [38;2;7;7;7m[48;2;7;7;7m▀[0m[38;2;119;196;242m[48;2;66;146;247m▀[0m[38;2;66;146;247m[48;2;119;196;242m▀[0m[38;2;66;146;247m[48;2;66;146;247m▀[0m[38;2;41;81;123m[48;2;66;146;247m▀[0m[38;2;41;81;123m[48;2;66;146;247m▀[0m[38;2;41;81;123m[48;2;66;146;247m▀[0m[38;2;66;146;247m[48;2;41;81;123m▀[0m[38;2;66;146;247m[48;2;41;81;123m▀[0m[38;2;66;146;247m[48;2;41;81;123m▀[0m[38;2;41;81;123m[48;2;66;66;66m▀[0m[38;2;41;81;123m[48;2;66;66;66m▀[0m[38;2;66;66;66m[48;2;74;124;167m▀[0m[38;2;74;124;167m[48;2;74;124;167m▀[0m[38;2;66;66;66m[48;2;66;66;66m▀[0m[38;2;66;66;66m[48;2;74;124;167m▀[0m[38;2;181;243;255m[48;2;66;66;66m▀[0m[38;2;181;243;255m[48;2;181;243;255m▀[0m[38;2;107;178;222m[48;2;181;243;255m▀[0m[38;2;66;66;66m[48;2;107;178;222m▀[0m[38;2;74;124;167m[48;2;181;243;255m▀[0m[38;2;181;243;255m[48;2;66;66;66m▀[0m[38;2;66;66;66m[48;2;74;124;167m▀[0m[38;2;66;66;66m[48;2;74;124;167m▀[0m[38;2;60;96;126m[48;2;66;66;66m▀[0m[38;2;60;96;126m[48;2;66;66;66m▀[0m[38;2;66;66;66m[48;2;74;124;167m▀[0m[38;2;66;66;66m[48;2;74;124;167m▀[0m[38;2;74;124;167m[48;2;74;124;167m▀[0m[38;2;74;124;167m[48;2;60;96;126m▀[0m[38;2;60;96;126m[48;2;7;7;7m▀[0m[38;2;7;7;7m▀  
         [38;2;7;7;7m▀[38;2;119;196;242m[48;2;7;7;7m▀[0m[38;2;119;196;242m[48;2;119;196;242m▀[0m[38;2;66;146;247m[48;2;41;81;123m▀[0m[38;2;41;81;123m[48;2;41;81;123m▀[0m[38;2;41;81;123m[48;2;66;66;66m▀[0m[38;2;60;96;126m[48;2;66;66;66m▀[0m[38;2;66;66;66m[48;2;60;96;126m▀[0m[38;2;66;66;66m[48;2;74;124;167m▀[0m[38;2;74;124;167m[48;2;74;124;167m▀[0m[38;2;74;124;167m[48;2;66;66;66m▀[0m[38;2;74;124;167m[48;2;66;66;66m▀[0m[38;2;66;66;66m[48;2;74;124;167m▀[0m[38;2;74;124;167m[48;2;74;124;167m▀[0m[38;2;74;124;167m[48;2;74;124;167m▀[0m[38;2;60;96;126m[48;2;74;124;167m▀[0m[38;2;66;66;66m[48;2;66;66;66m▀[0m[38;2;181;243;255m[48;2;107;178;222m▀[0m[38;2;181;243;255m[48;2;181;243;255m▀[0m[38;2;107;178;222m[48;2;107;178;222m▀[0m[38;2;74;124;167m[48;2;107;178;222m▀[0m[38;2;74;124;167m[48;2;74;124;167m▀[0m[38;2;74;124;167m[48;2;74;124;167m▀[0m[38;2;74;124;167m[48;2;74;124;167m▀[0m[38;2;74;124;167m[48;2;74;124;167m▀[0m[38;2;66;66;66m[48;2;74;124;167m▀[0m[38;2;66;66;66m[48;2;66;66;66m▀[0m[38;2;60;96;126m[48;2;60;96;126m▀[0m[38;2;60;96;126m[48;2;7;7;7m▀[0m[38;2;7;7;7m▀   
    [38;2;7;7;7m▄[38;2;7;7;7m▄    [38;2;7;7;7m▄[38;2;7;7;7m[48;2;74;124;167m▀[0m[38;2;66;66;66m[48;2;74;124;167m▀[0m[38;2;66;66;66m[48;2;74;124;167m▀[0m[38;2;74;124;167m[48;2;74;124;167m▀[0m[38;2;74;124;167m[48;2;74;124;167m▀[0m[38;2;74;124;167m[48;2;66;66;66m▀[0m[38;2;74;124;167m[48;2;66;66;66m▀[0m[38;2;74;124;167m[48;2;60;96;126m▀[0m[38;2;60;96;126m[48;2;60;96;126m▀[0m[38;2;60;96;126m[48;2;60;96;126m▀[0m[38;2;74;124;167m[48;2;60;96;126m▀[0m[38;2;74;124;167m[48;2;60;96;126m▀[0m[38;2;74;124;167m[48;2;74;124;167m▀[0m[38;2;74;124;167m[48;2;60;96;126m▀[0m[38;2;60;96;126m[48;2;60;96;126m▀[0m[38;2;66;66;66m[48;2;66;66;66m▀[0m[38;2;181;243;255m[48;2;181;243;255m▀[0m[38;2;181;243;255m[48;2;181;243;255m▀[0m[38;2;107;178;222m[48;2;107;178;222m▀[0m[38;2;74;124;167m[48;2;74;124;167m▀[0m[38;2;74;124;167m[48;2;74;124;167m▀[0m[38;2;74;124;167m[48;2;74;124;167m▀[0m[38;2;74;124;167m[48;2;74;124;167m▀[0m[38;2;74;124;167m[48;2;74;124;167m▀[0m[38;2;74;124;167m[48;2;74;124;167m▀[0m[38;2;7;7;7m[48;2;7;7;7m▀[0m     
    [38;2;7;7;7m▀[38;2;181;243;255m[48;2;7;7;7m▀[0m[38;2;7;7;7m[48;2;181;243;255m▀[0m[38;2;7;7;7m[48;2;107;178;222m▀[0m[38;2;7;7;7m▄ [38;2;7;7;7m▄[38;2;7;7;7m[48;2;74;124;167m▀[0m[38;2;66;66;66m[48;2;74;124;167m▀[0m[38;2;74;124;167m[48;2;66;66;66m▀[0m[38;2;74;124;167m[48;2;66;66;66m▀[0m[38;2;60;96;126m[48;2;60;96;126m▀[0m[38;2;66;66;66m[48;2;66;66;66m▀[0m[38;2;181;243;255m[48;2;181;243;255m▀[0m[38;2;66;66;66m[48;2;107;178;222m▀[0m[38;2;60;96;126m[48;2;66;66;66m▀[0m[38;2;60;96;126m[48;2;60;96;126m▀[0m[38;2;60;96;126m[48;2;66;66;66m▀[0m[38;2;66;66;66m[48;2;74;124;167m▀[0m[38;2;74;124;167m[48;2;74;124;167m▀[0m[38;2;60;96;126m[48;2;60;96;126m▀[0m[38;2;60;96;126m[48;2;66;66;66m▀[0m[38;2;66;66;66m[48;2;107;178;222m▀[0m[38;2;181;243;255m[48;2;181;243;255m▀[0m[38;2;107;178;222m[48;2;107;178;222m▀[0m[38;2;60;96;126m[48;2;60;96;126m▀[0m[38;2;74;124;167m[48;2;60;96;126m▀[0m[38;2;74;124;167m[48;2;74;124;167m▀[0m[38;2;74;124;167m[48;2;74;124;167m▀[0m[38;2;74;124;167m[48;2;60;96;126m▀[0m[38;2;74;124;167m[48;2;60;96;126m▀[0m[38;2;60;96;126m[48;2;7;7;7m▀[0m[38;2;7;7;7m▀     
      [38;2;7;7;7m▀[38;2;181;243;255m[48;2;7;7;7m▀[0m[38;2;181;243;255m[48;2;181;243;255m▀[0m[38;2;7;7;7m[48;2;181;243;255m▀[0m[38;2;41;81;123m[48;2;107;178;222m▀[0m[38;2;74;124;167m[48;2;41;81;123m▀[0m[38;2;74;124;167m[48;2;74;124;167m▀[0m[38;2;74;124;167m[48;2;60;96;126m▀[0m[38;2;60;96;126m[48;2;60;96;126m▀[0m[38;2;66;66;66m[48;2;7;7;7m▀[0m[38;2;60;96;126m[48;2;7;7;7m▀[0m[38;2;66;66;66m[48;2;66;66;66m▀[0m[38;2;181;243;255m[48;2;181;243;255m▀[0m[38;2;66;66;66m[48;2;181;243;255m▀[0m[38;2;60;96;126m[48;2;66;66;66m▀[0m[38;2;66;66;66m[48;2;74;124;167m▀[0m[38;2;74;124;167m[48;2;74;124;167m▀[0m[38;2;74;124;167m[48;2;74;124;167m▀[0m[38;2;66;66;66m[48;2;66;66;66m▀[0m[38;2;107;178;222m[48;2;107;178;222m▀[0m[38;2;107;178;222m[48;2;7;7;7m▀[0m[38;2;7;7;7m▀[38;2;181;243;255m[48;2;7;7;7m▀[0m[38;2;66;66;66m[48;2;181;243;255m▀[0m[38;2;60;96;126m[48;2;66;66;66m▀[0m[38;2;60;96;126m[48;2;66;66;66m▀[0m[38;2;60;96;126m[48;2;60;96;126m▀[0m[38;2;60;96;126m[48;2;60;96;126m▀[0m[38;2;60;96;126m[48;2;60;96;126m▀[0m[38;2;7;7;7m[48;2;66;66;66m▀[0m[38;2;7;7;7m[48;2;60;96;126m▀[0m[38;2;7;7;7m▄    
        [38;2;7;7;7m[48;2;7;7;7m▀[0m[38;2;181;243;255m[48;2;181;243;255m▀[0m[38;2;181;243;255m[48;2;181;243;255m▀[0m[38;2;41;81;123m[48;2;41;81;123m▀[0m[38;2;74;124;167m[48;2;74;124;167m▀[0m[38;2;60;96;126m[48;2;60;96;126m▀[0m[38;2;7;7;7m[48;2;60;96;126m▀[0m[38;2;7;7;7m▄ [38;2;7;7;7m▀[38;2;66;66;66m[48;2;7;7;7m▀[0m[38;2;181;243;255m[48;2;181;243;255m▀[0m[38;2;66;66;66m[48;2;181;243;255m▀[0m[38;2;74;124;167m[48;2;66;66;66m▀[0m[38;2;74;124;167m[48;2;74;124;167m▀[0m[38;2;74;124;167m[48;2;74;124;167m▀[0m[38;2;66;66;66m[48;2;60;96;126m▀[0m[38;2;7;7;7m[48;2;7;7;7m▀[0m   [38;2;7;7;7m▀[38;2;181;243;255m[48;2;7;7;7m▀[0m[38;2;107;178;222m[48;2;181;243;255m▀[0m[38;2;66;66;66m[48;2;181;243;255m▀[0m[38;2;66;66;66m[48;2;66;66;66m▀[0m[38;2;60;96;126m[48;2;60;96;126m▀[0m[38;2;60;96;126m[48;2;113;143;164m▀[0m[38;2;113;143;164m[48;2;60;96;126m▀[0m[38;2;7;7;7m[48;2;7;7;7m▀[0m    
       [38;2;7;7;7m▄[38;2;7;7;7m[48;2;113;143;164m▀[0m[38;2;181;243;255m[48;2;41;81;123m▀[0m[38;2;41;81;123m[48;2;113;143;164m▀[0m[38;2;74;124;167m[48;2;74;124;167m▀[0m[38;2;60;96;126m[48;2;113;143;164m▀[0m[38;2;60;96;126m[48;2;60;96;126m▀[0m[38;2;60;96;126m[48;2;113;143;164m▀[0m[38;2;7;7;7m[48;2;7;7;7m▀[0m   [38;2;66;66;66m[48;2;7;7;7m▀[0m[38;2;181;243;255m[48;2;181;243;255m▀[0m[38;2;181;243;255m[48;2;181;243;255m▀[0m[38;2;41;81;123m[48;2;41;81;123m▀[0m[38;2;74;124;167m[48;2;60;96;126m▀[0m[38;2;60;96;126m[48;2;60;96;126m▀[0m[38;2;7;7;7m[48;2;60;96;126m▀[0m[38;2;7;7;7m▄   [38;2;7;7;7m▀[38;2;7;7;7m▀[38;2;181;243;255m[48;2;7;7;7m▀[0m[38;2;181;243;255m[48;2;7;7;7m▀[0m[38;2;7;7;7m[48;2;7;7;7m▀[0m[38;2;60;96;126m[48;2;113;143;164m▀[0m[38;2;113;143;164m[48;2;113;143;164m▀[0m[38;2;7;7;7m[48;2;113;143;164m▀[0m[38;2;7;7;7m▄   
       [38;2;7;7;7m[48;2;7;7;7m▀[0m[38;2;74;124;167m[48;2;113;143;164m▀[0m[38;2;113;143;164m[48;2;113;143;164m▀[0m[38;2;74;124;167m[48;2;113;143;164m▀[0m[38;2;113;143;164m[48;2;66;66;66m▀[0m[38;2;60;96;126m[48;2;113;143;164m▀[0m[38;2;113;143;164m[48;2;113;143;164m▀[0m[38;2;60;96;126m[48;2;113;143;164m▀[0m[38;2;113;143;164m[48;2;113;143;164m▀[0m[38;2;7;7;7m[48;2;7;7;7m▀[0m [38;2;7;7;7m[48;2;7;7;7m▀[0m[38;2;41;81;123m[48;2;74;124;167m▀[0m[38;2;181;243;255m[48;2;41;81;123m▀[0m[38;2;41;81;123m[48;2;74;124;167m▀[0m[38;2;74;124;167m[48;2;113;143;164m▀[0m[38;2;113;143;164m[48;2;74;124;167m▀[0m[38;2;60;96;126m[48;2;113;143;164m▀[0m[38;2;113;143;164m[48;2;60;96;126m▀[0m[38;2;7;7;7m[48;2;113;143;164m▀[0m[38;2;7;7;7m▄       [38;2;7;7;7m▀[38;2;113;143;164m[48;2;7;7;7m▀[0m[38;2;113;143;164m[48;2;113;143;164m▀[0m[38;2;7;7;7m[48;2;7;7;7m▀[0m   
       [38;2;7;7;7m[48;2;7;7;7m▀[0m[38;2;66;66;66m[48;2;113;143;164m▀[0m[38;2;113;143;164m[48;2;66;66;66m▀[0m[38;2;66;66;66m[48;2;66;66;66m▀[0m[38;2;113;143;164m[48;2;113;143;164m▀[0m[38;2;66;66;66m[48;2;113;143;164m▀[0m[38;2;113;143;164m[48;2;66;66;66m▀[0m[38;2;113;143;164m[48;2;66;66;66m▀[0m[38;2;66;66;66m[48;2;113;143;164m▀[0m[38;2;7;7;7m[48;2;7;7;7m▀[0m [38;2;7;7;7m[48;2;7;7;7m▀[0m[38;2;113;143;164m[48;2;66;66;66m▀[0m[38;2;113;143;164m[48;2;113;143;164m▀[0m[38;2;113;143;164m[48;2;113;143;164m▀[0m[38;2;113;143;164m[48;2;66;66;66m▀[0m[38;2;66;66;66m[48;2;113;143;164m▀[0m[38;2;113;143;164m[48;2;66;66;66m▀[0m[38;2;113;143;164m[48;2;113;143;164m▀[0m[38;2;113;143;164m[48;2;113;143;164m▀[0m[38;2;7;7;7m[48;2;7;7;7m▀[0m        [38;2;7;7;7m▀[38;2;113;143;164m[48;2;7;7;7m▀[0m[38;2;7;7;7m▀   
        [38;2;7;7;7m[48;2;7;7;7m▀[0m[38;2;113;143;164m[48;2;113;143;164m▀[0m[38;2;7;7;7m[48;2;7;7;7m▀[0m[38;2;113;143;164m[48;2;7;7;7m▀[0m[38;2;7;7;7m▀[38;2;66;66;66m[48;2;7;7;7m▀[0m[38;2;113;143;164m[48;2;113;143;164m▀[0m[38;2;7;7;7m[48;2;7;7;7m▀[0m   [38;2;7;7;7m[48;2;7;7;7m▀[0m[38;2;66;66;66m[48;2;113;143;164m▀[0m[38;2;66;66;66m[48;2;7;7;7m▀[0m[38;2;7;7;7m▀[38;2;113;143;164m[48;2;7;7;7m▀[0m[38;2;113;143;164m[48;2;113;143;164m▀[0m[38;2;66;66;66m[48;2;7;7;7m▀[0m[38;2;66;66;66m[48;2;113;143;164m▀[0m[38;2;113;143;164m[48;2;113;143;164m▀[0m[38;2;7;7;7m[48;2;7;7;7m▀[0m             
         [38;2;7;7;7m▀    [38;2;7;7;7m▀    [38;2;7;7;7m▀[38;2;113;143;164m[48;2;7;7;7m▀[0m[38;2;7;7;7m▀ [38;2;7;7;7m▀[38;2;7;7;7m▀ [38;2;7;7;7m▀[38;2;113;143;164m[48;2;7;7;7m▀[0m[38;2;7;7;7m▀             
[0m