      [38;2;7;7;7m▄[38;2;7;7;7m▄[38;2;7;7;7m[48;2;224;209;52m▀[0m[38;2;7;7;7m[48;2;246;232;66m▀[0m[38;2;7;7;7m[48;2;246;232;66m▀[0m[38;2;7;7;7m[48;2;246;232;66m▀[0m[38;2;7;7;7m[48;2;246;232;66m▀[0m[38;2;7;7;7m[48;2;246;232;66m▀[0m[38;2;7;7;7m▄[38;2;7;7;7m▄      
   [38;2;7;7;7m▄[38;2;7;7;7m[48;2;246;232;66m▀[0m[38;2;7;7;7m[48;2;246;232;66m▀[0m[38;2;246;232;66m[48;2;246;232;66m▀[0m[38;2;224;209;52m[48;2;224;209;52m▀[0m[38;2;246;232;66m[48;2;246;232;66m▀[0m[38;2;246;232;66m[48;2;246;232;66m▀[0m[38;2;246;232;66m[48;2;246;232;66m▀[0m[38;2;224;209;52m[48;2;246;232;66m▀[0m[38;2;246;232;66m[48;2;224;209;52m▀[0m[38;2;246;232;66m[48;2;224;209;52m▀[0m[38;2;246;232;66m[48;2;224;209;52m▀[0m[38;2;224;209;52m[48;2;246;232;66m▀[0m[38;2;7;7;7m[48;2;246;232;66m▀[0m[38;2;7;7;7m[48;2;246;232;66m▀[0m[38;2;7;7;7m▄   
  [38;2;7;7;7m[48;2;7;7;7m▀[0m[38;2;246;232;66m[48;2;224;209;52m▀[0m[38;2;246;232;66m[48;2;246;232;66m▀[0m[38;2;246;232;66m[48;2;246;232;66m▀[0m[38;2;246;232;66m[48;2;246;232;66m▀[0m[38;2;246;232;66m[48;2;246;232;66m▀[0m[38;2;224;209;52m[48;2;246;232;66m▀[0m[38;2;246;232;66m[48;2;224;209;52m▀[0m[38;2;246;232;66m[48;2;224;209;52m▀[0m[38;2;246;232;66m[48;2;246;232;66m▀[0m[38;2;246;232;66m[48;2;246;232;66m▀[0m[38;2;246;232;66m[48;2;246;232;66m▀[0m[38;2;246;232;66m[48;2;246;232;66m▀[0m[38;2;246;232;66m[48;2;246;232;66m▀[0m[38;2;246;232;66m[48;2;224;209;52m▀[0m[38;2;246;232;66m[48;2;224;209;52m▀[0m[38;2;224;209;52m[48;2;246;232;66m▀[0m[38;2;7;7;7m[48;2;7;7;7m▀[0m  
 [38;2;7;7;7m[48;2;7;7;7m▀[0m[38;2;246;232;66m[48;2;211;195;41m▀[0m[38;2;224;209;52m[48;2;246;232;66m▀[0m[38;2;224;209;52m[48;2;246;232;66m▀[0m[38;2;246;232;66m[48;2;246;232;66m▀[0m[38;2;246;232;66m[48;2;246;232;66m▀[0m[38;2;246;232;66m[48;2;246;232;66m▀[0m[38;2;246;232;66m[48;2;246;232;66m▀[0m[38;2;246;232;66m[48;2;246;232;66m▀[0m[38;2;246;232;66m[48;2;246;232;66m▀[0m[38;2;246;232;66m[48;2;246;232;66m▀[0m[38;2;246;232;66m[48;2;246;232;66m▀[0m[38;2;224;209;52m[48;2;246;232;66m▀[0m[38;2;224;209;52m[48;2;246;232;66m▀[0m[38;2;224;209;52m[48;2;246;232;66m▀[0m[38;2;246;232;66m[48;2;246;232;66m▀[0m[38;2;246;232;66m[48;2;246;232;66m▀[0m[38;2;246;232;66m[48;2;246;232;66m▀[0m[38;2;224;209;52m[48;2;224;209;52m▀[0m[38;2;7;7;7m[48;2;7;7;7m▀[0m 
[38;2;7;7;7m[48;2;7;7;7m▀[0m[38;2;246;232;66m[48;2;246;232;66m▀[0m[38;2;211;195;41m[48;2;224;209;52m▀[0m[38;2;246;232;66m[48;2;211;195;41m▀[0m[38;2;246;232;66m[48;2;246;232;66m▀[0m[38;2;246;232;66m[48;2;246;232;66m▀[0m[38;2;246;232;66m[48;2;246;232;66m▀[0m[38;2;224;209;52m[48;2;246;232;66m▀[0m[38;2;246;232;66m[48;2;224;209;52m▀[0m[38;2;246;232;66m[48;2;224;209;52m▀[0m[38;2;246;232;66m[48;2;246;232;66m▀[0m[38;2;246;232;66m[48;2;211;195;41m▀[0m[38;2;211;195;41m[48;2;246;232;66m▀[0m[38;2;246;232;66m[48;2;211;195;41m▀[0m[38;2;246;232;66m[48;2;246;232;66m▀[0m[38;2;246;232;66m[48;2;246;232;66m▀[0m[38;2;246;232;66m[48;2;246;232;66m▀[0m[38;2;246;232;66m[48;2;246;232;66m▀[0m[38;2;246;232;66m[48;2;224;209;52m▀[0m[38;2;224;209;52m[48;2;224;209;52m▀[0m[38;2;224;209;52m[48;2;224;209;52m▀[0m[38;2;7;7;7m[48;2;7;7;7m▀[0m
[38;2;7;7;7m[48;2;7;7;7m▀[0m[38;2;224;209;52m[48;2;250;215;50m▀[0m[38;2;246;232;66m[48;2;246;232;66m▀[0m[38;2;167;163;18m[48;2;167;163;18m▀[0m[38;2;224;209;52m[48;2;211;195;41m▀[0m[38;2;246;232;66m[48;2;246;232;66m▀[0m[38;2;211;195;41m[48;2;224;209;52m▀[0m[38;2;246;232;66m[48;2;211;195;41m▀[0m[38;2;246;232;66m[48;2;211;195;41m▀[0m[38;2;211;195;41m[48;2;224;209;52m▀[0m[38;2;211;195;41m[48;2;246;232;66m▀[0m[38;2;224;209;52m[48;2;246;232;66m▀[0m[38;2;246;232;66m[48;2;224;209;52m▀[0m[38;2;211;195;41m[48;2;211;195;41m▀[0m[38;2;246;232;66m[48;2;224;209;52m▀[0m[38;2;246;232;66m[48;2;246;232;66m▀[0m[38;2;246;232;66m[48;2;246;232;66m▀[0m[38;2;246;232;66m[48;2;224;209;52m▀[0m[38;2;224;209;52m[48;2;224;209;52m▀[0m[38;2;224;209;52m[48;2;228;195;46m▀[0m[38;2;234;175;38m[48;2;234;175;38m▀[0m[38;2;7;7;7m[48;2;7;7;7m▀[0m
[38;2;7;7;7m[48;2;7;7;7m▀[0m[38;2;255;190;26m[48;2;255;190;26m▀[0m[38;2;250;215;50m[48;2;255;190;26m▀[0m[38;2;211;195;41m[48;2;250;215;50m▀[0m[38;2;246;232;66m[48;2;224;209;52m▀[0m[38;2;246;232;66m[48;2;246;232;66m▀[0m[38;2;211;195;41m[48;2;224;209;52m▀[0m[38;2;246;232;66m[48;2;211;195;41m▀[0m[38;2;246;232;66m[48;2;224;209;52m▀[0m[38;2;167;163;18m[48;2;167;163;18m▀[0m[38;2;246;232;66m[48;2;246;232;66m▀[0m[38;2;246;232;66m[48;2;211;195;41m▀[0m[38;2;211;195;41m[48;2;211;195;41m▀[0m[38;2;246;232;66m[48;2;246;232;66m▀[0m[38;2;246;232;66m[48;2;246;232;66m▀[0m[38;2;224;209;52m[48;2;246;232;66m▀[0m[38;2;224;209;52m[48;2;224;209;52m▀[0m[38;2;224;209;52m[48;2;228;195;46m▀[0m[38;2;228;195;46m[48;2;234;175;38m▀[0m[38;2;234;175;38m[48;2;234;175;38m▀[0m[38;2;234;175;38m[48;2;234;175;38m▀[0m[38;2;7;7;7m[48;2;7;7;7m▀[0m
 [38;2;7;7;7m[48;2;7;7;7m▀[0m[38;2;188;184;38m[48;2;252;248;103m▀[0m[38;2;188;184;38m[48;2;252;248;103m▀[0m[38;2;250;215;50m[48;2;231;227;82m▀[0m[38;2;224;209;52m[48;2;188;184;38m▀[0m[38;2;246;232;66m[48;2;255;190;26m▀[0m[38;2;246;232;66m[48;2;250;215;50m▀[0m[38;2;211;195;41m[48;2;250;215;50m▀[0m[38;2;211;195;41m[48;2;250;215;50m▀[0m[38;2;211;195;41m[48;2;250;215;50m▀[0m[38;2;246;232;66m[48;2;228;195;46m▀[0m[38;2;246;232;66m[48;2;228;195;46m▀[0m[38;2;246;232;66m[48;2;228;195;46m▀[0m[38;2;224;209;52m[48;2;228;195;46m▀[0m[38;2;224;209;52m[48;2;234;175;38m▀[0m[38;2;228;195;46m[48;2;234;175;38m▀[0m[38;2;234;175;38m[48;2;234;175;38m▀[0m[38;2;234;175;38m[48;2;234;175;38m▀[0m[38;2;234;175;38m[48;2;234;175;38m▀[0m[38;2;7;7;7m[48;2;7;7;7m▀[0m 
  [38;2;7;7;7m[48;2;7;7;7m▀[0m[38;2;252;248;103m[48;2;188;184;38m▀[0m[38;2;252;248;103m[48;2;188;184;38m▀[0m[38;2;231;227;82m[48;2;231;227;82m▀[0m[38;2;188;184;38m[48;2;252;248;103m▀[0m[38;2;255;190;26m[48;2;188;184;38m▀[0m[38;2;255;190;26m[48;2;255;190;26m▀[0m[38;2;255;190;26m[48;2;255;190;26m▀[0m[38;2;255;190;26m[48;2;255;190;26m▀[0m[38;2;255;190;26m[48;2;255;190;26m▀[0m[38;2;234;175;38m[48;2;234;175;38m▀[0m[38;2;234;175;38m[48;2;234;175;38m▀[0m[38;2;234;175;38m[48;2;234;175;38m▀[0m[38;2;234;175;38m[48;2;234;175;38m▀[0m[38;2;234;175;38m[48;2;234;175;38m▀[0m[38;2;234;175;38m[48;2;234;175;38m▀[0m[38;2;234;175;38m[48;2;234;175;38m▀[0m[38;2;7;7;7m[48;2;7;7;7m▀[0m  
   [38;2;7;7;7m▀[38;2;234;175;38m[48;2;7;7;7m▀[0m[38;2;188;184;38m[48;2;7;7;7m▀[0m[38;2;188;184;38m[48;2;234;175;38m▀[0m[38;2;252;248;103m[48;2;188;184;38m▀[0m[38;2;188;184;38m[48;2;188;184;38m▀[0m[38;2;255;190;26m[48;2;234;175;38m▀[0m[38;2;255;190;26m[48;2;234;175;38m▀[0m[38;2;234;175;38m[48;2;234;175;38m▀[0m[38;2;234;175;38m[48;2;234;175;38m▀[0m[38;2;234;175;38m[48;2;234;175;38m▀[0m[38;2;234;175;38m[48;2;234;175;38m▀[0m[38;2;234;175;38m[48;2;234;175;38m▀[0m[38;2;234;175;38m[48;2;7;7;7m▀[0m[38;2;234;175;38m[48;2;7;7;7m▀[0m[38;2;7;7;7m▀   
      [38;2;7;7;7m▀[38;2;7;7;7m▀[38;2;234;175;38m[48;2;7;7;7m▀[0m[38;2;188;184;38m[48;2;7;7;7m▀[0m[38;2;234;175;38m[48;2;7;7;7m▀[0m[38;2;234;175;38m[48;2;7;7;7m▀[0m[38;2;234;175;38m[48;2;7;7;7m▀[0m[38;2;234;175;38m[48;2;7;7;7m▀[0m[38;2;7;7;7m▀[38;2;7;7;7m▀      
[0m