      [38;2;7;7;7m▄[38;2;7;7;7m▄[38;2;7;7;7m[48;2;168;137;104m▀[0m[38;2;7;7;7m[48;2;230;201;145m▀[0m[38;2;7;7;7m[48;2;230;201;145m▀[0m[38;2;7;7;7m[48;2;230;201;145m▀[0m[38;2;7;7;7m[48;2;230;201;145m▀[0m[38;2;7;7;7m[48;2;230;201;145m▀[0m[38;2;7;7;7m▄[38;2;7;7;7m▄      
   [38;2;7;7;7m▄[38;2;7;7;7m[48;2;230;201;145m▀[0m[38;2;7;7;7m[48;2;230;201;145m▀[0m[38;2;230;201;145m[48;2;230;201;145m▀[0m[38;2;168;137;104m[48;2;168;137;104m▀[0m[38;2;230;201;145m[48;2;230;201;145m▀[0m[38;2;230;201;145m[48;2;230;201;145m▀[0m[38;2;230;201;145m[48;2;230;201;145m▀[0m[38;2;168;137;104m[48;2;230;201;145m▀[0m[38;2;230;201;145m[48;2;168;137;104m▀[0m[38;2;230;201;145m[48;2;168;137;104m▀[0m[38;2;230;201;145m[48;2;168;137;104m▀[0m[38;2;168;137;104m[48;2;230;201;145m▀[0m[38;2;7;7;7m[48;2;230;201;145m▀[0m[38;2;7;7;7m[48;2;230;201;145m▀[0m[38;2;7;7;7m▄   
  [38;2;7;7;7m[48;2;7;7;7m▀[0m[38;2;230;201;145m[48;2;168;137;104m▀[0m[38;2;230;201;145m[48;2;230;201;145m▀[0m[38;2;230;201;145m[48;2;230;201;145m▀[0m[38;2;230;201;145m[48;2;230;201;145m▀[0m[38;2;230;201;145m[48;2;230;201;145m▀[0m[38;2;168;137;104m[48;2;230;201;145m▀[0m[38;2;230;201;145m[48;2;168;137;104m▀[0m[38;2;230;201;145m[48;2;168;137;104m▀[0m[38;2;230;201;145m[48;2;230;201;145m▀[0m[38;2;230;201;145m[48;2;230;201;145m▀[0m[38;2;230;201;145m[48;2;230;201;145m▀[0m[38;2;230;201;145m[48;2;230;201;145m▀[0m[38;2;230;201;145m[48;2;230;201;145m▀[0m[38;2;230;201;145m[48;2;168;137;104m▀[0m[38;2;230;201;145m[48;2;168;137;104m▀[0m[38;2;168;137;104m[48;2;230;201;145m▀[0m[38;2;7;7;7m[48;2;7;7;7m▀[0m  
 [38;2;7;7;7m[48;2;7;7;7m▀[0m[38;2;230;201;145m[48;2;133;97;73m▀[0m[38;2;168;137;104m[48;2;230;201;145m▀[0m[38;2;168;137;104m[48;2;230;201;145m▀[0m[38;2;230;201;145m[48;2;230;201;145m▀[0m[38;2;230;201;145m[48;2;230;201;145m▀[0m[38;2;230;201;145m[48;2;230;201;145m▀[0m[38;2;230;201;145m[48;2;230;201;145m▀[0m[38;2;230;201;145m[48;2;230;201;145m▀[0m[38;2;230;201;145m[48;2;230;201;145m▀[0m[38;2;230;201;145m[48;2;230;201;145m▀[0m[38;2;230;201;145m[48;2;230;201;145m▀[0m[38;2;168;137;104m[48;2;230;201;145m▀[0m[38;2;168;137;104m[48;2;230;201;145m▀[0m[38;2;168;137;104m[48;2;230;201;145m▀[0m[38;2;230;201;145m[48;2;230;201;145m▀[0m[38;2;230;201;145m[48;2;230;201;145m▀[0m[38;2;230;201;145m[48;2;230;201;145m▀[0m[38;2;168;137;104m[48;2;168;137;104m▀[0m[38;2;7;7;7m[48;2;7;7;7m▀[0m 
[38;2;7;7;7m[48;2;7;7;7m▀[0m[38;2;230;201;145m[48;2;230;201;145m▀[0m[38;2;133;97;73m[48;2;168;137;104m▀[0m[38;2;230;201;145m[48;2;133;97;73m▀[0m[38;2;230;201;145m[48;2;230;201;145m▀[0m[38;2;230;201;145m[48;2;230;201;145m▀[0m[38;2;230;201;145m[48;2;230;201;145m▀[0m[38;2;168;137;104m[48;2;230;201;145m▀[0m[38;2;230;201;145m[48;2;168;137;104m▀[0m[38;2;230;201;145m[48;2;168;137;104m▀[0m[38;2;230;201;145m[48;2;230;201;145m▀[0m[38;2;230;201;145m[48;2;133;97;73m▀[0m[38;2;133;97;73m[48;2;230;201;145m▀[0m[38;2;230;201;145m[48;2;133;97;73m▀[0m[38;2;230;201;145m[48;2;230;201;145m▀[0m[38;2;230;201;145m[48;2;230;201;145m▀[0m[38;2;230;201;145m[48;2;230;201;145m▀[0m[38;2;230;201;145m[48;2;230;201;145m▀[0m[38;2;230;201;145m[48;2;168;137;104m▀[0m[38;2;168;137;104m[48;2;168;137;104m▀[0m[38;2;168;137;104m[48;2;168;137;104m▀[0m[38;2;7;7;7m[48;2;7;7;7m▀[0m
[38;2;7;7;7m[48;2;7;7;7m▀[0m[38;2;168;137;104m[48;2;241;153;99m▀[0m[38;2;230;201;145m[48;2;230;201;145m▀[0m[38;2;7;7;7m[48;2;7;7;7m▀[0m[38;2;168;137;104m[48;2;133;97;73m▀[0m[38;2;230;201;145m[48;2;230;201;145m▀[0m[38;2;133;97;73m[48;2;168;137;104m▀[0m[38;2;230;201;145m[48;2;133;97;73m▀[0m[38;2;230;201;145m[48;2;133;97;73m▀[0m[38;2;133;97;73m[48;2;168;137;104m▀[0m[38;2;133;97;73m[48;2;230;201;145m▀[0m[38;2;168;137;104m[48;2;230;201;145m▀[0m[38;2;230;201;145m[48;2;168;137;104m▀[0m[38;2;133;97;73m[48;2;133;97;73m▀[0m[38;2;230;201;145m[48;2;168;137;104m▀[0m[38;2;230;201;145m[48;2;230;201;145m▀[0m[38;2;230;201;145m[48;2;230;201;145m▀[0m[38;2;230;201;145m[48;2;168;137;104m▀[0m[38;2;168;137;104m[48;2;168;137;104m▀[0m[38;2;168;137;104m[48;2;180;98;88m▀[0m[38;2;197;41;65m[48;2;197;41;65m▀[0m[38;2;7;7;7m[48;2;7;7;7m▀[0m
[38;2;7;7;7m[48;2;7;7;7m▀[0m[38;2;255;82;32m[48;2;255;82;32m▀[0m[38;2;241;153;99m[48;2;255;82;32m▀[0m[38;2;133;97;73m[48;2;241;153;99m▀[0m[38;2;230;201;145m[48;2;168;137;104m▀[0m[38;2;230;201;145m[48;2;230;201;145m▀[0m[38;2;133;97;73m[48;2;168;137;104m▀[0m[38;2;230;201;145m[48;2;133;97;73m▀[0m[38;2;230;201;145m[48;2;168;137;104m▀[0m[38;2;7;7;7m[48;2;7;7;7m▀[0m[38;2;230;201;145m[48;2;230;201;145m▀[0m[38;2;230;201;145m[48;2;133;97;73m▀[0m[38;2;133;97;73m[48;2;133;97;73m▀[0m[38;2;230;201;145m[48;2;230;201;145m▀[0m[38;2;230;201;145m[48;2;230;201;145m▀[0m[38;2;168;137;104m[48;2;230;201;145m▀[0m[38;2;168;137;104m[48;2;168;137;104m▀[0m[38;2;168;137;104m[48;2;180;98;88m▀[0m[38;2;180;98;88m[48;2;197;41;65m▀[0m[38;2;197;41;65m[48;2;197;41;65m▀[0m[38;2;197;41;65m[48;2;197;41;65m▀[0m[38;2;7;7;7m[48;2;7;7;7m▀[0m
 [38;2;7;7;7m[48;2;7;7;7m▀[0m[38;2;66;66;66m[48;2;248;248;248m▀[0m[38;2;66;66;66m[48;2;248;248;248m▀[0m[38;2;241;153;99m[48;2;189;189;189m▀[0m[38;2;168;137;104m[48;2;66;66;66m▀[0m[38;2;230;201;145m[48;2;255;82;32m▀[0m[38;2;230;201;145m[48;2;241;153;99m▀[0m[38;2;133;97;73m[48;2;241;153;99m▀[0m[38;2;133;97;73m[48;2;241;153;99m▀[0m[38;2;133;97;73m[48;2;241;153;99m▀[0m[38;2;230;201;145m[48;2;180;98;88m▀[0m[38;2;230;201;145m[48;2;180;98;88m▀[0m[38;2;230;201;145m[48;2;180;98;88m▀[0m[38;2;168;137;104m[48;2;180;98;88m▀[0m[38;2;168;137;104m[48;2;197;41;65m▀[0m[38;2;180;98;88m[48;2;197;41;65m▀[0m[38;2;197;41;65m[48;2;197;41;65m▀[0m[38;2;197;41;65m[48;2;197;41;65m▀[0m[38;2;197;41;65m[48;2;197;41;65m▀[0m[38;2;7;7;7m[48;2;7;7;7m▀[0m 
  [38;2;7;7;7m[48;2;7;7;7m▀[0m[38;2;248;248;248m[48;2;66;66;66m▀[0m[38;2;248;248;248m[48;2;66;66;66m▀[0m[38;2;189;189;189m[48;2;189;189;189m▀[0m[38;2;66;66;66m[48;2;248;248;248m▀[0m[38;2;255;82;32m[48;2;66;66;66m▀[0m[38;2;255;82;32m[48;2;255;82;32m▀[0m[38;2;255;82;32m[48;2;255;82;32m▀[0m[38;2;255;82;32m[48;2;255;82;32m▀[0m[38;2;255;82;32m[48;2;255;82;32m▀[0m[38;2;197;41;65m[48;2;197;41;65m▀[0m[38;2;197;41;65m[48;2;197;41;65m▀[0m[38;2;197;41;65m[48;2;197;41;65m▀[0m[38;2;197;41;65m[48;2;197;41;65m▀[0m[38;2;197;41;65m[48;2;197;41;65m▀[0m[38;2;197;41;65m[48;2;197;41;65m▀[0m[38;2;197;41;65m[48;2;197;41;65m▀[0m[38;2;7;7;7m[48;2;7;7;7m▀[0m  
   [38;2;7;7;7m▀[38;2;197;41;65m[48;2;7;7;7m▀[0m[38;2;66;66;66m[48;2;7;7;7m▀[0m[38;2;66;66;66m[48;2;197;41;65m▀[0m[38;2;248;248;248m[48;2;66;66;66m▀[0m[38;2;66;66;66m[48;2;66;66;66m▀[0m[38;2;255;82;32m[48;2;197;41;65m▀[0m[38;2;255;82;32m[48;2;197;41;65m▀[0m[38;2;197;41;65m[48;2;197;41;65m▀[0m[38;2;197;41;65m[48;2;197;41;65m▀[0m[38;2;197;41;65m[48;2;197;41;65m▀[0m[38;2;197;41;65m[48;2;197;41;65m▀[0m[38;2;197;41;65m[48;2;197;41;65m▀[0m[38;2;197;41;65m[48;2;7;7;7m▀[0m[38;2;197;41;65m[48;2;7;7;7m▀[0m[38;2;7;7;7m▀   
      [38;2;7;7;7m▀[38;2;7;7;7m▀[38;2;197;41;65m[48;2;7;7;7m▀[0m[38;2;66;66;66m[48;2;7;7;7m▀[0m[38;2;197;41;65m[48;2;7;7;7m▀[0m[38;2;197;41;65m[48;2;7;7;7m▀[0m[38;2;197;41;65m[48;2;7;7;7m▀[0m[38;2;197;41;65m[48;2;7;7;7m▀[0m[38;2;7;7;7m▀[38;2;7;7;7m▀      
[0m