    [38;2;0;0;0m▄[38;2;0;0;0m[48;2;255;255;255m▀[0m[38;2;0;0;0m[48;2;255;255;255m▀[0m[38;2;0;0;0m▄  [38;2;0;0;0m▄[38;2;0;0;0m▄[38;2;0;0;0m▄  [38;2;0;0;0m▄[38;2;0;0;0m▄         
 [38;2;0;0;0m▄[38;2;0;0;0m[48;2;255;255;255m▀[0m[38;2;0;0;0m[48;2;255;255;255m▀[0m[38;2;255;123;239m[48;2;255;255;255m▀[0m[38;2;255;255;255m[48;2;165;165;165m▀[0m[38;2;165;165;165m[48;2;206;206;206m▀[0m[38;2;165;165;165m[48;2;65;65;65m▀[0m[38;2;0;0;0m[48;2;115;115;115m▀[0m[38;2;0;0;0m[48;2;255;255;255m▀[0m[38;2;255;255;255m[48;2;107;173;255m▀[0m[38;2;255;255;255m[48;2;255;123;239m▀[0m[38;2;255;255;255m[48;2;255;255;255m▀[0m[38;2;0;0;0m[48;2;255;255;255m▀[0m[38;2;0;0;0m[48;2;65;65;65m▀[0m[38;2;255;255;255m[48;2;255;255;255m▀[0m[38;2;255;255;255m[48;2;255;255;255m▀[0m[38;2;0;0;0m[48;2;255;123;239m▀[0m[38;2;0;0;0m[48;2;255;255;255m▀[0m[38;2;0;0;0m▄      
[38;2;0;0;0m▄[38;2;0;0;0m[48;2;255;255;255m▀[0m[38;2;255;123;239m[48;2;65;65;65m▀[0m[38;2;255;255;255m[48;2;65;65;65m▀[0m[38;2;65;65;65m[48;2;255;255;255m▀[0m[38;2;255;255;255m[48;2;65;65;65m▀[0m[38;2;65;65;65m[48;2;66;189;148m▀[0m[38;2;66;189;148m[48;2;49;140;107m▀[0m[38;2;65;65;65m[48;2;65;65;65m▀[0m[38;2;255;255;255m[48;2;65;65;65m▀[0m[38;2;255;255;255m[48;2;65;65;65m▀[0m[38;2;255;123;239m[48;2;255;255;255m▀[0m[38;2;255;123;239m[48;2;65;65;65m▀[0m[38;2;65;65;65m[48;2;66;189;148m▀[0m[38;2;255;255;255m[48;2;65;65;65m▀[0m[38;2;165;165;165m[48;2;255;255;255m▀[0m[38;2;255;255;255m[48;2;165;165;165m▀[0m[38;2;255;255;255m[48;2;165;165;165m▀[0m[38;2;255;255;255m[48;2;255;255;255m▀[0m[38;2;0;0;0m[48;2;255;123;239m▀[0m[38;2;0;0;0m▄     
[38;2;0;0;0m▀[38;2;65;65;65m[48;2;0;0;0m▀[0m[38;2;206;206;206m[48;2;206;206;206m▀[0m[38;2;255;255;255m[48;2;206;206;206m▀[0m[38;2;206;206;206m[48;2;65;65;65m▀[0m[38;2;65;65;65m[48;2;66;189;148m▀[0m[38;2;49;140;107m[48;2;49;140;107m▀[0m[38;2;65;65;65m[48;2;255;255;255m▀[0m[38;2;255;255;255m[48;2;255;255;255m▀[0m[38;2;255;255;255m[48;2;206;206;206m▀[0m[38;2;255;255;255m[48;2;206;206;206m▀[0m[38;2;65;65;65m[48;2;206;206;206m▀[0m[38;2;65;65;65m[48;2;49;140;107m▀[0m[38;2;66;189;148m[48;2;66;189;148m▀[0m[38;2;65;65;65m[48;2;65;65;65m▀[0m[38;2;255;255;255m[48;2;255;255;255m▀[0m[38;2;255;255;255m[48;2;255;255;255m▀[0m[38;2;255;255;255m[48;2;255;255;255m▀[0m[38;2;165;165;165m[48;2;165;165;165m▀[0m[38;2;255;255;255m[48;2;255;255;255m▀[0m[38;2;255;255;255m[48;2;255;255;255m▀[0m[38;2;0;0;0m[48;2;0;0;0m▀[0m    
[38;2;0;0;0m▄[38;2;0;0;0m[48;2;255;255;255m▀[0m[38;2;206;206;206m[48;2;65;65;65m▀[0m[38;2;65;65;65m[48;2;206;206;206m▀[0m[38;2;65;65;65m[48;2;255;255;255m▀[0m[38;2;49;140;107m[48;2;49;140;107m▀[0m[38;2;255;255;255m[48;2;255;255;255m▀[0m[38;2;255;255;255m[48;2;206;206;206m▀[0m[38;2;206;206;206m[48;2;255;255;255m▀[0m[38;2;255;255;255m[48;2;49;140;107m▀[0m[38;2;255;255;255m[48;2;49;140;107m▀[0m[38;2;49;140;107m[48;2;66;189;148m▀[0m[38;2;66;189;148m[48;2;115;115;115m▀[0m[38;2;65;65;65m[48;2;65;65;65m▀[0m[38;2;206;206;206m[48;2;255;255;255m▀[0m[38;2;255;255;255m[48;2;255;255;255m▀[0m[38;2;255;255;255m[48;2;107;173;255m▀[0m[38;2;206;206;206m[48;2;255;255;255m▀[0m[38;2;65;65;65m[48;2;255;255;255m▀[0m[38;2;206;206;206m[48;2;65;65;65m▀[0m[38;2;255;123;239m[48;2;255;255;255m▀[0m[38;2;0;0;0m[48;2;255;255;255m▀[0m[38;2;0;0;0m▄   
[38;2;0;0;0m[48;2;0;0;0m▀[0m[38;2;65;65;65m[48;2;255;255;255m▀[0m[38;2;255;255;255m[48;2;65;65;65m▀[0m[38;2;255;255;255m[48;2;65;65;65m▀[0m[38;2;165;165;165m[48;2;65;65;65m▀[0m[38;2;65;65;65m[48;2;255;255;255m▀[0m[38;2;255;255;255m[48;2;255;255;255m▀[0m[38;2;255;255;255m[48;2;255;255;255m▀[0m[38;2;49;140;107m[48;2;65;65;65m▀[0m[38;2;66;189;148m[48;2;0;0;0m▀[0m[38;2;66;189;148m[48;2;255;255;255m▀[0m[38;2;255;255;255m[48;2;165;165;165m▀[0m[38;2;206;206;206m[48;2;65;65;65m▀[0m[38;2;255;255;255m[48;2;255;255;255m▀[0m[38;2;65;65;65m[48;2;255;255;255m▀[0m[38;2;255;255;255m[48;2;65;65;65m▀[0m[38;2;255;255;255m[48;2;165;165;165m▀[0m[38;2;255;255;255m[48;2;165;165;165m▀[0m[38;2;206;206;206m[48;2;65;65;65m▀[0m[38;2;65;65;65m[48;2;0;0;0m▀[0m[38;2;0;0;0m▀[38;2;255;255;255m[48;2;0;0;0m▀[0m[38;2;0;0;0m▀   
 [38;2;0;0;0m[48;2;0;0;0m▀[0m[38;2;165;165;165m[48;2;255;255;255m▀[0m[38;2;115;115;115m[48;2;165;165;165m▀[0m[38;2;255;255;255m[48;2;255;255;255m▀[0m[38;2;65;65;65m[48;2;255;255;255m▀[0m[38;2;165;165;165m[48;2;65;65;65m▀[0m[38;2;255;255;255m[48;2;65;65;65m▀[0m[38;2;255;255;255m[48;2;65;65;65m▀[0m[38;2;206;206;206m[48;2;165;165;165m▀[0m[38;2;115;115;115m[48;2;255;255;255m▀[0m[38;2;115;115;115m[48;2;255;255;255m▀[0m[38;2;206;206;206m[48;2;255;255;255m▀[0m[38;2;65;65;65m[48;2;65;65;65m▀[0m[38;2;255;255;255m[48;2;255;255;255m▀[0m[38;2;255;255;255m[48;2;255;255;255m▀[0m[38;2;65;65;65m[48;2;65;65;65m▀[0m[38;2;255;255;255m[48;2;255;123;239m▀[0m[38;2;255;255;255m[48;2;255;255;255m▀[0m[38;2;0;0;0m[48;2;255;255;255m▀[0m[38;2;0;0;0m▄  [38;2;0;0;0m▄[38;2;0;0;0m[48;2;66;189;148m▀[0m[38;2;0;0;0m[48;2;0;0;0m▀[0m
[38;2;0;0;0m[48;2;0;0;0m▀[0m[38;2;255;123;239m[48;2;255;255;255m▀[0m[38;2;255;255;255m[48;2;0;0;0m▀[0m[38;2;65;65;65m[48;2;0;0;0m▀[0m[38;2;165;165;165m[48;2;65;65;65m▀[0m[38;2;255;255;255m[48;2;65;65;65m▀[0m[38;2;255;255;255m[48;2;206;206;206m▀[0m[38;2;255;255;255m[48;2;41;90;66m▀[0m[38;2;255;255;255m[48;2;65;65;65m▀[0m[38;2;255;255;255m[48;2;65;65;65m▀[0m[38;2;255;255;255m[48;2;255;255;255m▀[0m[38;2;107;173;255m[48;2;255;255;255m▀[0m[38;2;255;255;255m[48;2;65;65;65m▀[0m[38;2;255;255;255m[48;2;0;0;0m▀[0m[38;2;0;0;0m▀[38;2;65;65;65m[48;2;0;0;0m▀[0m[38;2;255;255;255m[48;2;206;206;206m▀[0m[38;2;255;255;255m[48;2;255;255;255m▀[0m[38;2;255;255;255m[48;2;255;255;255m▀[0m[38;2;206;206;206m[48;2;255;123;239m▀[0m[38;2;0;0;0m[48;2;0;0;0m▀[0m[38;2;0;0;0m▄[38;2;0;0;0m▄[38;2;0;0;0m[48;2;66;189;148m▀[0m[38;2;66;189;148m[48;2;0;0;0m▀[0m[38;2;0;0;0m▀
 [38;2;0;0;0m▀ [38;2;0;0;0m▀[38;2;255;255;255m[48;2;0;0;0m▀[0m[38;2;206;206;206m[48;2;65;65;65m▀[0m[38;2;41;90;66m[48;2;49;140;107m▀[0m[38;2;41;90;66m[48;2;41;90;66m▀[0m[38;2;65;65;65m[48;2;66;189;148m▀[0m[38;2;66;189;148m[48;2;66;189;148m▀[0m[38;2;65;65;65m[48;2;65;65;65m▀[0m[38;2;206;206;206m[48;2;255;255;255m▀[0m[38;2;0;0;0m[48;2;255;255;255m▀[0m[38;2;0;0;0m▄  [38;2;0;0;0m[48;2;0;0;0m▀[0m[38;2;255;255;255m[48;2;255;255;255m▀[0m[38;2;206;206;206m[48;2;41;90;66m▀[0m[38;2;41;90;66m[48;2;66;189;148m▀[0m[38;2;66;189;148m[48;2;66;189;148m▀[0m[38;2;66;189;148m[48;2;49;140;107m▀[0m[38;2;49;140;107m[48;2;66;189;148m▀[0m[38;2;0;0;0m[48;2;0;0;0m▀[0m  
     [38;2;0;0;0m[48;2;0;0;0m▀[0m[38;2;49;140;107m[48;2;49;140;107m▀[0m[38;2;49;140;107m[48;2;49;140;107m▀[0m[38;2;41;90;66m[48;2;49;140;107m▀[0m[38;2;66;189;148m[48;2;41;90;66m▀[0m[38;2;66;189;148m[48;2;41;90;66m▀[0m[38;2;65;65;65m[48;2;49;140;107m▀[0m[38;2;255;255;255m[48;2;41;90;66m▀[0m[38;2;255;255;255m[48;2;41;90;66m▀[0m[38;2;0;0;0m[48;2;41;90;66m▀[0m[38;2;0;0;0m[48;2;49;140;107m▀[0m[38;2;41;90;66m[48;2;41;90;66m▀[0m[38;2;255;123;239m[48;2;41;90;66m▀[0m[38;2;41;90;66m[48;2;49;140;107m▀[0m[38;2;49;140;107m[48;2;66;189;148m▀[0m[38;2;49;140;107m[48;2;66;189;148m▀[0m[38;2;66;189;148m[48;2;0;0;0m▀[0m[38;2;0;0;0m▀   
      [38;2;0;0;0m▀[38;2;0;0;0m▀[38;2;49;140;107m[48;2;0;0;0m▀[0m[38;2;49;140;107m[48;2;49;140;107m▀[0m[38;2;41;90;66m[48;2;41;90;66m▀[0m[38;2;49;140;107m[48;2;41;90;66m▀[0m[38;2;41;90;66m[48;2;41;90;66m▀[0m[38;2;66;189;148m[48;2;49;140;107m▀[0m[38;2;66;189;148m[48;2;49;140;107m▀[0m[38;2;49;140;107m[48;2;0;0;0m▀[0m[38;2;66;189;148m[48;2;0;0;0m▀[0m[38;2;66;189;148m[48;2;0;0;0m▀[0m[38;2;66;189;148m[48;2;0;0;0m▀[0m[38;2;0;0;0m▀[38;2;0;0;0m▀     
        [38;2;0;0;0m▄[38;2;0;0;0m[48;2;49;140;107m▀[0m[38;2;49;140;107m[48;2;0;0;0m▀[0m[38;2;41;90;66m[48;2;0;0;0m▀[0m[38;2;49;140;107m[48;2;66;189;148m▀[0m[38;2;0;0;0m[48;2;0;0;0m▀[0m[38;2;0;0;0m▀           
        [38;2;0;0;0m▀[38;2;0;0;0m▀ [38;2;0;0;0m▀[38;2;66;189;148m[48;2;0;0;0m▀[0m[38;2;66;189;148m[48;2;66;189;148m▀[0m[38;2;0;0;0m[48;2;0;0;0m▀[0m           
             [38;2;0;0;0m▀[38;2;0;0;0m▀           
[0m