  [38;2;0;0;0m▄[38;2;0;0;0m▄[38;2;0;0;0m[48;2;66;99;181m▀[0m[38;2;0;0;0m[48;2;66;99;181m▀[0m[38;2;0;0;0m[48;2;65;65;65m▀[0m[38;2;0;0;0m▄[38;2;0;0;0m▄[38;2;0;0;0m▄[38;2;0;0;0m▄                   
 [38;2;0;0;0m[48;2;0;0;0m▀[0m[38;2;66;99;181m[48;2;66;99;181m▀[0m[38;2;66;99;181m[48;2;65;65;65m▀[0m[38;2;66;99;181m[48;2;65;65;65m▀[0m[38;2;65;65;65m[48;2;255;230;58m▀[0m[38;2;65;65;65m[48;2;255;230;58m▀[0m[38;2;90;132;214m[48;2;90;132;214m▀[0m[38;2;90;132;214m[48;2;90;132;214m▀[0m[38;2;90;132;214m[48;2;90;132;214m▀[0m[38;2;90;132;214m[48;2;90;132;214m▀[0m[38;2;0;0;0m[48;2;90;132;214m▀[0m[38;2;0;0;0m[48;2;90;132;214m▀[0m[38;2;0;0;0m▄[38;2;0;0;0m[48;2;66;99;181m▀[0m[38;2;0;0;0m[48;2;66;99;181m▀[0m[38;2;0;0;0m[48;2;90;132;214m▀[0m[38;2;0;0;0m▄[38;2;0;0;0m▄[38;2;0;0;0m[48;2;66;99;181m▀[0m[38;2;0;0;0m[48;2;66;99;181m▀[0m[38;2;0;0;0m[48;2;66;99;181m▀[0m[38;2;0;0;0m[48;2;0;0;0m▀[0m       
 [38;2;0;0;0m▄[38;2;0;0;0m[48;2;255;230;58m▀[0m[38;2;255;230;58m[48;2;255;230;58m▀[0m[38;2;255;230;58m[48;2;90;132;214m▀[0m[38;2;189;181;156m[48;2;90;132;214m▀[0m[38;2;90;132;214m[48;2;90;132;214m▀[0m[38;2;90;132;214m[48;2;90;132;214m▀[0m[38;2;90;132;214m[48;2;90;132;214m▀[0m[38;2;90;132;214m[48;2;90;132;214m▀[0m[38;2;90;132;214m[48;2;90;132;214m▀[0m[38;2;90;132;214m[48;2;65;65;65m▀[0m[38;2;65;65;65m[48;2;66;99;181m▀[0m[38;2;90;132;214m[48;2;66;99;181m▀[0m[38;2;90;132;214m[48;2;90;132;214m▀[0m[38;2;90;132;214m[48;2;90;132;214m▀[0m[38;2;66;99;181m[48;2;65;65;65m▀[0m[38;2;65;65;65m[48;2;66;99;181m▀[0m[38;2;66;99;181m[48;2;66;99;181m▀[0m[38;2;66;99;181m[48;2;65;65;65m▀[0m[38;2;66;99;181m[48;2;0;0;0m▀[0m[38;2;0;0;0m[48;2;0;0;0m▀[0m        
[38;2;0;0;0m[48;2;0;0;0m▀[0m[38;2;255;230;58m[48;2;255;230;58m▀[0m[38;2;255;230;58m[48;2;255;230;58m▀[0m[38;2;255;230;58m[48;2;90;132;214m▀[0m[38;2;255;230;58m[48;2;90;132;214m▀[0m[38;2;90;132;214m[48;2;90;132;214m▀[0m[38;2;90;132;214m[48;2;90;132;214m▀[0m[38;2;90;132;214m[48;2;65;65;65m▀[0m[38;2;90;132;214m[48;2;0;0;0m▀[0m[38;2;0;0;0m[48;2;255;230;58m▀[0m[38;2;0;0;0m[48;2;0;0;0m▀[0m[38;2;65;65;65m[48;2;65;65;65m▀[0m[38;2;90;132;214m[48;2;90;132;214m▀[0m[38;2;90;132;214m[48;2;90;132;214m▀[0m[38;2;66;99;181m[48;2;66;99;181m▀[0m[38;2;90;132;214m[48;2;65;65;65m▀[0m[38;2;65;65;65m[48;2;66;99;181m▀[0m[38;2;66;99;181m[48;2;66;99;181m▀[0m[38;2;66;99;181m[48;2;65;65;65m▀[0m[38;2;66;99;181m[48;2;0;0;0m▀[0m[38;2;66;99;181m[48;2;0;0;0m▀[0m[38;2;0;0;0m▀        
 [38;2;0;0;0m▀[38;2;0;0;0m▀[38;2;255;230;58m[48;2;0;0;0m▀[0m[38;2;90;132;214m[48;2;0;0;0m▀[0m[38;2;90;132;214m[48;2;90;132;214m▀[0m[38;2;65;65;65m[48;2;90;132;214m▀[0m[38;2;90;132;214m[48;2;90;132;214m▀[0m[38;2;65;65;65m[48;2;255;255;255m▀[0m[38;2;0;0;0m[48;2;65;65;65m▀[0m[38;2;65;65;65m[48;2;255;107;74m▀[0m[38;2;255;107;74m[48;2;255;107;74m▀[0m[38;2;65;65;65m[48;2;90;132;214m▀[0m[38;2;65;65;65m[48;2;65;65;65m▀[0m[38;2;65;65;65m[48;2;66;99;181m▀[0m[38;2;66;99;181m[48;2;66;99;181m▀[0m[38;2;66;99;181m[48;2;66;99;181m▀[0m[38;2;66;99;181m[48;2;66;99;181m▀[0m[38;2;66;99;181m[48;2;0;0;0m▀[0m[38;2;66;99;181m[48;2;0;0;0m▀[0m[38;2;0;0;0m▀         
  [38;2;0;0;0m▄[38;2;0;0;0m▄ [38;2;0;0;0m▀[38;2;255;255;255m[48;2;0;0;0m▀[0m[38;2;65;65;65m[48;2;255;107;74m▀[0m[38;2;65;65;65m[48;2;255;107;74m▀[0m[38;2;255;107;74m[48;2;255;107;74m▀[0m[38;2;255;107;74m[48;2;65;65;65m▀[0m[38;2;65;65;65m[48;2;255;107;74m▀[0m[38;2;90;132;214m[48;2;255;255;255m▀[0m[38;2;90;132;214m[48;2;90;132;214m▀[0m[38;2;65;65;65m[48;2;90;132;214m▀[0m[38;2;66;99;181m[48;2;65;65;65m▀[0m[38;2;66;99;181m[48;2;0;0;0m▀[0m[38;2;0;0;0m▀   [38;2;0;0;0m[48;2;0;0;0m▀[0m[38;2;0;0;0m[48;2;66;99;181m▀[0m[38;2;0;0;0m▄[38;2;0;0;0m[48;2;66;99;181m▀[0m[38;2;0;0;0m[48;2;0;0;0m▀[0m  [38;2;0;0;0m▄[38;2;0;0;0m▄
 [38;2;0;0;0m[48;2;0;0;0m▀[0m[38;2;255;107;74m[48;2;255;107;74m▀[0m[38;2;65;65;65m[48;2;255;107;74m▀[0m[38;2;0;0;0m[48;2;66;99;181m▀[0m[38;2;0;0;0m[48;2;65;65;65m▀[0m[38;2;66;99;181m[48;2;66;99;181m▀[0m[38;2;65;65;65m[48;2;66;99;181m▀[0m[38;2;255;107;74m[48;2;0;0;0m▀[0m[38;2;255;107;74m[48;2;65;65;65m▀[0m[38;2;65;65;65m[48;2;255;107;74m▀[0m[38;2;255;107;74m[48;2;255;107;74m▀[0m[38;2;197;82;82m[48;2;255;107;74m▀[0m[38;2;90;132;214m[48;2;255;255;255m▀[0m[38;2;90;132;214m[48;2;65;65;65m▀[0m[38;2;90;132;214m[48;2;65;65;65m▀[0m[38;2;90;132;214m[48;2;90;132;214m▀[0m[38;2;0;0;0m[48;2;66;99;181m▀[0m[38;2;0;0;0m[48;2;90;132;214m▀[0m[38;2;0;0;0m▄ [38;2;0;0;0m▀[38;2;66;99;181m[48;2;0;0;0m▀[0m[38;2;66;99;181m[48;2;66;99;181m▀[0m[38;2;66;99;181m[48;2;66;99;181m▀[0m[38;2;66;99;181m[48;2;66;99;181m▀[0m[38;2;0;0;0m[48;2;66;99;181m▀[0m[38;2;0;0;0m[48;2;65;65;65m▀[0m[38;2;66;99;181m[48;2;0;0;0m▀[0m[38;2;0;0;0m▀
[38;2;0;0;0m[48;2;0;0;0m▀[0m[38;2;255;107;74m[48;2;255;107;74m▀[0m[38;2;255;107;74m[48;2;255;107;74m▀[0m[38;2;66;99;181m[48;2;66;99;181m▀[0m[38;2;66;99;181m[48;2;255;107;74m▀[0m[38;2;197;82;82m[48;2;0;0;0m▀[0m[38;2;0;0;0m[48;2;189;173;165m▀[0m[38;2;0;0;0m[48;2;189;173;165m▀[0m[38;2;189;173;165m[48;2;0;0;0m▀[0m[38;2;0;0;0m[48;2;0;0;0m▀[0m[38;2;255;107;74m[48;2;255;230;58m▀[0m[38;2;255;107;74m[48;2;255;230;58m▀[0m[38;2;255;107;74m[48;2;255;107;74m▀[0m[38;2;66;99;181m[48;2;255;255;255m▀[0m[38;2;66;99;181m[48;2;66;99;181m▀[0m[38;2;66;99;181m[48;2;65;65;65m▀[0m[38;2;65;65;65m[48;2;255;107;74m▀[0m[38;2;90;132;214m[48;2;90;132;214m▀[0m[38;2;90;132;214m[48;2;66;99;181m▀[0m[38;2;0;0;0m[48;2;65;65;65m▀[0m[38;2;0;0;0m▄[38;2;0;0;0m▄[38;2;0;0;0m[48;2;66;99;181m▀[0m[38;2;65;65;65m[48;2;65;65;65m▀[0m[38;2;66;99;181m[48;2;0;0;0m▀[0m[38;2;0;0;0m▀[38;2;0;0;0m▀[38;2;0;0;0m▀  
[38;2;0;0;0m[48;2;0;0;0m▀[0m[38;2;255;107;74m[48;2;255;107;74m▀[0m[38;2;255;107;74m[48;2;255;107;74m▀[0m[38;2;255;107;74m[48;2;255;107;74m▀[0m[38;2;0;0;0m[48;2;0;0;0m▀[0m [38;2;0;0;0m[48;2;0;0;0m▀[0m[38;2;0;0;0m[48;2;255;107;74m▀[0m[38;2;66;99;181m[48;2;197;82;82m▀[0m[38;2;65;65;65m[48;2;66;99;181m▀[0m[38;2;90;132;214m[48;2;65;65;65m▀[0m[38;2;255;230;58m[48;2;66;99;181m▀[0m[38;2;255;230;58m[48;2;66;99;181m▀[0m[38;2;66;99;181m[48;2;66;99;181m▀[0m[38;2;65;65;65m[48;2;65;65;65m▀[0m[38;2;255;107;74m[48;2;255;107;74m▀[0m[38;2;197;82;82m[48;2;90;132;214m▀[0m[38;2;90;132;214m[48;2;66;99;181m▀[0m[38;2;65;65;65m[48;2;65;65;65m▀[0m[38;2;90;132;214m[48;2;90;132;214m▀[0m[38;2;65;65;65m[48;2;90;132;214m▀[0m[38;2;66;99;181m[48;2;65;65;65m▀[0m[38;2;65;65;65m[48;2;66;99;181m▀[0m[38;2;66;99;181m[48;2;0;0;0m▀[0m[38;2;0;0;0m▀     
 [38;2;0;0;0m[48;2;0;0;0m▀[0m[38;2;255;107;74m[48;2;255;107;74m▀[0m[38;2;0;0;0m[48;2;0;0;0m▀[0m   [38;2;0;0;0m[48;2;0;0;0m▀[0m[38;2;197;82;82m[48;2;189;189;189m▀[0m[38;2;66;99;181m[48;2;189;189;189m▀[0m[38;2;66;99;181m[48;2;65;65;65m▀[0m[38;2;0;0;0m[48;2;0;0;0m▀[0m[38;2;0;0;0m▀[38;2;65;65;65m[48;2;0;0;0m▀[0m[38;2;255;107;74m[48;2;255;107;74m▀[0m[38;2;255;107;74m[48;2;255;107;74m▀[0m[38;2;90;132;214m[48;2;255;107;74m▀[0m[38;2;65;65;65m[48;2;65;65;65m▀[0m[38;2;255;107;74m[48;2;255;107;74m▀[0m[38;2;90;132;214m[48;2;90;132;214m▀[0m[38;2;90;132;214m[48;2;90;132;214m▀[0m[38;2;65;65;65m[48;2;0;0;0m▀[0m[38;2;0;0;0m▀       
  [38;2;0;0;0m▀[38;2;255;107;74m[48;2;0;0;0m▀[0m[38;2;0;0;0m[48;2;0;0;0m▀[0m   [38;2;0;0;0m▀[38;2;0;0;0m▀[38;2;0;0;0m▀  [38;2;0;0;0m[48;2;0;0;0m▀[0m[38;2;255;107;74m[48;2;255;107;74m▀[0m[38;2;255;107;74m[48;2;255;107;74m▀[0m[38;2;255;107;74m[48;2;65;65;65m▀[0m[38;2;65;65;65m[48;2;255;255;255m▀[0m[38;2;66;99;181m[48;2;65;65;65m▀[0m[38;2;66;99;181m[48;2;255;255;255m▀[0m[38;2;0;0;0m[48;2;0;0;0m▀[0m         
              [38;2;65;65;65m[48;2;0;0;0m▀[0m[38;2;255;107;74m[48;2;255;107;74m▀[0m[38;2;0;0;0m[48;2;0;0;0m▀[0m[38;2;0;0;0m▀[38;2;0;0;0m▀[38;2;0;0;0m▀          
               [38;2;0;0;0m▀              
[0m