              [38;2;0;0;0m▄[38;2;0;0;0m[48;2;65;64;65m▀[0m[38;2;0;0;0m[48;2;65;64;65m▀[0m[38;2;0;0;0m[48;2;65;64;65m▀[0m[38;2;0;0;0m▄             [38;2;0;0;0m▄[38;2;0;0;0m▄[38;2;0;0;0m▄         
             [38;2;0;0;0m[48;2;0;0;0m▀[0m[38;2;65;64;65m[48;2;65;64;65m▀[0m[38;2;65;64;65m[48;2;65;64;65m▀[0m[38;2;65;64;65m[48;2;65;64;65m▀[0m[38;2;65;64;65m[48;2;0;0;0m▀[0m[38;2;0;0;0m▀         [38;2;0;0;0m▄[38;2;0;0;0m▄[38;2;0;0;0m[48;2;98;97;98m▀[0m[38;2;0;0;0m[48;2;65;64;65m▀[0m[38;2;65;64;65m[48;2;94;97;94m▀[0m[38;2;98;97;98m[48;2;65;64;65m▀[0m[38;2;65;64;65m[48;2;94;97;94m▀[0m[38;2;0;0;0m[48;2;189;60;90m▀[0m[38;2;0;0;0m[48;2;189;60;90m▀[0m[38;2;0;0;0m▄      
           [38;2;0;0;0m▄[38;2;0;0;0m[48;2;65;64;65m▀[0m[38;2;65;64;65m[48;2;65;64;65m▀[0m[38;2;65;64;65m[48;2;65;64;65m▀[0m[38;2;65;64;65m[48;2;65;64;65m▀[0m[38;2;0;0;0m[48;2;0;0;0m▀[0m          [38;2;0;0;0m[48;2;0;0;0m▀[0m[38;2;65;64;65m[48;2;65;64;65m▀[0m[38;2;65;64;65m[48;2;65;64;65m▀[0m[38;2;65;64;65m[48;2;65;64;65m▀[0m[38;2;94;97;94m[48;2;0;0;0m▀[0m[38;2;65;64;65m[48;2;0;0;0m▀[0m[38;2;94;97;94m[48;2;0;0;0m▀[0m[38;2;65;64;65m[48;2;0;0;0m▀[0m[38;2;0;0;0m▀[38;2;0;0;0m▀       
          [38;2;0;0;0m[48;2;0;0;0m▀[0m[38;2;65;64;65m[48;2;65;64;65m▀[0m[38;2;65;64;65m[48;2;65;64;65m▀[0m[38;2;65;64;65m[48;2;65;64;65m▀[0m[38;2;65;64;65m[48;2;0;0;0m▀[0m[38;2;0;0;0m▀ [38;2;0;0;0m▄[38;2;0;0;0m[48;2;65;64;65m▀[0m[38;2;0;0;0m[48;2;65;64;65m▀[0m[38;2;0;0;0m▄   [38;2;0;0;0m▄[38;2;0;0;0m▄[38;2;0;0;0m[48;2;65;64;65m▀[0m[38;2;65;64;65m[48;2;65;64;65m▀[0m[38;2;65;64;65m[48;2;0;0;0m▀[0m[38;2;0;0;0m▀[38;2;0;0;0m▀[38;2;0;0;0m▄[38;2;0;0;0m▄[38;2;0;0;0m▄ [38;2;0;0;0m▄[38;2;0;0;0m▄[38;2;0;0;0m▄      
  [38;2;0;0;0m▄[38;2;0;0;0m[48;2;189;157;65m▀[0m[38;2;0;4;16m▄     [38;2;0;0;0m▀[38;2;65;64;65m[48;2;0;0;0m▀[0m[38;2;65;64;65m[48;2;65;64;65m▀[0m[38;2;0;0;0m[48;2;0;0;0m▀[0m [38;2;0;0;0m▄[38;2;0;0;0m[48;2;65;64;65m▀[0m[38;2;65;64;65m[48;2;65;64;65m▀[0m[38;2;65;64;65m[48;2;65;64;65m▀[0m[38;2;65;64;65m[48;2;65;64;65m▀[0m[38;2;0;0;0m[48;2;65;64;65m▀[0m[38;2;0;0;8m▄[38;2;0;0;8m▄[38;2;0;0;0m[48;2;65;64;65m▀[0m[38;2;65;64;65m[48;2;65;64;65m▀[0m[38;2;65;64;65m[48;2;65;64;65m▀[0m[38;2;65;64;65m[48;2;0;0;0m▀[0m[38;2;0;0;0m▀ [38;2;0;0;0m▄[38;2;0;0;0m[48;2;65;64;65m▀[0m[38;2;65;64;65m[48;2;94;97;94m▀[0m[38;2;65;64;65m[48;2;65;64;65m▀[0m[38;2;65;64;65m[48;2;94;97;94m▀[0m[38;2;0;0;0m[48;2;65;64;65m▀[0m[38;2;65;64;65m[48;2;94;97;94m▀[0m[38;2;98;97;98m[48;2;65;64;65m▀[0m[38;2;65;64;65m[48;2;84;47;54m▀[0m[38;2;0;0;0m[48;2;169;78;101m▀[0m[38;2;0;0;0m[48;2;189;60;90m▀[0m[38;2;0;0;0m▄   
  [38;2;0;0;0m[48;2;0;0;0m▀[0m[38;2;189;157;65m[48;2;191;156;65m▀[0m[38;2;63;55;32m[48;2;65;64;65m▀[0m[38;2;0;0;0m[48;2;246;218;106m▀[0m[38;2;0;0;0m▄    [38;2;0;0;0m[48;2;0;0;16m▀[0m[38;2;65;64;65m[48;2;246;218;115m▀[0m[38;2;0;0;0m[48;2;65;64;65m▀[0m[38;2;0;0;0m▄[38;2;0;0;0m[48;2;65;64;65m▀[0m[38;2;65;64;65m[48;2;65;64;65m▀[0m[38;2;65;64;65m[48;2;65;64;65m▀[0m[38;2;65;64;65m[48;2;246;218;106m▀[0m[38;2;65;64;65m[48;2;246;218;106m▀[0m[38;2;246;218;106m[48;2;246;218;106m▀[0m[38;2;246;214;115m[48;2;65;64;65m▀[0m[38;2;82;71;43m[48;2;65;64;65m▀[0m[38;2;65;64;65m[48;2;0;0;0m▀[0m[38;2;0;0;0m▀[38;2;0;0;0m▀ [38;2;0;0;0m▄[38;2;0;0;0m▄[38;2;0;0;0m[48;2;65;64;65m▀[0m[38;2;65;64;65m[48;2;65;64;65m▀[0m[38;2;65;64;65m[48;2;65;64;65m▀[0m[38;2;94;97;94m[48;2;65;64;65m▀[0m[38;2;65;64;65m[48;2;0;0;0m▀[0m[38;2;94;97;94m[48;2;0;0;0m▀[0m[38;2;65;64;65m[48;2;0;0;0m▀[0m[38;2;94;97;94m[48;2;0;0;0m▀[0m[38;2;84;47;54m[48;2;0;0;0m▀[0m[38;2;0;16;8m▀[38;2;0;0;0m▀    
 [38;2;0;0;0m[48;2;0;0;0m▀[0m[38;2;189;157;65m[48;2;189;157;65m▀[0m[38;2;191;156;65m[48;2;186;164;87m▀[0m[38;2;65;64;65m[48;2;65;64;65m▀[0m[38;2;246;218;106m[48;2;189;157;65m▀[0m[38;2;0;0;0m[48;2;0;4;16m▀[0m [38;2;0;0;0m▄[38;2;0;0;0m[48;2;65;64;65m▀[0m[38;2;0;0;0m[48;2;169;175;169m▀[0m[38;2;82;72;49m[48;2;65;64;65m▀[0m[38;2;246;218;115m[48;2;246;218;106m▀[0m[38;2;65;64;65m[48;2;246;218;106m▀[0m[38;2;65;64;65m[48;2;65;64;65m▀[0m[38;2;65;64;65m[48;2;65;64;65m▀[0m[38;2;65;64;65m[48;2;246;218;106m▀[0m[38;2;246;218;106m[48;2;246;218;106m▀[0m[38;2;246;218;106m[48;2;246;218;106m▀[0m[38;2;246;218;106m[48;2;246;218;98m▀[0m[38;2;191;156;63m[48;2;164;121;82m▀[0m[38;2;65;64;65m[48;2;0;0;0m▀[0m[38;2;0;0;0m▀   [38;2;0;0;0m[48;2;0;0;0m▀[0m[38;2;65;64;65m[48;2;65;64;65m▀[0m[38;2;65;64;65m[48;2;65;64;65m▀[0m[38;2;65;64;65m[48;2;65;64;65m▀[0m[38;2;65;64;65m[48;2;0;0;0m▀[0m[38;2;0;0;0m▀[38;2;0;0;0m▀           
[38;2;0;0;0m▄[38;2;0;0;0m[48;2;191;157;63m▀[0m[38;2;189;157;65m[48;2;191;157;63m▀[0m[38;2;65;64;65m[48;2;65;60;65m▀[0m[38;2;246;214;98m[48;2;246;210;106m▀[0m[38;2;189;157;65m[48;2;191;153;76m▀[0m[38;2;63;55;32m[48;2;191;153;76m▀[0m[38;2;0;0;0m[48;2;65;64;65m▀[0m[38;2;65;64;65m[48;2;246;218;106m▀[0m[38;2;169;175;169m[48;2;65;64;65m▀[0m[38;2;169;175;169m[48;2;65;64;65m▀[0m[38;2;65;64;65m[48;2;246;218;106m▀[0m[38;2;246;218;106m[48;2;246;218;106m▀[0m[38;2;246;218;106m[48;2;246;218;106m▀[0m[38;2;65;64;65m[48;2;246;218;106m▀[0m[38;2;246;218;106m[48;2;65;64;65m▀[0m[38;2;246;218;106m[48;2;246;218;106m▀[0m[38;2;246;218;106m[48;2;246;218;106m▀[0m[38;2;246;218;106m[48;2;246;218;106m▀[0m[38;2;164;121;82m[48;2;164;121;90m▀[0m[38;2;191;153;87m[48;2;0;0;0m▀[0m[38;2;0;0;0m▀ [38;2;0;0;0m▄[38;2;0;0;0m▄[38;2;0;0;0m[48;2;65;64;65m▀[0m[38;2;65;64;65m[48;2;65;64;65m▀[0m[38;2;65;64;65m[48;2;0;0;0m▀[0m[38;2;0;0;0m▀[38;2;0;0;0m▀  [38;2;0;0;0m▄[38;2;0;0;0m▄[38;2;0;0;0m▄[38;2;0;0;0m[48;2;94;97;94m▀[0m[38;2;0;0;0m[48;2;65;64;65m▀[0m[38;2;0;0;0m[48;2;94;97;94m▀[0m[38;2;0;0;0m[48;2;65;64;65m▀[0m[38;2;0;0;0m▄[38;2;0;0;0m▄   
[38;2;0;0;0m▀[38;2;191;157;63m[48;2;0;0;0m▀[0m[38;2;191;157;63m[48;2;189;157;65m▀[0m[38;2;65;60;65m[48;2;191;160;79m▀[0m[38;2;156;135;86m[48;2;65;60;57m▀[0m[38;2;246;218;98m[48;2;246;214;106m▀[0m[38;2;164;121;65m[48;2;156;135;86m▀[0m[38;2;246;218;106m[48;2;246;218;106m▀[0m[38;2;246;218;106m[48;2;246;218;106m▀[0m[38;2;65;64;65m[48;2;246;218;106m▀[0m[38;2;246;218;106m[48;2;246;218;106m▀[0m[38;2;246;218;106m[48;2;84;47;54m▀[0m[38;2;246;218;106m[48;2;84;47;54m▀[0m[38;2;246;218;106m[48;2;65;64;65m▀[0m[38;2;65;64;65m[48;2;65;64;65m▀[0m[38;2;65;64;65m[48;2;246;218;106m▀[0m[38;2;246;218;106m[48;2;246;218;106m▀[0m[38;2;246;218;106m[48;2;167;121;90m▀[0m[38;2;246;218;106m[48;2;167;121;90m▀[0m[38;2;164;121;90m[48;2;189;157;65m▀[0m[38;2;0;0;0m[48;2;0;0;0m▀[0m [38;2;0;0;0m[48;2;0;0;0m▀[0m[38;2;65;64;65m[48;2;65;64;65m▀[0m[38;2;65;64;65m[48;2;65;64;65m▀[0m[38;2;0;0;0m[48;2;0;0;0m▀[0m[38;2;0;0;0m▀   [38;2;0;0;0m▄[38;2;0;0;0m[48;2;65;64;65m▀[0m[38;2;65;64;65m[48;2;65;64;65m▀[0m[38;2;98;97;98m[48;2;65;64;65m▀[0m[38;2;65;64;65m[48;2;98;97;98m▀[0m[38;2;65;64;65m[48;2;65;64;65m▀[0m[38;2;94;97;94m[48;2;65;64;65m▀[0m[38;2;65;64;65m[48;2;65;64;65m▀[0m[38;2;65;64;65m[48;2;0;0;0m▀[0m[38;2;189;60;90m[48;2;0;0;0m▀[0m[38;2;189;60;90m[48;2;0;0;0m▀[0m[38;2;0;0;0m▀  
  [38;2;0;0;0m[48;2;0;0;0m▀[0m[38;2;191;160;79m[48;2;246;218;106m▀[0m[38;2;255;210;90m[48;2;246;218;106m▀[0m[38;2;65;56;65m[48;2;74;72;65m▀[0m[38;2;246;214;106m[48;2;74;72;65m▀[0m[38;2;246;218;106m[48;2;246;218;106m▀[0m[38;2;246;218;106m[48;2;246;218;106m▀[0m[38;2;246;218;106m[48;2;65;64;65m▀[0m[38;2;65;64;65m[48;2;65;64;65m▀[0m[38;2;169;78;101m[48;2;65;64;65m▀[0m[38;2;0;16;8m[48;2;222;85;82m▀[0m[38;2;191;62;87m[48;2;65;64;65m▀[0m[38;2;65;64;65m[48;2;246;218;106m▀[0m[38;2;246;218;106m[48;2;246;218;98m▀[0m[38;2;168;121;90m[48;2;191;153;76m▀[0m[38;2;194;157;65m[48;2;191;156;65m▀[0m[38;2;194;157;65m[48;2;191;156;65m▀[0m[38;2;0;0;0m[48;2;65;59;41m▀[0m[38;2;0;8;24m▄[38;2;0;0;0m[48;2;191;156;65m▀[0m[38;2;189;157;65m[48;2;191;156;65m▀[0m[38;2;65;64;65m[48;2;0;0;0m▀[0m[38;2;0;0;0m▀ [38;2;0;0;0m▄[38;2;0;0;0m[48;2;65;64;65m▀[0m[38;2;0;0;0m[48;2;65;64;65m▀[0m[38;2;0;0;0m[48;2;65;64;65m▀[0m[38;2;65;64;65m[48;2;65;64;65m▀[0m[38;2;65;64;65m[48;2;0;0;0m▀[0m[38;2;65;64;65m[48;2;0;0;0m▀[0m[38;2;0;0;0m▀[38;2;0;0;0m▀[38;2;0;0;0m▀[38;2;0;0;0m▀[38;2;0;0;0m▀      
   [38;2;0;0;0m▀[38;2;246;218;106m[48;2;0;0;0m▀[0m[38;2;246;218;106m[48;2;246;218;106m▀[0m[38;2;74;72;65m[48;2;246;218;106m▀[0m[38;2;65;64;65m[48;2;82;74;68m▀[0m[38;2;65;64;65m[48;2;82;74;68m▀[0m[38;2;76;75;74m[48;2;74;72;65m▀[0m[38;2;98;97;90m[48;2;74;72;65m▀[0m[38;2;65;64;65m[48;2;246;218;106m▀[0m[38;2;65;64;65m[48;2;246;218;106m▀[0m[38;2;246;218;106m[48;2;246;218;98m▀[0m[38;2;246;218;106m[48;2;164;121;65m▀[0m[38;2;164;121;65m[48;2;189;161;90m▀[0m[38;2;191;153;76m[48;2;65;64;74m▀[0m[38;2;65;64;65m[48;2;94;97;94m▀[0m[38;2;65;64;65m[48;2;189;157;65m▀[0m[38;2;197;161;74m[48;2;191;156;65m▀[0m[38;2;65;59;41m[48;2;191;156;65m▀[0m[38;2;191;156;65m[48;2;65;59;41m▀[0m[38;2;65;64;65m[48;2;0;8;24m▀[0m[38;2;0;0;0m▀[38;2;0;0;0m▄[38;2;0;0;0m[48;2;65;64;65m▀[0m[38;2;65;64;65m[48;2;65;64;65m▀[0m[38;2;65;64;65m[48;2;0;0;0m▀[0m[38;2;65;64;65m[48;2;0;0;0m▀[0m[38;2;65;64;65m[48;2;0;0;0m▀[0m[38;2;0;0;0m▀             
    [38;2;0;0;0m▀[38;2;191;156;63m[48;2;0;0;0m▀[0m[38;2;246;218;106m[48;2;246;218;106m▀[0m[38;2;246;206;106m[48;2;168;121;90m▀[0m[38;2;164;140;87m[48;2;246;218;106m▀[0m[38;2;246;218;106m[48;2;246;210;106m▀[0m[38;2;246;218;106m[48;2;156;135;86m▀[0m[38;2;246;218;106m[48;2;189;157;74m▀[0m[38;2;168;121;90m[48;2;65;64;74m▀[0m[38;2;191;153;76m[48;2;65;64;65m▀[0m[38;2;191;153;76m[48;2;65;64;65m▀[0m[38;2;65;64;74m[48;2;117;111;82m▀[0m[38;2;148;129;84m[48;2;57;60;65m▀[0m[38;2;94;97;94m[48;2;246;218;106m▀[0m[38;2;189;157;65m[48;2;246;218;106m▀[0m[38;2;191;156;65m[48;2;191;156;65m▀[0m[38;2;65;64;65m[48;2;65;64;65m▀[0m[38;2;197;161;74m[48;2;191;156;65m▀[0m[38;2;65;59;41m[48;2;191;156;65m▀[0m[38;2;0;0;0m[48;2;65;59;41m▀[0m[38;2;65;64;65m[48;2;65;59;41m▀[0m[38;2;65;64;65m[48;2;0;0;0m▀[0m[38;2;0;0;0m▀       [38;2;0;0;0m▄[38;2;0;0;0m[48;2;139;138;128m▀[0m[38;2;0;0;0m[48;2;139;138;128m▀[0m[38;2;0;0;0m▄      
      [38;2;0;0;0m▀[38;2;168;121;90m[48;2;0;4;8m▀[0m[38;2;246;218;106m[48;2;65;56;30m▀[0m[38;2;65;60;65m[48;2;205;153;82m▀[0m[38;2;65;60;65m[48;2;161;124;79m▀[0m[38;2;65;64;74m[48;2;153;124;71m▀[0m[38;2;106;95;74m[48;2;65;64;65m▀[0m[38;2;94;97;94m[48;2;106;71;82m▀[0m[38;2;94;97;94m[48;2;65;72;74m▀[0m[38;2;57;60;65m[48;2;246;218;106m▀[0m[38;2;238;214;115m[48;2;246;218;106m▀[0m[38;2;246;218;106m[48;2;186;164;87m▀[0m[38;2;191;156;63m[48;2;65;64;65m▀[0m[38;2;65;64;65m[48;2;246;218;106m▀[0m[38;2;191;156;65m[48;2;246;218;106m▀[0m[38;2;191;156;65m[48;2;186;164;87m▀[0m[38;2;65;64;65m[48;2;65;64;65m▀[0m[38;2;197;161;74m[48;2;189;157;65m▀[0m[38;2;0;8;24m[48;2;189;157;65m▀[0m[38;2;0;0;0m▄       [38;2;0;4;16m▄[38;2;0;0;0m[48;2;63;55;32m▀[0m[38;2;139;138;128m[48;2;101;80;87m▀[0m[38;2;139;138;128m[48;2;101;80;87m▀[0m[38;2;139;137;131m[48;2;94;97;94m▀[0m[38;2;0;0;0m[48;2;94;97;94m▀[0m[38;2;0;0;0m▄    
       [38;2;0;4;8m▀[38;2;197;161;74m[48;2;0;0;0m▀[0m[38;2;161;124;79m[48;2;74;64;74m▀[0m[38;2;74;64;74m[48;2;197;153;74m▀[0m[38;2;65;64;65m[48;2;205;153;82m▀[0m[38;2;197;153;74m[48;2;161;124;79m▀[0m[38;2;65;72;74m[48;2;65;72;74m▀[0m[38;2;189;68;98m[48;2;106;71;82m▀[0m[38;2;65;64;65m[48;2;101;75;79m▀[0m[38;2;65;64;65m[48;2;57;80;74m▀[0m[38;2;65;64;65m[48;2;246;218;106m▀[0m[38;2;246;214;98m[48;2;246;218;106m▀[0m[38;2;246;218;106m[48;2;186;164;87m▀[0m[38;2;191;156;63m[48;2;65;64;65m▀[0m[38;2;65;64;65m[48;2;246;218;106m▀[0m[38;2;246;214;98m[48;2;246;218;106m▀[0m[38;2;189;157;65m[48;2;189;157;74m▀[0m[38;2;0;0;0m[48;2;65;64;74m▀[0m[38;2;0;0;0m▄[38;2;0;0;0m▄[38;2;0;0;0m▄[38;2;0;0;0m▄[38;2;0;0;0m▄  [38;2;0;0;0m▀[38;2;189;157;65m[48;2;8;4;8m▀[0m[38;2;189;157;65m[48;2;63;62;63m▀[0m[38;2;57;85;82m[48;2;94;97;94m▀[0m[38;2;189;72;98m[48;2;94;97;94m▀[0m[38;2;189;60;90m[48;2;94;97;94m▀[0m[38;2;189;60;90m[48;2;94;97;94m▀[0m[38;2;94;97;94m[48;2;189;68;98m▀[0m[38;2;0;0;0m[48;2;65;72;74m▀[0m[38;2;0;0;0m[48;2;189;157;65m▀[0m[38;2;0;0;0m[48;2;189;157;65m▀[0m[38;2;0;0;0m▄
      [38;2;0;0;0m▄[38;2;0;0;0m[48;2;189;157;65m▀[0m[38;2;65;64;65m[48;2;189;157;65m▀[0m[38;2;156;124;74m[48;2;65;64;65m▀[0m[38;2;197;153;74m[48;2;191;156;65m▀[0m[38;2;161;124;79m[48;2;65;64;65m▀[0m[38;2;74;64;74m[48;2;131;132;104m▀[0m[38;2;65;72;74m[48;2;131;132;104m▀[0m[38;2;189;68;98m[48;2;65;64;65m▀[0m[38;2;189;64;90m[48;2;94;97;94m▀[0m[38;2;189;64;90m[48;2;94;97;94m▀[0m[38;2;65;64;65m[48;2;101;75;79m▀[0m[38;2;65;64;65m[48;2;57;80;74m▀[0m[38;2;65;64;65m[48;2;246;218;106m▀[0m[38;2;246;214;98m[48;2;246;218;106m▀[0m[38;2;246;218;106m[48;2;65;64;65m▀[0m[38;2;191;156;63m[48;2;65;64;65m▀[0m[38;2;65;64;74m[48;2;153;98;109m▀[0m[38;2;106;95;74m[48;2;148;174;164m▀[0m[38;2;172;174;172m[48;2;172;174;172m▀[0m[38;2;172;174;172m[48;2;131;125;106m▀[0m[38;2;153;140;82m[48;2;246;214;98m▀[0m[38;2;230;210;123m[48;2;246;214;98m▀[0m[38;2;246;218;106m[48;2;246;218;106m▀[0m[38;2;0;0;0m[48;2;246;218;106m▀[0m[38;2;0;0;0m[48;2;246;218;106m▀[0m[38;2;0;0;0m[48;2;246;218;106m▀[0m[38;2;63;62;63m[48;2;189;157;74m▀[0m[38;2;172;178;172m[48;2;65;64;74m▀[0m[38;2;172;174;172m[48;2;172;174;172m▀[0m[38;2;172;174;172m[48;2;172;174;172m▀[0m[38;2;172;174;172m[48;2;172;174;172m▀[0m[38;2;94;97;94m[48;2;139;138;128m▀[0m[38;2;106;71;82m[48;2;139;137;131m▀[0m[38;2;65;72;74m[48;2;0;0;0m▀[0m[38;2;0;0;0m▀[38;2;0;0;0m▀ 
       [38;2;0;0;0m▀[38;2;0;0;0m▀[38;2;191;156;65m[48;2;0;0;0m▀[0m[38;2;65;64;65m[48;2;0;0;0m▀[0m[38;2;131;132;104m[48;2;0;0;0m▀[0m[38;2;131;132;104m[48;2;131;129;106m▀[0m[38;2;131;132;104m[48;2;131;132;106m▀[0m[38;2;65;64;65m[48;2;131;132;106m▀[0m[38;2;189;60;90m[48;2;65;64;65m▀[0m[38;2;189;60;90m[48;2;94;97;94m▀[0m[38;2;189;64;90m[48;2;95;97;95m▀[0m[38;2;189;64;90m[48;2;95;97;95m▀[0m[38;2;65;64;65m[48;2;94;97;94m▀[0m[38;2;65;64;65m[48;2;94;97;94m▀[0m[38;2;94;97;94m[48;2;94;97;94m▀[0m[38;2;94;97;94m[48;2;189;60;90m▀[0m[38;2;156;60;82m[48;2;94;97;94m▀[0m[38;2;150;136;137m[48;2;82;80;65m▀[0m[38;2;145;141;128m[48;2;139;139;127m▀[0m[38;2;145;141;128m[48;2;139;139;127m▀[0m[38;2;131;125;90m[48;2;137;137;126m▀[0m[38;2;189;170;94m[48;2;65;64;65m▀[0m[38;2;191;156;63m[48;2;65;64;65m▀[0m[38;2;191;156;63m[48;2;65;64;65m▀[0m[38;2;65;64;65m[48;2;139;139;127m▀[0m[38;2;65;64;65m[48;2;139;139;127m▀[0m[38;2;65;64;74m[48;2;106;71;82m▀[0m[38;2;106;95;74m[48;2;189;68;98m▀[0m[38;2;94;97;94m[48;2;82;80;65m▀[0m[38;2;172;174;172m[48;2;82;80;65m▀[0m[38;2;139;138;128m[48;2;82;78;68m▀[0m[38;2;139;138;128m[48;2;82;78;68m▀[0m[38;2;0;0;0m[48;2;0;0;0m▀[0m    
            [38;2;0;0;0m▀[38;2;0;0;8m▀[38;2;65;66;57m[48;2;0;0;0m▀[0m[38;2;65;64;65m[48;2;65;64;65m▀[0m[38;2;94;97;94m[48;2;65;64;65m▀[0m[38;2;95;97;95m[48;2;189;60;90m▀[0m[38;2;95;97;95m[48;2;189;60;90m▀[0m[38;2;94;97;94m[48;2;189;60;90m▀[0m[38;2;189;60;90m[48;2;94;97;94m▀[0m[38;2;189;60;90m[48;2;95;97;95m▀[0m[38;2;94;97;94m[48;2;95;97;95m▀[0m[38;2;94;97;94m[48;2;98;97;90m▀[0m[38;2;94;97;94m[48;2;175;175;167m▀[0m[38;2;65;64;65m[48;2;169;175;172m▀[0m[38;2;65;64;65m[48;2;169;175;172m▀[0m[38;2;65;64;65m[48;2;101;98;95m▀[0m[38;2;101;101;95m[48;2;65;60;65m▀[0m[38;2;65;64;65m[48;2;172;174;172m▀[0m[38;2;65;64;65m[48;2;172;174;172m▀[0m[38;2;65;64;65m[48;2;135;133;111m▀[0m[38;2;65;64;65m[48;2;246;218;106m▀[0m[38;2;65;72;74m[48;2;246;218;106m▀[0m[38;2;65;72;74m[48;2;246;218;106m▀[0m[38;2;148;145;123m[48;2;65;64;65m▀[0m[38;2;126;124;104m[48;2;65;64;65m▀[0m[38;2;246;218;106m[48;2;65;64;65m▀[0m[38;2;246;218;106m[48;2;246;214;98m▀[0m[38;2;65;64;65m[48;2;255;222;106m▀[0m[38;2;0;0;0m[48;2;255;222;106m▀[0m[38;2;0;0;0m[48;2;189;157;65m▀[0m[38;2;0;0;0m▄ 
             [38;2;0;0;0m▀[38;2;189;157;65m[48;2;0;0;0m▀[0m[38;2;191;156;65m[48;2;0;0;0m▀[0m[38;2;65;64;65m[48;2;189;157;65m▀[0m[38;2;94;97;94m[48;2;65;64;65m▀[0m[38;2;94;97;94m[48;2;98;97;98m▀[0m[38;2;94;97;94m[48;2;94;97;98m▀[0m[38;2;94;97;94m[48;2;94;97;98m▀[0m[38;2;95;97;95m[48;2;139;138;128m▀[0m[38;2;95;97;95m[48;2;139;138;128m▀[0m[38;2;137;136;128m[48;2;139;138;128m▀[0m[38;2;137;136;128m[48;2;139;138;128m▀[0m[38;2;169;175;172m[48;2;139;137;131m▀[0m[38;2;169;175;172m[48;2;94;97;98m▀[0m[38;2;101;98;95m[48;2;90;90;84m▀[0m[38;2;137;136;126m[48;2;90;90;84m▀[0m[38;2;139;138;128m[48;2;139;138;128m▀[0m[38;2;139;138;128m[48;2;139;138;128m▀[0m[38;2;135;133;111m[48;2;134;120;76m▀[0m[38;2;135;133;111m[48;2;194;163;79m▀[0m[38;2;246;218;106m[48;2;189;157;65m▀[0m[38;2;246;218;106m[48;2;189;157;65m▀[0m[38;2;246;218;106m[48;2;65;64;65m▀[0m[38;2;246;218;106m[48;2;0;0;0m▀[0m[38;2;186;164;87m[48;2;0;0;0m▀[0m[38;2;65;64;65m[48;2;0;0;0m▀[0m[38;2;172;149;71m[48;2;0;0;0m▀[0m[38;2;8;4;0m▀[38;2;0;0;0m▀  
                [38;2;0;0;0m▀[38;2;0;0;0m▀[38;2;0;0;0m▀[38;2;139;137;131m[48;2;0;0;0m▀[0m[38;2;139;137;131m[48;2;0;0;0m▀[0m[38;2;139;138;128m[48;2;0;0;0m▀[0m[38;2;139;138;128m[48;2;139;137;131m▀[0m[38;2;139;138;128m[48;2;142;140;126m▀[0m[38;2;139;138;128m[48;2;142;140;126m▀[0m[38;2;139;137;131m[48;2;94;97;94m▀[0m[38;2;94;97;98m[48;2;94;97;94m▀[0m[38;2;90;90;84m[48;2;180;85;106m▀[0m[38;2;189;60;90m[48;2;120;59;71m▀[0m[38;2;82;79;68m[48;2;93;94;87m▀[0m[38;2;82;79;68m[48;2;139;141;131m▀[0m[38;2;74;76;74m[48;2;0;0;0m▀[0m[38;2;74;76;74m[48;2;0;0;0m▀[0m[38;2;63;55;32m[48;2;0;0;0m▀[0m[38;2;0;4;16m▀[38;2;0;0;0m▀        
                      [38;2;0;0;0m▀[38;2;0;0;0m▀[38;2;0;0;0m▀[38;2;0;0;0m▀[38;2;0;0;0m▀[38;2;0;8;0m▀[38;2;0;8;0m▀[38;2;0;0;0m▀[38;2;0;0;0m▀             
[0m