 [38;2;7;7;7m▄  [38;2;7;7;7m▄[38;2;7;7;7m[48;2;190;167;211m▀[0m[38;2;7;7;7m[48;2;66;66;66m▀[0m[38;2;7;7;7m[48;2;190;167;211m▀[0m[38;2;7;7;7m[48;2;190;167;211m▀[0m[38;2;7;7;7m▄ [38;2;7;7;7m▄[38;2;7;7;7m▄[38;2;7;7;7m▄                   
[38;2;7;7;7m[48;2;7;7;7m▀[0m[38;2;236;222;255m[48;2;236;222;255m▀[0m[38;2;7;7;7m[48;2;66;66;66m▀[0m[38;2;7;7;7m[48;2;190;167;211m▀[0m[38;2;190;167;211m[48;2;190;167;211m▀[0m[38;2;66;66;66m[48;2;66;66;66m▀[0m[38;2;236;222;255m[48;2;236;222;255m▀[0m[38;2;66;66;66m[48;2;66;66;66m▀[0m[38;2;190;167;211m[48;2;66;66;66m▀[0m[38;2;66;66;66m[48;2;247;245;255m▀[0m[38;2;7;7;7m[48;2;247;245;255m▀[0m[38;2;247;245;255m[48;2;247;245;255m▀[0m[38;2;247;245;255m[48;2;247;245;255m▀[0m[38;2;247;245;255m[48;2;247;245;255m▀[0m[38;2;7;7;7m[48;2;236;222;255m▀[0m[38;2;7;7;7m[48;2;236;222;255m▀[0m[38;2;7;7;7m▄[38;2;7;7;7m▄[38;2;7;7;7m▄[38;2;7;7;7m[48;2;200;200;200m▀[0m[38;2;7;7;7m[48;2;200;200;200m▀[0m[38;2;7;7;7m[48;2;200;200;200m▀[0m[38;2;7;7;7m[48;2;200;200;200m▀[0m[38;2;7;7;7m[48;2;136;136;136m▀[0m[38;2;7;7;7m▄[38;2;7;7;7m▄       
[38;2;7;7;7m▀[38;2;190;167;211m[48;2;7;7;7m▀[0m[38;2;236;222;255m[48;2;190;167;211m▀[0m[38;2;66;66;66m[48;2;190;167;211m▀[0m[38;2;190;167;211m[48;2;66;66;66m▀[0m[38;2;66;66;66m[48;2;66;66;66m▀[0m[38;2;236;222;255m[48;2;190;167;211m▀[0m[38;2;66;66;66m[48;2;66;66;66m▀[0m[38;2;236;222;255m[48;2;236;222;255m▀[0m[38;2;247;245;255m[48;2;236;222;255m▀[0m[38;2;247;245;255m[48;2;236;222;255m▀[0m[38;2;236;222;255m[48;2;236;222;255m▀[0m[38;2;236;222;255m[48;2;236;222;255m▀[0m[38;2;236;222;255m[48;2;236;222;255m▀[0m[38;2;247;245;255m[48;2;236;222;255m▀[0m[38;2;247;245;255m[48;2;236;222;255m▀[0m[38;2;236;222;255m[48;2;236;222;255m▀[0m[38;2;66;66;66m[48;2;66;66;66m▀[0m[38;2;200;200;200m[48;2;200;200;200m▀[0m[38;2;200;200;200m[48;2;176;176;176m▀[0m[38;2;200;200;200m[48;2;176;176;176m▀[0m[38;2;176;176;176m[48;2;176;176;176m▀[0m[38;2;176;176;176m[48;2;176;176;176m▀[0m[38;2;176;176;176m[48;2;176;176;176m▀[0m[38;2;176;176;176m[48;2;176;176;176m▀[0m[38;2;136;136;136m[48;2;176;176;176m▀[0m[38;2;7;7;7m[48;2;176;176;176m▀[0m[38;2;7;7;7m[48;2;136;136;136m▀[0m[38;2;7;7;7m▄    
  [38;2;7;7;7m[48;2;7;7;7m▀[0m[38;2;66;66;66m[48;2;247;245;255m▀[0m[38;2;236;222;255m[48;2;247;245;255m▀[0m[38;2;236;222;255m[48;2;236;222;255m▀[0m[38;2;190;167;211m[48;2;236;222;255m▀[0m[38;2;236;222;255m[48;2;236;222;255m▀[0m[38;2;236;222;255m[48;2;236;222;255m▀[0m[38;2;236;222;255m[48;2;236;222;255m▀[0m[38;2;236;222;255m[48;2;7;7;7m▀[0m[38;2;7;7;7m▀[38;2;7;7;7m▀[38;2;236;222;255m[48;2;7;7;7m▀[0m[38;2;236;222;255m[48;2;236;222;255m▀[0m[38;2;236;222;255m[48;2;236;222;255m▀[0m[38;2;236;222;255m[48;2;236;222;255m▀[0m[38;2;236;222;255m[48;2;236;222;255m▀[0m[38;2;66;66;66m[48;2;66;66;66m▀[0m[38;2;136;136;136m[48;2;136;136;136m▀[0m[38;2;176;176;176m[48;2;136;136;136m▀[0m[38;2;176;176;176m[48;2;176;176;176m▀[0m[38;2;176;176;176m[48;2;66;66;66m▀[0m[38;2;176;176;176m[48;2;66;66;66m▀[0m[38;2;176;176;176m[48;2;66;66;66m▀[0m[38;2;176;176;176m[48;2;136;136;136m▀[0m[38;2;176;176;176m[48;2;176;176;176m▀[0m[38;2;176;176;176m[48;2;176;176;176m▀[0m[38;2;136;136;136m[48;2;176;176;176m▀[0m[38;2;7;7;7m[48;2;136;136;136m▀[0m[38;2;7;7;7m▄  
 [38;2;7;7;7m[48;2;7;7;7m▀[0m[38;2;236;222;255m[48;2;236;222;255m▀[0m[38;2;247;245;255m[48;2;247;245;255m▀[0m[38;2;247;245;255m[48;2;247;245;255m▀[0m[38;2;247;245;255m[48;2;236;222;255m▀[0m[38;2;236;222;255m[48;2;236;222;255m▀[0m[38;2;236;222;255m[48;2;66;66;66m▀[0m[38;2;236;222;255m[48;2;66;66;66m▀[0m[38;2;236;222;255m[48;2;236;222;255m▀[0m[38;2;236;222;255m[48;2;236;222;255m▀[0m[38;2;7;7;7m[48;2;66;66;66m▀[0m[38;2;7;7;7m[48;2;200;200;200m▀[0m[38;2;200;200;200m[48;2;200;200;200m▀[0m[38;2;66;66;66m[48;2;200;200;200m▀[0m[38;2;236;222;255m[48;2;66;66;66m▀[0m[38;2;236;222;255m[48;2;236;222;255m▀[0m[38;2;236;222;255m[48;2;236;222;255m▀[0m[38;2;236;222;255m[48;2;190;167;211m▀[0m[38;2;66;66;66m[48;2;190;167;211m▀[0m[38;2;136;136;136m[48;2;66;66;66m▀[0m[38;2;66;66;66m[48;2;107;107;139m▀[0m[38;2;107;107;139m[48;2;190;167;211m▀[0m[38;2;190;167;211m[48;2;107;107;139m▀[0m[38;2;190;167;211m[48;2;190;167;211m▀[0m[38;2;66;66;66m[48;2;66;66;66m▀[0m[38;2;136;136;136m[48;2;79;79;79m▀[0m[38;2;176;176;176m[48;2;176;176;176m▀[0m[38;2;176;176;176m[48;2;176;176;176m▀[0m[38;2;136;136;136m[48;2;176;176;176m▀[0m[38;2;7;7;7m[48;2;136;136;136m▀[0m[38;2;7;7;7m▄ 
 [38;2;7;7;7m[48;2;7;7;7m▀[0m[38;2;236;222;255m[48;2;236;222;255m▀[0m[38;2;236;222;255m[48;2;236;222;255m▀[0m[38;2;236;222;255m[48;2;236;222;255m▀[0m[38;2;236;222;255m[48;2;236;222;255m▀[0m[38;2;66;66;66m[48;2;66;66;66m▀[0m[38;2;176;176;176m[48;2;176;176;176m▀[0m[38;2;248;248;248m[48;2;248;248;248m▀[0m[38;2;66;66;66m[48;2;107;107;139m▀[0m[38;2;236;222;255m[48;2;96;96;108m▀[0m[38;2;236;222;255m[48;2;236;222;255m▀[0m[38;2;66;66;66m[48;2;66;66;66m▀[0m[38;2;200;200;200m[48;2;200;200;200m▀[0m[38;2;200;200;200m[48;2;200;200;200m▀[0m[38;2;200;200;200m[48;2;176;176;176m▀[0m[38;2;66;66;66m[48;2;176;176;176m▀[0m[38;2;190;167;211m[48;2;66;66;66m▀[0m[38;2;190;167;211m[48;2;66;66;66m▀[0m[38;2;190;167;211m[48;2;190;167;211m▀[0m[38;2;190;167;211m[48;2;190;167;211m▀[0m[38;2;107;107;139m[48;2;190;167;211m▀[0m[38;2;107;107;139m[48;2;190;167;211m▀[0m[38;2;190;167;211m[48;2;190;167;211m▀[0m[38;2;190;167;211m[48;2;66;66;66m▀[0m[38;2;66;66;66m[48;2;136;136;136m▀[0m[38;2;136;136;136m[48;2;176;176;176m▀[0m[38;2;79;79;79m[48;2;79;79;79m▀[0m[38;2;176;176;176m[48;2;176;176;176m▀[0m[38;2;176;176;176m[48;2;176;176;176m▀[0m[38;2;136;136;136m[48;2;176;176;176m▀[0m[38;2;7;7;7m[48;2;136;136;136m▀[0m[38;2;7;7;7m▄
  [38;2;7;7;7m[48;2;7;7;7m▀[0m[38;2;236;222;255m[48;2;107;107;139m▀[0m[38;2;236;222;255m[48;2;107;107;139m▀[0m[38;2;107;107;139m[48;2;156;148;220m▀[0m[38;2;156;148;220m[48;2;156;148;220m▀[0m[38;2;248;248;248m[48;2;66;66;66m▀[0m[38;2;190;167;211m[48;2;136;121;188m▀[0m[38;2;136;121;188m[48;2;136;121;188m▀[0m[38;2;96;96;108m[48;2;136;121;188m▀[0m[38;2;236;222;255m[48;2;107;107;139m▀[0m[38;2;236;222;255m[48;2;236;222;255m▀[0m[38;2;66;66;66m[48;2;66;66;66m▀[0m[38;2;200;200;200m[48;2;176;176;176m▀[0m[38;2;176;176;176m[48;2;176;176;176m▀[0m[38;2;176;176;176m[48;2;176;176;176m▀[0m[38;2;176;176;176m[48;2;176;176;176m▀[0m[38;2;176;176;176m[48;2;176;176;176m▀[0m[38;2;66;66;66m[48;2;176;176;176m▀[0m[38;2;66;66;66m[48;2;66;66;66m▀[0m[38;2;66;66;66m[48;2;176;176;176m▀[0m[38;2;66;66;66m[48;2;176;176;176m▀[0m[38;2;66;66;66m[48;2;176;176;176m▀[0m[38;2;176;176;176m[48;2;66;66;66m▀[0m[38;2;176;176;176m[48;2;176;176;176m▀[0m[38;2;176;176;176m[48;2;176;176;176m▀[0m[38;2;176;176;176m[48;2;176;176;176m▀[0m[38;2;79;79;79m[48;2;79;79;79m▀[0m[38;2;176;176;176m[48;2;176;176;176m▀[0m[38;2;176;176;176m[48;2;176;176;176m▀[0m[38;2;136;136;136m[48;2;136;136;136m▀[0m[38;2;7;7;7m[48;2;7;7;7m▀[0m
   [38;2;7;7;7m[48;2;7;7;7m▀[0m[38;2;66;66;66m[48;2;176;176;176m▀[0m[38;2;66;66;66m[48;2;176;176;176m▀[0m[38;2;66;66;66m[48;2;96;96;108m▀[0m[38;2;96;96;108m[48;2;176;176;176m▀[0m[38;2;176;176;176m[48;2;176;176;176m▀[0m[38;2;66;66;66m[48;2;7;7;7m▀[0m[38;2;136;121;188m[48;2;66;66;66m▀[0m[38;2;136;121;188m[48;2;136;121;188m▀[0m[38;2;107;107;139m[48;2;107;107;139m▀[0m[38;2;236;222;255m[48;2;236;222;255m▀[0m[38;2;66;66;66m[48;2;247;245;255m▀[0m[38;2;176;176;176m[48;2;66;66;66m▀[0m[38;2;176;176;176m[48;2;176;176;176m▀[0m[38;2;176;176;176m[48;2;176;176;176m▀[0m[38;2;176;176;176m[48;2;176;176;176m▀[0m[38;2;176;176;176m[48;2;176;176;176m▀[0m[38;2;66;66;66m[48;2;176;176;176m▀[0m[38;2;176;176;176m[48;2;66;66;66m▀[0m[38;2;176;176;176m[48;2;176;176;176m▀[0m[38;2;176;176;176m[48;2;176;176;176m▀[0m[38;2;176;176;176m[48;2;66;66;66m▀[0m[38;2;66;66;66m[48;2;66;66;66m▀[0m[38;2;176;176;176m[48;2;176;176;176m▀[0m[38;2;176;176;176m[48;2;176;176;176m▀[0m[38;2;79;79;79m[48;2;79;79;79m▀[0m[38;2;176;176;176m[48;2;176;176;176m▀[0m[38;2;176;176;176m[48;2;176;176;176m▀[0m[38;2;136;136;136m[48;2;136;136;136m▀[0m[38;2;7;7;7m[48;2;7;7;7m▀[0m
   [38;2;7;7;7m▀[38;2;200;200;200m[48;2;7;7;7m▀[0m[38;2;96;96;108m[48;2;96;96;108m▀[0m[38;2;176;176;176m[48;2;200;200;200m▀[0m[38;2;176;176;176m[48;2;7;7;7m▀[0m[38;2;7;7;7m▀ [38;2;7;7;7m[48;2;7;7;7m▀[0m[38;2;156;148;220m[48;2;156;148;220m▀[0m[38;2;136;121;188m[48;2;156;148;220m▀[0m[38;2;107;107;139m[48;2;107;107;139m▀[0m[38;2;247;245;255m[48;2;236;222;255m▀[0m[38;2;247;245;255m[48;2;247;245;255m▀[0m[38;2;66;66;66m[48;2;247;245;255m▀[0m[38;2;66;66;66m[48;2;247;245;255m▀[0m[38;2;176;176;176m[48;2;66;66;66m▀[0m[38;2;176;176;176m[48;2;176;176;176m▀[0m[38;2;176;176;176m[48;2;176;176;176m▀[0m[38;2;176;176;176m[48;2;176;176;176m▀[0m[38;2;66;66;66m[48;2;176;176;176m▀[0m[38;2;66;66;66m[48;2;176;176;176m▀[0m[38;2;176;176;176m[48;2;176;176;176m▀[0m[38;2;176;176;176m[48;2;176;176;176m▀[0m[38;2;176;176;176m[48;2;176;176;176m▀[0m[38;2;79;79;79m[48;2;79;79;79m▀[0m[38;2;176;176;176m[48;2;176;176;176m▀[0m[38;2;176;176;176m[48;2;176;176;176m▀[0m[38;2;136;136;136m[48;2;136;136;136m▀[0m[38;2;136;136;136m[48;2;136;136;136m▀[0m[38;2;7;7;7m[48;2;7;7;7m▀[0m
     [38;2;7;7;7m[48;2;7;7;7m▀[0m[38;2;200;200;200m[48;2;66;66;66m▀[0m[38;2;7;7;7m[48;2;66;66;66m▀[0m[38;2;7;7;7m▄[38;2;7;7;7m[48;2;190;167;211m▀[0m[38;2;190;167;211m[48;2;66;66;66m▀[0m[38;2;66;66;66m[48;2;66;66;66m▀[0m[38;2;156;148;220m[48;2;66;66;66m▀[0m[38;2;66;66;66m[48;2;236;222;255m▀[0m[38;2;236;222;255m[48;2;236;222;255m▀[0m[38;2;236;222;255m[48;2;236;222;255m▀[0m[38;2;236;222;255m[48;2;236;222;255m▀[0m[38;2;247;245;255m[48;2;236;222;255m▀[0m[38;2;236;222;255m[48;2;236;222;255m▀[0m[38;2;66;66;66m[48;2;236;222;255m▀[0m[38;2;176;176;176m[48;2;66;66;66m▀[0m[38;2;176;176;176m[48;2;176;176;176m▀[0m[38;2;176;176;176m[48;2;176;176;176m▀[0m[38;2;176;176;176m[48;2;176;176;176m▀[0m[38;2;176;176;176m[48;2;79;79;79m▀[0m[38;2;176;176;176m[48;2;79;79;79m▀[0m[38;2;79;79;79m[48;2;176;176;176m▀[0m[38;2;96;96;108m[48;2;96;96;108m▀[0m[38;2;176;176;176m[48;2;96;96;108m▀[0m[38;2;136;136;136m[48;2;136;136;136m▀[0m[38;2;136;136;136m[48;2;156;148;220m▀[0m[38;2;7;7;7m[48;2;7;7;7m▀[0m 
    [38;2;7;7;7m[48;2;7;7;7m▀[0m[38;2;66;66;66m[48;2;190;167;211m▀[0m[38;2;190;167;211m[48;2;190;167;211m▀[0m[38;2;190;167;211m[48;2;190;167;211m▀[0m[38;2;190;167;211m[48;2;66;66;66m▀[0m[38;2;66;66;66m[48;2;236;222;255m▀[0m[38;2;247;245;255m[48;2;236;222;255m▀[0m[38;2;247;245;255m[48;2;236;222;255m▀[0m[38;2;236;222;255m[48;2;236;222;255m▀[0m[38;2;236;222;255m[48;2;236;222;255m▀[0m[38;2;236;222;255m[48;2;66;66;66m▀[0m[38;2;66;66;66m[48;2;156;148;220m▀[0m[38;2;236;222;255m[48;2;107;107;139m▀[0m[38;2;236;222;255m[48;2;236;222;255m▀[0m[38;2;236;222;255m[48;2;247;245;255m▀[0m[38;2;236;222;255m[48;2;247;245;255m▀[0m[38;2;236;222;255m[48;2;236;222;255m▀[0m[38;2;66;66;66m[48;2;66;66;66m▀[0m[38;2;79;79;79m[48;2;176;176;176m▀[0m[38;2;79;79;79m[48;2;96;96;108m▀[0m[38;2;96;96;108m[48;2;96;96;108m▀[0m[38;2;176;176;176m[48;2;96;96;108m▀[0m[38;2;176;176;176m[48;2;176;176;176m▀[0m[38;2;96;96;108m[48;2;156;148;220m▀[0m[38;2;96;96;108m[48;2;96;96;108m▀[0m[38;2;156;148;220m[48;2;156;148;220m▀[0m[38;2;7;7;7m[48;2;7;7;7m▀[0m  
     [38;2;7;7;7m[48;2;7;7;7m▀[0m[38;2;176;176;176m[48;2;176;176;176m▀[0m[38;2;96;96;108m[48;2;66;66;66m▀[0m[38;2;66;66;66m[48;2;107;107;139m▀[0m[38;2;236;222;255m[48;2;66;66;66m▀[0m[38;2;176;176;176m[48;2;200;200;200m▀[0m[38;2;176;176;176m[48;2;96;96;108m▀[0m[38;2;176;176;176m[48;2;200;200;200m▀[0m[38;2;66;66;66m[48;2;96;96;108m▀[0m[38;2;156;148;220m[48;2;66;66;66m▀[0m[38;2;66;66;66m[48;2;236;222;255m▀[0m[38;2;236;222;255m[48;2;236;222;255m▀[0m[38;2;247;245;255m[48;2;247;245;255m▀[0m[38;2;247;245;255m[48;2;247;245;255m▀[0m[38;2;247;245;255m[48;2;236;222;255m▀[0m[38;2;236;222;255m[48;2;236;222;255m▀[0m[38;2;236;222;255m[48;2;190;167;211m▀[0m[38;2;66;66;66m[48;2;66;66;66m▀[0m[38;2;96;96;108m[48;2;156;148;220m▀[0m[38;2;96;96;108m[48;2;96;96;108m▀[0m[38;2;96;96;108m[48;2;96;96;108m▀[0m[38;2;156;148;220m[48;2;156;148;220m▀[0m[38;2;156;148;220m[48;2;156;148;220m▀[0m[38;2;156;148;220m[48;2;7;7;7m▀[0m[38;2;7;7;7m▀   
      [38;2;7;7;7m▀[38;2;66;66;66m[48;2;7;7;7m▀[0m[38;2;107;107;139m[48;2;107;107;139m▀[0m[38;2;66;66;66m[48;2;107;107;139m▀[0m[38;2;176;176;176m[48;2;96;96;108m▀[0m[38;2;96;96;108m[48;2;156;148;220m▀[0m[38;2;200;200;200m[48;2;96;96;108m▀[0m[38;2;96;96;108m[48;2;156;148;220m▀[0m[38;2;66;66;66m[48;2;66;66;66m▀[0m[38;2;190;167;211m[48;2;190;167;211m▀[0m[38;2;236;222;255m[48;2;190;167;211m▀[0m[38;2;236;222;255m[48;2;190;167;211m▀[0m[38;2;236;222;255m[48;2;190;167;211m▀[0m[38;2;236;222;255m[48;2;190;167;211m▀[0m[38;2;190;167;211m[48;2;190;167;211m▀[0m[38;2;190;167;211m[48;2;190;167;211m▀[0m[38;2;66;66;66m[48;2;66;66;66m▀[0m[38;2;156;148;220m[48;2;156;148;220m▀[0m[38;2;156;148;220m[48;2;7;7;7m▀[0m[38;2;156;148;220m[48;2;7;7;7m▀[0m[38;2;7;7;7m▀[38;2;7;7;7m▀     
        [38;2;7;7;7m▀[38;2;107;107;139m[48;2;7;7;7m▀[0m[38;2;107;107;139m[48;2;66;66;66m▀[0m[38;2;66;66;66m[48;2;107;107;139m▀[0m[38;2;107;107;139m[48;2;107;107;139m▀[0m[38;2;156;148;220m[48;2;7;7;7m▀[0m[38;2;156;148;220m[48;2;7;7;7m▀[0m[38;2;66;66;66m[48;2;7;7;7m▀[0m[38;2;190;167;211m[48;2;7;7;7m▀[0m[38;2;190;167;211m[48;2;190;167;211m▀[0m[38;2;190;167;211m[48;2;190;167;211m▀[0m[38;2;190;167;211m[48;2;107;107;139m▀[0m[38;2;190;167;211m[48;2;7;7;7m▀[0m[38;2;7;7;7m▀[38;2;7;7;7m▀[38;2;7;7;7m▀         
          [38;2;7;7;7m▀[38;2;7;7;7m▀[38;2;7;7;7m▀    [38;2;7;7;7m▀[38;2;107;107;139m[48;2;7;7;7m▀[0m[38;2;190;167;211m[48;2;7;7;7m▀[0m[38;2;7;7;7m▀            
[0m