   [38;2;0;0;0m▄[38;2;0;0;0m[48;2;65;65;65m▀[0m[38;2;0;0;0m▄[38;2;0;0;0m▄                      
 [38;2;0;0;0m▄[38;2;0;0;0m[48;2;189;180;148m▀[0m[38;2;0;0;0m[48;2;189;180;148m▀[0m[38;2;65;65;65m[48;2;0;0;0m▀[0m[38;2;0;0;0m[48;2;0;0;0m▀[0m[38;2;65;65;65m[48;2;65;65;65m▀[0m[38;2;0;0;0m[48;2;0;0;0m▀[0m[38;2;0;0;0m[48;2;65;65;65m▀[0m[38;2;0;0;0m[48;2;0;0;0m▀[0m        [38;2;0;0;0m▄[38;2;0;0;0m▄[38;2;0;0;0m[48;2;189;180;148m▀[0m[38;2;0;0;0m[48;2;189;180;148m▀[0m[38;2;0;0;0m▄ [38;2;0;0;0m▄[38;2;0;0;0m[48;2;65;65;65m▀[0m[38;2;0;0;0m[48;2;0;0;0m▀[0m  
[38;2;0;0;0m▄[38;2;0;0;0m[48;2;148;139;115m▀[0m[38;2;65;65;65m[48;2;148;139;115m▀[0m[38;2;189;180;148m[48;2;65;65;65m▀[0m[38;2;189;180;148m[48;2;65;65;65m▀[0m[38;2;123;115;90m[48;2;123;115;90m▀[0m[38;2;148;139;115m[48;2;123;115;90m▀[0m[38;2;65;65;65m[48;2;148;139;115m▀[0m[38;2;0;0;0m[48;2;255;172;82m▀[0m[38;2;0;0;0m▄      [38;2;0;0;0m▄[38;2;0;0;0m[48;2;189;180;148m▀[0m[38;2;65;65;65m[48;2;65;65;65m▀[0m[38;2;189;180;148m[48;2;123;115;90m▀[0m[38;2;189;180;148m[48;2;123;115;90m▀[0m[38;2;123;115;90m[48;2;65;65;65m▀[0m[38;2;65;65;65m[48;2;189;180;148m▀[0m[38;2;0;0;0m[48;2;189;180;148m▀[0m[38;2;65;65;65m[48;2;0;0;0m▀[0m[38;2;0;0;0m[48;2;0;0;0m▀[0m[38;2;0;0;0m[48;2;65;65;65m▀[0m[38;2;0;0;0m[48;2;0;0;0m▀[0m 
 [38;2;0;0;0m▀[38;2;0;0;0m[48;2;0;0;0m▀[0m[38;2;148;139;115m[48;2;65;65;65m▀[0m[38;2;123;115;90m[48;2;189;180;148m▀[0m[38;2;189;180;148m[48;2;189;180;148m▀[0m[38;2;189;180;148m[48;2;65;65;65m▀[0m[38;2;123;115;90m[48;2;123;115;90m▀[0m[38;2;205;131;82m[48;2;148;139;115m▀[0m[38;2;0;0;0m[48;2;148;139;115m▀[0m[38;2;0;0;0m▄[38;2;0;0;0m[48;2;189;180;148m▀[0m[38;2;0;0;0m[48;2;189;180;148m▀[0m[38;2;0;0;0m[48;2;189;180;148m▀[0m[38;2;0;0;0m▄[38;2;0;0;0m▄[38;2;0;0;0m[48;2;65;65;65m▀[0m[38;2;189;180;148m[48;2;65;65;65m▀[0m[38;2;189;180;148m[48;2;189;180;148m▀[0m[38;2;65;65;65m[48;2;123;115;90m▀[0m[38;2;65;65;65m[48;2;189;180;148m▀[0m[38;2;189;180;148m[48;2;65;65;65m▀[0m[38;2;189;180;148m[48;2;65;65;65m▀[0m[38;2;65;65;65m[48;2;189;180;148m▀[0m[38;2;0;0;0m[48;2;189;180;148m▀[0m[38;2;65;65;65m[48;2;0;0;0m▀[0m[38;2;0;0;0m[48;2;0;0;0m▀[0m[38;2;0;0;0m▄ 
   [38;2;0;0;0m▀[38;2;0;0;0m▀[38;2;65;65;65m[48;2;0;0;0m▀[0m[38;2;123;115;90m[48;2;148;139;115m▀[0m[38;2;148;139;115m[48;2;65;65;65m▀[0m[38;2;148;139;115m[48;2;123;115;90m▀[0m[38;2;123;115;90m[48;2;189;180;148m▀[0m[38;2;189;180;148m[48;2;189;180;148m▀[0m[38;2;189;180;148m[48;2;189;180;148m▀[0m[38;2;189;180;148m[48;2;148;139;115m▀[0m[38;2;148;139;115m[48;2;189;180;148m▀[0m[38;2;148;139;115m[48;2;189;180;148m▀[0m[38;2;189;180;148m[48;2;148;139;115m▀[0m[38;2;123;115;90m[48;2;189;180;148m▀[0m[38;2;65;65;65m[48;2;0;0;0m▀[0m[38;2;0;0;0m▀[38;2;189;180;148m[48;2;0;0;0m▀[0m[38;2;189;180;148m[48;2;148;139;115m▀[0m[38;2;189;180;148m[48;2;189;180;148m▀[0m[38;2;255;172;82m[48;2;205;131;82m▀[0m[38;2;189;180;148m[48;2;148;139;115m▀[0m[38;2;148;139;115m[48;2;189;180;148m▀[0m[38;2;0;0;0m[48;2;0;0;0m▀[0m[38;2;65;65;65m[48;2;0;0;0m▀[0m[38;2;65;65;65m[48;2;0;0;0m▀[0m[38;2;0;0;0m▀
    [38;2;0;0;0m▄[38;2;0;0;0m▄[38;2;0;0;0m[48;2;65;65;65m▀[0m[38;2;189;180;148m[48;2;65;65;65m▀[0m[38;2;65;65;65m[48;2;65;65;65m▀[0m[38;2;189;180;148m[48;2;65;65;65m▀[0m[38;2;65;65;65m[48;2;189;180;148m▀[0m[38;2;65;65;65m[48;2;65;65;65m▀[0m[38;2;189;180;148m[48;2;65;65;65m▀[0m[38;2;65;65;65m[48;2;189;180;148m▀[0m[38;2;65;65;65m[48;2;65;65;65m▀[0m[38;2;205;131;82m[48;2;189;180;148m▀[0m[38;2;255;172;82m[48;2;205;131;82m▀[0m[38;2;189;180;148m[48;2;255;172;82m▀[0m[38;2;0;0;0m[48;2;148;139;115m▀[0m[38;2;0;0;0m[48;2;65;65;65m▀[0m[38;2;189;180;148m[48;2;189;180;148m▀[0m[38;2;148;139;115m[48;2;148;139;115m▀[0m[38;2;189;180;148m[48;2;189;180;148m▀[0m[38;2;148;139;115m[48;2;189;180;148m▀[0m[38;2;0;0;0m[48;2;0;0;0m▀[0m[38;2;65;65;65m[48;2;0;0;0m▀[0m[38;2;65;65;65m[48;2;0;0;0m▀[0m[38;2;0;0;0m▀ 
   [38;2;0;0;0m▀[38;2;65;65;65m[48;2;0;0;0m▀[0m[38;2;65;65;65m[48;2;189;180;148m▀[0m[38;2;255;255;255m[48;2;255;255;255m▀[0m[38;2;65;65;65m[48;2;0;0;0m▀[0m[38;2;65;65;65m[48;2;65;65;65m▀[0m[38;2;189;180;148m[48;2;65;65;65m▀[0m[38;2;189;180;148m[48;2;189;180;148m▀[0m[38;2;189;180;148m[48;2;65;65;65m▀[0m[38;2;189;180;148m[48;2;65;65;65m▀[0m[38;2;65;65;65m[48;2;65;65;65m▀[0m[38;2;65;65;65m[48;2;65;65;65m▀[0m[38;2;65;65;65m[48;2;189;180;148m▀[0m[38;2;65;65;65m[48;2;65;65;65m▀[0m[38;2;189;180;148m[48;2;189;180;148m▀[0m[38;2;65;65;65m[48;2;189;180;148m▀[0m[38;2;148;139;115m[48;2;189;180;148m▀[0m[38;2;148;139;115m[48;2;189;180;148m▀[0m[38;2;189;180;148m[48;2;189;180;148m▀[0m[38;2;189;180;148m[48;2;0;0;0m▀[0m[38;2;0;0;0m▀     
    [38;2;0;0;0m▀[38;2;189;180;148m[48;2;0;0;0m▀[0m[38;2;148;139;115m[48;2;189;180;148m▀[0m[38;2;148;139;115m[48;2;189;180;148m▀[0m[38;2;65;65;65m[48;2;65;65;65m▀[0m[38;2;65;65;65m[48;2;65;65;65m▀[0m[38;2;65;65;65m[48;2;65;65;65m▀[0m[38;2;65;65;65m[48;2;255;255;255m▀[0m[38;2;0;0;0m[48;2;65;65;65m▀[0m[38;2;255;255;255m[48;2;255;255;255m▀[0m[38;2;123;115;90m[48;2;65;65;65m▀[0m[38;2;65;65;65m[48;2;65;65;65m▀[0m[38;2;65;65;65m[48;2;65;65;65m▀[0m[38;2;65;65;65m[48;2;65;65;65m▀[0m[38;2;123;115;90m[48;2;148;139;115m▀[0m[38;2;189;180;148m[48;2;65;65;65m▀[0m[38;2;65;65;65m[48;2;148;139;115m▀[0m[38;2;65;65;65m[48;2;0;0;0m▀[0m[38;2;0;0;0m▀      
    [38;2;0;0;0m[48;2;0;0;0m▀[0m[38;2;65;65;65m[48;2;148;139;115m▀[0m[38;2;65;65;65m[48;2;65;65;65m▀[0m[38;2;189;180;148m[48;2;65;65;65m▀[0m[38;2;189;180;148m[48;2;65;65;65m▀[0m[38;2;189;180;148m[48;2;65;65;65m▀[0m[38;2;189;180;148m[48;2;65;65;65m▀[0m[38;2;189;180;148m[48;2;189;180;148m▀[0m[38;2;189;180;148m[48;2;189;180;148m▀[0m[38;2;189;180;148m[48;2;65;65;65m▀[0m[38;2;148;139;115m[48;2;65;65;65m▀[0m[38;2;65;65;65m[48;2;123;115;90m▀[0m[38;2;65;65;65m[48;2;255;172;82m▀[0m[38;2;205;131;82m[48;2;255;172;82m▀[0m[38;2;148;139;115m[48;2;123;115;90m▀[0m[38;2;123;115;90m[48;2;148;139;115m▀[0m[38;2;148;139;115m[48;2;0;0;0m▀[0m[38;2;0;0;0m▀       
     [38;2;0;0;0m[48;2;0;0;0m▀[0m[38;2;189;180;148m[48;2;123;115;90m▀[0m[38;2;189;180;148m[48;2;123;115;90m▀[0m[38;2;65;65;65m[48;2;65;65;65m▀[0m[38;2;148;139;115m[48;2;148;139;115m▀[0m[38;2;148;139;115m[48;2;65;65;65m▀[0m[38;2;65;65;65m[48;2;189;180;148m▀[0m[38;2;65;65;65m[48;2;189;180;148m▀[0m[38;2;65;65;65m[48;2;189;180;148m▀[0m[38;2;189;180;148m[48;2;123;115;90m▀[0m[38;2;148;139;115m[48;2;148;139;115m▀[0m[38;2;205;131;82m[48;2;148;139;115m▀[0m[38;2;65;65;65m[48;2;65;65;65m▀[0m[38;2;148;139;115m[48;2;148;139;115m▀[0m[38;2;0;0;0m[48;2;0;0;0m▀[0m         
      [38;2;0;0;0m▀[38;2;189;180;148m[48;2;0;0;0m▀[0m[38;2;189;180;148m[48;2;0;0;0m▀[0m[38;2;65;65;65m[48;2;123;115;90m▀[0m[38;2;65;65;65m[48;2;123;115;90m▀[0m[38;2;123;115;90m[48;2;0;0;0m▀[0m[38;2;123;115;90m[48;2;189;180;148m▀[0m[38;2;123;115;90m[48;2;189;180;148m▀[0m[38;2;189;180;148m[48;2;65;65;65m▀[0m[38;2;148;139;115m[48;2;65;65;65m▀[0m[38;2;65;65;65m[48;2;65;65;65m▀[0m[38;2;148;139;115m[48;2;65;65;65m▀[0m[38;2;65;65;65m[48;2;65;65;65m▀[0m[38;2;123;115;90m[48;2;123;115;90m▀[0m[38;2;0;0;0m[48;2;0;0;0m▀[0m        
         [38;2;0;0;0m▀[38;2;0;0;0m▀ [38;2;0;0;0m▀[38;2;0;0;0m▀[38;2;0;0;0m▀[38;2;123;115;90m[48;2;0;0;0m▀[0m[38;2;65;65;65m[48;2;0;0;0m▀[0m[38;2;123;115;90m[48;2;0;0;0m▀[0m[38;2;65;65;65m[48;2;0;0;0m▀[0m[38;2;0;0;0m▀         
[0m