      [38;2;0;0;0m[48;2;0;0;0m▀[0m[38;2;0;0;0m[48;2;197;181;107m▀[0m[38;2;0;0;0m[48;2;197;181;107m▀[0m[38;2;0;0;0m▄                    
       [38;2;0;0;0m[48;2;0;0;0m▀[0m[38;2;197;181;107m[48;2;65;65;65m▀[0m[38;2;197;181;107m[48;2;123;107;90m▀[0m[38;2;0;0;0m[48;2;123;107;90m▀[0m[38;2;0;0;0m[48;2;123;107;90m▀[0m[38;2;0;0;0m[48;2;123;107;90m▀[0m[38;2;0;0;0m▄[38;2;0;0;0m▄[38;2;0;0;0m[48;2;247;239;173m▀[0m[38;2;0;0;0m[48;2;247;239;173m▀[0m[38;2;0;0;0m[48;2;247;239;173m▀[0m[38;2;0;0;0m▄           
  [38;2;0;0;0m▄[38;2;0;0;0m▄[38;2;0;0;0m▄[38;2;0;0;0m▄[38;2;0;0;0m[48;2;123;107;90m▀[0m[38;2;123;107;90m[48;2;123;107;90m▀[0m[38;2;123;107;90m[48;2;123;107;90m▀[0m[38;2;123;107;90m[48;2;123;107;90m▀[0m[38;2;123;107;90m[48;2;123;107;90m▀[0m[38;2;123;107;90m[48;2;123;107;90m▀[0m[38;2;123;107;90m[48;2;123;107;90m▀[0m[38;2;65;65;65m[48;2;65;65;65m▀[0m[38;2;247;239;173m[48;2;197;181;107m▀[0m[38;2;197;181;107m[48;2;197;181;107m▀[0m[38;2;197;181;107m[48;2;0;0;0m▀[0m[38;2;0;0;0m▀            
[38;2;0;0;0m▄[38;2;0;0;0m[48;2;181;123;107m▀[0m[38;2;181;123;107m[48;2;181;123;107m▀[0m[38;2;255;255;255m[48;2;132;99;82m▀[0m[38;2;181;123;107m[48;2;65;65;65m▀[0m[38;2;65;65;65m[48;2;123;107;90m▀[0m[38;2;123;107;90m[48;2;123;107;90m▀[0m[38;2;123;107;90m[48;2;123;107;90m▀[0m[38;2;123;107;90m[48;2;123;107;90m▀[0m[38;2;123;107;90m[48;2;65;65;65m▀[0m[38;2;123;107;90m[48;2;65;65;65m▀[0m[38;2;123;107;90m[48;2;65;65;65m▀[0m[38;2;65;65;65m[48;2;255;255;255m▀[0m[38;2;132;99;82m[48;2;132;99;82m▀[0m[38;2;65;65;65m[48;2;181;123;107m▀[0m[38;2;181;123;107m[48;2;181;123;107m▀[0m[38;2;0;0;0m[48;2;0;0;0m▀[0m             
[38;2;0;0;0m[48;2;0;0;0m▀[0m[38;2;181;123;107m[48;2;132;99;82m▀[0m[38;2;132;99;82m[48;2;132;99;82m▀[0m[38;2;132;99;82m[48;2;132;99;82m▀[0m[38;2;65;65;65m[48;2;65;65;65m▀[0m[38;2;206;156;123m[48;2;206;156;123m▀[0m[38;2;65;65;65m[48;2;206;156;123m▀[0m[38;2;65;65;65m[48;2;206;156;123m▀[0m[38;2;65;65;65m[48;2;206;156;123m▀[0m[38;2;206;156;123m[48;2;206;156;123m▀[0m[38;2;0;0;0m[48;2;206;156;123m▀[0m[38;2;197;66;66m[48;2;181;123;107m▀[0m[38;2;255;255;255m[48;2;181;123;107m▀[0m[38;2;132;99;82m[48;2;181;123;107m▀[0m[38;2;181;123;107m[48;2;65;65;65m▀[0m[38;2;65;65;65m[48;2;181;123;107m▀[0m[38;2;255;255;255m[48;2;181;123;107m▀[0m[38;2;0;0;0m[48;2;181;123;107m▀[0m[38;2;0;0;0m▄  [38;2;0;0;0m[48;2;0;0;0m▀[0m[38;2;0;0;0m[48;2;197;181;107m▀[0m[38;2;0;0;0m▄[38;2;0;0;0m▄[38;2;0;0;0m▄    
 [38;2;0;0;0m▀[38;2;0;0;0m▀[38;2;132;99;82m[48;2;0;0;0m▀[0m[38;2;65;65;65m[48;2;0;0;0m▀[0m[38;2;65;65;65m[48;2;65;65;65m▀[0m[38;2;206;156;123m[48;2;65;65;65m▀[0m[38;2;181;123;107m[48;2;65;65;65m▀[0m[38;2;206;156;123m[48;2;65;65;65m▀[0m[38;2;206;156;123m[48;2;255;255;255m▀[0m[38;2;181;123;107m[48;2;65;65;65m▀[0m[38;2;181;123;107m[48;2;65;65;65m▀[0m[38;2;65;65;65m[48;2;181;123;107m▀[0m[38;2;181;123;107m[48;2;132;99;82m▀[0m[38;2;65;65;65m[48;2;65;65;65m▀[0m[38;2;255;255;255m[48;2;181;123;107m▀[0m[38;2;181;123;107m[48;2;181;123;107m▀[0m[38;2;132;99;82m[48;2;132;99;82m▀[0m[38;2;181;123;107m[48;2;181;123;107m▀[0m[38;2;0;0;0m[48;2;0;0;0m▀[0m [38;2;0;0;0m[48;2;0;0;0m▀[0m[38;2;197;181;107m[48;2;65;65;65m▀[0m[38;2;65;65;65m[48;2;123;107;90m▀[0m[38;2;123;107;90m[48;2;123;107;90m▀[0m[38;2;123;107;90m[48;2;65;65;65m▀[0m[38;2;0;0;0m[48;2;247;239;173m▀[0m[38;2;0;0;0m[48;2;247;239;173m▀[0m[38;2;0;0;0m▄ 
    [38;2;0;0;0m▄[38;2;0;0;0m[48;2;132;99;82m▀[0m[38;2;65;65;65m[48;2;181;123;107m▀[0m[38;2;197;181;107m[48;2;65;65;65m▀[0m[38;2;197;181;107m[48;2;247;239;173m▀[0m[38;2;65;65;65m[48;2;247;239;173m▀[0m[38;2;65;65;65m[48;2;247;239;173m▀[0m[38;2;197;181;107m[48;2;247;239;173m▀[0m[38;2;181;123;107m[48;2;206;156;123m▀[0m[38;2;132;99;82m[48;2;181;123;107m▀[0m[38;2;181;123;107m[48;2;132;99;82m▀[0m[38;2;65;65;65m[48;2;132;99;82m▀[0m[38;2;181;123;107m[48;2;132;99;82m▀[0m[38;2;181;123;107m[48;2;65;65;65m▀[0m[38;2;65;65;65m[48;2;132;99;82m▀[0m[38;2;132;99;82m[48;2;132;99;82m▀[0m[38;2;0;0;0m[48;2;0;0;0m▀[0m[38;2;123;107;90m[48;2;65;65;65m▀[0m[38;2;123;107;90m[48;2;123;107;90m▀[0m[38;2;123;107;90m[48;2;65;65;65m▀[0m[38;2;65;65;65m[48;2;255;255;255m▀[0m[38;2;197;181;107m[48;2;132;132;181m▀[0m[38;2;247;239;173m[48;2;0;0;0m▀[0m[38;2;0;0;0m▀  
    [38;2;0;0;0m[48;2;0;0;0m▀[0m[38;2;181;123;107m[48;2;181;123;107m▀[0m[38;2;65;65;65m[48;2;65;65;65m▀[0m[38;2;173;156;82m[48;2;247;239;173m▀[0m[38;2;247;239;173m[48;2;173;156;82m▀[0m[38;2;247;239;173m[48;2;173;156;82m▀[0m[38;2;247;239;173m[48;2;173;156;82m▀[0m[38;2;247;239;173m[48;2;247;239;173m▀[0m[38;2;247;239;173m[48;2;65;65;65m▀[0m[38;2;181;123;107m[48;2;206;156;123m▀[0m[38;2;181;123;107m[48;2;206;156;123m▀[0m[38;2;181;123;107m[48;2;181;123;107m▀[0m[38;2;181;123;107m[48;2;132;99;82m▀[0m[38;2;65;65;65m[48;2;132;99;82m▀[0m[38;2;132;99;82m[48;2;65;65;65m▀[0m[38;2;132;99;82m[48;2;0;0;0m▀[0m[38;2;65;65;65m[48;2;132;132;181m▀[0m[38;2;165;165;222m[48;2;65;65;65m▀[0m[38;2;165;165;222m[48;2;165;165;222m▀[0m[38;2;197;66;66m[48;2;165;165;222m▀[0m[38;2;255;255;255m[48;2;165;165;222m▀[0m[38;2;165;165;222m[48;2;132;132;181m▀[0m[38;2;165;165;222m[48;2;65;65;65m▀[0m[38;2;0;0;0m[48;2;0;0;0m▀[0m  
     [38;2;0;0;0m▀[38;2;132;99;82m[48;2;0;0;0m▀[0m[38;2;65;65;65m[48;2;0;0;0m▀[0m[38;2;247;239;173m[48;2;0;0;0m▀[0m[38;2;247;239;173m[48;2;197;181;107m▀[0m[38;2;247;239;173m[48;2;197;181;107m▀[0m[38;2;65;65;65m[48;2;65;65;65m▀[0m[38;2;206;156;123m[48;2;181;123;107m▀[0m[38;2;206;156;123m[48;2;206;156;123m▀[0m[38;2;206;156;123m[48;2;206;156;123m▀[0m[38;2;132;99;82m[48;2;132;99;82m▀[0m[38;2;181;123;107m[48;2;65;65;65m▀[0m[38;2;181;123;107m[48;2;0;0;0m▀[0m[38;2;0;0;0m▀[38;2;0;0;0m▀[38;2;65;65;65m[48;2;0;0;0m▀[0m[38;2;132;132;181m[48;2;65;65;65m▀[0m[38;2;65;65;65m[48;2;247;239;173m▀[0m[38;2;247;239;173m[48;2;247;239;173m▀[0m[38;2;247;239;173m[48;2;247;239;173m▀[0m[38;2;165;165;222m[48;2;197;181;107m▀[0m[38;2;165;165;222m[48;2;165;165;222m▀[0m[38;2;165;165;222m[48;2;132;132;181m▀[0m[38;2;0;0;0m[48;2;0;0;0m▀[0m 
         [38;2;0;0;0m▀[38;2;0;0;0m▀[38;2;0;0;0m▀[38;2;181;123;107m[48;2;0;0;0m▀[0m[38;2;181;123;107m[48;2;255;255;255m▀[0m[38;2;181;123;107m[48;2;132;99;82m▀[0m[38;2;181;123;107m[48;2;255;255;255m▀[0m[38;2;181;123;107m[48;2;0;0;0m▀[0m[38;2;0;0;0m▀  [38;2;0;0;0m[48;2;0;0;0m▀[0m[38;2;132;132;181m[48;2;132;132;181m▀[0m[38;2;197;181;107m[48;2;65;65;65m▀[0m[38;2;247;239;173m[48;2;197;181;107m▀[0m[38;2;247;239;173m[48;2;132;132;181m▀[0m[38;2;132;132;181m[48;2;165;165;222m▀[0m[38;2;65;65;65m[48;2;165;165;222m▀[0m[38;2;65;65;65m[48;2;0;0;0m▀[0m[38;2;132;132;181m[48;2;0;0;0m▀[0m[38;2;0;0;0m▀
             [38;2;0;0;0m▀[38;2;0;0;0m▀[38;2;0;0;0m▀     [38;2;0;0;0m▀[38;2;0;0;0m▀[38;2;0;0;0m▀[38;2;0;0;0m▀[38;2;165;165;222m[48;2;0;0;0m▀[0m[38;2;165;165;222m[48;2;0;0;0m▀[0m[38;2;0;0;0m▀  
[0m