               [38;2;7;7;7m▄[38;2;7;7;7m[48;2;207;207;68m▀[0m[38;2;7;7;7m[48;2;7;7;7m▀[0m                
             [38;2;7;7;7m▄[38;2;7;7;7m[48;2;188;184;38m▀[0m[38;2;207;207;68m[48;2;207;207;68m▀[0m[38;2;207;207;68m[48;2;188;184;38m▀[0m[38;2;7;7;7m[48;2;7;7;7m▀[0m                
            [38;2;7;7;7m▄[38;2;7;7;7m[48;2;188;184;38m▀[0m[38;2;207;207;68m[48;2;207;207;68m▀[0m[38;2;188;184;38m[48;2;188;184;38m▀[0m[38;2;193;192;52m[48;2;7;7;7m▀[0m[38;2;7;7;7m▀                
            [38;2;7;7;7m[48;2;7;7;7m▀[0m[38;2;207;207;68m[48;2;193;192;52m▀[0m[38;2;188;184;38m[48;2;188;184;38m▀[0m[38;2;193;192;52m[48;2;193;192;52m▀[0m[38;2;188;184;38m[48;2;188;184;38m▀[0m[38;2;7;7;7m[48;2;234;218;53m▀[0m[38;2;7;7;7m▄[38;2;7;7;7m▄    [38;2;7;7;7m▄[38;2;7;7;7m[48;2;252;248;103m▀[0m[38;2;7;7;7m[48;2;7;7;7m▀[0m       
       [38;2;7;7;7m[48;2;7;7;7m▀[0m[38;2;7;7;7m[48;2;207;207;68m▀[0m[38;2;7;7;7m▄[38;2;7;7;7m▄[38;2;7;7;7m[48;2;234;218;53m▀[0m[38;2;242;231;73m[48;2;242;231;73m▀[0m[38;2;188;184;38m[48;2;242;231;73m▀[0m[38;2;193;192;52m[48;2;188;184;38m▀[0m[38;2;188;184;38m[48;2;242;231;73m▀[0m[38;2;234;218;53m[48;2;234;218;53m▀[0m[38;2;234;218;53m[48;2;234;218;53m▀[0m[38;2;234;218;53m[48;2;188;184;38m▀[0m[38;2;234;218;53m[48;2;188;184;38m▀[0m[38;2;7;7;7m[48;2;193;192;52m▀[0m[38;2;7;7;7m[48;2;7;7;7m▀[0m [38;2;7;7;7m▄[38;2;7;7;7m[48;2;252;248;103m▀[0m[38;2;252;248;103m[48;2;252;248;103m▀[0m[38;2;231;233;87m[48;2;231;233;87m▀[0m[38;2;7;7;7m[48;2;252;248;103m▀[0m[38;2;7;7;7m[48;2;7;7;7m▀[0m     
       [38;2;7;7;7m▀[38;2;193;192;52m[48;2;7;7;7m▀[0m[38;2;207;207;68m[48;2;193;192;52m▀[0m[38;2;188;184;38m[48;2;207;207;68m▀[0m[38;2;234;218;53m[48;2;188;184;38m▀[0m[38;2;234;218;53m[48;2;234;218;53m▀[0m[38;2;242;231;73m[48;2;234;218;53m▀[0m[38;2;242;231;73m[48;2;234;218;53m▀[0m[38;2;234;218;53m[48;2;188;184;38m▀[0m[38;2;234;218;53m[48;2;188;184;38m▀[0m[38;2;188;184;38m[48;2;207;207;68m▀[0m[38;2;193;192;52m[48;2;188;184;38m▀[0m[38;2;193;192;52m[48;2;188;184;38m▀[0m[38;2;188;184;38m[48;2;7;7;7m▀[0m[38;2;7;7;7m▀[38;2;7;7;7m▄[38;2;7;7;7m[48;2;252;248;103m▀[0m[38;2;252;248;103m[48;2;252;248;103m▀[0m[38;2;231;233;87m[48;2;188;184;38m▀[0m[38;2;252;248;103m[48;2;252;248;103m▀[0m[38;2;252;248;103m[48;2;7;7;7m▀[0m[38;2;7;7;7m▀     
        [38;2;7;7;7m[48;2;7;7;7m▀[0m[38;2;193;192;52m[48;2;188;184;38m▀[0m[38;2;207;207;68m[48;2;193;192;52m▀[0m[38;2;188;184;38m[48;2;207;207;68m▀[0m[38;2;234;218;53m[48;2;188;184;38m▀[0m[38;2;234;218;53m[48;2;188;184;38m▀[0m[38;2;188;184;38m[48;2;207;207;68m▀[0m[38;2;207;207;68m[48;2;188;184;38m▀[0m[38;2;207;207;68m[48;2;188;184;38m▀[0m[38;2;188;184;38m[48;2;193;192;52m▀[0m[38;2;193;192;52m[48;2;188;184;38m▀[0m[38;2;188;184;38m[48;2;193;192;52m▀[0m[38;2;204;193;39m[48;2;188;184;38m▀[0m[38;2;7;7;7m[48;2;204;193;39m▀[0m[38;2;188;184;38m[48;2;188;184;38m▀[0m[38;2;252;248;103m[48;2;188;184;38m▀[0m[38;2;188;184;38m[48;2;193;192;52m▀[0m[38;2;193;192;52m[48;2;193;192;52m▀[0m[38;2;188;184;38m[48;2;188;184;38m▀[0m[38;2;7;7;7m[48;2;188;184;38m▀[0m[38;2;7;7;7m▄     
       [38;2;7;7;7m[48;2;7;7;7m▀[0m[38;2;221;206;44m[48;2;221;206;44m▀[0m[38;2;188;184;38m[48;2;188;184;38m▀[0m[38;2;188;184;38m[48;2;193;192;52m▀[0m[38;2;193;192;52m[48;2;188;184;38m▀[0m[38;2;188;184;38m[48;2;193;192;52m▀[0m[38;2;207;207;68m[48;2;188;184;38m▀[0m[38;2;188;184;38m[48;2;193;192;52m▀[0m[38;2;193;192;52m[48;2;188;184;38m▀[0m[38;2;193;192;52m[48;2;188;184;38m▀[0m[38;2;188;184;38m[48;2;252;248;103m▀[0m[38;2;234;218;53m[48;2;234;218;53m▀[0m[38;2;188;184;38m[48;2;188;184;38m▀[0m[38;2;193;192;52m[48;2;188;184;38m▀[0m[38;2;188;184;38m[48;2;188;184;38m▀[0m[38;2;193;192;52m[48;2;193;192;52m▀[0m[38;2;193;192;52m[48;2;188;184;38m▀[0m[38;2;188;184;38m[48;2;234;218;53m▀[0m[38;2;193;192;52m[48;2;188;184;38m▀[0m[38;2;188;184;38m[48;2;234;218;53m▀[0m[38;2;193;192;52m[48;2;188;184;38m▀[0m[38;2;7;7;7m[48;2;193;192;52m▀[0m[38;2;7;7;7m▄    
       [38;2;7;7;7m▀[38;2;188;184;38m[48;2;7;7;7m▀[0m[38;2;193;192;52m[48;2;188;184;38m▀[0m[38;2;188;184;38m[48;2;188;184;38m▀[0m[38;2;188;184;38m[48;2;234;218;53m▀[0m[38;2;193;192;52m[48;2;188;184;38m▀[0m[38;2;188;184;38m[48;2;221;206;44m▀[0m[38;2;188;184;38m[48;2;234;218;53m▀[0m[38;2;167;163;18m[48;2;234;218;53m▀[0m[38;2;252;248;103m[48;2;234;218;53m▀[0m[38;2;234;218;53m[48;2;188;184;38m▀[0m[38;2;188;184;38m[48;2;193;192;52m▀[0m[38;2;193;192;52m[48;2;188;184;38m▀[0m[38;2;193;192;52m[48;2;193;192;52m▀[0m[38;2;188;184;38m[48;2;193;192;52m▀[0m[38;2;188;184;38m[48;2;193;192;52m▀[0m[38;2;193;192;52m[48;2;188;184;38m▀[0m[38;2;242;231;73m[48;2;242;231;73m▀[0m[38;2;242;231;73m[48;2;221;206;44m▀[0m[38;2;221;206;44m[48;2;234;218;53m▀[0m[38;2;188;184;38m[48;2;221;206;44m▀[0m[38;2;193;192;52m[48;2;188;184;38m▀[0m[38;2;188;184;38m[48;2;193;192;52m▀[0m[38;2;7;7;7m[48;2;7;7;7m▀[0m   
        [38;2;7;7;7m▀[38;2;193;192;52m[48;2;7;7;7m▀[0m[38;2;188;184;38m[48;2;193;192;52m▀[0m[38;2;234;218;53m[48;2;188;184;38m▀[0m[38;2;234;218;53m[48;2;221;206;44m▀[0m[38;2;234;218;53m[48;2;234;218;53m▀[0m[38;2;234;218;53m[48;2;188;184;38m▀[0m[38;2;234;218;53m[48;2;188;184;38m▀[0m[38;2;188;184;38m[48;2;193;192;52m▀[0m[38;2;193;192;52m[48;2;188;184;38m▀[0m[38;2;193;192;52m[48;2;188;184;38m▀[0m[38;2;188;184;38m[48;2;255;247;79m▀[0m[38;2;188;184;38m[48;2;237;230;58m▀[0m[38;2;188;184;38m[48;2;188;184;38m▀[0m[38;2;188;184;38m[48;2;193;192;52m▀[0m[38;2;193;192;52m[48;2;188;184;38m▀[0m[38;2;188;184;38m[48;2;234;218;53m▀[0m[38;2;221;206;44m[48;2;234;218;53m▀[0m[38;2;234;218;53m[48;2;221;206;44m▀[0m[38;2;221;206;44m[48;2;234;218;53m▀[0m[38;2;188;184;38m[48;2;7;7;7m▀[0m[38;2;7;7;7m▀    
 [38;2;7;7;7m[48;2;7;7;7m▀[0m[38;2;7;7;7m[48;2;193;192;52m▀[0m[38;2;7;7;7m[48;2;193;192;52m▀[0m[38;2;7;7;7m▄  [38;2;7;7;7m▄[38;2;7;7;7m[48;2;234;218;53m▀[0m[38;2;221;206;44m[48;2;188;184;38m▀[0m[38;2;188;184;38m[48;2;188;184;38m▀[0m[38;2;193;192;52m[48;2;193;192;52m▀[0m[38;2;188;184;38m[48;2;193;192;52m▀[0m[38;2;188;184;38m[48;2;193;192;52m▀[0m[38;2;193;192;52m[48;2;193;192;52m▀[0m[38;2;193;192;52m[48;2;188;184;38m▀[0m[38;2;193;192;52m[48;2;188;184;38m▀[0m[38;2;188;184;38m[48;2;255;247;79m▀[0m[38;2;255;247;79m[48;2;255;247;79m▀[0m[38;2;237;230;58m[48;2;234;218;53m▀[0m[38;2;234;218;53m[48;2;234;218;53m▀[0m[38;2;188;184;38m[48;2;234;218;53m▀[0m[38;2;193;192;52m[48;2;188;184;38m▀[0m[38;2;193;192;52m[48;2;193;192;52m▀[0m[38;2;188;184;38m[48;2;188;184;38m▀[0m[38;2;188;184;38m[48;2;193;192;52m▀[0m[38;2;188;184;38m[48;2;188;184;38m▀[0m[38;2;234;218;53m[48;2;221;206;44m▀[0m[38;2;221;206;44m[48;2;234;218;53m▀[0m[38;2;7;7;7m[48;2;7;7;7m▀[0m    
 [38;2;7;7;7m▀[38;2;193;192;52m[48;2;7;7;7m▀[0m[38;2;193;192;52m[48;2;193;192;52m▀[0m[38;2;193;192;52m[48;2;193;192;52m▀[0m[38;2;7;7;7m[48;2;193;192;52m▀[0m[38;2;7;7;7m[48;2;188;184;38m▀[0m[38;2;234;218;53m[48;2;234;218;53m▀[0m[38;2;234;218;53m[48;2;7;7;7m▀[0m[38;2;7;7;7m▀[38;2;7;7;7m▀[38;2;188;184;38m[48;2;7;7;7m▀[0m[38;2;188;184;38m[48;2;204;193;39m▀[0m[38;2;193;192;52m[48;2;188;184;38m▀[0m[38;2;188;184;38m[48;2;204;193;39m▀[0m[38;2;188;184;38m[48;2;221;206;44m▀[0m[38;2;221;206;44m[48;2;188;184;38m▀[0m[38;2;221;206;44m[48;2;188;184;38m▀[0m[38;2;221;206;44m[48;2;188;184;38m▀[0m[38;2;221;206;44m[48;2;188;184;38m▀[0m[38;2;221;206;44m[48;2;221;206;44m▀[0m[38;2;221;206;44m[48;2;188;184;38m▀[0m[38;2;188;184;38m[48;2;188;184;38m▀[0m[38;2;188;184;38m[48;2;193;192;52m▀[0m[38;2;188;184;38m[48;2;193;192;52m▀[0m[38;2;193;192;52m[48;2;188;184;38m▀[0m[38;2;193;192;52m[48;2;7;7;7m▀[0m[38;2;7;7;7m▀[38;2;234;218;53m[48;2;7;7;7m▀[0m[38;2;234;218;53m[48;2;221;206;44m▀[0m[38;2;7;7;7m[48;2;234;218;53m▀[0m[38;2;7;7;7m▄  
[38;2;7;7;7m▄[38;2;7;7;7m[48;2;234;218;53m▀[0m[38;2;221;206;44m[48;2;221;206;44m▀[0m[38;2;193;192;52m[48;2;188;184;38m▀[0m[38;2;193;192;52m[48;2;193;192;52m▀[0m[38;2;193;192;52m[48;2;193;192;52m▀[0m[38;2;193;192;52m[48;2;193;192;52m▀[0m[38;2;188;184;38m[48;2;193;192;52m▀[0m[38;2;7;7;7m[48;2;193;192;52m▀[0m[38;2;7;7;7m▄[38;2;7;7;7m[48;2;193;192;52m▀[0m[38;2;188;184;38m[48;2;188;184;38m▀[0m[38;2;221;206;44m[48;2;204;193;39m▀[0m[38;2;221;206;44m[48;2;221;206;44m▀[0m[38;2;221;206;44m[48;2;204;193;39m▀[0m[38;2;188;184;38m[48;2;221;206;44m▀[0m[38;2;188;184;38m[48;2;188;184;38m▀[0m[38;2;237;230;58m[48;2;221;206;44m▀[0m[38;2;237;230;58m[48;2;234;218;53m▀[0m[38;2;237;230;58m[48;2;234;218;53m▀[0m[38;2;188;184;38m[48;2;204;193;39m▀[0m[38;2;204;193;39m[48;2;221;206;44m▀[0m[38;2;188;184;38m[48;2;221;206;44m▀[0m[38;2;193;192;52m[48;2;188;184;38m▀[0m[38;2;193;192;52m[48;2;193;192;52m▀[0m[38;2;193;192;52m[48;2;193;192;52m▀[0m[38;2;193;192;52m[48;2;193;192;52m▀[0m[38;2;7;7;7m[48;2;193;192;52m▀[0m[38;2;234;218;53m[48;2;188;184;38m▀[0m[38;2;234;218;53m[48;2;234;218;53m▀[0m[38;2;234;218;53m[48;2;7;7;7m▀[0m[38;2;7;7;7m▀  
[38;2;7;7;7m▀[38;2;7;7;7m▀[38;2;7;7;7m▀[38;2;188;184;38m[48;2;7;7;7m▀[0m[38;2;193;192;52m[48;2;188;184;38m▀[0m[38;2;193;192;52m[48;2;193;192;52m▀[0m[38;2;193;192;52m[48;2;193;192;52m▀[0m[38;2;193;192;52m[48;2;193;192;52m▀[0m[38;2;193;192;52m[48;2;193;192;52m▀[0m[38;2;193;192;52m[48;2;193;192;52m▀[0m[38;2;193;192;52m[48;2;193;192;52m▀[0m[38;2;188;184;38m[48;2;7;7;7m▀[0m[38;2;204;193;39m[48;2;193;192;52m▀[0m[38;2;204;193;39m[48;2;221;206;44m▀[0m[38;2;221;206;44m[48;2;204;193;39m▀[0m[38;2;188;184;38m[48;2;188;184;38m▀[0m[38;2;221;206;44m[48;2;7;7;7m▀[0m[38;2;204;193;39m[48;2;221;206;44m▀[0m[38;2;204;193;39m[48;2;221;206;44m▀[0m[38;2;204;193;39m[48;2;221;206;44m▀[0m[38;2;221;206;44m[48;2;221;206;44m▀[0m[38;2;204;193;39m[48;2;188;184;38m▀[0m[38;2;188;184;38m[48;2;234;218;53m▀[0m[38;2;188;184;38m[48;2;234;218;53m▀[0m[38;2;188;184;38m[48;2;188;184;38m▀[0m[38;2;193;192;52m[48;2;193;192;52m▀[0m[38;2;193;192;52m[48;2;193;192;52m▀[0m[38;2;193;192;52m[48;2;193;192;52m▀[0m[38;2;193;192;52m[48;2;193;192;52m▀[0m[38;2;7;7;7m[48;2;193;192;52m▀[0m[38;2;7;7;7m▄[38;2;7;7;7m▄[38;2;7;7;7m[48;2;193;192;52m▀[0m[38;2;7;7;7m[48;2;7;7;7m▀[0m
  [38;2;7;7;7m▄[38;2;7;7;7m▄[38;2;7;7;7m[48;2;193;192;52m▀[0m[38;2;193;192;52m[48;2;193;192;52m▀[0m[38;2;193;192;52m[48;2;188;184;38m▀[0m[38;2;193;192;52m[48;2;188;184;38m▀[0m[38;2;193;192;52m[48;2;193;192;52m▀[0m[38;2;188;184;38m[48;2;7;7;7m▀[0m[38;2;7;7;7m▀ [38;2;7;7;7m▀[38;2;193;192;52m[48;2;7;7;7m▀[0m[38;2;193;192;52m[48;2;237;230;58m▀[0m[38;2;7;7;7m[48;2;193;192;52m▀[0m[38;2;7;7;7m▄[38;2;7;7;7m▀[38;2;221;206;44m[48;2;7;7;7m▀[0m[38;2;221;206;44m[48;2;7;7;7m▀[0m[38;2;7;7;7m▀[38;2;7;7;7m▀[38;2;7;7;7m▀[38;2;188;184;38m[48;2;7;7;7m▀[0m[38;2;193;192;52m[48;2;193;192;52m▀[0m[38;2;193;192;52m[48;2;193;192;52m▀[0m[38;2;193;192;52m[48;2;193;192;52m▀[0m[38;2;193;192;52m[48;2;193;192;52m▀[0m[38;2;193;192;52m[48;2;193;192;52m▀[0m[38;2;193;192;52m[48;2;193;192;52m▀[0m[38;2;193;192;52m[48;2;193;192;52m▀[0m[38;2;193;192;52m[48;2;193;192;52m▀[0m[38;2;193;192;52m[48;2;7;7;7m▀[0m[38;2;7;7;7m▀
  [38;2;7;7;7m▀[38;2;193;192;52m[48;2;7;7;7m▀[0m[38;2;193;192;52m[48;2;7;7;7m▀[0m[38;2;188;184;38m[48;2;7;7;7m▀[0m[38;2;193;192;52m[48;2;7;7;7m▀[0m[38;2;7;7;7m▀[38;2;7;7;7m▀   [38;2;7;7;7m▄[38;2;7;7;7m[48;2;188;184;38m▀[0m[38;2;193;192;52m[48;2;221;206;44m▀[0m[38;2;221;206;44m[48;2;188;184;38m▀[0m[38;2;221;206;44m[48;2;221;206;44m▀[0m[38;2;7;7;7m[48;2;7;7;7m▀[0m   [38;2;7;7;7m[48;2;7;7;7m▀[0m[38;2;7;7;7m[48;2;193;192;52m▀[0m[38;2;188;184;38m[48;2;193;192;52m▀[0m[38;2;193;192;52m[48;2;193;192;52m▀[0m[38;2;193;192;52m[48;2;193;192;52m▀[0m[38;2;193;192;52m[48;2;193;192;52m▀[0m[38;2;193;192;52m[48;2;193;192;52m▀[0m[38;2;193;192;52m[48;2;193;192;52m▀[0m[38;2;193;192;52m[48;2;193;192;52m▀[0m[38;2;188;184;38m[48;2;193;192;52m▀[0m[38;2;193;192;52m[48;2;7;7;7m▀[0m[38;2;7;7;7m▀ 
            [38;2;7;7;7m[48;2;7;7;7m▀[0m[38;2;193;192;52m[48;2;193;192;52m▀[0m[38;2;188;184;38m[48;2;7;7;7m▀[0m[38;2;193;192;52m[48;2;193;192;52m▀[0m[38;2;188;184;38m[48;2;7;7;7m▀[0m[38;2;7;7;7m▀    [38;2;7;7;7m▀[38;2;188;184;38m[48;2;7;7;7m▀[0m[38;2;188;184;38m[48;2;193;192;52m▀[0m[38;2;193;192;52m[48;2;188;184;38m▀[0m[38;2;193;192;52m[48;2;188;184;38m▀[0m[38;2;193;192;52m[48;2;188;184;38m▀[0m[38;2;193;192;52m[48;2;7;7;7m▀[0m[38;2;7;7;7m▀[38;2;7;7;7m▀   
            [38;2;7;7;7m▀[38;2;193;192;52m[48;2;7;7;7m▀[0m[38;2;7;7;7m▀[38;2;193;192;52m[48;2;7;7;7m▀[0m[38;2;7;7;7m▀      [38;2;7;7;7m[48;2;7;7;7m▀[0m[38;2;193;192;52m[48;2;193;192;52m▀[0m[38;2;7;7;7m[48;2;7;7;7m▀[0m[38;2;193;192;52m[48;2;193;192;52m▀[0m[38;2;7;7;7m[48;2;7;7;7m▀[0m      
                        [38;2;7;7;7m▀ [38;2;7;7;7m▀       
[0m