         [38;2;7;7;7m▄[38;2;7;7;7m[48;2;247;187;249m▀[0m[38;2;7;7;7m▄              
         [38;2;7;7;7m▀[38;2;247;187;249m[48;2;7;7;7m▀[0m[38;2;213;130;198m[48;2;247;187;249m▀[0m[38;2;7;7;7m[48;2;248;248;248m▀[0m[38;2;7;7;7m[48;2;248;248;248m▀[0m[38;2;7;7;7m▄[38;2;7;7;7m▄[38;2;7;7;7m[48;2;213;130;198m▀[0m[38;2;7;7;7m▄[38;2;7;7;7m[48;2;7;7;7m▀[0m[38;2;7;7;7m[48;2;213;130;198m▀[0m[38;2;7;7;7m▄     
     [38;2;7;7;7m▄[38;2;7;7;7m▄ [38;2;7;7;7m▄[38;2;7;7;7m[48;2;247;187;249m▀[0m[38;2;7;7;7m[48;2;66;66;66m▀[0m[38;2;247;187;249m[48;2;66;66;66m▀[0m[38;2;247;187;249m[48;2;247;187;249m▀[0m[38;2;247;187;249m[48;2;247;187;249m▀[0m[38;2;248;248;248m[48;2;247;187;249m▀[0m[38;2;66;66;66m[48;2;66;66;66m▀[0m[38;2;246;230;41m[48;2;246;230;41m▀[0m[38;2;186;168;71m[48;2;246;230;41m▀[0m[38;2;246;230;41m[48;2;186;168;71m▀[0m[38;2;66;66;66m[48;2;66;66;66m▀[0m[38;2;7;7;7m[48;2;213;130;198m▀[0m[38;2;7;7;7m▄    
    [38;2;7;7;7m▀[38;2;74;156;57m[48;2;7;7;7m▀[0m[38;2;74;156;57m[48;2;74;156;57m▀[0m[38;2;7;7;7m[48;2;74;156;57m▀[0m[38;2;7;7;7m[48;2;66;66;66m▀[0m[38;2;247;187;249m[48;2;66;66;66m▀[0m[38;2;213;130;198m[48;2;247;187;249m▀[0m[38;2;247;187;249m[48;2;247;187;249m▀[0m[38;2;66;66;66m[48;2;247;187;249m▀[0m[38;2;66;66;66m[48;2;247;187;249m▀[0m[38;2;247;187;249m[48;2;66;66;66m▀[0m[38;2;66;66;66m[48;2;247;187;249m▀[0m[38;2;66;66;66m[48;2;247;187;249m▀[0m[38;2;246;230;41m[48;2;66;66;66m▀[0m[38;2;246;230;41m[48;2;213;130;198m▀[0m[38;2;246;230;41m[48;2;66;66;66m▀[0m[38;2;66;66;66m[48;2;66;66;66m▀[0m[38;2;213;130;198m[48;2;213;130;198m▀[0m[38;2;7;7;7m[48;2;247;187;249m▀[0m[38;2;7;7;7m▄[38;2;7;7;7m▄ 
      [38;2;7;7;7m[48;2;7;7;7m▀[0m[38;2;66;66;66m[48;2;197;246;139m▀[0m[38;2;197;246;139m[48;2;197;246;139m▀[0m[38;2;66;66;66m[48;2;197;246;139m▀[0m[38;2;247;187;249m[48;2;66;66;66m▀[0m[38;2;247;187;249m[48;2;247;187;249m▀[0m[38;2;247;187;249m[48;2;247;187;249m▀[0m[38;2;66;66;66m[48;2;66;66;66m▀[0m[38;2;247;187;249m[48;2;247;187;249m▀[0m[38;2;247;187;249m[48;2;213;130;198m▀[0m[38;2;248;248;248m[48;2;213;130;198m▀[0m[38;2;247;187;249m[48;2;247;187;249m▀[0m[38;2;66;66;66m[48;2;66;66;66m▀[0m[38;2;247;187;249m[48;2;247;187;249m▀[0m[38;2;248;248;248m[48;2;247;187;249m▀[0m[38;2;66;66;66m[48;2;248;248;248m▀[0m[38;2;213;130;198m[48;2;66;66;66m▀[0m[38;2;247;187;249m[48;2;7;7;7m▀[0m[38;2;247;187;249m[48;2;7;7;7m▀[0m[38;2;7;7;7m▀
     [38;2;7;7;7m[48;2;7;7;7m▀[0m[38;2;197;246;139m[48;2;197;246;139m▀[0m[38;2;197;246;139m[48;2;197;246;139m▀[0m[38;2;197;246;139m[48;2;197;246;139m▀[0m[38;2;197;246;139m[48;2;197;246;139m▀[0m[38;2;197;246;139m[48;2;197;246;139m▀[0m[38;2;66;66;66m[48;2;197;246;139m▀[0m[38;2;66;66;66m[48;2;197;246;139m▀[0m[38;2;66;66;66m[48;2;66;66;66m▀[0m[38;2;247;187;249m[48;2;66;66;66m▀[0m[38;2;247;187;249m[48;2;247;187;249m▀[0m[38;2;213;130;198m[48;2;247;187;249m▀[0m[38;2;247;187;249m[48;2;66;66;66m▀[0m[38;2;66;66;66m[48;2;74;156;57m▀[0m[38;2;247;187;249m[48;2;66;66;66m▀[0m[38;2;247;187;249m[48;2;247;187;249m▀[0m[38;2;213;130;198m[48;2;247;187;249m▀[0m[38;2;247;187;249m[48;2;247;187;249m▀[0m[38;2;7;7;7m[48;2;247;187;249m▀[0m[38;2;7;7;7m▄ 
    [38;2;7;7;7m[48;2;7;7;7m▀[0m[38;2;197;246;139m[48;2;197;246;139m▀[0m[38;2;197;246;139m[48;2;197;246;139m▀[0m[38;2;197;246;139m[48;2;197;246;139m▀[0m[38;2;197;246;139m[48;2;66;66;66m▀[0m[38;2;197;246;139m[48;2;66;66;66m▀[0m[38;2;197;246;139m[48;2;66;66;66m▀[0m[38;2;66;66;66m[48;2;248;248;248m▀[0m[38;2;66;66;66m[48;2;248;248;248m▀[0m[38;2;66;66;66m[48;2;66;66;66m▀[0m[38;2;197;246;139m[48;2;197;246;139m▀[0m[38;2;66;66;66m[48;2;197;246;139m▀[0m[38;2;66;66;66m[48;2;197;246;139m▀[0m[38;2;66;66;66m[48;2;66;66;66m▀[0m[38;2;74;156;57m[48;2;74;156;57m▀[0m[38;2;74;156;57m[48;2;74;156;57m▀[0m[38;2;66;66;66m[48;2;74;156;57m▀[0m[38;2;66;66;66m[48;2;7;7;7m▀[0m[38;2;7;7;7m▀[38;2;7;7;7m▀  
    [38;2;7;7;7m▄[38;2;7;7;7m[48;2;197;246;139m▀[0m[38;2;66;66;66m[48;2;66;66;66m▀[0m[38;2;66;66;66m[48;2;248;248;248m▀[0m[38;2;247;187;249m[48;2;213;130;198m▀[0m[38;2;248;248;248m[48;2;248;248;248m▀[0m[38;2;248;248;248m[48;2;248;248;248m▀[0m[38;2;248;248;248m[48;2;248;248;248m▀[0m[38;2;248;248;248m[48;2;213;130;198m▀[0m[38;2;248;248;248m[48;2;247;187;249m▀[0m[38;2;66;66;66m[48;2;66;66;66m▀[0m[38;2;197;246;139m[48;2;150;198;91m▀[0m[38;2;197;246;139m[48;2;197;246;139m▀[0m[38;2;150;198;91m[48;2;197;246;139m▀[0m[38;2;66;66;66m[48;2;66;66;66m▀[0m[38;2;74;156;57m[48;2;66;66;66m▀[0m[38;2;74;156;57m[48;2;74;156;57m▀[0m[38;2;7;7;7m[48;2;74;156;57m▀[0m[38;2;7;7;7m▄   
    [38;2;7;7;7m[48;2;7;7;7m▀[0m[38;2;197;246;139m[48;2;197;246;139m▀[0m[38;2;66;66;66m[48;2;197;246;139m▀[0m[38;2;213;130;198m[48;2;66;66;66m▀[0m[38;2;247;187;249m[48;2;248;248;248m▀[0m[38;2;248;248;248m[48;2;248;248;248m▀[0m[38;2;248;248;248m[48;2;248;248;248m▀[0m[38;2;248;248;248m[48;2;248;248;248m▀[0m[38;2;248;248;248m[48;2;213;130;198m▀[0m[38;2;213;130;198m[48;2;247;187;249m▀[0m[38;2;248;248;248m[48;2;248;248;248m▀[0m[38;2;66;66;66m[48;2;248;248;248m▀[0m[38;2;197;246;139m[48;2;66;66;66m▀[0m[38;2;197;246;139m[48;2;197;246;139m▀[0m[38;2;66;66;66m[48;2;197;246;139m▀[0m[38;2;106;145;32m[48;2;66;66;66m▀[0m[38;2;66;66;66m[48;2;7;7;7m▀[0m[38;2;7;7;7m▀[38;2;7;7;7m▀   
     [38;2;7;7;7m[48;2;7;7;7m▀[0m[38;2;197;246;139m[48;2;197;246;139m▀[0m[38;2;197;246;139m[48;2;66;66;66m▀[0m[38;2;66;66;66m[48;2;246;230;41m▀[0m[38;2;66;66;66m[48;2;186;168;71m▀[0m[38;2;248;248;248m[48;2;66;66;66m▀[0m[38;2;248;248;248m[48;2;66;66;66m▀[0m[38;2;248;248;248m[48;2;66;66;66m▀[0m[38;2;248;248;248m[48;2;66;66;66m▀[0m[38;2;66;66;66m[48;2;186;168;71m▀[0m[38;2;66;66;66m[48;2;186;168;71m▀[0m[38;2;66;66;66m[48;2;66;66;66m▀[0m[38;2;66;66;66m[48;2;106;145;32m▀[0m[38;2;66;66;66m[48;2;106;145;32m▀[0m[38;2;106;145;32m[48;2;106;145;32m▀[0m[38;2;7;7;7m[48;2;106;145;32m▀[0m[38;2;7;7;7m▄    
     [38;2;7;7;7m▄[38;2;7;7;7m[48;2;74;156;57m▀[0m[38;2;74;156;57m[48;2;74;156;57m▀[0m[38;2;66;66;66m[48;2;66;66;66m▀[0m[38;2;186;168;71m[48;2;66;66;66m▀[0m[38;2;246;230;41m[48;2;66;66;66m▀[0m[38;2;246;230;41m[48;2;246;230;41m▀[0m[38;2;246;230;41m[48;2;66;66;66m▀[0m[38;2;186;168;71m[48;2;66;66;66m▀[0m[38;2;66;66;66m[48;2;74;156;57m▀[0m[38;2;66;66;66m[48;2;74;156;57m▀[0m[38;2;66;66;66m[48;2;74;156;57m▀[0m[38;2;66;66;66m[48;2;7;7;7m▀[0m[38;2;7;7;7m▀[38;2;106;145;32m[48;2;7;7;7m▀[0m[38;2;106;145;32m[48;2;7;7;7m▀[0m[38;2;7;7;7m[48;2;7;7;7m▀[0m    
[38;2;7;7;7m▄[38;2;7;7;7m▄[38;2;7;7;7m▄[38;2;7;7;7m[48;2;137;191;71m▀[0m[38;2;7;7;7m[48;2;137;191;71m▀[0m[38;2;74;156;57m[48;2;137;191;71m▀[0m[38;2;137;191;71m[48;2;137;191;71m▀[0m[38;2;74;156;57m[48;2;66;66;66m▀[0m[38;2;66;66;66m[48;2;197;246;139m▀[0m[38;2;205;214;222m[48;2;66;66;66m▀[0m[38;2;205;214;222m[48;2;205;214;222m▀[0m[38;2;66;66;66m[48;2;205;214;222m▀[0m[38;2;205;214;222m[48;2;66;66;66m▀[0m[38;2;66;66;66m[48;2;197;246;139m▀[0m[38;2;74;156;57m[48;2;66;66;66m▀[0m[38;2;74;156;57m[48;2;74;156;57m▀[0m[38;2;74;156;57m[48;2;74;156;57m▀[0m[38;2;7;7;7m[48;2;137;191;71m▀[0m[38;2;7;7;7m▄       
[38;2;7;7;7m▀[38;2;137;191;71m[48;2;7;7;7m▀[0m[38;2;137;191;71m[48;2;7;7;7m▀[0m[38;2;137;191;71m[48;2;137;191;71m▀[0m[38;2;137;191;71m[48;2;137;191;71m▀[0m[38;2;137;191;71m[48;2;66;66;66m▀[0m[38;2;137;191;71m[48;2;66;66;66m▀[0m[38;2;66;66;66m[48;2;197;246;139m▀[0m[38;2;197;246;139m[48;2;197;246;139m▀[0m[38;2;197;246;139m[48;2;106;145;32m▀[0m[38;2;66;66;66m[48;2;197;246;139m▀[0m[38;2;66;66;66m[48;2;106;145;32m▀[0m[38;2;197;246;139m[48;2;197;246;139m▀[0m[38;2;197;246;139m[48;2;197;246;139m▀[0m[38;2;66;66;66m[48;2;148;188;74m▀[0m[38;2;74;156;57m[48;2;66;66;66m▀[0m[38;2;137;191;71m[48;2;137;191;71m▀[0m[38;2;137;191;71m[48;2;137;191;71m▀[0m[38;2;137;191;71m[48;2;137;191;71m▀[0m[38;2;7;7;7m[48;2;137;191;71m▀[0m[38;2;7;7;7m[48;2;137;191;71m▀[0m[38;2;7;7;7m▄[38;2;7;7;7m▄[38;2;7;7;7m▄[38;2;7;7;7m▄ 
   [38;2;7;7;7m▀[38;2;66;66;66m[48;2;7;7;7m▀[0m[38;2;74;156;57m[48;2;74;156;57m▀[0m[38;2;66;66;66m[48;2;74;156;57m▀[0m[38;2;148;188;74m[48;2;66;66;66m▀[0m[38;2;197;246;139m[48;2;106;145;32m▀[0m[38;2;106;145;32m[48;2;148;188;74m▀[0m[38;2;197;246;139m[48;2;197;246;139m▀[0m[38;2;197;246;139m[48;2;197;246;139m▀[0m[38;2;106;145;32m[48;2;106;145;32m▀[0m[38;2;148;188;74m[48;2;148;188;74m▀[0m[38;2;148;188;74m[48;2;66;66;66m▀[0m[38;2;66;66;66m[48;2;74;156;57m▀[0m[38;2;66;66;66m[48;2;74;156;57m▀[0m[38;2;137;191;71m[48;2;66;66;66m▀[0m[38;2;137;191;71m[48;2;66;66;66m▀[0m[38;2;137;191;71m[48;2;137;191;71m▀[0m[38;2;137;191;71m[48;2;137;191;71m▀[0m[38;2;137;191;71m[48;2;137;191;71m▀[0m[38;2;137;191;71m[48;2;7;7;7m▀[0m[38;2;137;191;71m[48;2;7;7;7m▀[0m[38;2;7;7;7m▀ 
     [38;2;7;7;7m▀[38;2;7;7;7m▀[38;2;66;66;66m[48;2;7;7;7m▀[0m[38;2;66;66;66m[48;2;205;214;222m▀[0m[38;2;66;66;66m[48;2;205;214;222m▀[0m[38;2;148;188;74m[48;2;66;66;66m▀[0m[38;2;148;188;74m[48;2;66;66;66m▀[0m[38;2;66;66;66m[48;2;205;214;222m▀[0m[38;2;66;66;66m[48;2;248;248;248m▀[0m[38;2;205;214;222m[48;2;248;248;248m▀[0m[38;2;66;66;66m[48;2;66;66;66m▀[0m[38;2;74;156;57m[48;2;7;7;7m▀[0m[38;2;74;156;57m[48;2;74;156;57m▀[0m[38;2;66;66;66m[48;2;74;156;57m▀[0m[38;2;66;66;66m[48;2;7;7;7m▀[0m[38;2;7;7;7m▀[38;2;7;7;7m▀    
        [38;2;7;7;7m[48;2;7;7;7m▀[0m[38;2;205;214;222m[48;2;205;214;222m▀[0m[38;2;66;66;66m[48;2;205;214;222m▀[0m[38;2;205;214;222m[48;2;66;66;66m▀[0m[38;2;248;248;248m[48;2;247;187;249m▀[0m[38;2;248;248;248m[48;2;213;130;198m▀[0m[38;2;247;187;249m[48;2;7;7;7m▀[0m[38;2;7;7;7m▀ [38;2;7;7;7m▀[38;2;7;7;7m▀       
         [38;2;7;7;7m[48;2;7;7;7m▀[0m[38;2;213;130;198m[48;2;213;130;198m▀[0m[38;2;66;66;66m[48;2;7;7;7m▀[0m[38;2;213;130;198m[48;2;186;168;71m▀[0m[38;2;213;130;198m[48;2;7;7;7m▀[0m[38;2;7;7;7m▀           
          [38;2;7;7;7m▀[38;2;246;230;41m[48;2;7;7;7m▀[0m[38;2;246;230;41m[48;2;7;7;7m▀[0m[38;2;186;168;71m[48;2;7;7;7m▀[0m[38;2;7;7;7m▀           
[0m