[38;2;0;0;0m▄[38;2;0;0;0m[48;2;71;69;117m▀[0m[38;2;0;0;0m[48;2;71;69;117m▀[0m[38;2;0;0;0m[48;2;45;45;45m▀[0m[38;2;0;0;0m▄[38;2;0;0;0m▄                                [38;2;0;0;0m▄[38;2;0;0;0m[48;2;90;91;144m▀[0m[38;2;0;0;0m[48;2;90;91;144m▀[0m[38;2;0;0;0m[48;2;56;57;93m▀[0m[38;2;0;0;0m▄  
[38;2;0;0;0m[48;2;0;0;0m▀[0m[38;2;71;69;117m[48;2;71;69;117m▀[0m[38;2;71;69;117m[48;2;71;69;117m▀[0m[38;2;70;69;116m[48;2;70;69;116m▀[0m[38;2;45;45;45m[48;2;45;45;45m▀[0m[38;2;70;69;116m[48;2;70;69;116m▀[0m[38;2;0;0;0m[48;2;45;45;45m▀[0m[38;2;0;0;0m▄                             [38;2;0;0;0m[48;2;0;0;0m▀[0m[38;2;90;91;144m[48;2;90;91;144m▀[0m[38;2;90;91;144m[48;2;90;91;144m▀[0m[38;2;90;91;144m[48;2;90;91;144m▀[0m[38;2;84;86;139m[48;2;90;91;144m▀[0m[38;2;45;45;45m[48;2;45;45;45m▀[0m[38;2;0;0;0m[48;2;90;91;144m▀[0m[38;2;0;4;8m▄
[38;2;0;0;0m▀[38;2;71;69;117m[48;2;0;0;0m▀[0m[38;2;71;69;117m[48;2;70;69;116m▀[0m[38;2;70;69;116m[48;2;70;69;116m▀[0m[38;2;45;45;45m[48;2;45;45;45m▀[0m[38;2;70;69;116m[48;2;70;69;116m▀[0m[38;2;45;45;45m[48;2;45;45;45m▀[0m[38;2;70;69;116m[48;2;70;69;116m▀[0m[38;2;0;0;0m[48;2;0;0;0m▀[0m                          [38;2;0;0;0m▄[38;2;0;0;0m[48;2;90;91;144m▀[0m[38;2;90;91;144m[48;2;90;91;144m▀[0m[38;2;90;91;144m[48;2;90;91;144m▀[0m[38;2;90;91;144m[48;2;90;91;144m▀[0m[38;2;90;91;144m[48;2;45;45;45m▀[0m[38;2;45;45;45m[48;2;70;69;116m▀[0m[38;2;90;91;144m[48;2;70;69;116m▀[0m[38;2;60;61;97m[48;2;0;0;0m▀[0m[38;2;0;4;8m▀
 [38;2;0;0;0m▀[38;2;70;69;116m[48;2;0;0;0m▀[0m[38;2;70;69;116m[48;2;71;69;117m▀[0m[38;2;70;69;116m[48;2;71;69;117m▀[0m[38;2;45;45;45m[48;2;45;45;45m▀[0m[38;2;70;69;116m[48;2;70;69;116m▀[0m[38;2;45;45;45m[48;2;45;45;45m▀[0m[38;2;0;0;0m[48;2;90;91;144m▀[0m[38;2;0;0;0m▄                        [38;2;0;0;0m▄[38;2;0;0;0m[48;2;90;91;144m▀[0m[38;2;90;91;144m[48;2;90;91;144m▀[0m[38;2;90;91;144m[48;2;45;45;45m▀[0m[38;2;45;45;45m[48;2;90;91;144m▀[0m[38;2;45;45;45m[48;2;90;91;144m▀[0m[38;2;67;68;108m[48;2;45;45;45m▀[0m[38;2;70;69;116m[48;2;45;45;45m▀[0m[38;2;45;45;45m[48;2;70;69;116m▀[0m[38;2;70;69;116m[48;2;45;45;45m▀[0m[38;2;0;0;0m[48;2;0;0;0m▀[0m
[38;2;0;0;0m▄ [38;2;0;0;0m▀[38;2;71;69;117m[48;2;0;0;0m▀[0m[38;2;71;69;117m[48;2;70;69;116m▀[0m[38;2;70;69;116m[48;2;45;45;45m▀[0m[38;2;45;45;45m[48;2;90;91;144m▀[0m[38;2;90;91;144m[48;2;90;91;144m▀[0m[38;2;90;91;144m[48;2;90;91;144m▀[0m[38;2;0;0;0m[48;2;0;0;0m▀[0m  [38;2;0;0;0m▄                    [38;2;0;0;0m▄[38;2;0;0;0m[48;2;90;91;144m▀[0m[38;2;90;91;144m[48;2;90;91;144m▀[0m[38;2;45;45;45m[48;2;90;91;144m▀[0m[38;2;90;91;144m[48;2;90;91;144m▀[0m[38;2;90;91;144m[48;2;90;91;144m▀[0m[38;2;90;91;144m[48;2;90;91;144m▀[0m[38;2;90;91;144m[48;2;45;45;45m▀[0m[38;2;45;45;45m[48;2;45;45;45m▀[0m[38;2;45;45;45m[48;2;70;69;116m▀[0m[38;2;0;0;0m[48;2;0;0;0m▀[0m 
[38;2;0;0;0m[48;2;0;0;0m▀[0m[38;2;0;0;0m[48;2;0;0;0m▀[0m [38;2;0;0;0m[48;2;0;0;0m▀[0m[38;2;45;45;45m[48;2;90;89;144m▀[0m[38;2;90;91;144m[48;2;90;91;144m▀[0m[38;2;90;91;144m[48;2;90;91;144m▀[0m[38;2;90;91;144m[48;2;90;91;144m▀[0m[38;2;71;70;117m[48;2;71;70;117m▀[0m[38;2;0;0;0m[48;2;70;69;116m▀[0m[38;2;0;0;0m▄[38;2;0;0;0m[48;2;94;126;146m▀[0m[38;2;144;170;187m[48;2;145;171;189m▀[0m[38;2;0;0;0m[48;2;0;0;0m▀[0m                  [38;2;0;0;0m[48;2;0;0;0m▀[0m[38;2;90;91;144m[48;2;90;91;144m▀[0m[38;2;90;91;144m[48;2;90;91;144m▀[0m[38;2;90;91;144m[48;2;90;91;144m▀[0m[38;2;90;91;144m[48;2;90;91;144m▀[0m[38;2;90;91;144m[48;2;45;45;45m▀[0m[38;2;90;91;144m[48;2;45;45;45m▀[0m[38;2;45;45;45m[48;2;70;69;116m▀[0m[38;2;45;45;45m[48;2;70;69;116m▀[0m[38;2;70;69;116m[48;2;0;0;0m▀[0m[38;2;0;0;0m▀  
[38;2;0;0;0m[48;2;0;0;0m▀[0m[38;2;144;170;187m[48;2;144;170;187m▀[0m[38;2;0;0;0m[48;2;45;45;45m▀[0m[38;2;30;30;47m[48;2;90;91;144m▀[0m[38;2;90;89;144m[48;2;90;91;144m▀[0m[38;2;90;91;144m[48;2;90;91;144m▀[0m[38;2;90;91;144m[48;2;90;91;144m▀[0m[38;2;90;91;144m[48;2;90;91;144m▀[0m[38;2;71;70;117m[48;2;90;91;144m▀[0m[38;2;70;69;116m[48;2;45;45;45m▀[0m[38;2;45;45;45m[48;2;144;170;187m▀[0m[38;2;145;171;189m[48;2;145;171;189m▀[0m[38;2;145;171;189m[48;2;145;171;189m▀[0m[38;2;0;0;0m[48;2;0;0;0m▀[0m                [38;2;0;0;0m▄[38;2;0;0;0m[48;2;90;91;144m▀[0m[38;2;90;91;144m[48;2;90;91;144m▀[0m[38;2;90;91;144m[48;2;90;91;144m▀[0m[38;2;90;91;144m[48;2;45;45;45m▀[0m[38;2;45;45;45m[48;2;71;69;117m▀[0m[38;2;45;45;45m[48;2;71;69;117m▀[0m[38;2;70;69;116m[48;2;70;69;116m▀[0m[38;2;70;69;116m[48;2;70;69;116m▀[0m[38;2;70;69;116m[48;2;0;0;0m▀[0m[38;2;0;0;0m▀    
[38;2;0;0;0m[48;2;0;0;0m▀[0m[38;2;144;170;187m[48;2;145;171;189m▀[0m[38;2;45;45;45m[48;2;45;45;45m▀[0m[38;2;90;91;144m[48;2;90;91;144m▀[0m[38;2;90;91;144m[48;2;90;91;144m▀[0m[38;2;90;91;144m[48;2;90;91;144m▀[0m[38;2;90;91;144m[48;2;90;91;144m▀[0m[38;2;90;91;144m[48;2;84;91;144m▀[0m[38;2;45;45;45m[48;2;45;45;45m▀[0m[38;2;144;170;187m[48;2;145;171;189m▀[0m[38;2;144;170;187m[48;2;185;1;0m▀[0m[38;2;145;171;189m[48;2;144;170;187m▀[0m[38;2;145;171;189m[48;2;144;170;187m▀[0m[38;2;0;0;0m[48;2;45;45;45m▀[0m[38;2;0;0;0m▄        [38;2;0;0;0m▄[38;2;0;0;0m▄   [38;2;0;0;0m▄[38;2;0;0;0m[48;2;90;91;144m▀[0m[38;2;90;91;144m[48;2;90;91;144m▀[0m[38;2;90;91;144m[48;2;90;91;144m▀[0m[38;2;90;91;144m[48;2;90;91;144m▀[0m[38;2;90;91;144m[48;2;71;69;117m▀[0m[38;2;67;68;110m[48;2;71;69;117m▀[0m[38;2;71;69;117m[48;2;70;69;116m▀[0m[38;2;71;69;117m[48;2;0;0;0m▀[0m[38;2;70;69;116m[48;2;0;0;0m▀[0m[38;2;0;0;0m▀      
[38;2;0;0;0m[48;2;0;0;0m▀[0m[38;2;45;45;45m[48;2;30;30;47m▀[0m[38;2;84;91;144m[48;2;90;89;144m▀[0m[38;2;90;91;144m[48;2;90;91;144m▀[0m[38;2;90;91;144m[48;2;90;91;144m▀[0m[38;2;90;91;144m[48;2;71;70;117m▀[0m[38;2;90;91;144m[48;2;90;91;144m▀[0m[38;2;45;45;45m[48;2;45;45;45m▀[0m[38;2;145;171;189m[48;2;148;173;190m▀[0m[38;2;185;1;0m[48;2;194;1;0m▀[0m[38;2;244;43;37m[48;2;244;44;38m▀[0m[38;2;144;170;187m[48;2;94;126;146m▀[0m[38;2;45;45;45m[48;2;45;45;45m▀[0m[38;2;70;69;116m[48;2;71;69;117m▀[0m[38;2;70;69;116m[48;2;71;69;117m▀[0m[38;2;0;0;0m[48;2;90;91;144m▀[0m[38;2;0;0;0m[48;2;90;91;144m▀[0m[38;2;0;0;0m▄    [38;2;0;0;0m[48;2;0;0;0m▀[0m[38;2;144;170;187m[48;2;144;170;187m▀[0m[38;2;144;170;187m[48;2;144;170;187m▀[0m[38;2;0;0;0m[48;2;45;45;45m▀[0m[38;2;0;0;0m▄[38;2;0;0;0m[48;2;90;91;144m▀[0m[38;2;90;91;144m[48;2;90;91;144m▀[0m[38;2;90;91;144m[48;2;90;91;144m▀[0m[38;2;90;91;144m[48;2;71;70;117m▀[0m[38;2;90;91;144m[48;2;70;69;116m▀[0m[38;2;71;70;117m[48;2;70;69;116m▀[0m[38;2;71;69;117m[48;2;70;69;116m▀[0m[38;2;71;69;117m[48;2;0;0;0m▀[0m[38;2;0;0;0m▀         
 [38;2;0;0;0m[48;2;0;0;0m▀[0m[38;2;90;89;144m[48;2;90;91;144m▀[0m[38;2;90;91;144m[48;2;90;91;144m▀[0m[38;2;90;91;144m[48;2;90;91;144m▀[0m[38;2;71;70;117m[48;2;90;91;144m▀[0m[38;2;90;91;144m[48;2;71;70;117m▀[0m[38;2;148;173;190m[48;2;153;178;194m▀[0m[38;2;125;22;19m[48;2;130;22;19m▀[0m[38;2;244;44;38m[48;2;194;1;0m▀[0m[38;2;194;1;0m[48;2;45;45;45m▀[0m[38;2;45;45;45m[48;2;45;45;45m▀[0m[38;2;71;69;117m[48;2;45;45;45m▀[0m[38;2;71;69;117m[48;2;45;45;45m▀[0m[38;2;71;69;117m[48;2;90;91;144m▀[0m[38;2;90;91;144m[48;2;90;91;144m▀[0m[38;2;90;91;144m[48;2;90;91;144m▀[0m[38;2;90;91;144m[48;2;90;91;144m▀[0m[38;2;0;0;0m[48;2;90;91;144m▀[0m[38;2;0;0;0m[48;2;90;91;144m▀[0m[38;2;0;0;0m▄[38;2;0;0;0m[48;2;160;184;201m▀[0m[38;2;144;170;187m[48;2;45;45;45m▀[0m[38;2;144;170;187m[48;2;45;45;45m▀[0m[38;2;45;45;45m[48;2;90;91;144m▀[0m[38;2;90;89;144m[48;2;90;91;144m▀[0m[38;2;90;89;144m[48;2;90;91;144m▀[0m[38;2;90;91;144m[48;2;70;69;116m▀[0m[38;2;90;91;144m[48;2;70;69;116m▀[0m[38;2;71;70;117m[48;2;70;69;116m▀[0m[38;2;71;70;117m[48;2;0;0;0m▀[0m[38;2;70;69;116m[48;2;0;0;0m▀[0m[38;2;0;0;0m▀[38;2;0;0;0m▀           
  [38;2;0;0;0m[48;2;0;0;0m▀[0m[38;2;90;91;144m[48;2;90;91;144m▀[0m[38;2;90;91;144m[48;2;90;91;144m▀[0m[38;2;90;91;144m[48;2;90;91;144m▀[0m[38;2;90;91;144m[48;2;90;91;144m▀[0m[38;2;94;126;146m[48;2;70;69;116m▀[0m[38;2;94;126;146m[48;2;70;69;116m▀[0m[38;2;45;45;45m[48;2;70;69;116m▀[0m[38;2;67;68;108m[48;2;0;0;0m▀[0m[38;2;0;0;0m▀[38;2;70;69;116m[48;2;0;0;0m▀[0m[38;2;67;68;108m[48;2;0;0;0m▀[0m[38;2;45;45;45m[48;2;70;69;116m▀[0m[38;2;90;91;144m[48;2;45;45;45m▀[0m[38;2;90;91;144m[48;2;90;91;144m▀[0m[38;2;90;91;144m[48;2;90;91;144m▀[0m[38;2;90;91;144m[48;2;90;91;144m▀[0m[38;2;90;91;144m[48;2;90;91;144m▀[0m[38;2;90;91;144m[48;2;90;91;144m▀[0m[38;2;45;45;45m[48;2;90;91;144m▀[0m[38;2;84;91;144m[48;2;90;91;144m▀[0m[38;2;90;91;144m[48;2;90;91;144m▀[0m[38;2;90;91;144m[48;2;67;68;108m▀[0m[38;2;90;91;144m[48;2;45;45;45m▀[0m[38;2;71;70;117m[48;2;45;45;45m▀[0m[38;2;70;69;116m[48;2;0;0;0m▀[0m[38;2;0;0;0m▀[38;2;0;0;0m▀    [38;2;0;0;0m▄[38;2;0;0;0m[48;2;144;170;187m▀[0m[38;2;0;0;0m▄  [38;2;0;0;0m▄[38;2;0;0;0m▄    
   [38;2;0;0;0m▀[38;2;90;91;144m[48;2;0;0;0m▀[0m[38;2;90;91;144m[48;2;70;69;116m▀[0m[38;2;71;70;117m[48;2;45;45;45m▀[0m[38;2;70;69;116m[48;2;0;0;0m▀[0m[38;2;0;0;0m▀[38;2;0;0;0m▀    [38;2;0;0;0m▀[38;2;67;68;110m[48;2;0;0;8m▀[0m[38;2;90;91;144m[48;2;90;91;144m▀[0m[38;2;90;91;144m[48;2;90;91;144m▀[0m[38;2;90;91;144m[48;2;90;91;144m▀[0m[38;2;90;91;144m[48;2;145;171;189m▀[0m[38;2;90;91;144m[48;2;145;171;189m▀[0m[38;2;90;91;144m[48;2;90;91;144m▀[0m[38;2;90;91;144m[48;2;90;91;144m▀[0m[38;2;45;45;45m[48;2;90;91;144m▀[0m[38;2;45;45;45m[48;2;71;70;117m▀[0m[38;2;45;45;45m[48;2;45;45;45m▀[0m[38;2;144;170;187m[48;2;45;45;45m▀[0m[38;2;144;170;187m[48;2;45;45;45m▀[0m[38;2;0;0;0m[48;2;45;45;45m▀[0m[38;2;0;0;0m▄    [38;2;0;0;0m▀[38;2;144;170;187m[48;2;8;0;0m▀[0m[38;2;0;0;0m[48;2;150;175;192m▀[0m[38;2;0;0;0m▄[38;2;0;0;0m[48;2;145;171;189m▀[0m[38;2;144;170;187m[48;2;150;175;192m▀[0m[38;2;144;170;187m[48;2;8;0;0m▀[0m[38;2;0;0;0m▀   
     [38;2;0;0;0m▀[38;2;0;0;0m▀       [38;2;0;0;0m▄[38;2;0;0;8m[48;2;218;238;252m▀[0m[38;2;42;45;74m[48;2;145;171;189m▀[0m[38;2;90;91;144m[48;2;145;171;189m▀[0m[38;2;144;170;187m[48;2;218;238;252m▀[0m[38;2;218;238;252m[48;2;215;236;250m▀[0m[38;2;145;171;189m[48;2;215;236;250m▀[0m[38;2;144;170;187m[48;2;218;238;252m▀[0m[38;2;90;91;144m[48;2;145;171;189m▀[0m[38;2;90;91;144m[48;2;90;89;139m▀[0m[38;2;90;91;144m[48;2;71;70;117m▀[0m[38;2;67;68;108m[48;2;90;91;144m▀[0m[38;2;90;91;144m[48;2;71;70;117m▀[0m[38;2;45;45;45m[48;2;90;91;144m▀[0m[38;2;144;170;187m[48;2;45;45;45m▀[0m[38;2;144;170;187m[48;2;0;0;0m▀[0m[38;2;0;0;0m▀  [38;2;0;0;0m▄[38;2;0;0;0m▄[38;2;8;0;0m[48;2;71;69;117m▀[0m[38;2;88;121;143m[48;2;71;69;117m▀[0m[38;2;71;70;117m[48;2;70;69;116m▀[0m[38;2;95;127;148m[48;2;70;69;116m▀[0m[38;2;88;121;143m[48;2;70;69;116m▀[0m[38;2;8;0;0m[48;2;70;69;116m▀[0m[38;2;0;0;0m▄   
             [38;2;0;0;0m▄[38;2;0;0;0m[48;2;70;69;116m▀[0m[38;2;218;238;252m[48;2;45;45;45m▀[0m[38;2;218;238;252m[48;2;218;238;252m▀[0m[38;2;218;238;252m[48;2;215;236;250m▀[0m[38;2;218;238;252m[48;2;215;236;250m▀[0m[38;2;215;236;250m[48;2;215;236;250m▀[0m[38;2;215;236;250m[48;2;215;236;250m▀[0m[38;2;218;238;252m[48;2;218;238;252m▀[0m[38;2;218;238;252m[48;2;218;238;252m▀[0m[38;2;144;170;187m[48;2;183;206;221m▀[0m[38;2;90;89;139m[48;2;45;45;45m▀[0m[38;2;71;70;117m[48;2;90;91;144m▀[0m[38;2;90;91;144m[48;2;71;70;117m▀[0m[38;2;67;68;110m[48;2;90;91;144m▀[0m[38;2;90;91;144m[48;2;71;70;117m▀[0m[38;2;45;45;45m[48;2;45;45;45m▀[0m[38;2;0;0;0m[48;2;70;69;116m▀[0m[38;2;0;0;0m[48;2;71;69;117m▀[0m[38;2;0;0;0m[48;2;71;69;117m▀[0m[38;2;70;69;116m[48;2;71;69;117m▀[0m[38;2;70;69;116m[48;2;71;69;117m▀[0m[38;2;71;69;117m[48;2;70;69;116m▀[0m[38;2;71;69;117m[48;2;0;0;0m▀[0m[38;2;0;0;0m▀[38;2;0;0;0m▀[38;2;0;0;0m▀[38;2;0;0;0m▀    
            [38;2;0;0;0m▄[38;2;0;0;0m[48;2;71;69;117m▀[0m[38;2;70;69;116m[48;2;71;69;117m▀[0m[38;2;45;45;45m[48;2;70;69;116m▀[0m[38;2;218;238;252m[48;2;45;45;45m▀[0m[38;2;215;236;250m[48;2;214;234;248m▀[0m[38;2;215;236;250m[48;2;214;234;248m▀[0m[38;2;215;236;250m[48;2;218;238;252m▀[0m[38;2;215;236;250m[48;2;218;238;252m▀[0m[38;2;218;238;252m[48;2;166;189;206m▀[0m[38;2;165;189;205m[48;2;166;189;206m▀[0m[38;2;45;45;45m[48;2;45;45;45m▀[0m[38;2;71;70;117m[48;2;90;91;144m▀[0m[38;2;90;91;144m[48;2;90;91;144m▀[0m[38;2;90;91;144m[48;2;90;91;144m▀[0m[38;2;71;70;117m[48;2;90;91;144m▀[0m[38;2;90;91;144m[48;2;71;70;117m▀[0m[38;2;70;69;116m[48;2;70;69;116m▀[0m[38;2;45;45;45m[48;2;45;45;45m▀[0m[38;2;71;69;117m[48;2;70;69;116m▀[0m[38;2;71;69;117m[48;2;70;69;116m▀[0m[38;2;71;69;117m[48;2;0;0;0m▀[0m[38;2;71;69;117m[48;2;0;0;0m▀[0m[38;2;0;0;0m▀         
            [38;2;0;0;0m▀[38;2;71;69;117m[48;2;0;0;0m▀[0m[38;2;71;69;117m[48;2;70;69;116m▀[0m[38;2;70;69;116m[48;2;70;69;116m▀[0m[38;2;70;69;116m[48;2;70;69;116m▀[0m[38;2;45;45;45m[48;2;70;69;116m▀[0m[38;2;177;199;215m[48;2;45;45;45m▀[0m[38;2;165;189;205m[48;2;45;45;45m▀[0m[38;2;165;189;205m[48;2;164;188;204m▀[0m[38;2;166;189;206m[48;2;164;188;204m▀[0m[38;2;166;189;206m[48;2;164;188;204m▀[0m[38;2;45;45;45m[48;2;170;193;209m▀[0m[38;2;90;91;144m[48;2;45;45;45m▀[0m[38;2;90;91;144m[48;2;90;91;144m▀[0m[38;2;90;91;144m[48;2;90;91;144m▀[0m[38;2;90;91;144m[48;2;71;69;117m▀[0m[38;2;71;70;117m[48;2;71;69;117m▀[0m[38;2;70;69;116m[48;2;70;69;116m▀[0m[38;2;45;45;45m[48;2;0;0;0m▀[0m[38;2;0;0;0m▀[38;2;0;0;0m▀            
              [38;2;0;0;0m▀[38;2;0;0;0m▀[38;2;70;69;116m[48;2;0;0;0m▀[0m[38;2;70;69;116m[48;2;0;0;0m▀[0m[38;2;70;69;116m[48;2;70;69;116m▀[0m[38;2;70;69;116m[48;2;0;0;0m▀[0m[38;2;0;4;8m▀[38;2;0;0;0m▀[38;2;0;0;0m▀[38;2;8;4;0m▀[38;2;8;4;0m▀[38;2;71;70;117m[48;2;0;0;0m▀[0m[38;2;71;70;117m[48;2;0;0;0m▀[0m[38;2;71;69;117m[48;2;0;0;0m▀[0m[38;2;71;69;117m[48;2;70;69;116m▀[0m[38;2;70;69;116m[48;2;70;69;116m▀[0m[38;2;0;0;0m[48;2;70;69;116m▀[0m[38;2;0;0;0m[48;2;43;42;66m▀[0m[38;2;0;0;0m▄            
                [38;2;0;0;0m▄[38;2;0;0;0m[48;2;70;69;116m▀[0m[38;2;70;69;116m[48;2;43;42;66m▀[0m[38;2;70;69;116m[48;2;70;69;116m▀[0m[38;2;0;0;0m[48;2;0;0;0m▀[0m       [38;2;0;0;0m[48;2;0;0;0m▀[0m[38;2;43;42;66m[48;2;70;69;116m▀[0m[38;2;70;69;116m[48;2;70;69;116m▀[0m[38;2;70;69;116m[48;2;70;69;116m▀[0m[38;2;0;0;0m[48;2;0;0;0m▀[0m            
               [38;2;0;0;0m[48;2;0;0;0m▀[0m[38;2;70;69;116m[48;2;43;42;66m▀[0m[38;2;43;42;66m[48;2;70;69;116m▀[0m[38;2;70;69;116m[48;2;70;69;116m▀[0m[38;2;0;0;0m[48;2;0;0;0m▀[0m       [38;2;0;0;0m[48;2;0;0;0m▀[0m[38;2;43;42;66m[48;2;43;42;66m▀[0m[38;2;70;69;116m[48;2;90;91;144m▀[0m[38;2;43;42;66m[48;2;43;42;66m▀[0m[38;2;70;69;116m[48;2;90;91;144m▀[0m[38;2;0;0;0m[48;2;0;0;0m▀[0m            
                [38;2;0;0;0m▀[38;2;0;0;0m▀[38;2;0;0;0m▀         [38;2;0;0;0m▀[38;2;90;91;144m[48;2;0;0;0m▀[0m[38;2;43;42;66m[48;2;0;0;0m▀[0m[38;2;90;91;144m[48;2;0;0;0m▀[0m[38;2;0;0;0m▀            
[0m