    [38;2;0;0;0m[48;2;0;0;0m▀[0m[38;2;0;0;0m[48;2;197;181;206m▀[0m[38;2;0;0;0m[48;2;123;107;132m▀[0m[38;2;0;0;0m▄    [38;2;0;0;0m▄[38;2;0;0;0m▄       
     [38;2;0;0;0m[48;2;0;0;0m▀[0m[38;2;197;181;206m[48;2;156;140;165m▀[0m[38;2;0;0;0m[48;2;123;107;132m▀[0m[38;2;0;0;0m▄[38;2;0;0;0m▄[38;2;0;0;0m▄[38;2;0;0;0m[48;2;230;222;239m▀[0m[38;2;197;181;206m[48;2;230;222;239m▀[0m[38;2;230;222;239m[48;2;0;0;0m▀[0m[38;2;0;0;0m▀      
    [38;2;0;0;0m[48;2;0;0;0m▀[0m[38;2;197;181;206m[48;2;230;222;239m▀[0m[38;2;123;107;132m[48;2;230;222;239m▀[0m[38;2;230;222;239m[48;2;156;140;165m▀[0m[38;2;230;222;239m[48;2;156;140;165m▀[0m[38;2;123;107;132m[48;2;230;222;239m▀[0m[38;2;230;222;239m[48;2;230;222;239m▀[0m[38;2;230;222;239m[48;2;230;222;239m▀[0m[38;2;197;181;206m[48;2;0;0;0m▀[0m[38;2;0;0;0m▀  [38;2;0;0;0m▄[38;2;0;0;0m[48;2;107;66;107m▀[0m[38;2;0;0;0m[48;2;181;115;165m▀[0m[38;2;0;0;0m[48;2;107;66;107m▀[0m[38;2;0;0;0m▄
   [38;2;0;0;0m[48;2;0;0;0m▀[0m[38;2;230;222;239m[48;2;230;222;239m▀[0m[38;2;230;222;239m[48;2;230;222;239m▀[0m[38;2;156;140;165m[48;2;230;222;239m▀[0m[38;2;230;222;239m[48;2;230;222;239m▀[0m[38;2;230;222;239m[48;2;230;222;239m▀[0m[38;2;230;222;239m[48;2;65;65;65m▀[0m[38;2;230;222;239m[48;2;156;140;165m▀[0m[38;2;197;181;206m[48;2;197;181;206m▀[0m[38;2;0;0;0m[48;2;0;0;0m▀[0m   [38;2;0;0;0m[48;2;0;0;0m▀[0m[38;2;181;115;165m[48;2;181;115;165m▀[0m[38;2;181;115;165m[48;2;140;90;140m▀[0m[38;2;181;115;165m[48;2;181;115;165m▀[0m[38;2;0;0;0m[48;2;0;0;0m▀[0m
   [38;2;0;0;0m▄[38;2;0;0;0m[48;2;65;65;65m▀[0m[38;2;230;222;239m[48;2;197;181;206m▀[0m[38;2;197;181;206m[48;2;230;222;239m▀[0m[38;2;230;222;239m[48;2;65;65;65m▀[0m[38;2;0;0;0m[48;2;41;132;255m▀[0m[38;2;230;222;239m[48;2;197;181;206m▀[0m[38;2;156;140;165m[48;2;197;181;206m▀[0m[38;2;197;181;206m[48;2;107;66;107m▀[0m[38;2;107;66;107m[48;2;181;115;165m▀[0m[38;2;0;0;0m[48;2;181;115;165m▀[0m[38;2;0;0;0m[48;2;140;90;140m▀[0m[38;2;0;0;0m▄ [38;2;0;0;0m[48;2;0;0;0m▀[0m[38;2;107;66;107m[48;2;181;115;165m▀[0m[38;2;181;115;165m[48;2;0;0;0m▀[0m[38;2;0;0;0m▀
 [38;2;0;0;0m▄[38;2;0;0;0m[48;2;156;140;165m▀[0m[38;2;65;65;65m[48;2;123;107;132m▀[0m[38;2;197;181;206m[48;2;65;65;65m▀[0m[38;2;230;222;239m[48;2;197;181;206m▀[0m[38;2;230;222;239m[48;2;197;181;206m▀[0m[38;2;197;181;206m[48;2;65;65;65m▀[0m[38;2;197;181;206m[48;2;156;140;165m▀[0m[38;2;65;65;65m[48;2;197;181;206m▀[0m[38;2;107;66;107m[48;2;107;66;107m▀[0m[38;2;181;115;165m[48;2;181;115;165m▀[0m[38;2;181;115;165m[48;2;140;90;140m▀[0m[38;2;181;115;165m[48;2;107;66;107m▀[0m[38;2;181;115;165m[48;2;0;0;0m▀[0m[38;2;0;0;0m▀[38;2;0;0;0m▄[38;2;0;0;0m[48;2;140;90;140m▀[0m[38;2;181;115;165m[48;2;140;90;140m▀[0m[38;2;0;0;0m[48;2;0;0;0m▀[0m 
[38;2;0;0;0m[48;2;0;0;0m▀[0m[38;2;156;140;165m[48;2;156;140;165m▀[0m[38;2;123;107;132m[48;2;156;140;165m▀[0m[38;2;156;140;165m[48;2;0;0;0m▀[0m[38;2;0;0;0m▀[38;2;140;90;140m[48;2;0;0;0m▀[0m[38;2;140;90;140m[48;2;140;90;140m▀[0m[38;2;107;66;107m[48;2;107;66;107m▀[0m[38;2;197;181;206m[48;2;197;181;206m▀[0m[38;2;107;66;107m[48;2;107;66;107m▀[0m[38;2;181;115;165m[48;2;181;115;165m▀[0m[38;2;140;90;140m[48;2;0;0;0m▀[0m[38;2;107;66;107m[48;2;0;0;0m▀[0m[38;2;197;181;206m[48;2;230;222;239m▀[0m[38;2;0;0;0m[48;2;230;222;239m▀[0m[38;2;0;0;0m[48;2;230;222;239m▀[0m[38;2;140;90;140m[48;2;65;65;65m▀[0m[38;2;140;90;140m[48;2;140;90;140m▀[0m[38;2;0;0;0m[48;2;0;0;0m▀[0m  
 [38;2;0;0;0m▀[38;2;0;0;0m▀[38;2;0;0;0m▄[38;2;0;0;0m[48;2;197;181;206m▀[0m[38;2;156;140;165m[48;2;65;65;65m▀[0m[38;2;65;65;65m[48;2;181;115;165m▀[0m[38;2;197;181;206m[48;2;181;115;165m▀[0m[38;2;156;140;165m[48;2;197;181;206m▀[0m[38;2;197;181;206m[48;2;65;65;65m▀[0m[38;2;140;90;140m[48;2;230;222;239m▀[0m[38;2;0;0;0m[48;2;230;222;239m▀[0m[38;2;0;0;0m▄[38;2;0;0;0m[48;2;230;222;239m▀[0m[38;2;230;222;239m[48;2;197;181;206m▀[0m[38;2;197;181;206m[48;2;230;222;239m▀[0m[38;2;230;222;239m[48;2;123;107;132m▀[0m[38;2;0;0;0m[48;2;0;0;0m▀[0m   
   [38;2;0;0;0m▀[38;2;156;140;165m[48;2;0;0;0m▀[0m[38;2;65;65;65m[48;2;123;107;132m▀[0m[38;2;181;115;165m[48;2;65;65;65m▀[0m[38;2;181;115;165m[48;2;140;90;140m▀[0m[38;2;65;65;65m[48;2;65;65;65m▀[0m[38;2;230;222;239m[48;2;197;181;206m▀[0m[38;2;197;181;206m[48;2;230;222;239m▀[0m[38;2;197;181;206m[48;2;230;222;239m▀[0m[38;2;65;65;65m[48;2;230;222;239m▀[0m[38;2;123;107;132m[48;2;0;0;0m▀[0m[38;2;230;222;239m[48;2;0;0;0m▀[0m[38;2;123;107;132m[48;2;0;0;0m▀[0m[38;2;0;0;0m▀    
    [38;2;0;0;0m▄[38;2;0;0;0m[48;2;123;107;132m▀[0m[38;2;156;140;165m[48;2;156;140;165m▀[0m[38;2;0;0;0m[48;2;0;0;0m▀[0m[38;2;0;0;0m▀[38;2;65;65;65m[48;2;0;0;0m▀[0m[38;2;230;222;239m[48;2;65;65;65m▀[0m[38;2;197;181;206m[48;2;197;181;206m▀[0m[38;2;197;181;206m[48;2;0;0;0m▀[0m[38;2;0;0;0m▀       
   [38;2;0;0;0m▄[38;2;0;0;0m[48;2;197;181;206m▀[0m[38;2;156;140;165m[48;2;156;140;165m▀[0m[38;2;156;140;165m[48;2;65;65;65m▀[0m[38;2;0;0;0m[48;2;0;0;0m▀[0m  [38;2;0;0;0m[48;2;0;0;0m▀[0m[38;2;197;181;206m[48;2;197;181;206m▀[0m[38;2;156;140;165m[48;2;197;181;206m▀[0m[38;2;0;0;0m[48;2;0;0;0m▀[0m       
    [38;2;0;0;0m▀[38;2;0;0;0m▀[38;2;0;0;0m▀  [38;2;0;0;0m▄[38;2;0;0;0m[48;2;197;181;206m▀[0m[38;2;197;181;206m[48;2;156;140;165m▀[0m[38;2;197;181;206m[48;2;156;140;165m▀[0m[38;2;0;0;0m[48;2;230;222;239m▀[0m[38;2;0;0;0m▄      
         [38;2;0;0;0m▀[38;2;0;0;0m▀[38;2;230;222;239m[48;2;0;0;0m▀[0m[38;2;156;140;165m[48;2;0;0;0m▀[0m[38;2;0;0;0m▀[38;2;0;0;0m▀      
[0m