                  [38;2;0;0;0m▄[38;2;0;0;0m▄[38;2;0;0;0m[48;2;222;65;115m▀[0m[38;2;0;0;0m[48;2;222;65;115m▀[0m[38;2;0;0;0m[48;2;222;65;115m▀[0m[38;2;0;0;0m[48;2;156;49;82m▀[0m[38;2;0;0;0m▄          
            [38;2;0;0;0m[48;2;0;0;0m▀[0m[38;2;0;0;0m[48;2;246;238;123m▀[0m[38;2;0;0;0m▄ [38;2;0;0;0m▄[38;2;0;0;0m[48;2;156;49;82m▀[0m[38;2;156;49;82m[48;2;156;49;82m▀[0m[38;2;156;49;82m[48;2;156;49;82m▀[0m[38;2;156;49;82m[48;2;0;0;0m▀[0m[38;2;156;49;82m[48;2;0;0;0m▀[0m[38;2;222;65;115m[48;2;0;0;0m▀[0m[38;2;222;65;115m[48;2;222;65;115m▀[0m[38;2;156;49;82m[48;2;222;65;115m▀[0m[38;2;0;0;0m[48;2;0;0;0m▀[0m [38;2;0;0;0m▄[38;2;0;0;0m▄      
        [38;2;0;0;0m▄[38;2;0;0;0m▄ [38;2;0;0;0m▄[38;2;0;0;0m[48;2;246;238;123m▀[0m[38;2;246;238;123m[48;2;246;238;123m▀[0m[38;2;65;65;65m[48;2;65;65;65m▀[0m[38;2;0;0;0m[48;2;156;49;82m▀[0m[38;2;156;49;82m[48;2;65;65;65m▀[0m[38;2;156;49;82m[48;2;0;0;0m▀[0m[38;2;0;0;0m▀[38;2;0;0;0m▀ [38;2;0;0;0m▄[38;2;0;0;0m[48;2;222;65;115m▀[0m[38;2;222;65;115m[48;2;222;65;115m▀[0m[38;2;222;65;115m[48;2;156;49;82m▀[0m[38;2;65;65;65m[48;2;0;156;205m▀[0m[38;2;0;0;0m[48;2;65;65;65m▀[0m[38;2;0;156;205m[48;2;0;156;205m▀[0m[38;2;0;156;205m[48;2;0;156;205m▀[0m[38;2;0;0;0m[48;2;0;156;205m▀[0m[38;2;0;0;0m▄ [38;2;0;0;0m▄[38;2;0;0;0m[48;2;222;65;115m▀[0m[38;2;0;0;0m▄
   [38;2;0;0;0m▄[38;2;0;0;0m▄   [38;2;0;0;0m[48;2;0;0;0m▀[0m[38;2;246;238;123m[48;2;246;238;123m▀[0m[38;2;0;0;0m[48;2;65;65;65m▀[0m[38;2;65;65;65m[48;2;246;238;123m▀[0m[38;2;246;238;123m[48;2;246;238;123m▀[0m[38;2;156;156;90m[48;2;156;156;90m▀[0m[38;2;156;156;90m[48;2;246;238;123m▀[0m[38;2;65;65;65m[48;2;246;238;123m▀[0m[38;2;246;238;123m[48;2;246;238;123m▀[0m[38;2;0;0;0m[48;2;0;0;0m▀[0m   [38;2;0;0;0m[48;2;0;0;0m▀[0m[38;2;222;65;115m[48;2;222;65;115m▀[0m[38;2;222;65;115m[48;2;222;65;115m▀[0m[38;2;65;65;65m[48;2;65;65;65m▀[0m[38;2;0;156;205m[48;2;65;65;65m▀[0m[38;2;65;65;65m[48;2;156;49;82m▀[0m[38;2;0;156;205m[48;2;0;156;205m▀[0m[38;2;0;156;205m[48;2;65;65;65m▀[0m[38;2;65;65;65m[48;2;0;156;205m▀[0m[38;2;0;0;0m[48;2;0;156;205m▀[0m[38;2;0;0;0m▄[38;2;0;0;0m[48;2;156;49;82m▀[0m[38;2;222;65;115m[48;2;222;65;115m▀[0m[38;2;0;0;0m[48;2;0;0;0m▀[0m
  [38;2;0;0;0m[48;2;0;0;0m▀[0m[38;2;222;65;115m[48;2;222;65;115m▀[0m[38;2;222;65;115m[48;2;156;49;82m▀[0m[38;2;0;0;0m[48;2;156;49;82m▀[0m[38;2;0;0;0m▄[38;2;0;0;0m[48;2;246;238;123m▀[0m[38;2;246;238;123m[48;2;246;238;123m▀[0m[38;2;156;156;90m[48;2;156;156;90m▀[0m[38;2;246;238;123m[48;2;246;238;123m▀[0m[38;2;246;238;123m[48;2;246;238;123m▀[0m[38;2;156;156;90m[48;2;156;49;82m▀[0m[38;2;246;238;123m[48;2;246;238;123m▀[0m[38;2;246;238;123m[48;2;246;238;123m▀[0m[38;2;246;238;123m[48;2;156;49;82m▀[0m[38;2;0;0;0m[48;2;156;49;82m▀[0m[38;2;0;0;0m▄[38;2;0;0;0m▄[38;2;0;0;0m[48;2;222;65;115m▀[0m[38;2;0;0;0m[48;2;0;0;0m▀[0m [38;2;0;0;0m[48;2;0;0;0m▀[0m[38;2;222;65;115m[48;2;65;65;65m▀[0m[38;2;222;65;115m[48;2;222;65;115m▀[0m[38;2;65;65;65m[48;2;222;65;115m▀[0m[38;2;156;49;82m[48;2;65;65;65m▀[0m[38;2;156;49;82m[48;2;65;65;65m▀[0m[38;2;65;65;65m[48;2;65;65;65m▀[0m[38;2;0;156;205m[48;2;65;65;65m▀[0m[38;2;65;65;65m[48;2;222;65;115m▀[0m[38;2;65;65;65m[48;2;222;65;115m▀[0m[38;2;222;65;115m[48;2;156;49;82m▀[0m[38;2;156;49;82m[48;2;0;0;0m▀[0m[38;2;0;0;0m▀
 [38;2;0;0;0m[48;2;0;0;0m▀[0m[38;2;222;65;115m[48;2;222;65;115m▀[0m[38;2;156;49;82m[48;2;0;0;0m▀[0m[38;2;65;65;65m[48;2;0;0;0m▀[0m[38;2;156;49;82m[48;2;156;49;82m▀[0m[38;2;65;65;65m[48;2;65;65;65m▀[0m[38;2;246;238;123m[48;2;246;238;123m▀[0m[38;2;156;156;90m[48;2;156;156;90m▀[0m[38;2;246;238;123m[48;2;246;238;123m▀[0m[38;2;246;238;123m[48;2;156;49;82m▀[0m[38;2;156;49;82m[48;2;222;65;115m▀[0m[38;2;222;65;115m[48;2;222;65;115m▀[0m[38;2;156;49;82m[48;2;156;49;82m▀[0m[38;2;156;49;82m[48;2;222;65;115m▀[0m[38;2;222;65;115m[48;2;222;65;115m▀[0m[38;2;222;65;115m[48;2;222;65;115m▀[0m[38;2;222;65;115m[48;2;222;65;115m▀[0m[38;2;222;65;115m[48;2;0;0;0m▀[0m[38;2;0;0;0m▀[38;2;0;0;0m▄[38;2;0;0;0m▄[38;2;0;0;0m[48;2;65;65;65m▀[0m[38;2;156;49;82m[48;2;65;65;65m▀[0m[38;2;65;65;65m[48;2;156;49;82m▀[0m[38;2;65;65;65m[48;2;156;49;82m▀[0m[38;2;222;65;115m[48;2;65;65;65m▀[0m[38;2;222;65;115m[48;2;65;65;65m▀[0m[38;2;222;65;115m[48;2;65;65;65m▀[0m[38;2;222;65;115m[48;2;0;0;0m▀[0m[38;2;156;49;82m[48;2;0;0;0m▀[0m[38;2;0;0;0m▀[38;2;0;0;0m▀  
[38;2;0;0;0m[48;2;0;0;0m▀[0m[38;2;222;65;115m[48;2;222;65;115m▀[0m[38;2;0;0;0m[48;2;0;0;0m▀[0m  [38;2;0;0;0m[48;2;0;0;0m▀[0m[38;2;156;49;82m[48;2;156;49;82m▀[0m[38;2;65;65;65m[48;2;65;65;65m▀[0m[38;2;156;156;90m[48;2;156;156;90m▀[0m[38;2;246;238;123m[48;2;156;156;90m▀[0m[38;2;156;49;82m[48;2;156;49;82m▀[0m[38;2;222;65;115m[48;2;222;65;115m▀[0m[38;2;156;49;82m[48;2;156;49;82m▀[0m[38;2;222;65;115m[48;2;65;65;65m▀[0m[38;2;156;49;82m[48;2;65;65;65m▀[0m[38;2;156;49;82m[48;2;189;106;65m▀[0m[38;2;156;49;82m[48;2;189;106;65m▀[0m[38;2;0;0;0m[48;2;0;0;0m▀[0m[38;2;0;0;0m▄[38;2;0;0;0m[48;2;65;65;65m▀[0m[38;2;246;148;74m[48;2;65;65;65m▀[0m[38;2;246;148;74m[48;2;246;148;74m▀[0m[38;2;189;106;65m[48;2;246;148;74m▀[0m[38;2;148;82;57m[48;2;189;106;65m▀[0m[38;2;148;82;57m[48;2;189;106;65m▀[0m[38;2;156;49;82m[48;2;65;65;65m▀[0m[38;2;156;49;82m[48;2;65;65;65m▀[0m[38;2;156;49;82m[48;2;65;65;65m▀[0m[38;2;0;0;0m▀      
[38;2;0;0;0m▀[38;2;0;0;0m▀    [38;2;0;0;0m[48;2;0;0;0m▀[0m[38;2;65;65;65m[48;2;238;189;180m▀[0m[38;2;238;189;180m[48;2;238;189;180m▀[0m[38;2;197;131;115m[48;2;238;189;180m▀[0m[38;2;222;65;115m[48;2;65;65;65m▀[0m[38;2;65;65;65m[48;2;189;172;131m▀[0m[38;2;0;0;0m[48;2;156;49;82m▀[0m[38;2;255;255;255m[48;2;255;255;255m▀[0m[38;2;65;65;65m[48;2;65;65;65m▀[0m[38;2;65;65;65m[48;2;65;65;65m▀[0m[38;2;189;106;65m[48;2;65;65;65m▀[0m[38;2;189;106;65m[48;2;189;106;65m▀[0m[38;2;189;106;65m[48;2;189;106;65m▀[0m[38;2;246;148;74m[48;2;148;82;57m▀[0m[38;2;246;148;74m[48;2;148;82;57m▀[0m[38;2;65;65;65m[48;2;246;148;74m▀[0m[38;2;65;65;65m[48;2;255;255;238m▀[0m[38;2;65;65;65m[48;2;255;255;238m▀[0m[38;2;65;65;65m[48;2;255;255;238m▀[0m[38;2;65;65;65m[48;2;0;156;205m▀[0m[38;2;0;156;205m[48;2;65;65;65m▀[0m[38;2;0;156;205m[48;2;65;65;65m▀[0m[38;2;0;0;0m[48;2;0;0;0m▀[0m      
     [38;2;0;0;0m[48;2;0;0;0m▀[0m[38;2;238;189;180m[48;2;238;189;180m▀[0m[38;2;238;189;180m[48;2;197;131;115m▀[0m[38;2;238;189;180m[48;2;65;65;65m▀[0m[38;2;238;189;180m[48;2;65;65;65m▀[0m[38;2;197;131;115m[48;2;65;65;65m▀[0m[38;2;65;65;65m[48;2;65;65;65m▀[0m[38;2;189;172;131m[48;2;255;255;238m▀[0m[38;2;189;172;131m[48;2;255;255;238m▀[0m[38;2;255;255;238m[48;2;65;65;65m▀[0m[38;2;65;65;65m[48;2;65;65;65m▀[0m[38;2;189;106;65m[48;2;189;106;65m▀[0m[38;2;189;106;65m[48;2;148;82;57m▀[0m[38;2;148;82;57m[48;2;246;148;74m▀[0m[38;2;246;148;74m[48;2;246;148;74m▀[0m[38;2;246;148;74m[48;2;246;148;74m▀[0m[38;2;246;148;74m[48;2;255;255;238m▀[0m[38;2;246;148;74m[48;2;255;255;238m▀[0m[38;2;255;255;238m[48;2;255;255;238m▀[0m[38;2;65;65;65m[48;2;255;255;238m▀[0m[38;2;65;65;65m[48;2;189;172;131m▀[0m[38;2;0;156;205m[48;2;0;156;205m▀[0m[38;2;0;156;205m[48;2;0;0;0m▀[0m[38;2;0;0;0m▀      
      [38;2;0;0;0m▀[38;2;65;65;65m[48;2;0;0;0m▀[0m[38;2;197;131;115m[48;2;0;0;0m▀[0m[38;2;197;131;115m[48;2;0;0;0m▀[0m[38;2;65;65;65m[48;2;189;172;131m▀[0m[38;2;189;172;131m[48;2;189;172;131m▀[0m[38;2;255;255;238m[48;2;189;172;131m▀[0m[38;2;255;255;238m[48;2;189;172;131m▀[0m[38;2;65;65;65m[48;2;189;172;131m▀[0m[38;2;189;106;65m[48;2;189;106;65m▀[0m[38;2;189;106;65m[48;2;189;106;65m▀[0m[38;2;148;82;57m[48;2;148;82;57m▀[0m[38;2;246;148;74m[48;2;189;106;65m▀[0m[38;2;246;148;74m[48;2;246;148;74m▀[0m[38;2;246;148;74m[48;2;246;148;74m▀[0m[38;2;246;148;74m[48;2;189;106;65m▀[0m[38;2;255;255;238m[48;2;189;172;131m▀[0m[38;2;189;172;131m[48;2;189;172;131m▀[0m[38;2;189;172;131m[48;2;189;172;131m▀[0m[38;2;65;65;65m[48;2;189;172;131m▀[0m[38;2;65;65;65m[48;2;0;0;0m▀[0m[38;2;0;0;0m▀       
          [38;2;0;0;0m▀[38;2;189;172;131m[48;2;0;0;0m▀[0m[38;2;189;172;131m[48;2;65;65;65m▀[0m[38;2;189;172;131m[48;2;65;65;65m▀[0m[38;2;189;172;131m[48;2;189;172;131m▀[0m[38;2;189;172;131m[48;2;189;172;131m▀[0m[38;2;189;172;131m[48;2;189;172;131m▀[0m[38;2;189;106;65m[48;2;189;172;131m▀[0m[38;2;65;65;65m[48;2;189;172;131m▀[0m[38;2;189;106;65m[48;2;65;65;65m▀[0m[38;2;189;106;65m[48;2;65;65;65m▀[0m[38;2;189;172;131m[48;2;189;172;131m▀[0m[38;2;189;172;131m[48;2;189;172;131m▀[0m[38;2;189;172;131m[48;2;0;0;0m▀[0m[38;2;189;172;131m[48;2;0;0;0m▀[0m[38;2;0;0;0m▀         
          [38;2;0;0;0m[48;2;0;0;0m▀[0m[38;2;189;172;131m[48;2;0;0;0m▀[0m[38;2;197;131;115m[48;2;0;0;0m▀[0m[38;2;197;131;115m[48;2;0;0;0m▀[0m[38;2;0;0;0m▀[38;2;65;65;65m[48;2;0;0;0m▀[0m[38;2;189;172;131m[48;2;65;65;65m▀[0m[38;2;189;172;131m[48;2;197;131;115m▀[0m[38;2;189;172;131m[48;2;148;82;57m▀[0m[38;2;189;172;131m[48;2;148;82;57m▀[0m[38;2;189;172;131m[48;2;189;172;131m▀[0m[38;2;65;65;65m[48;2;0;0;0m▀[0m[38;2;0;0;0m▀            
               [38;2;0;0;0m[48;2;0;0;0m▀[0m[38;2;255;255;255m[48;2;0;0;0m▀[0m[38;2;148;82;57m[48;2;65;65;65m▀[0m[38;2;197;131;115m[48;2;255;255;255m▀[0m[38;2;197;131;115m[48;2;0;0;0m▀[0m[38;2;0;0;0m▀              
                 [38;2;0;0;0m▀[38;2;0;0;0m▀                
[0m