     [38;2;0;0;0m▄[38;2;0;0;0m▄[38;2;0;0;0m[48;2;139;139;139m▀[0m[38;2;0;0;0m[48;2;255;255;255m▀[0m[38;2;0;0;0m[48;2;139;139;139m▀[0m[38;2;0;0;0m▄[38;2;0;0;0m▄            
   [38;2;0;0;0m▄[38;2;0;0;0m[48;2;98;205;98m▀[0m[38;2;255;255;255m[48;2;98;205;98m▀[0m[38;2;255;255;255m[48;2;189;230;189m▀[0m[38;2;255;255;255m[48;2;255;255;255m▀[0m[38;2;139;139;139m[48;2;255;255;255m▀[0m[38;2;230;82;82m[48;2;180;82;90m▀[0m[38;2;230;82;82m[48;2;230;82;82m▀[0m[38;2;230;82;82m[48;2;230;82;82m▀[0m[38;2;0;0;0m[48;2;230;82;82m▀[0m[38;2;0;0;0m▄     [38;2;0;0;0m▄[38;2;0;0;0m[48;2;246;213;49m▀[0m[38;2;0;0;0m[48;2;197;164;41m▀[0m[38;2;0;0;0m▄ 
   [38;2;0;0;0m[48;2;0;0;0m▀[0m[38;2;255;255;255m[48;2;98;205;98m▀[0m[38;2;255;255;255m[48;2;255;255;255m▀[0m[38;2;255;255;255m[48;2;255;255;255m▀[0m[38;2;255;255;255m[48;2;98;205;98m▀[0m[38;2;255;255;255m[48;2;255;255;255m▀[0m[38;2;255;255;255m[48;2;255;255;255m▀[0m[38;2;180;82;90m[48;2;180;82;90m▀[0m[38;2;230;82;82m[48;2;230;82;82m▀[0m[38;2;230;82;82m[48;2;180;82;90m▀[0m[38;2;0;0;0m[48;2;0;0;0m▀[0m   [38;2;0;0;0m▄[38;2;0;0;0m[48;2;246;213;49m▀[0m[38;2;246;213;49m[48;2;197;164;41m▀[0m[38;2;197;164;41m[48;2;197;164;41m▀[0m[38;2;197;164;41m[48;2;197;164;41m▀[0m[38;2;197;164;41m[48;2;197;164;41m▀[0m[38;2;0;0;0m[48;2;0;0;0m▀[0m
 [38;2;0;0;0m▄[38;2;0;0;0m[48;2;230;82;82m▀[0m[38;2;65;65;65m[48;2;230;82;82m▀[0m[38;2;189;230;189m[48;2;180;82;90m▀[0m[38;2;98;205;98m[48;2;180;82;90m▀[0m[38;2;98;205;98m[48;2;255;255;255m▀[0m[38;2;189;230;189m[48;2;255;255;255m▀[0m[38;2;255;255;255m[48;2;255;255;255m▀[0m[38;2;255;255;255m[48;2;255;255;255m▀[0m[38;2;180;82;90m[48;2;180;82;90m▀[0m[38;2;180;82;90m[48;2;180;82;90m▀[0m[38;2;180;82;90m[48;2;65;65;65m▀[0m[38;2;0;0;0m[48;2;246;213;49m▀[0m[38;2;0;0;0m[48;2;65;65;65m▀[0m[38;2;0;0;0m[48;2;65;65;65m▀[0m[38;2;0;0;0m[48;2;65;65;65m▀[0m[38;2;197;164;41m[48;2;65;65;65m▀[0m[38;2;197;164;41m[48;2;197;164;41m▀[0m[38;2;197;164;41m[48;2;197;164;41m▀[0m[38;2;197;164;41m[48;2;197;164;41m▀[0m[38;2;197;164;41m[48;2;0;0;0m▀[0m[38;2;0;0;0m▀ 
[38;2;0;0;0m▀[38;2;230;82;82m[48;2;0;0;0m▀[0m[38;2;230;82;82m[48;2;0;0;0m▀[0m[38;2;230;82;82m[48;2;230;82;82m▀[0m[38;2;230;82;82m[48;2;230;82;82m▀[0m[38;2;230;82;82m[48;2;230;82;82m▀[0m[38;2;230;82;82m[48;2;65;65;65m▀[0m[38;2;230;82;82m[48;2;65;65;65m▀[0m[38;2;230;82;82m[48;2;65;65;65m▀[0m[38;2;65;65;65m[48;2;197;164;41m▀[0m[38;2;65;65;65m[48;2;246;213;49m▀[0m[38;2;65;65;65m[48;2;246;213;49m▀[0m[38;2;246;213;49m[48;2;246;213;49m▀[0m[38;2;246;213;49m[48;2;156;131;65m▀[0m[38;2;246;213;49m[48;2;0;0;0m▀[0m[38;2;65;65;65m[48;2;0;0;0m▀[0m[38;2;65;65;65m[48;2;197;164;41m▀[0m[38;2;197;164;41m[48;2;197;164;41m▀[0m[38;2;197;164;41m[48;2;197;164;41m▀[0m[38;2;197;164;41m[48;2;0;0;0m▀[0m[38;2;0;0;0m▀   
   [38;2;0;0;0m[48;2;0;0;0m▀[0m[38;2;65;65;65m[48;2;197;164;41m▀[0m[38;2;65;65;65m[48;2;197;164;41m▀[0m[38;2;197;164;41m[48;2;246;213;49m▀[0m[38;2;246;213;49m[48;2;246;213;49m▀[0m[38;2;197;164;41m[48;2;246;213;49m▀[0m[38;2;255;255;255m[48;2;0;0;0m▀[0m[38;2;0;0;0m[48;2;65;65;65m▀[0m[38;2;246;213;49m[48;2;246;213;49m▀[0m[38;2;246;213;49m[48;2;246;213;49m▀[0m[38;2;246;213;49m[48;2;246;213;49m▀[0m[38;2;0;0;0m[48;2;246;213;49m▀[0m[38;2;0;0;0m▄[38;2;0;0;0m▀[38;2;197;164;41m[48;2;0;0;0m▀[0m[38;2;197;164;41m[48;2;197;164;41m▀[0m[38;2;197;164;41m[48;2;197;164;41m▀[0m[38;2;0;0;0m[48;2;0;0;0m▀[0m   
   [38;2;0;0;0m▄[38;2;0;0;0m[48;2;197;164;41m▀[0m[38;2;246;213;49m[48;2;65;65;65m▀[0m[38;2;246;213;49m[48;2;197;164;41m▀[0m[38;2;246;213;49m[48;2;246;213;49m▀[0m[38;2;246;213;49m[48;2;246;213;49m▀[0m[38;2;246;213;49m[48;2;246;213;49m▀[0m[38;2;246;98;82m[48;2;246;98;82m▀[0m[38;2;246;98;82m[48;2;246;98;82m▀[0m[38;2;246;213;49m[48;2;246;213;49m▀[0m[38;2;246;213;49m[48;2;246;213;49m▀[0m[38;2;246;213;49m[48;2;246;213;49m▀[0m[38;2;246;213;49m[48;2;164;106;49m▀[0m[38;2;0;0;0m[48;2;65;65;65m▀[0m[38;2;197;164;41m[48;2;164;106;49m▀[0m[38;2;197;164;41m[48;2;0;0;0m▀[0m[38;2;0;0;0m▀    
    [38;2;0;0;0m▀[38;2;0;0;0m▀[38;2;0;0;0m▀[38;2;197;164;41m[48;2;0;0;0m▀[0m[38;2;197;164;41m[48;2;197;164;41m▀[0m[38;2;246;213;49m[48;2;197;164;41m▀[0m[38;2;246;213;49m[48;2;65;65;65m▀[0m[38;2;65;65;65m[48;2;246;213;49m▀[0m[38;2;246;213;49m[48;2;246;213;49m▀[0m[38;2;246;213;49m[48;2;65;65;65m▀[0m[38;2;246;213;49m[48;2;246;213;49m▀[0m[38;2;246;213;49m[48;2;246;213;49m▀[0m[38;2;246;213;49m[48;2;164;106;49m▀[0m[38;2;65;65;65m[48;2;65;65;65m▀[0m[38;2;164;106;49m[48;2;0;0;0m▀[0m[38;2;0;0;0m▀    
       [38;2;0;0;0m▀[38;2;197;164;41m[48;2;0;0;0m▀[0m[38;2;197;164;41m[48;2;197;164;41m▀[0m[38;2;197;164;41m[48;2;197;164;41m▀[0m[38;2;65;65;65m[48;2;246;213;49m▀[0m[38;2;65;65;65m[48;2;246;213;49m▀[0m[38;2;246;213;49m[48;2;246;213;49m▀[0m[38;2;246;213;49m[48;2;246;213;49m▀[0m[38;2;246;213;49m[48;2;246;213;49m▀[0m[38;2;246;213;49m[48;2;65;65;65m▀[0m[38;2;0;0;0m[48;2;0;0;0m▀[0m      
         [38;2;0;0;0m▀[38;2;0;0;0m▀[38;2;0;0;0m▀[38;2;246;213;49m[48;2;0;0;0m▀[0m[38;2;246;213;49m[48;2;0;0;0m▀[0m[38;2;246;213;49m[48;2;246;213;49m▀[0m[38;2;246;213;49m[48;2;0;0;0m▀[0m[38;2;0;0;0m▀       
              [38;2;0;0;0m▀         
[0m