         [38;2;0;0;0m▄[38;2;0;0;0m▄[38;2;0;0;0m[48;2;255;246;230m▀[0m[38;2;0;0;0m[48;2;255;246;230m▀[0m[38;2;0;0;0m▄        
       [38;2;0;0;0m▄[38;2;0;0;0m[48;2;255;246;230m▀[0m[38;2;255;246;230m[48;2;255;246;230m▀[0m[38;2;255;246;230m[48;2;255;246;230m▀[0m[38;2;255;246;230m[48;2;255;246;230m▀[0m[38;2;255;246;230m[48;2;255;246;230m▀[0m[38;2;255;246;230m[48;2;255;246;230m▀[0m[38;2;0;0;0m[48;2;0;0;0m▀[0m       
      [38;2;0;0;0m▄[38;2;0;0;0m[48;2;197;197;164m▀[0m[38;2;255;246;230m[48;2;197;197;164m▀[0m[38;2;255;246;230m[48;2;255;246;230m▀[0m[38;2;222;222;197m[48;2;0;0;0m▀[0m[38;2;0;0;0m▀[38;2;255;246;230m[48;2;0;0;0m▀[0m[38;2;131;131;139m[48;2;0;0;0m▀[0m[38;2;0;0;0m▀  [38;2;0;0;0m▄[38;2;0;0;0m▄   
 [38;2;0;0;0m▄[38;2;0;0;0m▄[38;2;0;0;0m▄ [38;2;0;0;0m▄[38;2;0;0;0m[48;2;197;197;164m▀[0m[38;2;197;197;164m[48;2;65;65;65m▀[0m[38;2;197;197;164m[48;2;65;65;65m▀[0m[38;2;0;0;0m[48;2;0;0;0m▀[0m[38;2;0;0;0m▄     [38;2;0;0;0m[48;2;0;0;0m▀[0m[38;2;65;65;65m[48;2;65;65;65m▀[0m[38;2;65;65;65m[48;2;65;65;65m▀[0m[38;2;0;0;0m[48;2;0;0;0m▀[0m[38;2;0;0;0m▄ 
[38;2;0;0;0m[48;2;0;0;0m▀[0m[38;2;65;65;65m[48;2;197;164;41m▀[0m[38;2;197;164;41m[48;2;65;65;65m▀[0m[38;2;197;164;41m[48;2;65;65;65m▀[0m[38;2;0;0;0m[48;2;197;164;41m▀[0m[38;2;65;65;65m[48;2;255;255;255m▀[0m[38;2;65;65;65m[48;2;139;180;222m▀[0m[38;2;57;115;189m[48;2;57;115;189m▀[0m[38;2;255;255;255m[48;2;57;115;189m▀[0m[38;2;255;255;255m[48;2;139;180;222m▀[0m[38;2;255;255;255m[48;2;255;255;255m▀[0m[38;2;0;0;0m[48;2;255;255;255m▀[0m[38;2;0;0;0m▄  [38;2;0;0;0m[48;2;0;0;0m▀[0m[38;2;197;164;41m[48;2;197;164;41m▀[0m[38;2;65;65;65m[48;2;65;65;65m▀[0m[38;2;65;65;65m[48;2;65;65;65m▀[0m[38;2;65;65;65m[48;2;65;65;65m▀[0m[38;2;65;65;65m[48;2;65;65;65m▀[0m[38;2;0;0;0m[48;2;0;0;0m▀[0m
[38;2;0;0;0m▀[38;2;65;65;65m[48;2;0;0;0m▀[0m[38;2;65;65;65m[48;2;65;65;65m▀[0m[38;2;65;65;65m[48;2;65;65;65m▀[0m[38;2;65;65;65m[48;2;197;164;41m▀[0m[38;2;197;164;41m[48;2;65;65;65m▀[0m[38;2;255;255;255m[48;2;197;164;41m▀[0m[38;2;255;255;255m[48;2;255;255;255m▀[0m[38;2;57;115;189m[48;2;255;255;255m▀[0m[38;2;57;115;189m[48;2;57;115;189m▀[0m[38;2;57;115;189m[48;2;57;115;189m▀[0m[38;2;255;255;255m[48;2;139;180;222m▀[0m[38;2;0;0;0m[48;2;255;255;255m▀[0m[38;2;0;0;0m▄[38;2;0;0;0m[48;2;0;0;0m▀[0m[38;2;197;164;41m[48;2;197;164;41m▀[0m[38;2;197;164;41m[48;2;197;164;41m▀[0m[38;2;65;65;65m[48;2;197;164;41m▀[0m[38;2;65;65;65m[48;2;197;164;41m▀[0m[38;2;197;164;41m[48;2;0;0;0m▀[0m[38;2;0;0;0m▀ 
  [38;2;0;0;0m[48;2;0;0;0m▀[0m[38;2;246;213;49m[48;2;246;213;49m▀[0m[38;2;246;213;49m[48;2;246;213;49m▀[0m[38;2;246;213;49m[48;2;246;213;49m▀[0m[38;2;65;65;65m[48;2;246;213;49m▀[0m[38;2;197;164;41m[48;2;65;65;65m▀[0m[38;2;197;164;41m[48;2;65;65;65m▀[0m[38;2;255;255;255m[48;2;197;164;41m▀[0m[38;2;57;115;189m[48;2;57;115;189m▀[0m[38;2;57;115;189m[48;2;57;115;189m▀[0m[38;2;255;255;255m[48;2;255;255;255m▀[0m[38;2;65;65;65m[48;2;65;65;65m▀[0m[38;2;197;164;41m[48;2;49;82;148m▀[0m[38;2;197;164;41m[48;2;49;82;148m▀[0m[38;2;197;164;41m[48;2;197;164;41m▀[0m[38;2;197;164;41m[48;2;0;0;0m▀[0m[38;2;0;0;0m▀   
 [38;2;0;0;0m[48;2;0;0;0m▀[0m[38;2;246;213;49m[48;2;246;213;49m▀[0m[38;2;246;213;49m[48;2;156;131;65m▀[0m[38;2;246;213;49m[48;2;246;213;49m▀[0m[38;2;246;213;49m[48;2;246;213;49m▀[0m[38;2;197;164;41m[48;2;246;213;49m▀[0m[38;2;255;255;255m[48;2;0;0;0m▀[0m[38;2;0;0;0m[48;2;65;65;65m▀[0m[38;2;65;65;65m[48;2;246;213;49m▀[0m[38;2;57;115;189m[48;2;49;82;148m▀[0m[38;2;49;82;148m[48;2;49;82;148m▀[0m[38;2;65;65;65m[48;2;246;213;49m▀[0m[38;2;246;213;49m[48;2;246;213;49m▀[0m[38;2;65;65;65m[48;2;65;65;65m▀[0m[38;2;57;115;189m[48;2;57;115;189m▀[0m[38;2;49;82;148m[48;2;57;115;189m▀[0m[38;2;197;164;41m[48;2;49;82;148m▀[0m[38;2;0;0;0m[48;2;0;0;0m▀[0m   
[38;2;0;0;0m[48;2;0;0;0m▀[0m[38;2;255;246;230m[48;2;255;246;230m▀[0m[38;2;65;65;65m[48;2;197;197;164m▀[0m[38;2;246;213;49m[48;2;65;65;65m▀[0m[38;2;246;213;49m[48;2;57;115;189m▀[0m[38;2;246;213;49m[48;2;246;213;49m▀[0m[38;2;246;213;49m[48;2;65;65;65m▀[0m[38;2;246;213;49m[48;2;65;65;65m▀[0m[38;2;246;98;82m[48;2;246;98;82m▀[0m[38;2;246;98;82m[48;2;49;82;148m▀[0m[38;2;49;82;148m[48;2;49;82;148m▀[0m[38;2;65;65;65m[48;2;65;65;65m▀[0m[38;2;65;65;65m[48;2;57;115;189m▀[0m[38;2;246;213;49m[48;2;65;65;65m▀[0m[38;2;246;213;49m[48;2;65;65;65m▀[0m[38;2;65;65;65m[48;2;65;65;65m▀[0m[38;2;57;115;189m[48;2;197;197;164m▀[0m[38;2;0;0;0m[48;2;197;197;164m▀[0m[38;2;0;0;0m▄   
 [38;2;0;0;0m▀[38;2;222;222;197m[48;2;0;0;0m▀[0m[38;2;57;115;189m[48;2;0;0;0m▀[0m[38;2;139;180;222m[48;2;49;82;148m▀[0m[38;2;49;82;148m[48;2;197;197;164m▀[0m[38;2;255;246;230m[48;2;222;222;197m▀[0m[38;2;255;246;230m[48;2;65;65;65m▀[0m[38;2;65;65;65m[48;2;65;65;65m▀[0m[38;2;49;82;148m[48;2;255;255;255m▀[0m[38;2;255;255;255m[48;2;197;197;164m▀[0m[38;2;255;255;255m[48;2;65;65;65m▀[0m[38;2;57;115;189m[48;2;57;115;189m▀[0m[38;2;57;115;189m[48;2;57;115;189m▀[0m[38;2;65;65;65m[48;2;255;255;255m▀[0m[38;2;65;65;65m[48;2;49;82;148m▀[0m[38;2;49;82;148m[48;2;57;115;189m▀[0m[38;2;49;82;148m[48;2;57;115;189m▀[0m[38;2;0;0;0m[48;2;197;197;164m▀[0m[38;2;0;0;0m▄  
    [38;2;0;0;0m[48;2;0;0;0m▀[0m[38;2;65;65;65m[48;2;222;222;197m▀[0m[38;2;57;115;189m[48;2;131;131;139m▀[0m[38;2;57;115;189m[48;2;222;222;197m▀[0m[38;2;131;131;139m[48;2;131;131;139m▀[0m[38;2;65;65;65m[48;2;255;255;255m▀[0m[38;2;65;65;65m[48;2;255;255;255m▀[0m[38;2;49;82;148m[48;2;49;82;148m▀[0m[38;2;255;255;255m[48;2;49;82;148m▀[0m[38;2;255;255;255m[48;2;49;82;148m▀[0m[38;2;49;82;148m[48;2;57;115;189m▀[0m[38;2;57;115;189m[48;2;57;115;189m▀[0m[38;2;57;115;189m[48;2;57;115;189m▀[0m[38;2;57;115;189m[48;2;197;197;164m▀[0m[38;2;255;255;255m[48;2;0;0;0m▀[0m[38;2;0;0;0m▀  
     [38;2;0;0;0m▀[38;2;0;0;0m▀[38;2;0;0;0m▀[38;2;222;222;197m[48;2;0;0;0m▀[0m[38;2;131;131;139m[48;2;0;0;0m▀[0m[38;2;255;255;255m[48;2;0;0;0m▀[0m[38;2;255;255;255m[48;2;255;255;255m▀[0m[38;2;49;82;148m[48;2;255;255;255m▀[0m[38;2;57;115;189m[48;2;255;255;255m▀[0m[38;2;57;115;189m[48;2;0;0;0m▀[0m[38;2;255;255;255m[48;2;0;0;0m▀[0m[38;2;255;255;255m[48;2;0;0;0m▀[0m[38;2;0;0;0m▀    
           [38;2;0;0;0m▀[38;2;0;0;0m▀[38;2;0;0;0m▀        
[0m