     [38;2;0;0;0m▄[38;2;0;0;0m▄[38;2;0;0;0m[48;2;238;123;115m▀[0m[38;2;0;0;0m[48;2;189;90;106m▀[0m[38;2;0;0;0m[48;2;238;123;115m▀[0m[38;2;0;0;0m▄[38;2;0;0;0m▄            
   [38;2;0;0;0m▄[38;2;0;0;0m[48;2;238;123;115m▀[0m[38;2;238;123;115m[48;2;255;255;255m▀[0m[38;2;238;123;115m[48;2;255;255;255m▀[0m[38;2;238;123;115m[48;2;238;123;115m▀[0m[38;2;238;123;115m[48;2;238;123;115m▀[0m[38;2;189;90;106m[48;2;189;90;106m▀[0m[38;2;238;123;115m[48;2;238;123;115m▀[0m[38;2;238;123;115m[48;2;238;123;115m▀[0m[38;2;0;0;0m[48;2;238;123;115m▀[0m[38;2;0;0;0m▄     [38;2;0;0;0m▄[38;2;0;0;0m[48;2;246;213;49m▀[0m[38;2;0;0;0m[48;2;197;164;41m▀[0m[38;2;0;0;0m▄ 
   [38;2;0;0;0m[48;2;0;0;0m▀[0m[38;2;238;123;115m[48;2;255;255;255m▀[0m[38;2;238;123;115m[48;2;238;123;115m▀[0m[38;2;238;123;115m[48;2;238;123;115m▀[0m[38;2;255;255;255m[48;2;238;123;115m▀[0m[38;2;238;123;115m[48;2;238;123;115m▀[0m[38;2;238;123;115m[48;2;238;123;115m▀[0m[38;2;189;90;106m[48;2;189;90;106m▀[0m[38;2;238;123;115m[48;2;238;123;115m▀[0m[38;2;238;123;115m[48;2;238;123;115m▀[0m[38;2;0;0;0m[48;2;0;0;0m▀[0m   [38;2;0;0;0m▄[38;2;0;0;0m[48;2;246;213;49m▀[0m[38;2;246;213;49m[48;2;197;164;41m▀[0m[38;2;197;164;41m[48;2;197;164;41m▀[0m[38;2;197;164;41m[48;2;197;164;41m▀[0m[38;2;197;164;41m[48;2;197;164;41m▀[0m[38;2;0;0;0m[48;2;0;0;0m▀[0m
 [38;2;0;0;0m▄[38;2;0;0;0m[48;2;0;0;0m▀[0m[38;2;0;0;0m[48;2;255;255;255m▀[0m[38;2;189;90;106m[48;2;205;205;205m▀[0m[38;2;255;255;255m[48;2;189;90;106m▀[0m[38;2;255;255;255m[48;2;189;90;106m▀[0m[38;2;238;123;115m[48;2;189;90;106m▀[0m[38;2;238;123;115m[48;2;238;123;115m▀[0m[38;2;238;123;115m[48;2;238;123;115m▀[0m[38;2;189;90;106m[48;2;189;90;106m▀[0m[38;2;238;123;115m[48;2;238;123;115m▀[0m[38;2;238;123;115m[48;2;65;65;65m▀[0m[38;2;0;0;0m[48;2;246;213;49m▀[0m[38;2;0;0;0m[48;2;65;65;65m▀[0m[38;2;0;0;0m[48;2;65;65;65m▀[0m[38;2;0;0;0m[48;2;65;65;65m▀[0m[38;2;197;164;41m[48;2;65;65;65m▀[0m[38;2;197;164;41m[48;2;197;164;41m▀[0m[38;2;197;164;41m[48;2;197;164;41m▀[0m[38;2;197;164;41m[48;2;197;164;41m▀[0m[38;2;197;164;41m[48;2;0;0;0m▀[0m[38;2;0;0;0m▀ 
[38;2;0;0;0m▀[38;2;0;0;0m[48;2;0;0;0m▀[0m[38;2;98;156;246m[48;2;0;0;0m▀[0m[38;2;172;213;255m[48;2;98;156;246m▀[0m[38;2;255;255;255m[48;2;98;156;246m▀[0m[38;2;255;255;255m[48;2;98;156;246m▀[0m[38;2;255;255;255m[48;2;65;65;65m▀[0m[38;2;205;205;205m[48;2;65;65;65m▀[0m[38;2;189;90;106m[48;2;65;65;65m▀[0m[38;2;65;65;65m[48;2;197;164;41m▀[0m[38;2;65;65;65m[48;2;246;213;49m▀[0m[38;2;65;65;65m[48;2;246;213;49m▀[0m[38;2;246;213;49m[48;2;246;213;49m▀[0m[38;2;246;213;49m[48;2;156;131;65m▀[0m[38;2;246;213;49m[48;2;0;0;0m▀[0m[38;2;65;65;65m[48;2;0;0;0m▀[0m[38;2;65;65;65m[48;2;197;164;41m▀[0m[38;2;197;164;41m[48;2;197;164;41m▀[0m[38;2;197;164;41m[48;2;197;164;41m▀[0m[38;2;197;164;41m[48;2;0;0;0m▀[0m[38;2;0;0;0m▀   
   [38;2;0;0;0m[48;2;0;0;0m▀[0m[38;2;65;65;65m[48;2;197;164;41m▀[0m[38;2;65;65;65m[48;2;197;164;41m▀[0m[38;2;197;164;41m[48;2;246;213;49m▀[0m[38;2;246;213;49m[48;2;246;213;49m▀[0m[38;2;197;164;41m[48;2;246;213;49m▀[0m[38;2;255;255;255m[48;2;0;0;0m▀[0m[38;2;0;0;0m[48;2;65;65;65m▀[0m[38;2;246;213;49m[48;2;246;213;49m▀[0m[38;2;246;213;49m[48;2;246;213;49m▀[0m[38;2;246;213;49m[48;2;246;213;49m▀[0m[38;2;0;0;0m[48;2;246;213;49m▀[0m[38;2;0;0;0m▄[38;2;0;0;0m▀[38;2;197;164;41m[48;2;0;0;0m▀[0m[38;2;197;164;41m[48;2;197;164;41m▀[0m[38;2;197;164;41m[48;2;197;164;41m▀[0m[38;2;0;0;0m[48;2;0;0;0m▀[0m   
   [38;2;0;0;0m▄[38;2;0;0;0m[48;2;197;164;41m▀[0m[38;2;246;213;49m[48;2;65;65;65m▀[0m[38;2;246;213;49m[48;2;197;164;41m▀[0m[38;2;246;213;49m[48;2;246;213;49m▀[0m[38;2;246;213;49m[48;2;246;213;49m▀[0m[38;2;246;213;49m[48;2;246;213;49m▀[0m[38;2;246;98;82m[48;2;246;98;82m▀[0m[38;2;246;98;82m[48;2;246;98;82m▀[0m[38;2;246;213;49m[48;2;246;213;49m▀[0m[38;2;246;213;49m[48;2;246;213;49m▀[0m[38;2;246;213;49m[48;2;246;213;49m▀[0m[38;2;246;213;49m[48;2;164;106;49m▀[0m[38;2;0;0;0m[48;2;65;65;65m▀[0m[38;2;197;164;41m[48;2;164;106;49m▀[0m[38;2;197;164;41m[48;2;0;0;0m▀[0m[38;2;0;0;0m▀    
    [38;2;0;0;0m▀[38;2;0;0;0m▀[38;2;0;0;0m▀[38;2;197;164;41m[48;2;0;0;0m▀[0m[38;2;197;164;41m[48;2;197;164;41m▀[0m[38;2;246;213;49m[48;2;197;164;41m▀[0m[38;2;246;213;49m[48;2;65;65;65m▀[0m[38;2;65;65;65m[48;2;246;213;49m▀[0m[38;2;246;213;49m[48;2;246;213;49m▀[0m[38;2;246;213;49m[48;2;65;65;65m▀[0m[38;2;246;213;49m[48;2;246;213;49m▀[0m[38;2;246;213;49m[48;2;246;213;49m▀[0m[38;2;246;213;49m[48;2;164;106;49m▀[0m[38;2;65;65;65m[48;2;65;65;65m▀[0m[38;2;164;106;49m[48;2;0;0;0m▀[0m[38;2;0;0;0m▀    
       [38;2;0;0;0m▀[38;2;197;164;41m[48;2;0;0;0m▀[0m[38;2;197;164;41m[48;2;197;164;41m▀[0m[38;2;197;164;41m[48;2;197;164;41m▀[0m[38;2;65;65;65m[48;2;246;213;49m▀[0m[38;2;65;65;65m[48;2;246;213;49m▀[0m[38;2;246;213;49m[48;2;246;213;49m▀[0m[38;2;246;213;49m[48;2;246;213;49m▀[0m[38;2;246;213;49m[48;2;246;213;49m▀[0m[38;2;246;213;49m[48;2;65;65;65m▀[0m[38;2;0;0;0m[48;2;0;0;0m▀[0m      
         [38;2;0;0;0m▀[38;2;0;0;0m▀[38;2;0;0;0m▀[38;2;246;213;49m[48;2;0;0;0m▀[0m[38;2;246;213;49m[48;2;0;0;0m▀[0m[38;2;246;213;49m[48;2;246;213;49m▀[0m[38;2;246;213;49m[48;2;0;0;0m▀[0m[38;2;0;0;0m▀       
              [38;2;0;0;0m▀         
[0m