     [38;2;0;0;0m▄[38;2;0;0;0m▄[38;2;0;0;0m[48;2;180;82;90m▀[0m[38;2;0;0;0m[48;2;180;82;90m▀[0m[38;2;0;0;0m[48;2;230;106;74m▀[0m[38;2;0;0;0m▄[38;2;0;0;0m▄            
   [38;2;0;0;0m▄[38;2;0;0;0m[48;2;82;164;238m▀[0m[38;2;255;255;255m[48;2;82;164;238m▀[0m[38;2;255;255;255m[48;2;131;213;255m▀[0m[38;2;255;255;255m[48;2;255;255;255m▀[0m[38;2;255;255;255m[48;2;255;255;255m▀[0m[38;2;180;82;90m[48;2;255;255;255m▀[0m[38;2;230;106;74m[48;2;180;82;90m▀[0m[38;2;230;106;74m[48;2;230;106;74m▀[0m[38;2;0;0;0m[48;2;230;106;74m▀[0m[38;2;0;0;0m▄     [38;2;0;0;0m▄[38;2;0;0;0m[48;2;246;213;49m▀[0m[38;2;0;0;0m[48;2;197;164;41m▀[0m[38;2;0;0;0m▄ 
   [38;2;0;0;0m[48;2;0;0;0m▀[0m[38;2;131;213;255m[48;2;82;164;238m▀[0m[38;2;131;213;255m[48;2;82;164;238m▀[0m[38;2;82;164;238m[48;2;131;213;255m▀[0m[38;2;131;213;255m[48;2;131;213;255m▀[0m[38;2;255;255;255m[48;2;255;255;255m▀[0m[38;2;255;255;255m[48;2;255;255;255m▀[0m[38;2;255;255;255m[48;2;255;255;255m▀[0m[38;2;180;82;90m[48;2;180;82;90m▀[0m[38;2;230;106;74m[48;2;230;106;74m▀[0m[38;2;0;0;0m[48;2;0;0;0m▀[0m   [38;2;0;0;0m▄[38;2;0;0;0m[48;2;246;213;49m▀[0m[38;2;246;213;49m[48;2;197;164;41m▀[0m[38;2;197;164;41m[48;2;197;164;41m▀[0m[38;2;197;164;41m[48;2;197;164;41m▀[0m[38;2;197;164;41m[48;2;197;164;41m▀[0m[38;2;0;0;0m[48;2;0;0;0m▀[0m
 [38;2;0;0;0m▄[38;2;0;0;0m[48;2;230;106;74m▀[0m[38;2;65;65;65m[48;2;230;106;74m▀[0m[38;2;82;164;238m[48;2;180;82;90m▀[0m[38;2;82;164;238m[48;2;180;82;90m▀[0m[38;2;82;164;238m[48;2;255;255;255m▀[0m[38;2;255;255;255m[48;2;255;255;255m▀[0m[38;2;255;255;255m[48;2;255;255;255m▀[0m[38;2;255;255;255m[48;2;255;255;255m▀[0m[38;2;255;255;255m[48;2;255;255;255m▀[0m[38;2;180;82;90m[48;2;180;82;90m▀[0m[38;2;230;106;74m[48;2;65;65;65m▀[0m[38;2;0;0;0m[48;2;246;213;49m▀[0m[38;2;0;0;0m[48;2;65;65;65m▀[0m[38;2;0;0;0m[48;2;65;65;65m▀[0m[38;2;0;0;0m[48;2;65;65;65m▀[0m[38;2;197;164;41m[48;2;65;65;65m▀[0m[38;2;197;164;41m[48;2;197;164;41m▀[0m[38;2;197;164;41m[48;2;197;164;41m▀[0m[38;2;197;164;41m[48;2;197;164;41m▀[0m[38;2;197;164;41m[48;2;0;0;0m▀[0m[38;2;0;0;0m▀ 
[38;2;0;0;0m▀[38;2;230;106;74m[48;2;0;0;0m▀[0m[38;2;230;106;74m[48;2;0;0;0m▀[0m[38;2;230;106;74m[48;2;230;106;74m▀[0m[38;2;230;106;74m[48;2;230;106;74m▀[0m[38;2;230;106;74m[48;2;230;106;74m▀[0m[38;2;230;106;74m[48;2;65;65;65m▀[0m[38;2;230;106;74m[48;2;65;65;65m▀[0m[38;2;230;106;74m[48;2;65;65;65m▀[0m[38;2;65;65;65m[48;2;197;164;41m▀[0m[38;2;65;65;65m[48;2;246;213;49m▀[0m[38;2;65;65;65m[48;2;246;213;49m▀[0m[38;2;246;213;49m[48;2;246;213;49m▀[0m[38;2;246;213;49m[48;2;156;131;65m▀[0m[38;2;246;213;49m[48;2;0;0;0m▀[0m[38;2;65;65;65m[48;2;0;0;0m▀[0m[38;2;65;65;65m[48;2;197;164;41m▀[0m[38;2;197;164;41m[48;2;197;164;41m▀[0m[38;2;197;164;41m[48;2;197;164;41m▀[0m[38;2;197;164;41m[48;2;0;0;0m▀[0m[38;2;0;0;0m▀   
   [38;2;0;0;0m[48;2;0;0;0m▀[0m[38;2;65;65;65m[48;2;197;164;41m▀[0m[38;2;65;65;65m[48;2;197;164;41m▀[0m[38;2;197;164;41m[48;2;246;213;49m▀[0m[38;2;246;213;49m[48;2;246;213;49m▀[0m[38;2;197;164;41m[48;2;246;213;49m▀[0m[38;2;255;255;255m[48;2;0;0;0m▀[0m[38;2;0;0;0m[48;2;65;65;65m▀[0m[38;2;246;213;49m[48;2;246;213;49m▀[0m[38;2;246;213;49m[48;2;246;213;49m▀[0m[38;2;246;213;49m[48;2;246;213;49m▀[0m[38;2;0;0;0m[48;2;246;213;49m▀[0m[38;2;0;0;0m▄[38;2;0;0;0m▀[38;2;197;164;41m[48;2;0;0;0m▀[0m[38;2;197;164;41m[48;2;197;164;41m▀[0m[38;2;197;164;41m[48;2;197;164;41m▀[0m[38;2;0;0;0m[48;2;0;0;0m▀[0m   
   [38;2;0;0;0m▄[38;2;0;0;0m[48;2;197;164;41m▀[0m[38;2;246;213;49m[48;2;65;65;65m▀[0m[38;2;246;213;49m[48;2;197;164;41m▀[0m[38;2;246;213;49m[48;2;246;213;49m▀[0m[38;2;246;213;49m[48;2;246;213;49m▀[0m[38;2;246;213;49m[48;2;246;213;49m▀[0m[38;2;246;98;82m[48;2;246;98;82m▀[0m[38;2;246;98;82m[48;2;246;98;82m▀[0m[38;2;246;213;49m[48;2;246;213;49m▀[0m[38;2;246;213;49m[48;2;246;213;49m▀[0m[38;2;246;213;49m[48;2;246;213;49m▀[0m[38;2;246;213;49m[48;2;164;106;49m▀[0m[38;2;0;0;0m[48;2;65;65;65m▀[0m[38;2;197;164;41m[48;2;164;106;49m▀[0m[38;2;197;164;41m[48;2;0;0;0m▀[0m[38;2;0;0;0m▀    
    [38;2;0;0;0m▀[38;2;0;0;0m▀[38;2;0;0;0m▀[38;2;197;164;41m[48;2;0;0;0m▀[0m[38;2;197;164;41m[48;2;197;164;41m▀[0m[38;2;246;213;49m[48;2;197;164;41m▀[0m[38;2;246;213;49m[48;2;65;65;65m▀[0m[38;2;65;65;65m[48;2;246;213;49m▀[0m[38;2;246;213;49m[48;2;246;213;49m▀[0m[38;2;246;213;49m[48;2;65;65;65m▀[0m[38;2;246;213;49m[48;2;246;213;49m▀[0m[38;2;246;213;49m[48;2;246;213;49m▀[0m[38;2;246;213;49m[48;2;164;106;49m▀[0m[38;2;65;65;65m[48;2;65;65;65m▀[0m[38;2;164;106;49m[48;2;0;0;0m▀[0m[38;2;0;0;0m▀    
       [38;2;0;0;0m▀[38;2;197;164;41m[48;2;0;0;0m▀[0m[38;2;197;164;41m[48;2;197;164;41m▀[0m[38;2;197;164;41m[48;2;197;164;41m▀[0m[38;2;65;65;65m[48;2;246;213;49m▀[0m[38;2;65;65;65m[48;2;246;213;49m▀[0m[38;2;246;213;49m[48;2;246;213;49m▀[0m[38;2;246;213;49m[48;2;246;213;49m▀[0m[38;2;246;213;49m[48;2;246;213;49m▀[0m[38;2;246;213;49m[48;2;65;65;65m▀[0m[38;2;0;0;0m[48;2;0;0;0m▀[0m      
         [38;2;0;0;0m▀[38;2;0;0;0m▀[38;2;0;0;0m▀[38;2;246;213;49m[48;2;0;0;0m▀[0m[38;2;246;213;49m[48;2;0;0;0m▀[0m[38;2;246;213;49m[48;2;246;213;49m▀[0m[38;2;246;213;49m[48;2;0;0;0m▀[0m[38;2;0;0;0m▀       
              [38;2;0;0;0m▀         
[0m