       [38;2;0;0;0m▄[38;2;0;0;0m[48;2;189;189;181m▀[0m[38;2;0;0;0m[48;2;0;0;0m▀[0m   [38;2;0;0;0m[48;2;0;0;0m▀[0m[38;2;0;0;0m[48;2;255;255;255m▀[0m[38;2;0;0;0m▄ [38;2;0;0;0m▄[38;2;0;0;0m▄[38;2;65;65;65m[48;2;65;65;65m▀[0m[38;2;65;65;65m[48;2;255;140;58m▀[0m[38;2;65;65;65m▄ [38;2;65;65;65m▄[38;2;65;65;65m▄      
    [38;2;0;0;0m[48;2;0;0;0m▀[0m[38;2;0;0;0m[48;2;189;189;181m▀[0m[38;2;0;0;0m[48;2;65;65;65m▀[0m[38;2;189;189;181m[48;2;189;189;181m▀[0m[38;2;189;189;181m[48;2;140;132;115m▀[0m[38;2;0;0;0m[48;2;189;189;181m▀[0m[38;2;0;0;0m▄ [38;2;0;0;0m▄[38;2;0;0;0m[48;2;0;0;0m▀[0m[38;2;255;255;255m[48;2;255;255;255m▀[0m[38;2;255;255;255m[48;2;255;255;255m▀[0m[38;2;0;0;0m[48;2;255;255;255m▀[0m[38;2;255;255;255m[48;2;123;123;123m▀[0m[38;2;0;0;0m[48;2;0;0;0m▀[0m[38;2;65;65;65m[48;2;65;65;65m▀[0m[38;2;255;140;58m[48;2;255;140;58m▀[0m[38;2;65;65;65m[48;2;255;140;58m▀[0m[38;2;65;65;65m▄[38;2;65;65;65m[48;2;65;65;65m▀[0m[38;2;255;140;58m[48;2;255;140;58m▀[0m[38;2;65;65;65m[48;2;65;65;65m▀[0m     
[38;2;181;115;58m▄[38;2;181;115;58m[48;2;189;148;49m▀[0m[38;2;181;115;58m[48;2;189;148;49m▀[0m[38;2;181;115;58m▄[38;2;181;115;58m▄[38;2;0;0;0m[48;2;0;0;0m▀[0m[38;2;189;189;181m[48;2;189;189;181m▀[0m[38;2;189;189;181m[48;2;189;189;181m▀[0m[38;2;0;0;0m[48;2;0;0;0m▀[0m[38;2;0;0;0m[48;2;65;65;65m▀[0m[38;2;165;132;99m[48;2;65;65;65m▀[0m[38;2;65;65;65m[48;2;165;132;99m▀[0m[38;2;0;0;0m[48;2;65;65;65m▀[0m[38;2;189;189;181m[48;2;0;0;0m▀[0m[38;2;123;123;123m[48;2;0;0;0m▀[0m[38;2;255;255;255m[48;2;255;255;255m▀[0m[38;2;255;255;255m[48;2;255;255;255m▀[0m[38;2;0;0;0m[48;2;255;255;255m▀[0m[38;2;0;0;0m▄[38;2;65;65;65m[48;2;0;0;0m▀[0m[38;2;65;65;65m[48;2;197;173;140m▀[0m[38;2;65;65;65m[48;2;197;173;140m▀[0m[38;2;65;65;65m[48;2;197;173;140m▀[0m[38;2;65;65;65m[48;2;65;65;65m▀[0m[38;2;255;140;58m[48;2;65;65;65m▀[0m[38;2;255;140;58m[48;2;255;140;58m▀[0m[38;2;65;65;65m[48;2;65;65;65m▀[0m    
[38;2;181;115;58m▀[38;2;189;148;49m[48;2;181;115;58m▀[0m[38;2;189;148;49m[48;2;189;148;49m▀[0m[38;2;0;0;0m[48;2;0;0;0m▀[0m[38;2;0;0;0m[48;2;189;189;181m▀[0m[38;2;65;65;65m[48;2;65;65;65m▀[0m[38;2;189;189;181m[48;2;189;189;181m▀[0m[38;2;189;189;181m[48;2;189;189;181m▀[0m[38;2;140;132;115m[48;2;189;189;181m▀[0m[38;2;0;0;0m[48;2;0;0;0m▀[0m[38;2;65;65;65m[48;2;65;65;65m▀[0m[38;2;165;132;99m[48;2;65;65;65m▀[0m[38;2;65;65;65m[48;2;0;0;0m▀[0m[38;2;0;0;0m▄[38;2;0;0;0m[48;2;0;0;0m▀[0m[38;2;255;255;255m[48;2;255;255;255m▀[0m[38;2;255;255;255m[48;2;255;255;255m▀[0m[38;2;255;255;255m[48;2;255;255;255m▀[0m[38;2;123;123;123m[48;2;189;189;181m▀[0m[38;2;255;255;255m[48;2;0;0;0m▀[0m[38;2;0;0;0m[48;2;65;65;65m▀[0m[38;2;65;65;65m[48;2;65;65;65m▀[0m[38;2;65;65;65m[48;2;65;65;65m▀[0m[38;2;197;173;140m[48;2;65;65;65m▀[0m[38;2;197;173;140m[48;2;65;65;65m▀[0m[38;2;65;65;65m[48;2;197;173;140m▀[0m[38;2;65;65;65m[48;2;255;140;58m▀[0m[38;2;255;140;58m▄[38;2;255;140;58m▄[38;2;255;140;58m▄ 
 [38;2;181;115;58m▀[38;2;189;148;49m[48;2;181;115;58m▀[0m[38;2;189;148;49m[48;2;189;148;49m▀[0m[38;2;0;0;0m[48;2;189;148;49m▀[0m[38;2;0;0;0m[48;2;0;0;0m▀[0m[38;2;189;189;181m[48;2;140;132;115m▀[0m[38;2;189;189;181m[48;2;189;189;181m▀[0m[38;2;189;189;181m[48;2;189;189;181m▀[0m[38;2;189;189;181m[48;2;65;65;65m▀[0m[38;2;0;0;0m[48;2;197;173;140m▀[0m[38;2;0;0;0m[48;2;197;173;140m▀[0m[38;2;197;173;140m[48;2;197;173;140m▀[0m[38;2;197;173;140m[48;2;165;132;99m▀[0m[38;2;65;65;65m[48;2;132;99;66m▀[0m[38;2;189;189;181m[48;2;65;65;65m▀[0m[38;2;255;255;255m[48;2;189;189;181m▀[0m[38;2;189;189;181m[48;2;189;189;181m▀[0m[38;2;189;189;181m[48;2;65;65;65m▀[0m[38;2;0;0;0m[48;2;0;0;0m▀[0m[38;2;65;65;65m[48;2;255;140;58m▀[0m[38;2;65;65;65m[48;2;255;140;58m▀[0m[38;2;255;140;58m[48;2;189;148;49m▀[0m[38;2;255;140;58m[48;2;255;140;58m▀[0m[38;2;255;140;58m[48;2;189;148;49m▀[0m[38;2;255;140;58m[48;2;189;148;49m▀[0m[38;2;189;148;49m[48;2;189;148;49m▀[0m[38;2;255;222;49m[48;2;255;222;49m▀[0m[38;2;255;222;49m[48;2;255;222;49m▀[0m[38;2;255;222;49m[48;2;255;140;58m▀[0m[38;2;255;140;58m▀
 [38;2;0;0;0m▄[38;2;0;0;0m▄[38;2;0;0;0m[48;2;132;99;66m▀[0m[38;2;0;0;0m[48;2;65;65;65m▀[0m[38;2;189;148;49m[48;2;0;0;0m▀[0m[38;2;0;0;0m[48;2;132;99;66m▀[0m[38;2;189;189;181m[48;2;65;65;65m▀[0m[38;2;65;65;65m[48;2;132;99;66m▀[0m[38;2;197;173;140m[48;2;197;173;140m▀[0m[38;2;197;173;140m[48;2;197;173;140m▀[0m[38;2;197;173;140m[48;2;165;132;99m▀[0m[38;2;132;99;66m[48;2;255;222;49m▀[0m[38;2;189;148;49m[48;2;0;0;0m▀[0m[38;2;255;222;49m[48;2;255;222;49m▀[0m[38;2;132;99;66m[48;2;132;99;66m▀[0m[38;2;65;65;65m[48;2;197;173;140m▀[0m[38;2;65;65;65m[48;2;165;132;99m▀[0m[38;2;165;132;99m[48;2;165;132;99m▀[0m[38;2;0;0;0m[48;2;165;132;99m▀[0m[38;2;189;148;49m[48;2;0;0;0m▀[0m[38;2;189;148;49m[48;2;189;148;49m▀[0m[38;2;189;148;49m[48;2;255;222;49m▀[0m[38;2;189;148;49m[48;2;255;222;49m▀[0m[38;2;255;140;58m[48;2;255;140;58m▀[0m[38;2;255;140;58m[48;2;255;222;49m▀[0m[38;2;255;222;49m[48;2;255;222;49m▀[0m[38;2;255;222;49m[48;2;255;222;49m▀[0m[38;2;255;222;49m[48;2;255;140;58m▀[0m[38;2;255;140;58m▀ 
[38;2;0;0;0m▀[38;2;132;99;66m[48;2;0;0;0m▀[0m[38;2;132;99;66m[48;2;65;65;65m▀[0m[38;2;65;65;65m[48;2;165;132;99m▀[0m[38;2;165;132;99m[48;2;165;132;99m▀[0m[38;2;165;132;99m[48;2;0;0;0m▀[0m[38;2;0;0;0m▀[38;2;0;0;0m[48;2;0;0;0m▀[0m[38;2;197;173;140m[48;2;65;65;65m▀[0m[38;2;65;65;65m[48;2;255;255;255m▀[0m[38;2;65;65;65m[48;2;65;65;65m▀[0m[38;2;65;65;65m[48;2;255;255;255m▀[0m[38;2;65;65;65m[48;2;140;132;115m▀[0m[38;2;165;132;99m[48;2;65;65;65m▀[0m[38;2;165;132;99m[48;2;197;173;140m▀[0m[38;2;197;173;140m[48;2;197;173;140m▀[0m[38;2;197;173;140m[48;2;165;132;99m▀[0m[38;2;165;132;99m[48;2;65;65;65m▀[0m[38;2;65;65;65m[48;2;132;99;66m▀[0m[38;2;65;65;65m[48;2;197;173;140m▀[0m[38;2;0;0;0m[48;2;132;99;66m▀[0m[38;2;255;222;49m[48;2;0;0;0m▀[0m[38;2;255;222;49m[48;2;0;0;0m▀[0m[38;2;255;140;58m[48;2;0;0;0m▀[0m[38;2;255;222;49m[48;2;255;140;58m▀[0m[38;2;255;222;49m[48;2;255;140;58m▀[0m[38;2;255;140;58m▀[38;2;255;140;58m▀   
[38;2;0;0;0m[48;2;0;0;0m▀[0m[38;2;255;255;255m[48;2;189;189;181m▀[0m[38;2;165;132;99m[48;2;132;99;66m▀[0m[38;2;165;132;99m[48;2;165;132;99m▀[0m[38;2;0;0;0m[48;2;165;132;99m▀[0m[38;2;0;0;0m▄ [38;2;0;0;0m▀[38;2;65;65;65m[48;2;0;0;0m▀[0m[38;2;65;65;65m[48;2;189;189;181m▀[0m[38;2;65;65;65m[48;2;65;65;65m▀[0m[38;2;65;65;65m[48;2;189;189;181m▀[0m[38;2;65;65;65m[48;2;189;189;181m▀[0m[38;2;65;65;65m[48;2;140;132;115m▀[0m[38;2;65;65;65m[48;2;65;65;65m▀[0m[38;2;132;99;66m[48;2;165;132;99m▀[0m[38;2;132;99;66m[48;2;165;132;99m▀[0m[38;2;65;65;65m[48;2;65;65;65m▀[0m[38;2;165;132;99m[48;2;132;99;66m▀[0m[38;2;165;132;99m[48;2;165;132;99m▀[0m[38;2;165;132;99m[48;2;132;99;66m▀[0m[38;2;132;99;66m[48;2;0;0;0m▀[0m[38;2;165;132;99m[48;2;0;0;0m▀[0m[38;2;132;99;66m[48;2;197;173;140m▀[0m[38;2;0;0;0m[48;2;165;132;99m▀[0m[38;2;0;0;0m▄[38;2;0;0;0m▄[38;2;0;0;0m[48;2;165;132;99m▀[0m[38;2;0;0;0m▄  
 [38;2;0;0;0m▀[38;2;0;0;0m▀[38;2;255;255;255m[48;2;0;0;0m▀[0m[38;2;0;0;0m[48;2;0;0;0m▀[0m  [38;2;0;0;0m▄[38;2;0;0;0m[48;2;0;0;0m▀[0m[38;2;65;65;65m[48;2;65;65;65m▀[0m[38;2;65;65;65m[48;2;189;189;181m▀[0m[38;2;65;65;65m[48;2;65;65;65m▀[0m[38;2;65;65;65m[48;2;189;189;181m▀[0m[38;2;65;65;65m[48;2;140;132;115m▀[0m[38;2;65;65;65m[48;2;65;65;65m▀[0m[38;2;165;132;99m[48;2;132;99;66m▀[0m[38;2;165;132;99m[48;2;132;99;66m▀[0m[38;2;165;132;99m[48;2;65;65;65m▀[0m[38;2;65;65;65m[48;2;165;132;99m▀[0m[38;2;65;65;65m[48;2;165;132;99m▀[0m[38;2;0;0;0m[48;2;0;0;0m▀[0m [38;2;0;0;0m[48;2;0;0;0m▀[0m[38;2;197;173;140m[48;2;197;173;140m▀[0m[38;2;197;173;140m[48;2;197;173;140m▀[0m[38;2;197;173;140m[48;2;0;0;0m▀[0m[38;2;165;132;99m[48;2;0;0;0m▀[0m[38;2;165;132;99m[48;2;165;132;99m▀[0m[38;2;0;0;0m[48;2;0;0;0m▀[0m  
     [38;2;0;0;0m▄[38;2;0;0;0m[48;2;189;189;181m▀[0m[38;2;165;132;99m[48;2;165;132;99m▀[0m[38;2;165;132;99m[48;2;255;255;255m▀[0m[38;2;0;0;0m[48;2;132;99;66m▀[0m[38;2;132;99;66m[48;2;0;0;0m▀[0m[38;2;65;65;65m[48;2;0;0;0m▀[0m[38;2;65;65;65m[48;2;132;99;66m▀[0m[38;2;65;65;65m[48;2;132;99;66m▀[0m[38;2;132;99;66m[48;2;132;99;66m▀[0m[38;2;132;99;66m[48;2;65;65;65m▀[0m[38;2;65;65;65m[48;2;132;99;66m▀[0m[38;2;197;173;140m[48;2;132;99;66m▀[0m[38;2;197;173;140m[48;2;132;99;66m▀[0m[38;2;165;132;99m[48;2;165;132;99m▀[0m[38;2;165;132;99m[48;2;165;132;99m▀[0m[38;2;0;0;0m[48;2;65;65;65m▀[0m[38;2;165;132;99m[48;2;255;255;255m▀[0m[38;2;197;173;140m[48;2;165;132;99m▀[0m[38;2;0;0;0m[48;2;132;99;66m▀[0m[38;2;0;0;0m▄[38;2;0;0;0m▀[38;2;197;173;140m[48;2;0;0;0m▀[0m[38;2;0;0;0m▀  
     [38;2;0;0;0m▀[38;2;132;99;66m[48;2;0;0;0m▀[0m[38;2;132;99;66m[48;2;132;99;66m▀[0m[38;2;132;99;66m[48;2;189;189;181m▀[0m[38;2;132;99;66m[48;2;0;0;0m▀[0m[38;2;0;0;0m▀ [38;2;0;0;0m▀[38;2;0;0;0m▀[38;2;0;0;0m▀[38;2;0;0;0m[48;2;0;0;0m▀[0m[38;2;255;255;255m[48;2;189;189;181m▀[0m[38;2;165;132;99m[48;2;132;99;66m▀[0m[38;2;165;132;99m[48;2;132;99;66m▀[0m[38;2;132;99;66m[48;2;255;255;255m▀[0m[38;2;165;132;99m[48;2;0;0;0m▀[0m[38;2;0;0;0m▀[38;2;0;0;0m▀[38;2;165;132;99m[48;2;0;0;0m▀[0m[38;2;255;255;255m[48;2;255;255;255m▀[0m[38;2;0;0;0m[48;2;0;0;0m▀[0m     
       [38;2;0;0;0m▀[38;2;0;0;0m▀       [38;2;0;0;0m[48;2;0;0;0m▀[0m[38;2;132;99;66m[48;2;189;189;181m▀[0m[38;2;132;99;66m[48;2;0;0;0m▀[0m[38;2;189;189;181m[48;2;0;0;0m▀[0m[38;2;0;0;0m▀   [38;2;0;0;0m▀      
                 [38;2;0;0;0m▀[38;2;0;0;0m▀            
[0m