   [38;2;0;0;0m▄[38;2;0;0;0m[48;2;156;231;214m▀[0m[38;2;0;0;0m▄[38;2;0;0;0m[48;2;214;182;231m▀[0m[38;2;0;0;0m[48;2;214;182;231m▀[0m[38;2;0;0;0m[48;2;214;182;231m▀[0m[38;2;0;0;0m▄         [38;2;0;0;0m▄    
 [38;2;0;0;0m▄[38;2;0;0;0m[48;2;181;195;222m▀[0m[38;2;181;195;222m[48;2;181;195;222m▀[0m[38;2;214;185;228m[48;2;165;166;222m▀[0m[38;2;214;185;228m[48;2;214;185;228m▀[0m[38;2;217;184;227m[48;2;217;184;227m▀[0m[38;2;217;184;227m[48;2;217;184;227m▀[0m[38;2;217;184;227m[48;2;217;184;227m▀[0m[38;2;217;184;227m[48;2;217;184;227m▀[0m[38;2;0;0;0m[48;2;189;207;222m▀[0m[38;2;0;0;0m[48;2;189;207;222m▀[0m[38;2;0;0;0m▄   [38;2;0;0;0m▄[38;2;0;0;0m[48;2;156;231;214m▀[0m[38;2;0;0;0m[48;2;181;195;222m▀[0m[38;2;181;195;222m[48;2;181;195;222m▀[0m[38;2;0;0;0m[48;2;214;182;231m▀[0m[38;2;0;0;0m▄  
[38;2;0;0;0m▄[38;2;0;0;0m[48;2;132;60;165m▀[0m[38;2;189;227;231m[48;2;181;101;189m▀[0m[38;2;186;185;217m[48;2;186;185;217m▀[0m[38;2;214;185;228m[48;2;214;185;228m▀[0m[38;2;214;185;228m[48;2;165;166;222m▀[0m[38;2;214;182;231m[48;2;214;182;231m▀[0m[38;2;214;182;231m[48;2;66;65;66m▀[0m[38;2;66;65;66m[48;2;255;255;255m▀[0m[38;2;66;65;66m[48;2;255;255;255m▀[0m[38;2;82;82;82m[48;2;247;247;247m▀[0m[38;2;0;0;0m[48;2;82;82;82m▀[0m[38;2;0;0;0m▄  [38;2;0;0;0m▄[38;2;0;0;0m[48;2;198;178;222m▀[0m[38;2;198;178;222m[48;2;198;178;222m▀[0m[38;2;217;184;227m[48;2;217;184;227m▀[0m[38;2;217;184;227m[48;2;217;184;227m▀[0m[38;2;217;184;227m[48;2;217;184;227m▀[0m[38;2;217;184;227m[48;2;217;184;227m▀[0m[38;2;0;0;0m[48;2;0;0;0m▀[0m 
[38;2;0;0;0m[48;2;0;0;0m▀[0m[38;2;71;62;74m[48;2;214;186;222m▀[0m[38;2;123;84;143m[48;2;74;32;99m▀[0m[38;2;123;84;143m[48;2;222;190;231m▀[0m[38;2;183;148;209m[48;2;123;65;165m▀[0m[38;2;214;190;231m[48;2;214;190;231m▀[0m[38;2;161;103;178m[48;2;161;103;178m▀[0m[38;2;255;255;255m[48;2;255;255;255m▀[0m[38;2;255;235;255m[48;2;129;91;145m▀[0m[38;2;129;91;145m[48;2;66;20;90m▀[0m[38;2;66;65;66m[48;2;198;178;222m▀[0m[38;2;198;178;222m[48;2;198;178;222m▀[0m[38;2;181;162;231m[48;2;181;162;231m▀[0m[38;2;16;0;8m[48;2;126;108;156m▀[0m[38;2;0;0;0m▄[38;2;0;0;0m[48;2;66;65;66m▀[0m[38;2;219;183;225m[48;2;165;105;181m▀[0m[38;2;219;183;225m[48;2;219;183;225m▀[0m[38;2;214;170;231m[48;2;164;176;222m▀[0m[38;2;164;176;222m[48;2;115;182;214m▀[0m[38;2;214;182;231m[48;2;153;230;219m▀[0m[38;2;153;230;219m[48;2;153;230;219m▀[0m[38;2;156;231;214m[48;2;0;0;0m▀[0m[38;2;0;0;0m▀
[38;2;0;0;0m▀[38;2;165;166;222m[48;2;0;0;0m▀[0m[38;2;160;131;164m[48;2;160;131;164m▀[0m[38;2;66;36;74m[48;2;255;227;255m▀[0m[38;2;132;60;156m[48;2;159;102;178m▀[0m[38;2;214;186;222m[48;2;159;102;178m▀[0m[38;2;167;115;189m[48;2;255;251;255m▀[0m[38;2;255;251;255m[48;2;123;48;156m▀[0m[38;2;255;255;255m[48;2;255;255;255m▀[0m[38;2;214;206;214m[48;2;214;206;214m▀[0m[38;2;57;69;74m[48;2;189;223;239m▀[0m[38;2;145;171;184m[48;2;57;69;74m▀[0m[38;2;173;160;205m[48;2;140;113;181m▀[0m[38;2;140;113;181m[48;2;239;255;255m▀[0m[38;2;255;255;255m[48;2;255;255;255m▀[0m[38;2;255;255;255m[48;2;255;255;255m▀[0m[38;2;255;255;255m[48;2;255;255;255m▀[0m[38;2;161;103;178m[48;2;255;255;255m▀[0m[38;2;57;69;74m[48;2;189;223;239m▀[0m[38;2;145;171;184m[48;2;57;69;74m▀[0m[38;2;115;195;214m[48;2;115;195;214m▀[0m[38;2;153;229;219m[48;2;115;195;214m▀[0m[38;2;115;195;214m[48;2;115;195;214m▀[0m[38;2;0;0;0m[48;2;0;0;0m▀[0m
 [38;2;0;0;0m▄[38;2;0;0;0m[48;2;170;167;170m▀[0m[38;2;255;251;255m[48;2;85;83;85m▀[0m[38;2;255;255;255m[48;2;255;255;255m▀[0m[38;2;255;255;255m[48;2;255;255;255m▀[0m[38;2;140;56;165m[48;2;145;113;181m▀[0m[38;2;140;56;165m[48;2;156;227;214m▀[0m[38;2;255;255;255m[48;2;255;255;255m▀[0m[38;2;156;157;167m[48;2;156;157;167m▀[0m[38;2;214;206;214m[48;2;214;206;214m▀[0m[38;2;214;206;214m[48;2;255;255;255m▀[0m[38;2;255;255;255m[48;2;255;255;255m▀[0m[38;2;255;255;255m[48;2;255;255;255m▀[0m[38;2;255;255;255m[48;2;255;255;255m▀[0m[38;2;255;255;255m[48;2;214;206;214m▀[0m[38;2;255;255;255m[48;2;255;255;255m▀[0m[38;2;255;255;255m[48;2;255;255;255m▀[0m[38;2;214;207;214m[48;2;214;207;214m▀[0m[38;2;66;65;66m[48;2;66;65;66m▀[0m[38;2;117;195;214m[48;2;117;195;214m▀[0m[38;2;117;195;214m[48;2;117;195;214m▀[0m[38;2;0;0;0m[48;2;0;0;0m▀[0m 
 [38;2;0;0;0m[48;2;0;0;0m▀[0m[38;2;140;178;222m[48;2;140;178;222m▀[0m[38;2;66;65;66m[48;2;66;65;66m▀[0m[38;2;255;255;255m[48;2;255;255;255m▀[0m[38;2;255;255;255m[48;2;132;134;115m▀[0m[38;2;255;255;255m[48;2;255;255;255m▀[0m[38;2;255;255;255m[48;2;66;65;66m▀[0m[38;2;159;159;167m[48;2;214;207;214m▀[0m[38;2;214;207;214m[48;2;214;207;214m▀[0m[38;2;214;206;214m[48;2;255;255;255m▀[0m[38;2;255;255;255m[48;2;255;255;255m▀[0m[38;2;255;255;255m[48;2;156;157;167m▀[0m[38;2;255;255;255m[48;2;255;255;255m▀[0m[38;2;255;251;255m[48;2;82;81;82m▀[0m[38;2;82;81;82m[48;2;168;166;168m▀[0m[38;2;247;247;255m[48;2;74;73;90m▀[0m[38;2;247;247;255m[48;2;189;189;200m▀[0m[38;2;60;44;60m[48;2;165;109;181m▀[0m[38;2;165;109;181m[48;2;8;12;0m▀[0m[38;2;0;0;0m▀[38;2;115;195;214m[48;2;0;0;0m▀[0m[38;2;115;195;214m[48;2;0;0;0m▀[0m[38;2;0;0;0m▀
  [38;2;0;0;0m[48;2;0;0;0m▀[0m[38;2;115;195;214m[48;2;115;195;214m▀[0m[38;2;66;65;66m[48;2;115;195;214m▀[0m[38;2;66;65;66m[48;2;115;195;214m▀[0m[38;2;66;65;66m[48;2;66;65;66m▀[0m[38;2;214;207;214m[48;2;214;207;214m▀[0m[38;2;170;165;170m[48;2;214;207;214m▀[0m[38;2;214;207;214m[48;2;82;81;82m▀[0m[38;2;255;255;255m[48;2;255;255;255m▀[0m[38;2;255;255;255m[48;2;255;255;255m▀[0m[38;2;156;158;168m[48;2;156;158;168m▀[0m[38;2;82;81;82m[48;2;82;81;82m▀[0m[38;2;128;97;162m[48;2;8;0;8m▀[0m[38;2;189;146;239m[48;2;128;97;162m▀[0m[38;2;148;105;162m[48;2;0;0;8m▀[0m[38;2;222;158;239m[48;2;148;105;162m▀[0m[38;2;214;154;231m[48;2;142;102;154m▀[0m[38;2;0;0;0m[48;2;0;0;0m▀[0m    
 [38;2;0;0;0m▀[38;2;115;195;214m[48;2;0;0;0m▀[0m[38;2;115;195;214m[48;2;0;0;0m▀[0m[38;2;0;0;0m▀[38;2;0;0;0m▀[38;2;68;56;79m[48;2;8;4;0m▀[0m[38;2;128;109;159m[48;2;189;162;239m▀[0m[38;2;150;116;176m[48;2;189;146;231m▀[0m[38;2;74;56;66m[48;2;150;116;176m▀[0m[38;2;74;69;74m[48;2;74;69;74m▀[0m[38;2;247;243;255m[48;2;189;185;194m▀[0m[38;2;255;251;255m[48;2;170;167;172m▀[0m[38;2;0;0;8m[48;2;0;0;8m▀[0m [38;2;0;0;0m▀ [38;2;0;0;0m▀[38;2;0;0;0m▀     
      [38;2;0;0;0m▀[38;2;132;60;165m[48;2;0;0;0m▀[0m[38;2;132;60;165m[48;2;0;0;0m▀[0m[38;2;0;0;0m▀[38;2;148;105;162m[48;2;0;0;8m▀[0m[38;2;222;158;239m[48;2;148;105;162m▀[0m[38;2;214;154;231m[48;2;142;102;154m▀[0m[38;2;0;0;0m[48;2;0;0;0m▀[0m          
           [38;2;0;0;0m▀[38;2;0;0;0m▀           
[0m