   [38;2;0;0;0m▄[38;2;0;0;0m[48;2;123;123;123m▀[0m[38;2;0;0;0m▄               
   [38;2;0;0;0m[48;2;0;0;0m▀[0m[38;2;123;123;123m[48;2;74;74;74m▀[0m[38;2;74;74;74m[48;2;123;123;123m▀[0m[38;2;0;0;0m[48;2;0;0;0m▀[0m    [38;2;0;0;0m▄[38;2;0;0;0m[48;2;74;74;74m▀[0m[38;2;0;0;0m▄ [38;2;0;0;0m▄[38;2;0;0;0m[48;2;123;123;123m▀[0m[38;2;0;0;0m[48;2;123;123;123m▀[0m[38;2;0;0;0m▄[38;2;0;0;0m▄ 
    [38;2;0;0;0m[48;2;0;0;0m▀[0m[38;2;123;123;123m[48;2;90;90;98m▀[0m[38;2;90;90;98m[48;2;123;123;123m▀[0m[38;2;0;0;0m[48;2;123;123;123m▀[0m[38;2;0;0;0m[48;2;123;123;123m▀[0m[38;2;0;0;0m▄[38;2;0;0;0m[48;2;123;123;123m▀[0m[38;2;123;123;123m[48;2;123;123;123m▀[0m[38;2;74;74;74m[48;2;189;189;180m▀[0m[38;2;123;123;123m[48;2;0;0;0m▀[0m[38;2;0;0;0m▀[38;2;0;0;0m▄[38;2;0;0;0m[48;2;123;123;123m▀[0m[38;2;123;123;123m[48;2;123;123;123m▀[0m[38;2;123;123;123m[48;2;90;90;98m▀[0m[38;2;74;74;74m[48;2;123;123;123m▀[0m[38;2;0;0;0m[48;2;0;0;0m▀[0m
   [38;2;0;0;0m[48;2;0;0;0m▀[0m[38;2;90;90;98m[48;2;123;123;123m▀[0m[38;2;123;123;123m[48;2;123;123;123m▀[0m[38;2;123;123;123m[48;2;123;123;123m▀[0m[38;2;123;123;123m[48;2;123;123;123m▀[0m[38;2;123;123;123m[48;2;123;123;123m▀[0m[38;2;74;74;74m[48;2;123;123;123m▀[0m[38;2;123;123;123m[48;2;123;123;123m▀[0m[38;2;189;189;180m[48;2;189;189;180m▀[0m[38;2;189;189;180m[48;2;0;0;0m▀[0m[38;2;0;0;0m▀ [38;2;0;0;0m▀[38;2;123;123;123m[48;2;0;0;0m▀[0m[38;2;123;123;123m[48;2;74;74;74m▀[0m[38;2;74;74;74m[48;2;123;123;123m▀[0m[38;2;123;123;123m[48;2;123;123;123m▀[0m[38;2;0;0;0m[48;2;0;0;0m▀[0m
  [38;2;0;0;0m[48;2;0;0;0m▀[0m[38;2;172;164;131m[48;2;213;197;156m▀[0m[38;2;123;123;123m[48;2;123;123;123m▀[0m[38;2;123;123;123m[48;2;123;123;123m▀[0m[38;2;123;123;123m[48;2;123;123;123m▀[0m[38;2;123;123;123m[48;2;123;123;123m▀[0m[38;2;123;123;123m[48;2;0;0;0m▀[0m[38;2;74;74;74m[48;2;255;255;255m▀[0m[38;2;90;90;98m[48;2;74;74;74m▀[0m[38;2;0;0;0m[48;2;0;0;0m▀[0m     [38;2;0;0;0m[48;2;0;0;0m▀[0m[38;2;123;123;123m[48;2;123;123;123m▀[0m[38;2;0;0;0m[48;2;0;0;0m▀[0m 
[38;2;0;0;0m▄[38;2;0;0;0m[48;2;123;123;123m▀[0m[38;2;0;0;0m[48;2;90;90;98m▀[0m[38;2;123;123;123m[48;2;123;123;123m▀[0m[38;2;123;123;123m[48;2;123;123;123m▀[0m[38;2;123;123;123m[48;2;123;123;123m▀[0m[38;2;123;123;123m[48;2;74;74;74m▀[0m[38;2;0;0;0m[48;2;74;74;74m▀[0m[38;2;246;98;82m[48;2;213;197;156m▀[0m[38;2;255;255;255m[48;2;213;197;156m▀[0m[38;2;74;74;74m[48;2;213;197;156m▀[0m[38;2;213;197;156m[48;2;213;197;156m▀[0m[38;2;0;0;0m[48;2;0;0;0m▀[0m   [38;2;0;0;0m▄[38;2;0;0;0m[48;2;90;90;98m▀[0m[38;2;90;90;98m[48;2;0;0;0m▀[0m[38;2;0;0;0m▀ 
 [38;2;0;0;0m▀[38;2;0;0;0m▀[38;2;90;90;98m[48;2;0;0;0m▀[0m[38;2;123;123;123m[48;2;90;90;98m▀[0m[38;2;74;74;74m[48;2;90;90;98m▀[0m[38;2;123;123;123m[48;2;74;74;74m▀[0m[38;2;123;123;123m[48;2;123;123;123m▀[0m[38;2;74;74;74m[48;2;123;123;123m▀[0m[38;2;213;197;156m[48;2;74;74;74m▀[0m[38;2;213;197;156m[48;2;90;90;98m▀[0m[38;2;90;90;98m[48;2;123;123;123m▀[0m[38;2;123;123;123m[48;2;123;123;123m▀[0m[38;2;0;0;0m[48;2;123;123;123m▀[0m[38;2;0;0;0m▄[38;2;0;0;0m▄[38;2;0;0;0m[48;2;90;90;98m▀[0m[38;2;90;90;98m[48;2;0;0;0m▀[0m[38;2;0;0;0m▀  
  [38;2;0;0;0m[48;2;0;0;0m▀[0m[38;2;172;164;131m[48;2;0;0;0m▀[0m[38;2;0;0;0m▀[38;2;255;255;255m[48;2;0;0;0m▀[0m[38;2;189;189;180m[48;2;0;0;0m▀[0m[38;2;74;74;74m[48;2;74;74;74m▀[0m[38;2;74;74;74m[48;2;213;197;156m▀[0m[38;2;172;164;131m[48;2;213;197;156m▀[0m[38;2;90;90;98m[48;2;123;123;123m▀[0m[38;2;74;74;74m[48;2;213;197;156m▀[0m[38;2;123;123;123m[48;2;74;74;74m▀[0m[38;2;123;123;123m[48;2;123;123;123m▀[0m[38;2;74;74;74m[48;2;123;123;123m▀[0m[38;2;90;90;98m[48;2;0;0;0m▀[0m[38;2;0;0;0m▀    
      [38;2;0;0;0m[48;2;0;0;0m▀[0m[38;2;90;90;98m[48;2;74;74;74m▀[0m[38;2;213;197;156m[48;2;90;90;98m▀[0m[38;2;213;197;156m[48;2;213;197;156m▀[0m[38;2;213;197;156m[48;2;213;197;156m▀[0m[38;2;213;197;156m[48;2;74;74;74m▀[0m[38;2;74;74;74m[48;2;90;90;98m▀[0m[38;2;213;197;156m[48;2;74;74;74m▀[0m[38;2;213;197;156m[48;2;0;0;0m▀[0m[38;2;0;0;0m▀     
       [38;2;0;0;0m▀[38;2;0;0;0m▀[38;2;0;0;0m▀[38;2;0;0;0m[48;2;0;0;0m▀[0m[38;2;90;90;98m[48;2;74;74;74m▀[0m[38;2;90;90;98m[48;2;172;164;131m▀[0m[38;2;90;90;98m[48;2;172;164;131m▀[0m[38;2;0;0;0m[48;2;0;0;0m▀[0m      
           [38;2;0;0;0m▀[38;2;0;0;0m▀[38;2;0;0;0m▀       
[0m