    [38;2;0;0;0m▄[38;2;0;0;0m▄[38;2;0;0;0m[48;2;255;97;90m▀[0m[38;2;0;0;0m[48;2;255;97;90m▀[0m[38;2;0;0;0m▄       [38;2;0;0;0m▄                 
  [38;2;0;0;0m▄[38;2;0;0;0m[48;2;255;97;90m▀[0m[38;2;255;97;90m[48;2;255;97;90m▀[0m[38;2;255;99;88m[48;2;255;211;198m▀[0m[38;2;255;211;198m[48;2;255;211;198m▀[0m[38;2;255;99;88m[48;2;255;99;88m▀[0m[38;2;255;99;88m[48;2;255;99;88m▀[0m[38;2;0;0;0m[48;2;0;0;0m▀[0m    [38;2;0;0;0m▄[38;2;0;0;0m[48;2;255;97;90m▀[0m[38;2;255;97;90m[48;2;255;97;90m▀[0m[38;2;0;0;0m[48;2;255;97;90m▀[0m[38;2;0;0;0m▄               
 [38;2;0;0;0m[48;2;0;0;0m▀[0m[38;2;255;97;90m[48;2;255;97;90m▀[0m[38;2;255;213;200m[48;2;255;213;200m▀[0m[38;2;255;162;140m[48;2;255;162;140m▀[0m[38;2;255;211;198m[48;2;255;211;198m▀[0m[38;2;255;211;198m[48;2;255;99;88m▀[0m[38;2;255;99;88m[48;2;255;99;88m▀[0m[38;2;255;99;88m[48;2;255;99;88m▀[0m[38;2;0;0;0m[48;2;0;0;0m▀[0m   [38;2;0;0;0m[48;2;0;0;0m▀[0m[38;2;255;97;90m[48;2;255;97;90m▀[0m[38;2;255;117;74m[48;2;66;65;66m▀[0m[38;2;66;65;66m[48;2;255;117;74m▀[0m[38;2;255;97;90m[48;2;66;65;66m▀[0m[38;2;255;97;90m[48;2;255;97;90m▀[0m[38;2;0;0;0m[48;2;0;0;0m▀[0m        [38;2;0;0;0m▄[38;2;0;0;0m[48;2;255;97;90m▀[0m[38;2;0;0;0m[48;2;255;97;90m▀[0m[38;2;0;0;0m▄  
 [38;2;0;0;0m[48;2;0;0;0m▀[0m[38;2;255;97;90m[48;2;255;97;90m▀[0m[38;2;255;215;198m[48;2;255;215;198m▀[0m[38;2;255;158;143m[48;2;255;101;88m▀[0m[38;2;255;99;88m[48;2;255;99;88m▀[0m[38;2;255;99;88m[48;2;255;99;88m▀[0m[38;2;255;97;90m[48;2;255;97;90m▀[0m[38;2;0;0;0m[48;2;255;97;90m▀[0m[38;2;0;0;0m▄ [38;2;0;0;0m▄[38;2;0;0;0m[48;2;181;73;66m▀[0m[38;2;255;97;90m[48;2;255;97;90m▀[0m[38;2;255;97;90m[48;2;66;65;66m▀[0m[38;2;66;65;66m[48;2;255;134;66m▀[0m[38;2;255;134;66m[48;2;255;134;66m▀[0m[38;2;66;65;66m[48;2;255;117;74m▀[0m[38;2;255;117;74m[48;2;66;65;66m▀[0m[38;2;255;97;90m[48;2;255;97;90m▀[0m[38;2;0;0;0m[48;2;0;0;0m▀[0m     [38;2;0;0;0m▄[38;2;0;0;0m[48;2;255;97;90m▀[0m[38;2;255;97;90m[48;2;255;97;90m▀[0m[38;2;255;99;88m[48;2;255;99;88m▀[0m[38;2;255;99;88m[48;2;255;211;198m▀[0m[38;2;255;97;90m[48;2;255;97;90m▀[0m[38;2;0;0;0m[48;2;255;97;90m▀[0m[38;2;0;0;0m▄
 [38;2;0;0;0m▀[38;2;255;97;90m[48;2;0;0;0m▀[0m[38;2;255;211;198m[48;2;255;99;88m▀[0m[38;2;255;99;88m[48;2;255;99;88m▀[0m[38;2;255;97;90m[48;2;255;97;90m▀[0m[38;2;255;97;90m[48;2;181;72;65m▀[0m[38;2;255;97;90m[48;2;181;72;65m▀[0m[38;2;255;97;90m[48;2;255;97;90m▀[0m[38;2;0;0;0m[48;2;255;97;90m▀[0m[38;2;0;0;0m[48;2;255;97;90m▀[0m[38;2;255;97;90m[48;2;255;97;90m▀[0m[38;2;255;97;90m[48;2;66;65;66m▀[0m[38;2;255;117;74m[48;2;66;65;66m▀[0m[38;2;66;65;66m[48;2;255;117;74m▀[0m[38;2;255;135;63m[48;2;255;135;63m▀[0m[38;2;255;135;63m[48;2;255;135;63m▀[0m[38;2;222;93;57m[48;2;222;93;57m▀[0m[38;2;66;65;66m[48;2;222;93;57m▀[0m[38;2;255;97;90m[48;2;66;65;66m▀[0m[38;2;255;97;90m[48;2;255;97;90m▀[0m[38;2;0;0;0m[48;2;255;97;90m▀[0m[38;2;0;0;0m[48;2;255;97;90m▀[0m[38;2;0;0;0m▄ [38;2;0;0;0m▄[38;2;0;0;0m[48;2;66;65;66m▀[0m[38;2;255;99;88m[48;2;255;99;88m▀[0m[38;2;255;99;88m[48;2;255;99;88m▀[0m[38;2;255;101;88m[48;2;255;158;143m▀[0m[38;2;255;215;198m[48;2;255;215;198m▀[0m[38;2;255;211;198m[48;2;255;211;198m▀[0m[38;2;255;99;88m[48;2;255;99;88m▀[0m[38;2;0;0;0m[48;2;0;0;0m▀[0m
 [38;2;0;0;0m▄[38;2;0;0;0m[48;2;255;97;90m▀[0m[38;2;255;101;90m[48;2;255;101;90m▀[0m[38;2;170;67;60m[48;2;0;0;0m▀[0m[38;2;170;67;60m[48;2;0;0;0m▀[0m[38;2;0;0;0m[48;2;255;101;90m▀[0m[38;2;255;97;90m[48;2;255;97;90m▀[0m[38;2;255;97;90m[48;2;66;65;66m▀[0m[38;2;255;117;74m[48;2;66;65;66m▀[0m[38;2;66;65;66m[48;2;255;117;74m▀[0m[38;2;66;65;66m[48;2;255;134;66m▀[0m[38;2;255;134;66m[48;2;255;134;66m▀[0m[38;2;66;65;66m[48;2;255;134;66m▀[0m[38;2;255;134;66m[48;2;255;134;66m▀[0m[38;2;255;134;66m[48;2;255;134;66m▀[0m[38;2;255;134;66m[48;2;219;92;57m▀[0m[38;2;220;93;57m[48;2;220;93;57m▀[0m[38;2;220;93;57m[48;2;220;93;57m▀[0m[38;2;66;65;66m[48;2;255;134;66m▀[0m[38;2;66;65;66m[48;2;255;134;66m▀[0m[38;2;66;65;66m[48;2;255;117;74m▀[0m[38;2;255;117;74m[48;2;66;65;66m▀[0m[38;2;255;97;90m[48;2;255;97;90m▀[0m[38;2;0;0;0m[48;2;255;97;90m▀[0m[38;2;255;97;90m[48;2;181;72;65m▀[0m[38;2;255;97;90m[48;2;255;97;90m▀[0m[38;2;255;99;88m[48;2;255;99;88m▀[0m[38;2;255;99;88m[48;2;255;211;198m▀[0m[38;2;255;162;140m[48;2;255;162;140m▀[0m[38;2;255;213;200m[48;2;255;213;200m▀[0m[38;2;255;211;198m[48;2;255;211;198m▀[0m[38;2;255;99;88m[48;2;255;99;88m▀[0m[38;2;0;0;0m[48;2;0;0;0m▀[0m
 [38;2;0;0;0m[48;2;0;0;0m▀[0m[38;2;255;97;90m[48;2;255;97;90m▀[0m[38;2;0;0;0m[48;2;66;65;66m▀[0m[38;2;0;0;0m▄[38;2;0;0;0m[48;2;255;97;90m▀[0m[38;2;255;97;90m[48;2;255;97;90m▀[0m[38;2;90;56;49m[48;2;90;56;49m▀[0m[38;2;145;119;112m[48;2;255;247;239m▀[0m[38;2;255;134;66m[48;2;219;92;57m▀[0m[38;2;255;134;66m[48;2;255;134;66m▀[0m[38;2;255;135;63m[48;2;255;135;63m▀[0m[38;2;255;135;63m[48;2;255;135;63m▀[0m[38;2;255;135;63m[48;2;255;135;63m▀[0m[38;2;255;135;63m[48;2;255;135;63m▀[0m[38;2;255;135;63m[48;2;255;135;63m▀[0m[38;2;255;135;63m[48;2;255;135;63m▀[0m[38;2;255;135;63m[48;2;255;135;63m▀[0m[38;2;255;135;63m[48;2;255;135;63m▀[0m[38;2;255;135;63m[48;2;255;135;63m▀[0m[38;2;255;135;63m[48;2;255;135;63m▀[0m[38;2;255;135;63m[48;2;255;135;63m▀[0m[38;2;255;135;63m[48;2;255;135;63m▀[0m[38;2;66;65;66m[48;2;255;117;74m▀[0m[38;2;255;117;74m[48;2;66;65;66m▀[0m[38;2;181;72;65m[48;2;255;97;90m▀[0m[38;2;255;97;90m[48;2;181;72;65m▀[0m[38;2;255;99;88m[48;2;255;99;88m▀[0m[38;2;255;211;198m[48;2;255;211;198m▀[0m[38;2;255;158;143m[48;2;255;101;88m▀[0m[38;2;255;215;198m[48;2;255;101;88m▀[0m[38;2;255;97;90m[48;2;255;97;90m▀[0m[38;2;255;97;90m[48;2;0;0;0m▀[0m[38;2;0;0;0m▀
[38;2;0;0;0m[48;2;0;0;0m▀[0m[38;2;255;99;88m[48;2;255;99;88m▀[0m[38;2;255;99;88m[48;2;255;99;88m▀[0m[38;2;66;65;66m[48;2;255;97;90m▀[0m[38;2;66;65;66m[48;2;66;65;66m▀[0m[38;2;255;97;90m[48;2;255;97;90m▀[0m[38;2;66;65;66m[48;2;66;65;66m▀[0m[38;2;255;255;255m[48;2;255;255;255m▀[0m[38;2;181;73;66m[48;2;181;73;66m▀[0m[38;2;231;251;255m[48;2;225;198;189m▀[0m[38;2;214;93;57m[48;2;214;93;57m▀[0m[38;2;255;135;63m[48;2;255;135;63m▀[0m[38;2;255;135;63m[48;2;255;135;63m▀[0m[38;2;233;128;76m[48;2;222;97;49m▀[0m[38;2;222;97;49m[48;2;255;190;132m▀[0m[38;2;222;97;49m[48;2;255;255;247m▀[0m[38;2;222;97;49m[48;2;238;176;148m▀[0m[38;2;255;134;66m[48;2;219;92;57m▀[0m[38;2;255;134;66m[48;2;255;134;66m▀[0m[38;2;255;135;63m[48;2;255;135;63m▀[0m[38;2;255;135;63m[48;2;255;135;63m▀[0m[38;2;255;134;66m[48;2;255;134;66m▀[0m[38;2;255;134;66m[48;2;219;92;57m▀[0m[38;2;222;93;57m[48;2;222;93;57m▀[0m[38;2;66;65;66m[48;2;222;93;57m▀[0m[38;2;255;97;82m[48;2;66;60;66m▀[0m[38;2;192;84;76m[48;2;255;97;82m▀[0m[38;2;255;97;82m[48;2;66;60;66m▀[0m[38;2;255;97;82m[48;2;192;84;76m▀[0m[38;2;255;99;88m[48;2;255;99;88m▀[0m[38;2;255;99;88m[48;2;255;99;88m▀[0m[38;2;0;0;0m[48;2;0;0;0m▀[0m  
 [38;2;0;0;0m▀[38;2;0;0;0m▀[38;2;255;97;90m[48;2;0;0;0m▀[0m[38;2;255;97;90m[48;2;255;97;90m▀[0m[38;2;255;97;90m[48;2;255;97;90m▀[0m[38;2;66;65;66m[48;2;66;65;66m▀[0m[38;2;217;191;192m[48;2;239;251;255m▀[0m[38;2;173;73;66m[48;2;173;73;66m▀[0m[38;2;255;255;255m[48;2;255;255;255m▀[0m[38;2;222;93;57m[48;2;222;93;57m▀[0m[38;2;255;134;66m[48;2;255;134;66m▀[0m[38;2;255;134;66m[48;2;219;92;57m▀[0m[38;2;198;81;57m[48;2;220;194;189m▀[0m[38;2;231;251;255m[48;2;198;81;57m▀[0m[38;2;181;73;66m[48;2;181;73;66m▀[0m[38;2;255;255;255m[48;2;255;255;255m▀[0m[38;2;219;92;57m[48;2;219;92;57m▀[0m[38;2;255;134;66m[48;2;255;134;66m▀[0m[38;2;255;134;66m[48;2;255;134;66m▀[0m[38;2;255;134;66m[48;2;219;92;57m▀[0m[38;2;220;93;57m[48;2;220;93;57m▀[0m[38;2;220;93;57m[48;2;220;93;57m▀[0m[38;2;222;93;57m[48;2;222;93;57m▀[0m[38;2;222;93;57m[48;2;66;65;66m▀[0m[38;2;66;65;66m[48;2;66;65;66m▀[0m[38;2;255;97;90m[48;2;255;97;90m▀[0m[38;2;66;65;66m[48;2;0;0;0m▀[0m[38;2;0;0;0m▀[38;2;255;97;90m[48;2;0;0;0m▀[0m[38;2;255;97;90m[48;2;255;97;90m▀[0m[38;2;0;0;0m[48;2;0;0;0m▀[0m  
    [38;2;0;0;0m[48;2;0;0;0m▀[0m[38;2;255;97;90m[48;2;255;97;90m▀[0m[38;2;66;65;66m[48;2;66;65;66m▀[0m[38;2;57;60;57m[48;2;120;123;120m▀[0m[38;2;247;251;247m[48;2;57;60;57m▀[0m[38;2;247;121;57m[48;2;247;121;57m▀[0m[38;2;247;121;57m[48;2;255;255;255m▀[0m[38;2;255;134;66m[48;2;255;134;66m▀[0m[38;2;219;92;57m[48;2;219;92;57m▀[0m[38;2;255;255;255m[48;2;255;255;255m▀[0m[38;2;181;73;66m[48;2;181;73;66m▀[0m[38;2;198;81;57m[48;2;231;251;255m▀[0m[38;2;220;194;189m[48;2;198;81;57m▀[0m[38;2;219;92;57m[48;2;255;134;66m▀[0m[38;2;255;134;66m[48;2;255;134;66m▀[0m[38;2;220;93;57m[48;2;220;93;57m▀[0m[38;2;220;93;57m[48;2;220;93;57m▀[0m[38;2;222;93;57m[48;2;222;93;57m▀[0m[38;2;222;93;57m[48;2;66;65;66m▀[0m[38;2;66;65;66m[48;2;222;93;57m▀[0m[38;2;222;93;57m[48;2;222;93;57m▀[0m[38;2;66;65;66m[48;2;66;65;66m▀[0m[38;2;255;97;90m[48;2;255;97;90m▀[0m[38;2;255;97;90m[48;2;255;97;90m▀[0m[38;2;0;0;0m[48;2;255;97;90m▀[0m[38;2;0;0;0m[48;2;0;0;0m▀[0m[38;2;255;97;90m[48;2;255;97;90m▀[0m[38;2;0;0;0m[48;2;0;0;0m▀[0m  
     [38;2;0;0;0m[48;2;0;0;0m▀[0m[38;2;255;97;90m[48;2;255;97;90m▀[0m[38;2;66;65;66m[48;2;66;65;66m▀[0m[38;2;189;190;181m[48;2;107;106;104m▀[0m[38;2;66;65;66m[48;2;189;190;189m▀[0m[38;2;66;65;66m[48;2;189;190;189m▀[0m[38;2;57;69;74m[48;2;120;93;71m▀[0m[38;2;247;142;66m[48;2;57;69;74m▀[0m[38;2;145;119;112m[48;2;90;56;49m▀[0m[38;2;255;247;239m[48;2;90;56;49m▀[0m[38;2;255;190;132m[48;2;222;97;49m▀[0m[38;2;222;97;49m[48;2;233;128;76m▀[0m[38;2;255;134;57m[48;2;219;101;60m▀[0m[38;2;255;134;57m[48;2;183;68;63m▀[0m[38;2;222;93;57m[48;2;66;65;66m▀[0m[38;2;66;65;66m[48;2;222;93;57m▀[0m[38;2;66;65;66m[48;2;222;93;57m▀[0m[38;2;222;93;57m[48;2;222;93;57m▀[0m[38;2;222;93;57m[48;2;66;65;66m▀[0m[38;2;66;65;66m[48;2;66;65;66m▀[0m[38;2;255;99;88m[48;2;255;99;88m▀[0m[38;2;255;99;88m[48;2;255;99;88m▀[0m[38;2;82;40;38m[48;2;0;8;8m▀[0m[38;2;247;105;99m[48;2;0;8;8m▀[0m[38;2;181;72;65m[48;2;255;97;90m▀[0m[38;2;255;97;90m[48;2;255;97;90m▀[0m[38;2;255;97;90m[48;2;255;97;90m▀[0m[38;2;0;0;0m[48;2;0;0;0m▀[0m 
     [38;2;0;0;0m▀[38;2;255;97;90m[48;2;0;0;0m▀[0m[38;2;255;97;90m[48;2;255;97;90m▀[0m[38;2;66;65;66m[48;2;66;65;66m▀[0m[38;2;107;105;90m[48;2;255;134;66m▀[0m[38;2;107;105;90m[48;2;255;134;66m▀[0m[38;2;189;190;189m[48;2;107;106;90m▀[0m[38;2;189;190;189m[48;2;107;106;90m▀[0m[38;2;189;190;189m[48;2;107;106;90m▀[0m[38;2;189;190;189m[48;2;107;106;90m▀[0m[38;2;66;65;66m[48;2;107;107;90m▀[0m[38;2;66;65;66m[48;2;107;107;90m▀[0m[38;2;66;65;66m[48;2;66;65;66m▀[0m[38;2;66;65;66m[48;2;66;65;66m▀[0m[38;2;222;93;57m[48;2;66;65;66m▀[0m[38;2;222;93;57m[48;2;66;65;66m▀[0m[38;2;66;65;66m[48;2;222;93;57m▀[0m[38;2;66;65;66m[48;2;222;93;57m▀[0m[38;2;239;97;74m[48;2;66;65;66m▀[0m[38;2;66;65;66m[48;2;239;97;74m▀[0m[38;2;255;97;90m[48;2;255;97;90m▀[0m[38;2;0;0;0m[48;2;0;0;0m▀[0m  [38;2;0;0;0m▀[38;2;0;0;0m▀[38;2;0;0;0m▀  
      [38;2;0;0;0m▀[38;2;255;97;90m[48;2;0;0;0m▀[0m[38;2;255;97;90m[48;2;255;97;90m▀[0m[38;2;66;65;66m[48;2;255;97;90m▀[0m[38;2;66;65;66m[48;2;255;97;90m▀[0m[38;2;66;65;66m[48;2;255;117;74m▀[0m[38;2;255;117;74m[48;2;66;65;66m▀[0m[38;2;247;142;66m[48;2;57;69;74m▀[0m[38;2;120;93;71m[48;2;57;69;74m▀[0m[38;2;115;98;79m[48;2;247;142;74m▀[0m[38;2;115;98;79m[48;2;49;77;82m▀[0m[38;2;66;65;66m[48;2;66;65;66m▀[0m[38;2;66;65;66m[48;2;222;93;57m▀[0m[38;2;222;93;57m[48;2;66;65;66m▀[0m[38;2;222;93;57m[48;2;66;65;66m▀[0m[38;2;66;65;66m[48;2;255;97;90m▀[0m[38;2;66;65;66m[48;2;255;97;90m▀[0m[38;2;66;65;66m[48;2;255;97;90m▀[0m[38;2;255;97;90m[48;2;255;97;90m▀[0m[38;2;0;0;0m[48;2;0;0;0m▀[0m        
        [38;2;0;0;0m▀[38;2;0;0;0m▀[38;2;0;0;0m▀[38;2;255;97;90m[48;2;0;0;0m▀[0m[38;2;255;97;90m[48;2;0;0;0m▀[0m[38;2;255;97;90m[48;2;0;0;0m▀[0m[38;2;255;97;90m[48;2;255;97;90m▀[0m[38;2;66;65;66m[48;2;239;97;74m▀[0m[38;2;239;97;74m[48;2;66;65;66m▀[0m[38;2;239;97;74m[48;2;66;65;66m▀[0m[38;2;66;65;66m[48;2;239;97;74m▀[0m[38;2;255;97;90m[48;2;255;97;90m▀[0m[38;2;255;97;90m[48;2;0;0;0m▀[0m[38;2;255;97;90m[48;2;0;0;0m▀[0m[38;2;0;0;0m▀[38;2;0;0;0m▀[38;2;0;0;0m▀         
              [38;2;0;0;0m▀[38;2;255;97;90m[48;2;0;0;0m▀[0m[38;2;255;97;90m[48;2;0;0;0m▀[0m[38;2;255;97;90m[48;2;0;0;0m▀[0m[38;2;255;97;90m[48;2;0;0;0m▀[0m[38;2;0;0;0m▀              
[0m