   [38;2;0;0;0m▄[38;2;0;0;0m▄              [38;2;0;0;0m▄[38;2;0;0;0m[48;2;246;106;106m▀[0m[38;2;0;0;0m[48;2;246;106;106m▀[0m[38;2;0;0;0m[48;2;246;106;106m▀[0m[38;2;0;0;0m▄[38;2;0;0;0m▄[38;2;0;0;0m▄         
   [38;2;0;0;0m[48;2;0;0;0m▀[0m[38;2;65;139;180m[48;2;49;106;131m▀[0m[38;2;0;0;0m[48;2;49;106;131m▀[0m[38;2;0;0;0m▄         [38;2;0;0;0m▄[38;2;0;0;0m[48;2;90;172;222m▀[0m[38;2;0;0;0m[48;2;0;0;0m▀[0m [38;2;0;0;0m▀[38;2;189;74;82m[48;2;65;65;65m▀[0m[38;2;189;74;82m[48;2;189;74;82m▀[0m[38;2;246;106;106m[48;2;189;74;82m▀[0m[38;2;246;106;106m[48;2;189;74;82m▀[0m[38;2;246;106;106m[48;2;189;74;82m▀[0m[38;2;0;0;0m[48;2;246;106;106m▀[0m[38;2;0;0;0m[48;2;246;106;106m▀[0m[38;2;0;0;0m[48;2;246;106;106m▀[0m[38;2;0;0;0m▄[38;2;0;0;0m▄    
[38;2;0;0;0m▄[38;2;0;0;0m[48;2;148;57;65m▀[0m[38;2;0;0;0m[48;2;148;57;65m▀[0m[38;2;65;65;65m[48;2;148;57;65m▀[0m[38;2;65;65;65m[48;2;65;65;65m▀[0m[38;2;65;139;180m[48;2;49;106;131m▀[0m[38;2;65;65;65m[48;2;65;139;180m▀[0m[38;2;0;0;0m[48;2;65;65;65m▀[0m[38;2;0;0;0m[48;2;148;57;65m▀[0m[38;2;0;0;0m[48;2;148;57;65m▀[0m[38;2;0;0;0m[48;2;148;57;65m▀[0m[38;2;0;0;0m[48;2;148;57;65m▀[0m[38;2;0;0;0m▄[38;2;0;0;0m▄[38;2;65;65;65m▄[38;2;0;0;0m[48;2;90;172;222m▀[0m[38;2;90;172;222m[48;2;90;172;222m▀[0m[38;2;65;139;180m[48;2;0;0;0m▀[0m[38;2;0;0;0m▀   [38;2;0;0;0m[48;2;0;0;0m▀[0m[38;2;189;74;82m[48;2;189;74;82m▀[0m[38;2;189;74;82m[48;2;189;74;82m▀[0m[38;2;189;74;82m[48;2;189;74;82m▀[0m[38;2;189;74;82m[48;2;189;74;82m▀[0m[38;2;189;74;82m[48;2;189;74;82m▀[0m[38;2;189;74;82m[48;2;189;74;82m▀[0m[38;2;246;106;106m[48;2;189;74;82m▀[0m[38;2;189;74;82m[48;2;189;74;82m▀[0m[38;2;0;0;0m[48;2;246;106;106m▀[0m[38;2;0;0;0m▄  
 [38;2;0;0;0m▀[38;2;0;0;0m▀[38;2;0;0;0m▀[38;2;0;0;0m▀[38;2;49;106;131m[48;2;0;0;0m▀[0m[38;2;65;139;180m[48;2;189;74;82m▀[0m[38;2;65;139;180m[48;2;189;74;82m▀[0m[38;2;65;65;65m[48;2;90;172;222m▀[0m[38;2;65;65;65m[48;2;65;65;65m▀[0m[38;2;148;57;65m[48;2;65;65;65m▀[0m[38;2;65;65;65m[48;2;246;106;106m▀[0m[38;2;65;65;65m[48;2;246;106;106m▀[0m[38;2;65;65;65m[48;2;65;65;65m▀[0m[38;2;65;139;180m[48;2;90;172;222m▀[0m[38;2;90;172;222m[48;2;90;172;222m▀[0m[38;2;90;172;222m[48;2;65;65;65m▀[0m[38;2;0;0;0m[48;2;148;57;65m▀[0m[38;2;0;0;0m[48;2;148;57;65m▀[0m[38;2;0;0;0m▄[38;2;0;0;0m▄  [38;2;0;0;0m[48;2;0;0;0m▀[0m[38;2;189;74;82m[48;2;189;74;82m▀[0m[38;2;189;74;82m[48;2;189;74;82m▀[0m[38;2;189;74;82m[48;2;189;74;82m▀[0m[38;2;189;74;82m[48;2;189;74;82m▀[0m[38;2;189;74;82m[48;2;189;74;82m▀[0m[38;2;189;74;82m[48;2;189;74;82m▀[0m[38;2;189;74;82m[48;2;189;74;82m▀[0m[38;2;189;74;82m[48;2;189;74;82m▀[0m[38;2;189;74;82m[48;2;189;74;82m▀[0m[38;2;0;0;0m[48;2;189;74;82m▀[0m[38;2;0;0;0m▄
    [38;2;0;0;0m[48;2;0;0;0m▀[0m[38;2;148;57;65m[48;2;90;172;222m▀[0m[38;2;90;172;222m[48;2;90;172;222m▀[0m[38;2;90;172;222m[48;2;65;65;65m▀[0m[38;2;65;65;65m[48;2;189;74;82m▀[0m[38;2;246;106;106m[48;2;189;74;82m▀[0m[38;2;246;106;106m[48;2;213;213;123m▀[0m[38;2;246;106;106m[48;2;189;74;82m▀[0m[38;2;65;65;65m[48;2;90;172;222m▀[0m[38;2;90;172;222m[48;2;90;172;222m▀[0m[38;2;90;172;222m[48;2;49;106;131m▀[0m[38;2;90;172;222m[48;2;65;65;65m▀[0m[38;2;65;65;65m[48;2;65;65;65m▀[0m[38;2;148;57;65m[48;2;148;57;65m▀[0m[38;2;148;57;65m[48;2;148;57;65m▀[0m[38;2;148;57;65m[48;2;148;57;65m▀[0m[38;2;148;57;65m[48;2;148;57;65m▀[0m[38;2;0;0;0m[48;2;148;57;65m▀[0m[38;2;0;0;0m▄[38;2;0;0;0m[48;2;65;65;65m▀[0m[38;2;189;74;82m[48;2;189;74;82m▀[0m[38;2;189;74;82m[48;2;189;74;82m▀[0m[38;2;189;74;82m[48;2;189;74;82m▀[0m[38;2;189;74;82m[48;2;189;74;82m▀[0m[38;2;189;74;82m[48;2;189;74;82m▀[0m[38;2;189;74;82m[48;2;189;74;82m▀[0m[38;2;189;74;82m[48;2;189;74;82m▀[0m[38;2;189;74;82m[48;2;189;74;82m▀[0m[38;2;189;74;82m[48;2;189;74;82m▀[0m[38;2;189;74;82m[48;2;189;74;82m▀[0m[38;2;0;0;0m[48;2;0;0;0m▀[0m
  [38;2;0;0;0m▄[38;2;0;0;0m[48;2;90;172;222m▀[0m[38;2;90;172;222m[48;2;90;172;222m▀[0m[38;2;90;172;222m[48;2;49;106;131m▀[0m[38;2;90;172;222m[48;2;90;172;222m▀[0m[38;2;213;213;123m[48;2;90;172;222m▀[0m[38;2;0;0;0m[48;2;90;172;222m▀[0m[38;2;246;255;189m[48;2;65;65;65m▀[0m[38;2;246;255;189m[48;2;65;65;65m▀[0m[38;2;90;172;222m[48;2;49;106;131m▀[0m[38;2;65;65;65m[48;2;90;172;222m▀[0m[38;2;65;65;65m[48;2;90;172;222m▀[0m[38;2;90;172;222m[48;2;90;172;222m▀[0m[38;2;90;172;222m[48;2;90;172;222m▀[0m[38;2;65;65;65m[48;2;90;172;222m▀[0m[38;2;65;65;65m[48;2;90;172;222m▀[0m[38;2;148;57;65m[48;2;65;65;65m▀[0m[38;2;148;57;65m[48;2;148;57;65m▀[0m[38;2;148;57;65m[48;2;148;57;65m▀[0m[38;2;148;57;65m[48;2;65;65;65m▀[0m[38;2;65;65;65m[48;2;246;106;106m▀[0m[38;2;189;74;82m[48;2;246;106;106m▀[0m[38;2;189;74;82m[48;2;189;74;82m▀[0m[38;2;189;74;82m[48;2;189;74;82m▀[0m[38;2;189;74;82m[48;2;189;74;82m▀[0m[38;2;189;74;82m[48;2;189;74;82m▀[0m[38;2;189;74;82m[48;2;189;74;82m▀[0m[38;2;189;74;82m[48;2;189;74;82m▀[0m[38;2;189;74;82m[48;2;189;74;82m▀[0m[38;2;189;74;82m[48;2;0;0;0m▀[0m[38;2;189;74;82m[48;2;0;0;0m▀[0m[38;2;0;0;0m▀ 
   [38;2;0;0;0m▀[38;2;49;106;131m[48;2;0;0;0m▀[0m[38;2;65;139;180m[48;2;0;0;0m▀[0m[38;2;65;139;180m[48;2;189;74;82m▀[0m[38;2;49;106;131m[48;2;189;74;82m▀[0m[38;2;65;65;65m[48;2;189;74;82m▀[0m[38;2;90;172;222m[48;2;65;65;65m▀[0m[38;2;90;172;222m[48;2;65;65;65m▀[0m[38;2;90;172;222m[48;2;65;65;65m▀[0m[38;2;90;172;222m[48;2;65;65;65m▀[0m[38;2;65;139;180m[48;2;65;65;65m▀[0m[38;2;49;106;131m[48;2;65;65;65m▀[0m[38;2;65;65;65m[48;2;65;139;180m▀[0m[38;2;65;65;65m[48;2;65;65;65m▀[0m[38;2;65;65;65m[48;2;148;57;65m▀[0m[38;2;148;57;65m[48;2;65;65;65m▀[0m[38;2;65;65;65m[48;2;246;106;106m▀[0m[38;2;65;65;65m[48;2;246;106;106m▀[0m[38;2;246;106;106m[48;2;148;57;65m▀[0m[38;2;246;106;106m[48;2;148;57;65m▀[0m[38;2;148;57;65m[48;2;189;74;82m▀[0m[38;2;189;74;82m[48;2;189;74;82m▀[0m[38;2;189;74;82m[48;2;65;65;65m▀[0m[38;2;189;74;82m[48;2;65;65;65m▀[0m[38;2;189;74;82m[48;2;0;0;0m▀[0m[38;2;0;0;0m▀[38;2;0;0;0m▀[38;2;0;0;0m▀    
      [38;2;0;0;0m▀[38;2;0;0;0m▀[38;2;0;0;0m▀[38;2;0;0;0m▀[38;2;189;74;82m[48;2;0;0;0m▀[0m[38;2;65;65;65m[48;2;189;74;82m▀[0m[38;2;65;139;180m[48;2;65;65;65m▀[0m[38;2;65;139;180m[48;2;65;139;180m▀[0m[38;2;65;65;65m[48;2;65;65;65m▀[0m[38;2;65;139;180m[48;2;148;57;65m▀[0m[38;2;65;139;180m[48;2;90;172;222m▀[0m[38;2;65;65;65m[48;2;90;172;222m▀[0m[38;2;90;172;222m[48;2;90;172;222m▀[0m[38;2;65;65;65m[48;2;90;172;222m▀[0m[38;2;65;65;65m[48;2;90;172;222m▀[0m[38;2;65;65;65m[48;2;90;172;222m▀[0m[38;2;65;65;65m[48;2;90;172;222m▀[0m[38;2;65;65;65m[48;2;90;172;222m▀[0m[38;2;65;65;65m[48;2;90;172;222m▀[0m[38;2;90;172;222m[48;2;148;57;65m▀[0m[38;2;148;57;65m[48;2;246;106;106m▀[0m[38;2;65;65;65m[48;2;189;74;82m▀[0m[38;2;0;0;0m[48;2;65;65;65m▀[0m[38;2;0;0;0m[48;2;65;139;180m▀[0m[38;2;0;0;0m▄[38;2;0;0;0m▄[38;2;0;0;0m▄  
        [38;2;0;0;0m▄[38;2;0;0;0m[48;2;65;65;65m▀[0m[38;2;65;65;65m[48;2;131;131;131m▀[0m[38;2;65;65;65m[48;2;131;131;131m▀[0m[38;2;131;131;131m[48;2;65;65;65m▀[0m[38;2;65;65;65m[48;2;65;139;180m▀[0m[38;2;65;65;65m[48;2;148;57;65m▀[0m[38;2;189;74;82m[48;2;148;57;65m▀[0m[38;2;148;57;65m[48;2;131;131;131m▀[0m[38;2;90;172;222m[48;2;131;131;131m▀[0m[38;2;131;131;131m[48;2;189;189;189m▀[0m[38;2;131;131;131m[48;2;189;189;189m▀[0m[38;2;131;131;131m[48;2;65;65;65m▀[0m[38;2;90;172;222m[48;2;90;172;222m▀[0m[38;2;90;172;222m[48;2;65;139;180m▀[0m[38;2;90;172;222m[48;2;90;172;222m▀[0m[38;2;90;172;222m[48;2;90;172;222m▀[0m[38;2;148;57;65m[48;2;90;172;222m▀[0m[38;2;148;57;65m[48;2;90;172;222m▀[0m[38;2;90;172;222m[48;2;90;172;222m▀[0m[38;2;90;172;222m[48;2;90;172;222m▀[0m[38;2;65;65;65m[48;2;65;65;65m▀[0m[38;2;65;139;180m[48;2;65;139;180m▀[0m[38;2;65;139;180m[48;2;65;139;180m▀[0m[38;2;65;139;180m[48;2;148;57;65m▀[0m[38;2;0;0;0m[48;2;0;0;0m▀[0m 
       [38;2;0;0;0m[48;2;0;0;0m▀[0m[38;2;65;65;65m[48;2;49;106;131m▀[0m[38;2;131;131;131m[48;2;65;65;65m▀[0m[38;2;131;131;131m[48;2;131;131;131m▀[0m[38;2;65;65;65m[48;2;131;131;131m▀[0m[38;2;65;139;180m[48;2;65;65;65m▀[0m[38;2;90;172;222m[48;2;65;65;65m▀[0m[38;2;90;172;222m[48;2;65;65;65m▀[0m[38;2;131;131;131m[48;2;189;189;189m▀[0m[38;2;189;189;189m[48;2;189;189;189m▀[0m[38;2;189;189;189m[48;2;189;189;189m▀[0m[38;2;189;189;189m[48;2;65;65;65m▀[0m[38;2;65;65;65m[48;2;90;172;222m▀[0m[38;2;90;172;222m[48;2;90;172;222m▀[0m[38;2;90;172;222m[48;2;90;172;222m▀[0m[38;2;90;172;222m[48;2;90;172;222m▀[0m[38;2;65;65;65m[48;2;65;65;65m▀[0m[38;2;49;106;131m[48;2;0;0;0m▀[0m[38;2;65;139;180m[48;2;0;0;0m▀[0m[38;2;90;172;222m[48;2;189;74;82m▀[0m[38;2;90;172;222m[48;2;65;139;180m▀[0m[38;2;90;172;222m[48;2;65;139;180m▀[0m[38;2;65;139;180m[48;2;65;139;180m▀[0m[38;2;65;65;65m[48;2;0;0;0m▀[0m[38;2;0;0;0m▀[38;2;0;0;0m▀  
      [38;2;0;0;0m▀[38;2;189;189;189m[48;2;0;0;0m▀[0m[38;2;131;131;131m[48;2;0;0;0m▀[0m[38;2;49;106;131m[48;2;0;0;0m▀[0m[38;2;0;0;0m▀[38;2;0;0;0m▀[38;2;131;131;131m[48;2;0;0;0m▀[0m[38;2;131;131;131m[48;2;0;0;0m▀[0m[38;2;131;131;131m[48;2;0;0;0m▀[0m[38;2;65;65;65m[48;2;0;0;0m▀[0m[38;2;131;131;131m[48;2;0;0;0m▀[0m[38;2;131;131;131m[48;2;131;131;131m▀[0m[38;2;65;65;65m[48;2;131;131;131m▀[0m[38;2;90;172;222m[48;2;49;106;131m▀[0m[38;2;90;172;222m[48;2;90;172;222m▀[0m[38;2;90;172;222m[48;2;90;172;222m▀[0m[38;2;90;172;222m[48;2;90;172;222m▀[0m[38;2;0;0;0m[48;2;90;172;222m▀[0m[38;2;0;0;0m▄ [38;2;0;0;0m▀[38;2;189;189;189m[48;2;0;0;0m▀[0m[38;2;65;139;180m[48;2;0;0;0m▀[0m[38;2;189;189;189m[48;2;0;0;0m▀[0m[38;2;0;0;0m▀    
                 [38;2;0;0;0m▀[38;2;0;0;0m▀[38;2;0;0;0m▀[38;2;90;172;222m[48;2;0;0;0m▀[0m[38;2;90;172;222m[48;2;255;255;255m▀[0m[38;2;90;172;222m[48;2;65;139;180m▀[0m[38;2;90;172;222m[48;2;255;255;255m▀[0m[38;2;0;0;0m[48;2;0;0;0m▀[0m          
                     [38;2;0;0;0m▀[38;2;0;0;0m▀[38;2;0;0;0m▀           
[0m