     [38;2;0;0;0m▄[38;2;0;0;0m▄[38;2;0;0;0m▄[38;2;0;0;0m[48;2;206;206;197m▀[0m[38;2;0;0;0m[48;2;0;0;0m▀[0m         
   [38;2;0;0;0m▄[38;2;0;0;0m[48;2;82;156;214m▀[0m[38;2;82;156;214m[48;2;82;156;214m▀[0m[38;2;206;206;197m[48;2;82;156;214m▀[0m[38;2;206;206;197m[48;2;206;206;197m▀[0m[38;2;206;206;197m[48;2;65;65;65m▀[0m[38;2;0;0;0m[48;2;0;0;0m▀[0m[38;2;0;0;0m▄[38;2;0;0;0m▄  [38;2;0;0;0m▄[38;2;0;0;0m▄   
  [38;2;0;0;0m▄[38;2;0;0;0m[48;2;0;0;0m▀[0m[38;2;82;156;214m[48;2;82;156;214m▀[0m[38;2;82;156;214m[48;2;82;156;214m▀[0m[38;2;82;156;214m[48;2;82;156;214m▀[0m[38;2;65;65;65m[48;2;65;65;65m▀[0m[38;2;65;65;65m[48;2;99;197;255m▀[0m[38;2;99;197;255m[48;2;99;197;255m▀[0m[38;2;156;222;255m[48;2;99;197;255m▀[0m[38;2;255;255;255m[48;2;156;222;255m▀[0m[38;2;0;0;0m[48;2;255;255;255m▀[0m[38;2;0;0;0m[48;2;255;255;255m▀[0m[38;2;255;255;255m[48;2;206;206;197m▀[0m[38;2;0;0;0m[48;2;0;0;0m▀[0m   
 [38;2;0;0;0m[48;2;0;0;0m▀[0m[38;2;82;156;214m[48;2;99;197;255m▀[0m[38;2;99;197;255m[48;2;99;197;255m▀[0m[38;2;99;197;255m[48;2;99;197;255m▀[0m[38;2;99;197;255m[48;2;99;197;255m▀[0m[38;2;82;156;214m[48;2;99;197;255m▀[0m[38;2;65;65;65m[48;2;99;197;255m▀[0m[38;2;99;197;255m[48;2;99;197;255m▀[0m[38;2;99;197;255m[48;2;99;197;255m▀[0m[38;2;99;197;255m[48;2;99;197;255m▀[0m[38;2;99;197;255m[48;2;99;197;255m▀[0m[38;2;255;255;255m[48;2;0;0;0m▀[0m[38;2;255;255;255m[48;2;0;0;0m▀[0m[38;2;0;0;0m▀    
[38;2;0;0;0m[48;2;0;0;0m▀[0m[38;2;247;247;41m[48;2;65;65;65m▀[0m[38;2;99;197;255m[48;2;99;197;255m▀[0m[38;2;99;197;255m[48;2;99;197;255m▀[0m[38;2;99;197;255m[48;2;99;197;255m▀[0m[38;2;99;197;255m[48;2;247;247;41m▀[0m[38;2;255;255;255m[48;2;0;0;0m▀[0m[38;2;99;197;255m[48;2;247;247;41m▀[0m[38;2;99;197;255m[48;2;99;197;255m▀[0m[38;2;82;156;214m[48;2;99;197;255m▀[0m[38;2;65;65;65m[48;2;82;156;214m▀[0m[38;2;0;0;0m[48;2;0;0;0m▀[0m   [38;2;0;0;0m▄[38;2;0;0;0m▄  
[38;2;0;0;0m▀[38;2;247;247;41m[48;2;0;0;0m▀[0m[38;2;65;65;65m[48;2;247;247;41m▀[0m[38;2;189;165;66m[48;2;247;247;41m▀[0m[38;2;189;165;66m[48;2;247;247;41m▀[0m[38;2;189;165;66m[48;2;247;247;41m▀[0m[38;2;0;0;0m[48;2;189;165;66m▀[0m[38;2;247;247;41m[48;2;65;65;65m▀[0m[38;2;99;197;255m[48;2;82;156;214m▀[0m[38;2;82;156;214m[48;2;82;156;214m▀[0m[38;2;82;156;214m[48;2;65;65;65m▀[0m[38;2;0;0;0m[48;2;65;65;65m▀[0m[38;2;0;0;0m▄[38;2;0;0;0m[48;2;247;247;41m▀[0m[38;2;0;0;0m[48;2;189;165;66m▀[0m[38;2;247;247;41m[48;2;99;197;255m▀[0m[38;2;247;247;41m[48;2;189;165;66m▀[0m[38;2;0;0;0m[48;2;0;0;0m▀[0m 
  [38;2;0;0;0m▀[38;2;0;0;0m▀[38;2;189;165;66m[48;2;0;0;0m▀[0m[38;2;189;165;66m[48;2;0;0;0m▀[0m[38;2;247;247;41m[48;2;65;65;65m▀[0m[38;2;189;165;66m[48;2;99;148;90m▀[0m[38;2;82;156;214m[48;2;189;165;66m▀[0m[38;2;82;156;214m[48;2;99;197;255m▀[0m[38;2;65;65;65m[48;2;99;197;255m▀[0m[38;2;99;197;255m[48;2;99;197;255m▀[0m[38;2;65;65;65m[48;2;189;165;66m▀[0m[38;2;247;247;41m[48;2;99;197;255m▀[0m[38;2;99;197;255m[48;2;99;197;255m▀[0m[38;2;99;197;255m[48;2;99;197;255m▀[0m[38;2;99;197;255m[48;2;247;247;41m▀[0m[38;2;247;247;41m[48;2;189;165;66m▀[0m[38;2;0;0;0m[48;2;0;0;0m▀[0m
    [38;2;0;0;0m▄[38;2;0;0;0m[48;2;123;181;115m▀[0m[38;2;99;148;90m[48;2;123;181;115m▀[0m[38;2;99;148;90m[48;2;123;181;115m▀[0m[38;2;189;165;66m[48;2;123;181;115m▀[0m[38;2;82;156;214m[48;2;247;247;41m▀[0m[38;2;99;197;255m[48;2;82;156;214m▀[0m[38;2;99;197;255m[48;2;82;156;214m▀[0m[38;2;99;197;255m[48;2;99;197;255m▀[0m[38;2;99;197;255m[48;2;99;197;255m▀[0m[38;2;99;197;255m[48;2;65;65;65m▀[0m[38;2;99;197;255m[48;2;0;0;0m▀[0m[38;2;0;0;0m▀[38;2;0;0;0m▀ 
   [38;2;0;0;0m[48;2;0;0;0m▀[0m[38;2;65;65;65m[48;2;99;148;90m▀[0m[38;2;123;181;115m[48;2;65;65;65m▀[0m[38;2;123;181;115m[48;2;123;181;115m▀[0m[38;2;123;181;115m[48;2;99;148;90m▀[0m[38;2;123;181;115m[48;2;123;181;115m▀[0m[38;2;123;181;115m[48;2;123;181;115m▀[0m[38;2;247;247;41m[48;2;123;181;115m▀[0m[38;2;247;247;41m[48;2;123;181;115m▀[0m[38;2;189;165;66m[48;2;123;181;115m▀[0m[38;2;189;165;66m[48;2;99;148;90m▀[0m[38;2;99;148;90m[48;2;0;0;0m▀[0m[38;2;0;0;0m▀   
    [38;2;0;0;0m▀[38;2;0;0;0m▀[38;2;0;0;0m▀[38;2;0;0;0m▀[38;2;99;148;90m[48;2;0;0;0m▀[0m[38;2;123;181;115m[48;2;0;0;0m▀[0m[38;2;99;148;90m[48;2;0;0;0m▀[0m[38;2;65;65;65m[48;2;0;0;0m▀[0m[38;2;0;0;0m▀[38;2;0;0;0m▀     
[0m