   [38;2;0;0;0m▄[38;2;0;0;0m[48;2;123;93;180m▀[0m[38;2;0;8;0m[48;2;123;97;172m▀[0m[38;2;61;52;86m▄ [38;2;0;0;0m▄[38;2;0;0;0m▄[38;2;0;0;0m▄[38;2;0;0;0m▄[38;2;0;0;0m▄  [38;2;0;0;0m▄[38;2;0;0;0m▄[38;2;0;0;0m▄             
  [38;2;0;0;0m[48;2;0;0;0m▀[0m[38;2;120;91;180m[48;2;65;64;65m▀[0m[38;2;65;64;65m[48;2;120;91;180m▀[0m[38;2;120;95;172m[48;2;65;60;74m▀[0m[38;2;120;95;172m[48;2;148;113;222m▀[0m[38;2;65;64;65m[48;2;148;121;213m▀[0m[38;2;148;121;213m[48;2;148;121;213m▀[0m[38;2;148;120;211m[48;2;148;120;211m▀[0m[38;2;148;120;211m[48;2;148;120;211m▀[0m[38;2;148;120;211m[48;2;148;120;211m▀[0m[38;2;148;120;211m[48;2;148;120;211m▀[0m[38;2;0;8;0m[48;2;156;125;205m▀[0m[38;2;0;8;0m[48;2;52;47;68m▀[0m[38;2;65;64;65m[48;2;148;121;213m▀[0m[38;2;148;121;213m[48;2;148;121;213m▀[0m[38;2;148;121;213m[48;2;148;121;213m▀[0m[38;2;0;0;0m[48;2;148;121;213m▀[0m[38;2;0;0;0m▄           
   [38;2;0;0;0m▀[38;2;65;64;65m[48;2;0;0;0m▀[0m[38;2;148;120;211m[48;2;189;134;224m▀[0m[38;2;148;120;211m[48;2;148;120;211m▀[0m[38;2;150;121;211m[48;2;120;93;183m▀[0m[38;2;150;121;211m[48;2;120;93;183m▀[0m[38;2;148;120;211m[48;2;148;120;211m▀[0m[38;2;148;120;211m[48;2;148;120;211m▀[0m[38;2;148;120;211m[48;2;148;120;211m▀[0m[38;2;148;120;211m[48;2;148;120;211m▀[0m[38;2;148;120;211m[48;2;189;134;224m▀[0m[38;2;148;120;211m[48;2;189;134;224m▀[0m[38;2;148;113;183m[48;2;65;64;74m▀[0m[38;2;65;64;74m[48;2;189;137;238m▀[0m[38;2;65;64;65m[48;2;205;145;222m▀[0m[38;2;205;145;222m[48;2;205;145;222m▀[0m[38;2;0;0;0m[48;2;0;0;0m▀[0m           
   [38;2;0;0;0m[48;2;0;0;0m▀[0m[38;2;255;255;255m[48;2;255;255;255m▀[0m[38;2;189;117;172m[48;2;189;117;172m▀[0m[38;2;211;140;200m[48;2;233;163;227m▀[0m[38;2;189;133;226m[48;2;246;165;213m▀[0m[38;2;189;133;226m[48;2;246;165;213m▀[0m[38;2;208;157;200m[48;2;189;113;172m▀[0m[38;2;189;113;172m[48;2;246;246;255m▀[0m[38;2;255;255;255m[48;2;255;255;255m▀[0m[38;2;255;255;255m[48;2;0;0;0m▀[0m[38;2;197;113;172m[48;2;255;246;255m▀[0m[38;2;226;180;213m[48;2;197;113;172m▀[0m[38;2;65;64;65m[48;2;246;165;213m▀[0m[38;2;246;165;213m[48;2;65;64;65m▀[0m[38;2;255;170;230m[48;2;172;114;156m▀[0m[38;2;172;114;156m[48;2;8;4;8m▀[0m[38;2;0;0;0m▀           
  [38;2;0;0;0m▄[38;2;8;0;16m[48;2;222;210;238m▀[0m[38;2;115;105;127m[48;2;222;210;238m▀[0m[38;2;123;105;152m[48;2;222;210;230m▀[0m[38;2;123;105;152m[48;2;222;210;230m▀[0m[38;2;120;106;150m[48;2;230;190;222m▀[0m[38;2;230;190;222m[48;2;120;106;150m▀[0m[38;2;172;143;183m[48;2;131;89;148m▀[0m[38;2;255;250;255m[48;2;255;250;255m▀[0m[38;2;255;255;255m[48;2;255;255;255m▀[0m[38;2;255;255;255m[48;2;255;255;255m▀[0m[38;2;255;255;255m[48;2;255;255;255m▀[0m[38;2;194;120;167m[48;2;194;120;167m▀[0m[38;2;244;165;213m[48;2;244;165;213m▀[0m[38;2;244;165;213m[48;2;244;165;213m▀[0m[38;2;0;0;0m[48;2;0;0;0m▀[0m             
 [38;2;0;0;0m[48;2;0;0;0m▀[0m[38;2;222;210;230m[48;2;222;210;230m▀[0m[38;2;222;211;227m[48;2;222;211;227m▀[0m[38;2;222;211;227m[48;2;222;211;227m▀[0m[38;2;222;210;230m[48;2;65;64;65m▀[0m[38;2;222;210;230m[48;2;222;210;230m▀[0m[38;2;222;211;227m[48;2;222;211;227m▀[0m[38;2;222;211;227m[48;2;222;211;227m▀[0m[38;2;222;210;230m[48;2;222;210;230m▀[0m[38;2;123;105;152m[48;2;222;210;230m▀[0m[38;2;123;109;156m[48;2;211;206;222m▀[0m[38;2;255;255;255m[48;2;123;109;156m▀[0m[38;2;186;130;180m[48;2;126;99;148m▀[0m[38;2;246;161;213m[48;2;246;161;213m▀[0m[38;2;244;165;213m[48;2;244;165;213m▀[0m[38;2;244;165;213m[48;2;244;165;213m▀[0m[38;2;246;165;213m[48;2;246;165;213m▀[0m[38;2;0;0;0m[48;2;0;0;0m▀[0m            
  [38;2;0;0;0m[48;2;0;0;0m▀[0m[38;2;65;64;65m[48;2;238;234;238m▀[0m[38;2;238;234;238m[48;2;65;64;65m▀[0m[38;2;222;210;230m[48;2;65;64;65m▀[0m[38;2;222;210;230m[48;2;65;64;65m▀[0m[38;2;222;211;227m[48;2;222;211;227m▀[0m[38;2;222;211;227m[48;2;222;211;227m▀[0m[38;2;222;211;227m[48;2;222;211;227m▀[0m[38;2;222;211;227m[48;2;222;211;227m▀[0m[38;2;230;214;238m[48;2;175;164;183m▀[0m[38;2;175;164;183m[48;2;65;64;74m▀[0m[38;2;175;164;194m[48;2;175;164;194m▀[0m[38;2;120;106;150m[48;2;120;106;150m▀[0m[38;2;244;165;213m[48;2;244;165;213m▀[0m[38;2;244;165;213m[48;2;244;165;213m▀[0m[38;2;244;165;213m[48;2;244;165;213m▀[0m[38;2;244;165;213m[48;2;244;165;213m▀[0m[38;2;0;0;0m[48;2;0;0;0m▀[0m           
 [38;2;0;0;0m▄[38;2;0;0;0m[48;2;246;165;213m▀[0m[38;2;123;109;156m[48;2;230;174;213m▀[0m[38;2;194;152;194m[48;2;123;109;156m▀[0m[38;2;164;68;57m[48;2;189;170;189m▀[0m[38;2;164;68;57m[48;2;172;102;101m▀[0m[38;2;65;64;65m[48;2;213;109;90m▀[0m[38;2;65;64;65m[48;2;213;109;90m▀[0m[38;2;246;242;255m[48;2;65;60;65m▀[0m[38;2;65;60;65m[48;2;186;182;191m▀[0m[38;2;65;60;74m[48;2;180;161;197m▀[0m[38;2;180;161;197m[48;2;123;111;135m▀[0m[38;2;123;107;152m[48;2;246;165;213m▀[0m[38;2;246;165;213m[48;2;246;165;213m▀[0m[38;2;244;165;213m[48;2;244;165;213m▀[0m[38;2;244;165;213m[48;2;244;165;213m▀[0m[38;2;244;165;213m[48;2;244;165;213m▀[0m[38;2;244;165;213m[48;2;244;165;213m▀[0m[38;2;197;125;172m[48;2;65;47;57m▀[0m[38;2;0;8;0m[48;2;0;8;0m▀[0m          
[38;2;0;0;0m▄[38;2;0;0;0m[48;2;164;125;213m▀[0m[38;2;164;125;213m[48;2;164;125;213m▀[0m[38;2;246;165;213m[48;2;246;165;213m▀[0m[38;2;246;165;213m[48;2;65;64;65m▀[0m[38;2;123;107;152m[48;2;246;165;213m▀[0m[38;2;123;107;152m[48;2;246;165;213m▀[0m[38;2;175;164;194m[48;2;120;106;150m▀[0m[38;2;175;164;194m[48;2;120;106;150m▀[0m[38;2;194;152;194m[48;2;123;109;156m▀[0m[38;2;123;109;156m[48;2;230;174;213m▀[0m[38;2;123;107;152m[48;2;246;165;213m▀[0m[38;2;246;165;213m[48;2;246;165;213m▀[0m[38;2;244;165;213m[48;2;244;165;213m▀[0m[38;2;244;165;213m[48;2;244;165;213m▀[0m[38;2;246;165;213m[48;2;246;165;213m▀[0m[38;2;246;165;213m[48;2;65;64;65m▀[0m[38;2;65;64;65m[48;2;213;210;213m▀[0m[38;2;65;64;65m[48;2;213;210;213m▀[0m[38;2;148;161;172m[48;2;98;117;131m▀[0m[38;2;148;161;172m[48;2;246;250;255m▀[0m[38;2;0;0;0m[48;2;238;250;255m▀[0m[38;2;0;0;0m[48;2;159;167;169m▀[0m[38;2;0;0;0m▄[38;2;0;0;0m▄      
[38;2;0;0;0m[48;2;0;0;0m▀[0m[38;2;148;120;211m[48;2;148;120;211m▀[0m[38;2;148;120;211m[48;2;148;120;211m▀[0m[38;2;175;129;178m[48;2;65;64;74m▀[0m[38;2;65;64;74m[48;2;230;161;230m▀[0m[38;2;244;165;213m[48;2;244;165;213m▀[0m[38;2;244;165;213m[48;2;244;165;213m▀[0m[38;2;244;165;213m[48;2;244;165;213m▀[0m[38;2;244;165;213m[48;2;244;165;213m▀[0m[38;2;244;165;213m[48;2;244;165;213m▀[0m[38;2;244;165;213m[48;2;244;165;213m▀[0m[38;2;244;165;213m[48;2;244;165;213m▀[0m[38;2;244;165;213m[48;2;244;165;213m▀[0m[38;2;65;64;65m[48;2;65;64;65m▀[0m[38;2;246;165;213m[48;2;246;165;213m▀[0m[38;2;65;64;65m[48;2;65;64;65m▀[0m[38;2;197;210;213m[48;2;153;161;164m▀[0m[38;2;101;122;134m[48;2;255;255;255m▀[0m[38;2;255;255;255m[48;2;255;255;255m▀[0m[38;2;139;157;164m[48;2;139;157;164m▀[0m[38;2;139;157;164m[48;2;65;64;65m▀[0m[38;2;139;157;164m[48;2;65;64;65m▀[0m[38;2;65;64;65m[48;2;139;157;164m▀[0m[38;2;213;210;213m[48;2;213;210;213m▀[0m[38;2;57;68;74m[48;2;109;116;120m▀[0m[38;2;0;0;0m[48;2;71;70;71m▀[0m[38;2;0;0;0m[48;2;213;210;213m▀[0m[38;2;0;0;0m▄   
 [38;2;0;0;0m▀[38;2;255;255;255m[48;2;0;0;0m▀[0m[38;2;65;64;65m[48;2;186;129;164m▀[0m[38;2;246;161;213m[48;2;65;64;65m▀[0m[38;2;246;165;213m[48;2;189;145;65m▀[0m[38;2;246;165;213m[48;2;246;165;213m▀[0m[38;2;244;165;213m[48;2;244;165;213m▀[0m[38;2;244;165;213m[48;2;244;165;213m▀[0m[38;2;244;165;213m[48;2;244;165;213m▀[0m[38;2;244;165;213m[48;2;244;165;213m▀[0m[38;2;246;165;213m[48;2;246;165;213m▀[0m[38;2;246;165;213m[48;2;189;145;65m▀[0m[38;2;255;178;189m[48;2;164;123;119m▀[0m[38;2;74;68;49m[48;2;74;68;49m▀[0m[38;2;65;64;65m[48;2;139;157;164m▀[0m[38;2;139;157;164m[48;2;139;157;164m▀[0m[38;2;246;255;255m[48;2;65;64;65m▀[0m[38;2;65;64;65m[48;2;156;159;160m▀[0m[38;2;65;64;65m[48;2;213;210;213m▀[0m[38;2;213;210;213m[48;2;213;210;213m▀[0m[38;2;65;64;65m[48;2;65;64;65m▀[0m[38;2;213;210;213m[48;2;213;210;213m▀[0m[38;2;211;211;208m[48;2;211;211;208m▀[0m[38;2;139;157;164m[48;2;139;157;164m▀[0m[38;2;65;64;65m[48;2;65;64;65m▀[0m[38;2;213;210;213m[48;2;213;210;213m▀[0m[38;2;213;210;213m[48;2;213;210;213m▀[0m[38;2;0;0;0m[48;2;71;70;71m▀[0m[38;2;0;0;0m▄ 
 [38;2;0;0;0m[48;2;0;0;0m▀[0m[38;2;189;117;172m[48;2;189;117;172m▀[0m[38;2;191;118;169m[48;2;191;118;169m▀[0m[38;2;65;64;65m[48;2;65;64;65m▀[0m[38;2;255;238;180m[48;2;255;238;180m▀[0m[38;2;194;147;65m[48;2;255;238;180m▀[0m[38;2;194;147;65m[48;2;255;238;180m▀[0m[38;2;194;147;65m[48;2;255;238;180m▀[0m[38;2;194;147;65m[48;2;255;238;180m▀[0m[38;2;194;147;65m[48;2;255;238;180m▀[0m[38;2;189;141;65m[48;2;255;234;180m▀[0m[38;2;233;203;142m[48;2;255;234;180m▀[0m[38;2;230;186;139m[48;2;230;186;139m▀[0m[38;2;74;64;49m[48;2;178;145;109m▀[0m[38;2;139;157;164m[48;2;65;64;65m▀[0m[38;2;139;157;164m[48;2;65;64;65m▀[0m[38;2;65;64;65m[48;2;213;210;213m▀[0m[38;2;213;210;213m[48;2;213;210;213m▀[0m[38;2;211;211;208m[48;2;139;157;164m▀[0m[38;2;211;211;208m[48;2;211;211;208m▀[0m[38;2;213;210;213m[48;2;213;210;213m▀[0m[38;2;104;124;137m[48;2;213;210;213m▀[0m[38;2;139;157;164m[48;2;139;157;164m▀[0m[38;2;115;126;131m[48;2;65;64;65m▀[0m[38;2;213;210;213m[48;2;65;64;65m▀[0m[38;2;213;210;213m[48;2;65;64;65m▀[0m[38;2;139;157;164m[48;2;139;157;164m▀[0m[38;2;65;64;65m[48;2;115;126;131m▀[0m[38;2;139;157;164m[48;2;0;0;0m▀[0m[38;2;0;0;0m▀
 [38;2;0;0;0m▀[38;2;189;117;172m[48;2;0;0;0m▀[0m[38;2;191;120;169m[48;2;191;120;169m▀[0m[38;2;191;120;169m[48;2;191;120;169m▀[0m[38;2;65;64;57m[48;2;65;64;57m▀[0m[38;2;175;145;106m[48;2;230;186;131m▀[0m[38;2;255;238;180m[48;2;194;147;65m▀[0m[38;2;255;238;180m[48;2;194;147;65m▀[0m[38;2;255;238;180m[48;2;194;147;65m▀[0m[38;2;255;238;180m[48;2;194;147;65m▀[0m[38;2;246;230;180m[48;2;189;141;65m▀[0m[38;2;189;141;65m[48;2;227;201;142m▀[0m[38;2;194;145;63m[48;2;222;186;156m▀[0m[38;2;222;186;156m[48;2;222;186;156m▀[0m[38;2;65;68;74m[48;2;65;68;74m▀[0m[38;2;112;117;120m[48;2;205;214;213m▀[0m[38;2;57;68;74m[48;2;213;210;213m▀[0m[38;2;213;210;213m[48;2;109;116;120m▀[0m[38;2;211;211;208m[48;2;139;157;164m▀[0m[38;2;211;211;208m[48;2;211;211;208m▀[0m[38;2;65;64;65m[48;2;65;64;65m▀[0m[38;2;65;64;65m[48;2;213;210;213m▀[0m[38;2;65;64;65m[48;2;213;210;213m▀[0m[38;2;213;210;213m[48;2;65;64;65m▀[0m[38;2;211;210;211m[48;2;211;210;211m▀[0m[38;2;211;210;211m[48;2;211;210;211m▀[0m[38;2;68;76;79m[48;2;137;153;159m▀[0m[38;2;0;0;0m[48;2;0;0;0m▀[0m  
 [38;2;0;0;0m▄[38;2;0;0;0m[48;2;213;210;213m▀[0m[38;2;101;83;101m[48;2;57;64;65m▀[0m[38;2;189;121;172m[48;2;57;64;65m▀[0m[38;2;191;118;169m[48;2;191;118;169m▀[0m[38;2;65;64;65m[48;2;191;118;169m▀[0m[38;2;230;182;148m[48;2;0;0;0m▀[0m[38;2;230;182;148m[48;2;153;121;98m▀[0m[38;2;222;186;156m[48;2;156;110;63m▀[0m[38;2;222;186;156m[48;2;156;110;63m▀[0m[38;2;222;186;156m[48;2;156;110;63m▀[0m[38;2;222;186;156m[48;2;156;110;63m▀[0m[38;2;148;119;98m[48;2;230;178;139m▀[0m[38;2;65;60;57m[48;2;65;60;57m▀[0m[38;2;197;210;213m[48;2;65;64;65m▀[0m[38;2;153;161;164m[48;2;65;64;65m▀[0m[38;2;139;157;164m[48;2;65;64;65m▀[0m[38;2;65;64;65m[48;2;139;157;164m▀[0m[38;2;139;157;164m[48;2;139;157;164m▀[0m[38;2;139;157;164m[48;2;65;64;65m▀[0m[38;2;65;64;65m[48;2;139;157;164m▀[0m[38;2;139;157;164m[48;2;65;64;65m▀[0m[38;2;213;210;213m[48;2;106;125;131m▀[0m[38;2;106;125;131m[48;2;142;153;159m▀[0m[38;2;197;210;213m[48;2;65;64;65m▀[0m[38;2;153;161;164m[48;2;65;64;65m▀[0m[38;2;98;114;123m[48;2;98;114;123m▀[0m[38;2;148;170;180m[48;2;0;4;8m▀[0m[38;2;0;0;0m▀ 
 [38;2;0;0;0m▀[38;2;78;89;106m[48;2;0;0;0m▀[0m[38;2;213;210;213m[48;2;0;0;0m▀[0m[38;2;213;210;213m[48;2;0;0;0m▀[0m[38;2;0;0;0m▀[38;2;0;0;0m▀ [38;2;0;0;0m▀[38;2;0;0;0m▀[38;2;222;186;156m[48;2;0;0;0m▀[0m[38;2;222;186;156m[48;2;0;0;0m▀[0m[38;2;222;186;156m[48;2;0;0;0m▀[0m[38;2;222;186;156m[48;2;0;0;0m▀[0m[38;2;0;0;0m▀[38;2;189;121;172m[48;2;0;12;8m▀[0m[38;2;63;48;63m[48;2;189;121;172m▀[0m[38;2;139;157;164m[48;2;65;64;65m▀[0m[38;2;139;157;164m[48;2;65;64;65m▀[0m[38;2;139;157;164m[48;2;65;64;65m▀[0m[38;2;65;64;65m[48;2;65;64;65m▀[0m[38;2;139;157;164m[48;2;104;124;134m▀[0m[38;2;139;157;164m[48;2;139;157;164m▀[0m[38;2;139;153;164m[48;2;139;153;164m▀[0m[38;2;69;76;82m[48;2;0;0;0m▀[0m[38;2;150;121;211m[48;2;120;93;183m▀[0m[38;2;120;93;183m[48;2;120;93;183m▀[0m[38;2;0;0;0m[48;2;0;0;0m▀[0m   
               [38;2;0;0;0m▀[38;2;213;210;213m[48;2;0;0;0m▀[0m[38;2;191;118;169m[48;2;213;210;213m▀[0m[38;2;191;118;169m[48;2;213;210;213m▀[0m[38;2;153;137;150m[48;2;222;206;222m▀[0m[38;2;222;206;222m[48;2;16;0;8m▀[0m[38;2;0;0;0m▀[38;2;0;0;0m▀[38;2;0;0;0m▀ [38;2;0;0;0m▀[38;2;0;0;0m▀[38;2;0;0;0m▀   
                 [38;2;0;0;0m▀[38;2;0;0;0m▀[38;2;0;0;0m▀           
[0m