   [38;2;7;7;7m▄[38;2;7;7;7m[48;2;189;189;196m▀[0m[38;2;7;7;7m▄    [38;2;7;7;7m▄[38;2;7;7;7m▄[38;2;7;7;7m[48;2;171;137;235m▀[0m[38;2;7;7;7m[48;2;171;137;235m▀[0m[38;2;7;7;7m[48;2;7;7;7m▀[0m  
  [38;2;7;7;7m▄[38;2;7;7;7m[48;2;161;161;181m▀[0m[38;2;161;161;181m[48;2;153;114;228m▀[0m[38;2;53;53;59m[48;2;153;114;228m▀[0m[38;2;7;7;7m[48;2;215;215;223m▀[0m[38;2;7;7;7m[48;2;189;189;196m▀[0m[38;2;7;7;7m▄[38;2;7;7;7m[48;2;153;114;228m▀[0m[38;2;153;114;228m[48;2;126;104;168m▀[0m[38;2;171;137;235m[48;2;153;114;228m▀[0m[38;2;171;137;235m[48;2;153;114;228m▀[0m[38;2;7;7;7m[48;2;7;7;7m▀[0m   
 [38;2;7;8;7m▄[38;2;7;7;7m[48;2;153;114;228m▀[0m[38;2;153;114;228m[48;2;247;214;41m▀[0m[38;2;247;214;41m[48;2;247;214;41m▀[0m[38;2;153;114;228m[48;2;215;215;223m▀[0m[38;2;215;215;223m[48;2;126;104;168m▀[0m[38;2;215;215;223m[48;2;126;104;168m▀[0m[38;2;189;189;196m[48;2;189;189;196m▀[0m[38;2;126;104;168m[48;2;189;189;196m▀[0m[38;2;153;114;228m[48;2;53;53;59m▀[0m[38;2;153;114;228m[48;2;7;7;7m▀[0m[38;2;7;7;7m▀    
 [38;2;7;8;7m[48;2;7;8;7m▀[0m[38;2;126;104;168m[48;2;126;104;168m▀[0m[38;2;247;214;41m[48;2;96;81;123m▀[0m[38;2;126;104;168m[48;2;126;104;168m▀[0m[38;2;248;248;248m[48;2;126;104;168m▀[0m[38;2;8;8;8m[48;2;224;63;53m▀[0m[38;2;248;248;248m[48;2;248;248;248m▀[0m[38;2;53;53;59m[48;2;215;215;223m▀[0m[38;2;189;189;196m[48;2;189;189;196m▀[0m[38;2;189;189;196m[48;2;189;189;196m▀[0m[38;2;8;8;8m[48;2;8;8;8m▀[0m     
  [38;2;7;7;7m▀[38;2;126;104;168m[48;2;7;7;7m▀[0m[38;2;126;104;168m[48;2;96;81;123m▀[0m[38;2;126;104;168m[48;2;96;81;123m▀[0m[38;2;189;189;196m[48;2;126;104;168m▀[0m[38;2;189;189;196m[48;2;189;189;196m▀[0m[38;2;189;189;196m[48;2;161;161;181m▀[0m[38;2;189;189;196m[48;2;7;7;7m▀[0m[38;2;7;7;7m▀ [38;2;7;7;7m▄[38;2;7;7;7m▄[38;2;7;7;7m▄  
 [38;2;7;8;7m▄[38;2;7;7;7m[48;2;161;161;181m▀[0m[38;2;7;7;7m[48;2;161;161;181m▀[0m[38;2;53;53;59m[48;2;53;53;59m▀[0m[38;2;126;104;168m[48;2;247;214;41m▀[0m[38;2;96;81;123m[48;2;126;104;167m▀[0m[38;2;96;81;123m[48;2;53;53;59m▀[0m[38;2;96;81;123m[48;2;153;114;228m▀[0m[38;2;7;7;7m[48;2;189;189;196m▀[0m[38;2;7;7;7m▄[38;2;7;8;7m[48;2;126;104;167m▀[0m[38;2;126;104;168m[48;2;53;53;59m▀[0m[38;2;126;104;168m[48;2;53;53;59m▀[0m[38;2;7;7;7m[48;2;153;114;228m▀[0m[38;2;7;7;7m[48;2;153;114;228m▀[0m[38;2;7;7;7m[48;2;8;7;8m▀[0m
[38;2;7;7;7m▄[38;2;7;8;7m[48;2;126;104;167m▀[0m[38;2;126;104;168m[48;2;53;53;59m▀[0m[38;2;53;53;59m[48;2;7;7;7m▀[0m[38;2;126;104;168m[48;2;189;189;196m▀[0m[38;2;197;165;33m[48;2;189;189;196m▀[0m[38;2;126;104;167m[48;2;189;189;196m▀[0m[38;2;189;189;196m[48;2;189;189;196m▀[0m[38;2;53;53;59m[48;2;53;53;59m▀[0m[38;2;189;189;196m[48;2;153;114;228m▀[0m[38;2;189;189;196m[48;2;189;189;196m▀[0m[38;2;53;53;60m[48;2;53;53;60m▀[0m[38;2;126;104;168m[48;2;153;114;228m▀[0m[38;2;153;114;228m[48;2;126;104;168m▀[0m[38;2;153;114;228m[48;2;53;53;59m▀[0m[38;2;7;7;7m[48;2;53;53;59m▀[0m[38;2;7;7;7m▄
[38;2;7;7;7m[48;2;7;7;7m▀[0m[38;2;126;104;167m[48;2;7;7;7m▀[0m[38;2;7;7;7m▀[38;2;7;7;7m▄[38;2;7;7;7m[48;2;53;53;59m▀[0m[38;2;161;161;181m[48;2;161;161;181m▀[0m[38;2;189;189;196m[48;2;53;53;59m▀[0m[38;2;189;189;196m[48;2;161;161;181m▀[0m[38;2;53;53;59m[48;2;189;189;196m▀[0m[38;2;189;189;196m[48;2;53;53;59m▀[0m[38;2;153;114;228m[48;2;153;114;228m▀[0m[38;2;126;104;168m[48;2;53;53;60m▀[0m[38;2;53;53;59m[48;2;126;104;168m▀[0m[38;2;53;53;59m[48;2;53;53;59m▀[0m[38;2;153;114;228m[48;2;7;7;7m▀[0m[38;2;153;114;228m[48;2;7;7;7m▀[0m[38;2;8;7;8m▀
  [38;2;7;7;7m▀[38;2;189;189;196m[48;2;7;7;7m▀[0m[38;2;161;161;181m[48;2;7;7;7m▀[0m[38;2;161;161;181m[48;2;7;7;7m▀[0m[38;2;8;8;8m▀[38;2;53;53;59m[48;2;7;7;7m▀[0m[38;2;189;189;196m[48;2;189;189;196m▀[0m[38;2;53;53;59m[48;2;53;53;59m▀[0m[38;2;153;114;228m[48;2;153;114;228m▀[0m[38;2;53;53;60m[48;2;53;53;60m▀[0m[38;2;126;104;168m[48;2;7;7;7m▀[0m[38;2;7;7;7m▀   
      [38;2;7;8;7m[48;2;7;8;7m▀[0m[38;2;248;248;248m[48;2;7;7;7m▀[0m[38;2;189;189;196m[48;2;7;7;7m▀[0m[38;2;189;189;196m[48;2;248;248;248m▀[0m[38;2;7;7;7m[48;2;7;7;7m▀[0m[38;2;7;7;7m▀     
        [38;2;7;7;7m▀[38;2;7;7;7m▀       
[0m