             [38;2;255;131;190m[48;2;255;131;190m▀[0m[38;2;255;131;190m▄     [38;2;255;131;190m▄[38;2;255;131;190m[48;2;255;119;112m▀[0m[38;2;255;131;190m▄        
        [38;2;255;131;190m▄[38;2;255;131;190m[48;2;255;119;112m▀[0m[38;2;255;131;190m▄  [38;2;255;131;190m▀[38;2;255;119;112m[48;2;255;131;190m▀[0m[38;2;255;131;190m[48;2;255;119;112m▀[0m[38;2;255;131;190m▄  [38;2;255;131;190m[48;2;255;131;190m▀[0m[38;2;255;119;112m[48;2;255;119;112m▀[0m[38;2;255;131;190m[48;2;255;119;112m▀[0m[38;2;255;131;190m▄        
        [38;2;255;131;190m▀[38;2;255;119;112m[48;2;255;131;190m▀[0m[38;2;255;131;190m[48;2;255;119;112m▀[0m[38;2;255;131;190m▄  [38;2;255;131;190m[48;2;255;140;255m▀[0m[38;2;255;119;112m[48;2;255;119;112m▀[0m[38;2;255;131;190m[48;2;255;131;190m▀[0m  [38;2;255;131;190m▄[38;2;255;131;190m[48;2;255;119;112m▀[0m[38;2;255;119;112m[48;2;255;119;112m▀[0m[38;2;255;131;190m[48;2;255;131;190m▀[0m   [38;2;255;131;190m▄    
   [38;2;7;7;7m▄[38;2;7;7;7m▄[38;2;7;7;7m▄[38;2;7;7;7m▄[38;2;7;7;7m[48;2;102;88;152m▀[0m[38;2;7;7;7m[48;2;102;88;152m▀[0m[38;2;66;66;66m[48;2;102;88;152m▀[0m[38;2;66;66;66m[48;2;102;88;152m▀[0m[38;2;255;119;112m[48;2;66;66;66m▀[0m[38;2;255;140;255m[48;2;66;66;66m▀[0m[38;2;255;140;255m[48;2;66;66;66m▀[0m[38;2;255;119;112m[48;2;255;119;112m▀[0m[38;2;255;119;112m[48;2;255;119;112m▀[0m[38;2;255;131;190m[48;2;255;140;255m▀[0m[38;2;255;140;255m[48;2;255;119;112m▀[0m[38;2;255;131;190m[48;2;255;119;112m▀[0m[38;2;255;119;112m[48;2;255;119;112m▀[0m[38;2;255;119;112m[48;2;255;131;190m▀[0m[38;2;255;131;190m▀   [38;2;255;131;190m▄[38;2;255;131;190m[48;2;255;119;112m▀[0m[38;2;255;131;190m▄   
 [38;2;7;7;7m[48;2;7;7;7m▀[0m[38;2;7;7;7m[48;2;82;72;117m▀[0m[38;2;82;72;117m[48;2;66;66;66m▀[0m[38;2;66;66;66m[48;2;102;88;152m▀[0m[38;2;82;72;117m[48;2;102;88;152m▀[0m[38;2;102;88;152m[48;2;102;88;152m▀[0m[38;2;102;88;152m[48;2;102;88;152m▀[0m[38;2;102;88;152m[48;2;102;88;152m▀[0m[38;2;102;88;152m[48;2;102;88;152m▀[0m[38;2;102;88;152m[48;2;102;88;152m▀[0m[38;2;102;88;152m[48;2;102;88;152m▀[0m[38;2;102;88;152m[48;2;102;88;152m▀[0m[38;2;102;88;152m[48;2;102;88;152m▀[0m[38;2;66;66;66m[48;2;102;88;152m▀[0m[38;2;66;66;66m[48;2;102;88;152m▀[0m[38;2;255;119;112m[48;2;66;66;66m▀[0m[38;2;255;119;112m[48;2;255;119;112m▀[0m[38;2;255;119;112m[48;2;255;119;112m▀[0m[38;2;255;140;255m[48;2;255;140;255m▀[0m [38;2;255;140;255m▄[38;2;255;131;190m[48;2;255;119;112m▀[0m[38;2;255;131;190m[48;2;255;119;112m▀[0m[38;2;255;131;190m[48;2;255;119;112m▀[0m[38;2;255;119;112m[48;2;255;119;112m▀[0m[38;2;255;119;112m[48;2;255;131;190m▀[0m[38;2;255;131;190m▀   
[38;2;7;7;7m[48;2;7;7;7m▀[0m[38;2;82;72;117m[48;2;82;72;117m▀[0m[38;2;66;66;66m[48;2;66;66;66m▀[0m[38;2;102;88;152m[48;2;102;88;152m▀[0m[38;2;102;88;152m[48;2;102;88;152m▀[0m[38;2;102;88;152m[48;2;102;88;152m▀[0m[38;2;102;88;152m[48;2;102;88;152m▀[0m[38;2;102;88;152m[48;2;102;88;152m▀[0m[38;2;102;88;152m[48;2;102;88;152m▀[0m[38;2;102;88;152m[48;2;255;239;132m▀[0m[38;2;102;88;152m[48;2;255;239;132m▀[0m[38;2;102;88;152m[48;2;255;239;132m▀[0m[38;2;102;88;152m[48;2;82;72;117m▀[0m[38;2;66;66;66m[48;2;102;88;152m▀[0m[38;2;82;72;117m[48;2;66;66;66m▀[0m[38;2;102;88;152m[48;2;66;66;66m▀[0m[38;2;102;88;152m[48;2;102;88;152m▀[0m[38;2;66;66;66m[48;2;102;88;152m▀[0m[38;2;255;119;112m[48;2;66;66;66m▀[0m[38;2;255;119;112m[48;2;255;119;112m▀[0m[38;2;255;140;255m[48;2;255;119;112m▀[0m[38;2;255;119;112m[48;2;255;119;112m▀[0m[38;2;255;119;112m[48;2;255;140;255m▀[0m[38;2;255;131;190m▀[38;2;255;131;190m▀[38;2;255;131;190m▀     
 [38;2;7;7;7m[48;2;7;7;7m▀[0m[38;2;102;88;152m[48;2;102;88;152m▀[0m[38;2;102;88;152m[48;2;102;88;152m▀[0m[38;2;102;88;152m[48;2;102;88;152m▀[0m[38;2;102;88;152m[48;2;102;88;152m▀[0m[38;2;102;88;152m[48;2;102;88;152m▀[0m[38;2;102;88;152m[48;2;255;239;132m▀[0m[38;2;255;239;132m[48;2;7;7;7m▀[0m[38;2;102;88;152m[48;2;102;88;152m▀[0m[38;2;82;72;117m[48;2;102;88;152m▀[0m[38;2;255;239;132m[48;2;148;107;66m▀[0m[38;2;255;239;132m[48;2;255;239;132m▀[0m[38;2;255;239;132m[48;2;255;239;132m▀[0m[38;2;82;72;117m[48;2;255;239;132m▀[0m[38;2;102;88;152m[48;2;82;72;117m▀[0m[38;2;66;66;66m[48;2;255;140;255m▀[0m[38;2;66;66;66m[48;2;255;131;190m▀[0m[38;2;66;66;66m[48;2;255;119;112m▀[0m[38;2;255;119;112m[48;2;255;119;112m▀[0m[38;2;255;119;112m[48;2;255;140;255m▀[0m[38;2;255;140;255m▀[38;2;255;140;255m▄[38;2;255;140;255m▄[38;2;255;131;190m[48;2;255;119;112m▀[0m[38;2;255;131;190m[48;2;255;119;112m▀[0m[38;2;255;131;190m▄    
[38;2;7;7;7m[48;2;7;7;7m▀[0m[38;2;82;72;117m[48;2;255;239;132m▀[0m[38;2;102;88;152m[48;2;102;88;152m▀[0m[38;2;102;88;152m[48;2;102;88;152m▀[0m[38;2;102;88;152m[48;2;255;239;132m▀[0m[38;2;255;239;132m[48;2;255;239;132m▀[0m[38;2;255;239;132m[48;2;255;239;132m▀[0m[38;2;66;66;66m[48;2;255;239;132m▀[0m[38;2;234;13;40m[48;2;255;239;132m▀[0m[38;2;248;248;248m[48;2;255;239;132m▀[0m[38;2;209;179;101m[48;2;255;239;132m▀[0m[38;2;255;239;132m[48;2;255;239;132m▀[0m[38;2;255;239;132m[48;2;255;239;132m▀[0m[38;2;255;239;132m[48;2;255;239;132m▀[0m[38;2;102;88;152m[48;2;255;239;132m▀[0m[38;2;102;88;152m[48;2;255;239;132m▀[0m[38;2;102;88;152m[48;2;82;72;117m▀[0m[38;2;255;140;255m[48;2;102;88;152m▀[0m[38;2;255;131;190m[48;2;255;131;190m▀[0m[38;2;255;119;112m[48;2;255;119;112m▀[0m[38;2;255;119;112m[48;2;255;119;112m▀[0m[38;2;255;140;255m[48;2;255;119;112m▀[0m[38;2;255;119;112m[48;2;255;119;112m▀[0m[38;2;255;119;112m[48;2;255;131;190m▀[0m[38;2;255;131;190m▀[38;2;255;131;190m▀ [38;2;255;131;190m▀   
[38;2;7;7;7m▀[38;2;255;239;132m[48;2;7;7;7m▀[0m[38;2;255;239;132m[48;2;255;239;132m▀[0m[38;2;255;239;132m[48;2;255;239;132m▀[0m[38;2;148;107;66m[48;2;255;239;132m▀[0m[38;2;255;239;132m[48;2;148;107;66m▀[0m[38;2;255;239;132m[48;2;148;107;66m▀[0m[38;2;148;107;66m[48;2;255;239;132m▀[0m[38;2;148;107;66m[48;2;255;239;132m▀[0m[38;2;221;190;107m[48;2;255;239;132m▀[0m[38;2;255;239;132m[48;2;255;239;132m▀[0m[38;2;255;239;132m[48;2;255;239;132m▀[0m[38;2;255;239;132m[48;2;255;239;132m▀[0m[38;2;255;239;132m[48;2;255;239;132m▀[0m[38;2;255;239;132m[48;2;255;239;132m▀[0m[38;2;102;88;152m[48;2;255;239;132m▀[0m[38;2;102;88;152m[48;2;255;239;132m▀[0m[38;2;255;140;255m[48;2;82;72;117m▀[0m[38;2;255;140;255m[48;2;255;140;255m▀[0m[38;2;255;131;190m[48;2;255;131;190m▀[0m[38;2;255;119;112m[48;2;255;119;112m▀[0m[38;2;255;119;112m[48;2;255;119;112m▀[0m[38;2;255;119;112m[48;2;255;140;255m▀[0m[38;2;255;140;255m▀       
  [38;2;7;7;7m▀[38;2;7;7;7m▀[38;2;148;107;66m[48;2;7;7;7m▀[0m[38;2;221;190;107m[48;2;7;7;7m▀[0m[38;2;255;239;132m[48;2;7;7;7m▀[0m[38;2;255;239;132m[48;2;7;7;7m▀[0m[38;2;7;7;7m▀[38;2;66;66;66m[48;2;255;140;255m▀[0m[38;2;148;107;66m[48;2;209;179;101m▀[0m[38;2;148;107;66m[48;2;209;179;101m▀[0m[38;2;209;179;101m[48;2;209;179;101m▀[0m[38;2;209;179;101m[48;2;209;179;101m▀[0m[38;2;255;239;132m[48;2;209;179;101m▀[0m[38;2;255;239;132m[48;2;255;140;255m▀[0m[38;2;255;239;132m[48;2;255;239;132m▀[0m[38;2;255;239;132m[48;2;102;88;152m▀[0m[38;2;255;140;255m[48;2;102;88;152m▀[0m[38;2;255;140;255m[48;2;255;140;255m▀[0m[38;2;255;131;190m[48;2;255;140;255m▀[0m[38;2;255;140;255m[48;2;148;107;66m▀[0m[38;2;7;7;7m▄        
       [38;2;7;7;7m▄[38;2;255;140;255m[48;2;255;131;190m▀[0m[38;2;255;131;190m[48;2;255;119;112m▀[0m[38;2;82;72;117m[48;2;82;72;117m▀[0m[38;2;209;179;101m[48;2;102;88;152m▀[0m[38;2;209;179;101m[48;2;255;140;255m▀[0m[38;2;255;140;255m[48;2;209;179;101m▀[0m[38;2;209;179;101m[48;2;102;88;152m▀[0m[38;2;255;239;132m[48;2;255;140;255m▀[0m[38;2;255;140;255m[48;2;255;119;112m▀[0m[38;2;102;88;152m[48;2;255;131;190m▀[0m[38;2;102;88;152m[48;2;82;72;117m▀[0m[38;2;255;239;132m[48;2;255;239;132m▀[0m[38;2;255;239;132m[48;2;255;239;132m▀[0m[38;2;255;239;132m[48;2;255;239;132m▀[0m[38;2;7;7;7m[48;2;255;239;132m▀[0m[38;2;7;7;7m▄       
     [38;2;7;7;7m▄[38;2;7;7;7m[48;2;209;179;101m▀[0m[38;2;209;179;101m[48;2;209;179;101m▀[0m[38;2;209;179;101m[48;2;209;179;101m▀[0m[38;2;255;119;112m[48;2;209;179;101m▀[0m[38;2;82;72;117m[48;2;82;72;117m▀[0m[38;2;255;140;255m[48;2;255;131;190m▀[0m[38;2;255;131;190m[48;2;255;119;112m▀[0m[38;2;255;140;255m[48;2;255;140;255m▀[0m[38;2;102;88;152m[48;2;102;88;152m▀[0m[38;2;255;131;190m[48;2;102;88;152m▀[0m[38;2;255;119;112m[48;2;102;88;152m▀[0m[38;2;102;88;152m[48;2;82;72;117m▀[0m[38;2;66;66;66m[48;2;255;239;132m▀[0m[38;2;255;239;132m[48;2;66;66;66m▀[0m[38;2;255;239;132m[48;2;255;239;132m▀[0m[38;2;255;239;132m[48;2;255;239;132m▀[0m[38;2;255;239;132m[48;2;255;239;132m▀[0m[38;2;7;7;7m[48;2;255;239;132m▀[0m[38;2;7;7;7m▄      
     [38;2;7;7;7m[48;2;7;7;7m▀[0m[38;2;209;179;101m[48;2;7;7;7m▀[0m[38;2;7;7;7m▀[38;2;7;7;7m▀[38;2;66;66;66m[48;2;7;7;7m▀[0m[38;2;82;72;117m[48;2;209;179;101m▀[0m[38;2;102;88;152m[48;2;255;239;132m▀[0m[38;2;255;119;112m[48;2;102;88;152m▀[0m[38;2;255;131;190m[48;2;102;88;152m▀[0m[38;2;102;88;152m[48;2;82;72;117m▀[0m[38;2;102;88;152m[48;2;255;239;132m▀[0m[38;2;82;72;117m[48;2;255;239;132m▀[0m[38;2;255;239;132m[48;2;255;239;132m▀[0m[38;2;255;239;132m[48;2;255;239;132m▀[0m[38;2;66;66;66m[48;2;66;66;66m▀[0m[38;2;255;239;132m[48;2;255;239;132m▀[0m[38;2;255;239;132m[48;2;209;179;101m▀[0m[38;2;255;239;132m[48;2;255;239;132m▀[0m[38;2;255;239;132m[48;2;255;239;132m▀[0m[38;2;7;7;7m[48;2;66;66;66m▀[0m[38;2;7;7;7m▄     
        [38;2;7;7;7m▄[38;2;7;7;7m[48;2;209;179;101m▀[0m[38;2;209;179;101m[48;2;255;239;132m▀[0m[38;2;255;239;132m[48;2;255;239;132m▀[0m[38;2;255;239;132m[48;2;255;239;132m▀[0m[38;2;255;239;132m[48;2;255;239;132m▀[0m[38;2;255;239;132m[48;2;255;239;132m▀[0m[38;2;255;239;132m[48;2;255;239;132m▀[0m[38;2;255;239;132m[48;2;255;239;132m▀[0m[38;2;255;239;132m[48;2;255;239;132m▀[0m[38;2;255;239;132m[48;2;255;239;132m▀[0m[38;2;66;66;66m[48;2;255;239;132m▀[0m[38;2;66;66;66m[48;2;255;239;132m▀[0m[38;2;148;107;66m[48;2;66;66;66m▀[0m[38;2;255;239;132m[48;2;255;239;132m▀[0m[38;2;209;179;101m[48;2;66;66;66m▀[0m[38;2;66;66;66m[48;2;255;239;132m▀[0m[38;2;7;7;7m[48;2;82;72;117m▀[0m[38;2;7;7;7m▄    
       [38;2;7;7;7m[48;2;7;7;7m▀[0m[38;2;209;179;101m[48;2;209;179;101m▀[0m[38;2;209;179;101m[48;2;209;179;101m▀[0m[38;2;255;239;132m[48;2;209;179;101m▀[0m[38;2;255;239;132m[48;2;255;239;132m▀[0m[38;2;255;239;132m[48;2;255;239;132m▀[0m[38;2;255;239;132m[48;2;255;239;132m▀[0m[38;2;255;239;132m[48;2;255;239;132m▀[0m[38;2;255;239;132m[48;2;255;239;132m▀[0m[38;2;255;239;132m[48;2;255;239;132m▀[0m[38;2;255;239;132m[48;2;255;239;132m▀[0m[38;2;255;239;132m[48;2;255;239;132m▀[0m[38;2;255;239;132m[48;2;255;239;132m▀[0m[38;2;255;239;132m[48;2;255;239;132m▀[0m[38;2;66;66;66m[48;2;255;239;132m▀[0m[38;2;66;66;66m[48;2;255;239;132m▀[0m[38;2;255;239;132m[48;2;255;239;132m▀[0m[38;2;255;239;132m[48;2;255;239;132m▀[0m[38;2;82;72;117m[48;2;66;66;66m▀[0m[38;2;66;66;66m[48;2;82;72;117m▀[0m[38;2;7;7;7m[48;2;82;72;117m▀[0m[38;2;7;7;7m[48;2;7;7;7m▀[0m  
       [38;2;7;7;7m▀[38;2;209;179;101m[48;2;7;7;7m▀[0m[38;2;209;179;101m[48;2;209;179;101m▀[0m[38;2;209;179;101m[48;2;209;179;101m▀[0m[38;2;209;179;101m[48;2;209;179;101m▀[0m[38;2;209;179;101m[48;2;209;179;101m▀[0m[38;2;209;179;101m[48;2;209;179;101m▀[0m[38;2;209;179;101m[48;2;209;179;101m▀[0m[38;2;209;179;101m[48;2;209;179;101m▀[0m[38;2;209;179;101m[48;2;209;179;101m▀[0m[38;2;255;239;132m[48;2;209;179;101m▀[0m[38;2;255;239;132m[48;2;209;179;101m▀[0m[38;2;255;239;132m[48;2;255;239;132m▀[0m[38;2;255;239;132m[48;2;255;239;132m▀[0m[38;2;255;239;132m[48;2;255;239;132m▀[0m[38;2;255;239;132m[48;2;255;239;132m▀[0m[38;2;255;239;132m[48;2;255;239;132m▀[0m[38;2;255;239;132m[48;2;209;179;101m▀[0m[38;2;209;179;101m[48;2;209;179;101m▀[0m[38;2;66;66;66m[48;2;66;66;66m▀[0m[38;2;82;72;117m[48;2;82;72;117m▀[0m[38;2;82;72;117m[48;2;82;72;117m▀[0m[38;2;7;7;7m[48;2;82;72;117m▀[0m[38;2;7;7;7m▄
       [38;2;7;7;7m▄[38;2;7;7;7m[48;2;209;179;101m▀[0m[38;2;66;66;66m[48;2;209;179;101m▀[0m[38;2;209;179;101m[48;2;148;107;66m▀[0m[38;2;209;179;101m[48;2;209;179;101m▀[0m[38;2;66;66;66m[48;2;209;179;101m▀[0m[38;2;66;66;66m[48;2;7;7;7m▀[0m[38;2;7;7;7m▀[38;2;7;7;7m▀[38;2;7;7;7m▀[38;2;7;7;7m▀[38;2;209;179;101m[48;2;7;7;7m▀[0m[38;2;209;179;101m[48;2;7;7;7m▀[0m[38;2;209;179;101m[48;2;209;179;101m▀[0m[38;2;209;179;101m[48;2;209;179;101m▀[0m[38;2;209;179;101m[48;2;209;179;101m▀[0m[38;2;209;179;101m[48;2;209;179;101m▀[0m[38;2;209;179;101m[48;2;209;179;101m▀[0m[38;2;209;179;101m[48;2;66;66;66m▀[0m[38;2;66;66;66m[48;2;82;72;117m▀[0m[38;2;82;72;117m[48;2;7;7;7m▀[0m[38;2;7;7;7m▀[38;2;7;7;7m▀ 
        [38;2;7;7;7m▀[38;2;7;7;7m▀[38;2;7;7;7m▀[38;2;7;7;7m▀[38;2;7;7;7m▀       [38;2;7;7;7m[48;2;7;7;7m▀[0m[38;2;66;66;66m[48;2;209;179;101m▀[0m[38;2;209;179;101m[48;2;209;179;101m▀[0m[38;2;209;179;101m[48;2;148;107;66m▀[0m[38;2;66;66;66m[48;2;209;179;101m▀[0m[38;2;66;66;66m[48;2;7;7;7m▀[0m[38;2;7;7;7m▀    
                     [38;2;7;7;7m▀[38;2;7;7;7m▀[38;2;7;7;7m▀[38;2;7;7;7m▀      
[0m