     [38;2;0;0;0m[48;2;0;0;0m▀[0m[38;2;0;0;0m[48;2;0;0;0m▀[0m[38;2;0;0;0m▄    [38;2;0;0;0m▄[38;2;0;0;0m▄            
[38;2;0;0;0m[48;2;0;0;0m▀[0m[38;2;0;0;0m[48;2;0;0;0m▀[0m[38;2;0;0;0m[48;2;197;181;156m▀[0m[38;2;0;0;0m▄ [38;2;0;0;0m▀[38;2;197;181;156m[48;2;0;0;0m▀[0m[38;2;0;0;0m[48;2;0;0;0m▀[0m   [38;2;0;0;0m[48;2;0;0;0m▀[0m[38;2;65;65;65m[48;2;66;156;82m▀[0m[38;2;0;0;0m[48;2;65;65;65m▀[0m[38;2;0;0;0m[48;2;0;0;0m▀[0m           
 [38;2;0;0;0m▀[38;2;0;0;0m▀[38;2;0;0;0m▀[38;2;0;0;0m▄  [38;2;0;0;0m▀[38;2;0;0;0m▄ [38;2;0;0;0m▄[38;2;0;0;0m[48;2;66;156;82m▀[0m[38;2;66;156;82m[48;2;66;156;82m▀[0m[38;2;65;65;65m[48;2;58;140;82m▀[0m[38;2;0;0;0m[48;2;0;0;0m▀[0m       [38;2;0;0;0m▄[38;2;0;0;0m▄[38;2;0;0;0m▄ 
     [38;2;0;0;0m[48;2;0;0;0m▀[0m  [38;2;0;0;0m[48;2;0;0;0m▀[0m [38;2;0;0;0m[48;2;0;0;0m▀[0m[38;2;66;156;82m[48;2;66;156;82m▀[0m[38;2;58;140;82m[48;2;58;140;82m▀[0m[38;2;66;156;82m[48;2;66;156;82m▀[0m[38;2;0;0;0m[48;2;0;0;0m▀[0m   [38;2;0;0;0m▄[38;2;0;0;0m▄[38;2;0;0;0m[48;2;58;132;74m▀[0m[38;2;0;0;0m[48;2;58;132;74m▀[0m[38;2;58;132;74m[48;2;58;132;74m▀[0m[38;2;65;65;65m[48;2;65;65;65m▀[0m[38;2;65;65;65m[48;2;65;65;65m▀[0m[38;2;0;0;0m[48;2;0;0;0m▀[0m
      [38;2;0;0;0m[48;2;0;0;0m▀[0m[38;2;0;0;0m▄[38;2;0;0;0m[48;2;0;0;0m▀[0m[38;2;0;0;0m▄[38;2;0;0;0m[48;2;0;0;0m▀[0m[38;2;58;140;82m[48;2;58;140;82m▀[0m[38;2;66;156;82m[48;2;66;156;82m▀[0m[38;2;0;0;0m[48;2;0;0;0m▀[0m  [38;2;0;0;0m▄[38;2;0;0;0m[48;2;82;181;115m▀[0m[38;2;49;107;66m[48;2;82;181;115m▀[0m[38;2;58;132;74m[48;2;58;132;74m▀[0m[38;2;58;132;74m[48;2;58;132;74m▀[0m[38;2;65;65;65m[48;2;65;65;65m▀[0m[38;2;65;65;65m[48;2;65;65;65m▀[0m[38;2;65;65;65m[48;2;0;0;0m▀[0m[38;2;0;0;0m▀ 
    [38;2;0;0;0m▄[38;2;0;0;0m[48;2;181;181;189m▀[0m[38;2;65;65;65m[48;2;123;123;123m▀[0m[38;2;123;123;123m[48;2;123;123;123m▀[0m[38;2;65;65;65m[48;2;123;123;123m▀[0m[38;2;123;123;123m[48;2;123;123;123m▀[0m[38;2;65;65;65m[48;2;123;123;123m▀[0m[38;2;65;65;65m[48;2;123;123;123m▀[0m[38;2;66;156;82m[48;2;0;0;0m▀[0m[38;2;0;0;0m▀[38;2;0;0;0m▄[38;2;0;0;0m[48;2;82;181;115m▀[0m[38;2;82;181;115m[48;2;82;181;115m▀[0m[38;2;82;181;115m[48;2;58;140;82m▀[0m[38;2;82;181;115m[48;2;189;49;58m▀[0m[38;2;49;107;66m[48;2;123;214;99m▀[0m[38;2;49;107;66m[48;2;58;132;74m▀[0m[38;2;49;107;66m[48;2;58;132;74m▀[0m[38;2;49;107;66m[48;2;65;65;65m▀[0m[38;2;0;0;0m[48;2;65;65;65m▀[0m[38;2;0;0;0m▄ 
   [38;2;0;0;0m[48;2;0;0;0m▀[0m[38;2;181;181;189m[48;2;65;65;65m▀[0m[38;2;0;0;0m[48;2;65;65;65m▀[0m[38;2;123;123;123m[48;2;123;123;123m▀[0m[38;2;123;123;123m[48;2;65;65;65m▀[0m[38;2;65;65;65m[48;2;65;65;65m▀[0m[38;2;65;65;65m[48;2;255;255;255m▀[0m[38;2;65;65;65m[48;2;65;65;65m▀[0m[38;2;123;123;123m[48;2;65;65;65m▀[0m[38;2;65;65;65m[48;2;123;123;123m▀[0m[38;2;0;0;0m[48;2;65;65;65m▀[0m[38;2;82;181;115m[48;2;58;140;82m▀[0m[38;2;58;140;82m[48;2;82;181;115m▀[0m[38;2;58;140;82m[48;2;82;181;115m▀[0m[38;2;189;49;58m[48;2;82;181;115m▀[0m[38;2;123;214;99m[48;2;189;49;58m▀[0m[38;2;123;214;99m[48;2;49;107;66m▀[0m[38;2;58;132;74m[48;2;49;107;66m▀[0m[38;2;58;132;74m[48;2;49;107;66m▀[0m[38;2;65;65;65m[48;2;49;107;66m▀[0m[38;2;65;65;65m[48;2;65;65;65m▀[0m[38;2;0;0;0m[48;2;0;0;0m▀[0m 
   [38;2;0;0;0m▀[38;2;65;65;65m[48;2;0;0;0m▀[0m[38;2;123;123;123m[48;2;65;65;65m▀[0m[38;2;123;123;123m[48;2;181;181;189m▀[0m[38;2;65;65;65m[48;2;181;181;189m▀[0m[38;2;255;255;255m[48;2;65;65;65m▀[0m[38;2;0;0;0m[48;2;65;65;65m▀[0m[38;2;255;255;255m[48;2;65;65;65m▀[0m[38;2;65;65;65m[48;2;181;181;189m▀[0m[38;2;181;181;189m[48;2;65;65;65m▀[0m[38;2;65;65;65m[48;2;82;181;115m▀[0m[38;2;82;181;115m[48;2;58;140;82m▀[0m[38;2;58;140;82m[48;2;82;181;115m▀[0m[38;2;58;140;82m[48;2;82;181;115m▀[0m[38;2;58;140;82m[48;2;82;181;115m▀[0m[38;2;82;181;115m[48;2;82;181;115m▀[0m[38;2;58;132;74m[48;2;58;132;74m▀[0m[38;2;58;132;74m[48;2;58;132;74m▀[0m[38;2;65;65;65m[48;2;65;65;65m▀[0m[38;2;65;65;65m[48;2;65;65;65m▀[0m[38;2;0;0;0m[48;2;0;0;0m▀[0m  
     [38;2;0;0;0m▀[38;2;0;0;0m▀[38;2;65;65;65m[48;2;0;0;0m▀[0m[38;2;181;181;189m[48;2;0;0;0m▀[0m[38;2;181;181;189m[48;2;65;65;65m▀[0m[38;2;181;181;189m[48;2;65;65;65m▀[0m[38;2;65;65;65m[48;2;58;140;82m▀[0m[38;2;66;156;82m[48;2;65;65;65m▀[0m[38;2;65;65;65m[48;2;66;156;82m▀[0m[38;2;65;65;65m[48;2;82;181;115m▀[0m[38;2;82;181;115m[48;2;65;65;65m▀[0m[38;2;82;181;115m[48;2;65;65;65m▀[0m[38;2;82;181;115m[48;2;65;65;65m▀[0m[38;2;58;132;74m[48;2;65;65;65m▀[0m[38;2;58;132;74m[48;2;65;65;65m▀[0m[38;2;65;65;65m[48;2;0;0;0m▀[0m[38;2;0;0;0m▀[38;2;0;0;0m▀   
         [38;2;0;0;0m[48;2;0;0;0m▀[0m[38;2;181;181;189m[48;2;65;65;65m▀[0m[38;2;65;65;65m[48;2;181;181;189m▀[0m[38;2;65;65;65m[48;2;181;181;189m▀[0m[38;2;58;140;82m[48;2;65;65;65m▀[0m[38;2;58;140;82m[48;2;82;181;115m▀[0m[38;2;82;181;115m[48;2;58;140;82m▀[0m[38;2;82;181;115m[48;2;58;140;82m▀[0m[38;2;82;181;115m[48;2;123;214;99m▀[0m[38;2;123;214;99m[48;2;58;132;74m▀[0m[38;2;58;132;74m[48;2;58;132;74m▀[0m[38;2;65;65;65m[48;2;65;65;65m▀[0m[38;2;0;0;0m[48;2;0;0;0m▀[0m    
       [38;2;0;0;0m▄[38;2;0;0;0m[48;2;65;65;65m▀[0m[38;2;197;181;156m[48;2;0;0;0m▀[0m[38;2;0;0;0m▀[38;2;65;65;65m[48;2;0;0;0m▀[0m[38;2;65;65;65m[48;2;197;181;156m▀[0m[38;2;123;123;123m[48;2;0;0;0m▀[0m[38;2;0;0;0m▀[38;2;123;214;99m[48;2;0;0;0m▀[0m[38;2;123;214;99m[48;2;58;132;74m▀[0m[38;2;49;107;66m[48;2;58;132;74m▀[0m[38;2;49;107;66m[48;2;65;65;65m▀[0m[38;2;65;65;65m[48;2;65;65;65m▀[0m[38;2;65;65;65m[48;2;0;0;0m▀[0m[38;2;0;0;0m▀    
       [38;2;0;0;0m▀[38;2;0;0;0m▀  [38;2;0;0;0m[48;2;0;0;0m▀[0m[38;2;65;65;65m[48;2;65;65;65m▀[0m[38;2;0;0;0m[48;2;0;0;0m▀[0m  [38;2;0;0;0m▀[38;2;0;0;0m▀[38;2;0;0;0m▀[38;2;0;0;0m▀      
            [38;2;0;0;0m▀             
[0m