     [38;2;0;0;0m[48;2;0;0;0m▀[0m[38;2;0;0;0m[48;2;0;0;0m▀[0m[38;2;0;0;0m▄    [38;2;0;0;0m▄[38;2;0;0;0m▄            
[38;2;0;0;0m[48;2;0;0;0m▀[0m[38;2;0;0;0m[48;2;0;0;0m▀[0m[38;2;0;0;0m[48;2;197;181;156m▀[0m[38;2;0;0;0m▄ [38;2;0;0;0m▀[38;2;197;181;156m[48;2;0;0;0m▀[0m[38;2;0;0;0m[48;2;0;0;0m▀[0m   [38;2;0;0;0m[48;2;0;0;0m▀[0m[38;2;65;65;65m[48;2;66;107;189m▀[0m[38;2;0;0;0m[48;2;65;65;65m▀[0m[38;2;0;0;0m[48;2;0;0;0m▀[0m           
 [38;2;0;0;0m▀[38;2;0;0;0m▀[38;2;0;0;0m▀[38;2;0;0;0m▄  [38;2;0;0;0m▀[38;2;0;0;0m▄ [38;2;0;0;0m▄[38;2;0;0;0m[48;2;181;214;115m▀[0m[38;2;66;107;189m[48;2;66;107;189m▀[0m[38;2;65;65;65m[48;2;74;82;140m▀[0m[38;2;0;0;0m[48;2;0;0;0m▀[0m       [38;2;0;0;0m▄[38;2;0;0;0m▄[38;2;0;0;0m▄ 
     [38;2;0;0;0m[48;2;0;0;0m▀[0m  [38;2;0;0;0m[48;2;0;0;0m▀[0m [38;2;0;0;0m[48;2;0;0;0m▀[0m[38;2;181;214;115m[48;2;181;214;115m▀[0m[38;2;74;82;140m[48;2;82;165;115m▀[0m[38;2;66;107;189m[48;2;66;107;189m▀[0m[38;2;0;0;0m[48;2;0;0;0m▀[0m   [38;2;0;0;0m▄[38;2;0;0;0m▄[38;2;0;0;0m[48;2;66;107;189m▀[0m[38;2;0;0;0m[48;2;66;107;189m▀[0m[38;2;66;107;189m[48;2;66;107;189m▀[0m[38;2;65;65;65m[48;2;65;65;65m▀[0m[38;2;65;65;65m[48;2;65;65;65m▀[0m[38;2;0;0;0m[48;2;0;0;0m▀[0m
      [38;2;0;0;0m[48;2;0;0;0m▀[0m[38;2;0;0;0m▄[38;2;0;0;0m[48;2;0;0;0m▀[0m[38;2;0;0;0m▄[38;2;0;0;0m[48;2;0;0;0m▀[0m[38;2;82;165;115m[48;2;82;165;115m▀[0m[38;2;181;214;115m[48;2;181;214;115m▀[0m[38;2;0;0;0m[48;2;0;0;0m▀[0m  [38;2;0;0;0m▄[38;2;0;0;0m[48;2;239;222;74m▀[0m[38;2;239;222;74m[48;2;181;214;115m▀[0m[38;2;239;222;74m[48;2;115;206;156m▀[0m[38;2;66;107;189m[48;2;66;107;189m▀[0m[38;2;66;107;189m[48;2;65;65;65m▀[0m[38;2;65;65;65m[48;2;65;65;65m▀[0m[38;2;65;65;65m[48;2;0;0;0m▀[0m[38;2;0;0;0m▀ 
    [38;2;0;0;0m▄[38;2;0;0;0m[48;2;181;181;189m▀[0m[38;2;65;65;65m[48;2;123;123;123m▀[0m[38;2;123;123;123m[48;2;123;123;123m▀[0m[38;2;65;65;65m[48;2;123;123;123m▀[0m[38;2;123;123;123m[48;2;123;123;123m▀[0m[38;2;65;65;65m[48;2;123;123;123m▀[0m[38;2;65;65;65m[48;2;123;123;123m▀[0m[38;2;181;214;115m[48;2;0;0;0m▀[0m[38;2;0;0;0m▀[38;2;0;0;0m▄[38;2;0;0;0m[48;2;239;222;74m▀[0m[38;2;239;222;74m[48;2;181;214;115m▀[0m[38;2;181;214;115m[48;2;82;165;115m▀[0m[38;2;115;206;156m[48;2;82;165;115m▀[0m[38;2;82;165;115m[48;2;239;222;74m▀[0m[38;2;74;82;140m[48;2;66;107;189m▀[0m[38;2;53;53;53m[48;2;66;107;189m▀[0m[38;2;53;53;53m[48;2;65;65;65m▀[0m[38;2;0;0;0m[48;2;65;65;65m▀[0m[38;2;0;0;0m▄ 
   [38;2;0;0;0m[48;2;0;0;0m▀[0m[38;2;181;181;189m[48;2;65;65;65m▀[0m[38;2;0;0;0m[48;2;65;65;65m▀[0m[38;2;123;123;123m[48;2;123;123;123m▀[0m[38;2;123;123;123m[48;2;65;65;65m▀[0m[38;2;65;65;65m[48;2;65;65;65m▀[0m[38;2;65;65;65m[48;2;255;255;255m▀[0m[38;2;65;65;65m[48;2;65;65;65m▀[0m[38;2;123;123;123m[48;2;65;65;65m▀[0m[38;2;65;65;65m[48;2;123;123;123m▀[0m[38;2;0;0;0m[48;2;65;65;65m▀[0m[38;2;115;206;156m[48;2;82;165;115m▀[0m[38;2;82;165;115m[48;2;115;206;156m▀[0m[38;2;82;165;115m[48;2;239;222;74m▀[0m[38;2;239;222;74m[48;2;181;214;115m▀[0m[38;2;239;222;74m[48;2;82;165;115m▀[0m[38;2;181;214;115m[48;2;82;165;115m▀[0m[38;2;66;107;189m[48;2;74;82;140m▀[0m[38;2;66;107;189m[48;2;53;53;53m▀[0m[38;2;65;65;65m[48;2;53;53;53m▀[0m[38;2;65;65;65m[48;2;65;65;65m▀[0m[38;2;0;0;0m[48;2;0;0;0m▀[0m 
   [38;2;0;0;0m▀[38;2;65;65;65m[48;2;0;0;0m▀[0m[38;2;123;123;123m[48;2;65;65;65m▀[0m[38;2;123;123;123m[48;2;181;181;189m▀[0m[38;2;65;65;65m[48;2;181;181;189m▀[0m[38;2;255;255;255m[48;2;65;65;65m▀[0m[38;2;0;0;0m[48;2;65;65;65m▀[0m[38;2;255;255;255m[48;2;65;65;65m▀[0m[38;2;65;65;65m[48;2;181;181;189m▀[0m[38;2;181;181;189m[48;2;65;65;65m▀[0m[38;2;65;65;65m[48;2;115;206;156m▀[0m[38;2;82;165;115m[48;2;115;206;156m▀[0m[38;2;82;165;115m[48;2;181;214;115m▀[0m[38;2;82;165;115m[48;2;239;222;74m▀[0m[38;2;82;165;115m[48;2;239;222;74m▀[0m[38;2;115;206;156m[48;2;239;222;74m▀[0m[38;2;66;107;189m[48;2;66;107;189m▀[0m[38;2;66;107;189m[48;2;66;107;189m▀[0m[38;2;65;65;65m[48;2;65;65;65m▀[0m[38;2;65;65;65m[48;2;65;65;65m▀[0m[38;2;0;0;0m[48;2;0;0;0m▀[0m  
     [38;2;0;0;0m▀[38;2;0;0;0m▀[38;2;65;65;65m[48;2;0;0;0m▀[0m[38;2;181;181;189m[48;2;0;0;0m▀[0m[38;2;181;181;189m[48;2;65;65;65m▀[0m[38;2;181;181;189m[48;2;65;65;65m▀[0m[38;2;65;65;65m[48;2;123;123;123m▀[0m[38;2;82;165;115m[48;2;65;65;65m▀[0m[38;2;65;65;65m[48;2;82;165;115m▀[0m[38;2;65;65;65m[48;2;115;206;156m▀[0m[38;2;65;65;65m[48;2;239;222;74m▀[0m[38;2;115;206;156m[48;2;65;65;65m▀[0m[38;2;115;206;156m[48;2;65;65;65m▀[0m[38;2;66;107;189m[48;2;65;65;65m▀[0m[38;2;66;107;189m[48;2;65;65;65m▀[0m[38;2;65;65;65m[48;2;0;0;0m▀[0m[38;2;0;0;0m▀[38;2;0;0;0m▀   
         [38;2;0;0;0m[48;2;0;0;0m▀[0m[38;2;181;181;189m[48;2;65;65;65m▀[0m[38;2;65;65;65m[48;2;181;181;189m▀[0m[38;2;65;65;65m[48;2;181;181;189m▀[0m[38;2;82;165;115m[48;2;65;65;65m▀[0m[38;2;239;222;74m[48;2;115;206;156m▀[0m[38;2;115;206;156m[48;2;239;222;74m▀[0m[38;2;181;214;115m[48;2;115;206;156m▀[0m[38;2;239;222;74m[48;2;115;206;156m▀[0m[38;2;66;107;189m[48;2;66;107;189m▀[0m[38;2;66;107;189m[48;2;66;107;189m▀[0m[38;2;65;65;65m[48;2;65;65;65m▀[0m[38;2;0;0;0m[48;2;0;0;0m▀[0m    
       [38;2;0;0;0m▄[38;2;0;0;0m[48;2;65;65;65m▀[0m[38;2;197;181;156m[48;2;0;0;0m▀[0m[38;2;0;0;0m▀[38;2;65;65;65m[48;2;0;0;0m▀[0m[38;2;65;65;65m[48;2;197;181;156m▀[0m[38;2;123;123;123m[48;2;0;0;0m▀[0m[38;2;0;0;0m▀[38;2;115;206;156m[48;2;0;0;0m▀[0m[38;2;239;222;74m[48;2;66;107;189m▀[0m[38;2;66;107;189m[48;2;66;107;189m▀[0m[38;2;66;107;189m[48;2;65;65;65m▀[0m[38;2;65;65;65m[48;2;65;65;65m▀[0m[38;2;65;65;65m[48;2;0;0;0m▀[0m[38;2;0;0;0m▀    
       [38;2;0;0;0m▀[38;2;0;0;0m▀  [38;2;0;0;0m[48;2;0;0;0m▀[0m[38;2;65;65;65m[48;2;65;65;65m▀[0m[38;2;0;0;0m[48;2;0;0;0m▀[0m  [38;2;0;0;0m▀[38;2;0;0;0m▀[38;2;0;0;0m▀[38;2;0;0;0m▀      
            [38;2;0;0;0m▀             
[0m