     [38;2;0;0;0m[48;2;0;0;0m▀[0m[38;2;0;0;0m[48;2;0;0;0m▀[0m[38;2;0;0;0m▄    [38;2;0;0;0m▄[38;2;0;0;0m▄            
[38;2;0;0;0m[48;2;0;0;0m▀[0m[38;2;0;0;0m[48;2;0;0;0m▀[0m[38;2;0;0;0m[48;2;197;181;156m▀[0m[38;2;0;0;0m▄ [38;2;0;0;0m▀[38;2;197;181;156m[48;2;0;0;0m▀[0m[38;2;0;0;0m[48;2;0;0;0m▀[0m   [38;2;0;0;0m[48;2;0;0;0m▀[0m[38;2;65;65;65m[48;2;156;222;115m▀[0m[38;2;0;0;0m[48;2;65;65;65m▀[0m[38;2;0;0;0m[48;2;0;0;0m▀[0m           
 [38;2;0;0;0m▀[38;2;0;0;0m▀[38;2;0;0;0m▀[38;2;0;0;0m▄  [38;2;0;0;0m▀[38;2;0;0;0m▄ [38;2;0;0;0m▄[38;2;0;0;0m[48;2;156;222;115m▀[0m[38;2;156;222;115m[48;2;156;222;115m▀[0m[38;2;65;65;65m[48;2;115;165;99m▀[0m[38;2;0;0;0m[48;2;0;0;0m▀[0m       [38;2;0;0;0m▄[38;2;0;0;0m▄[38;2;0;0;0m▄ 
     [38;2;0;0;0m[48;2;0;0;0m▀[0m  [38;2;0;0;0m[48;2;0;0;0m▀[0m [38;2;0;0;0m[48;2;0;0;0m▀[0m[38;2;156;222;115m[48;2;156;222;115m▀[0m[38;2;115;165;99m[48;2;115;165;99m▀[0m[38;2;156;222;115m[48;2;156;222;115m▀[0m[38;2;0;0;0m[48;2;0;0;0m▀[0m   [38;2;0;0;0m▄[38;2;0;0;0m▄[38;2;0;0;0m[48;2;156;222;115m▀[0m[38;2;0;0;0m[48;2;156;222;115m▀[0m[38;2;156;222;115m[48;2;156;222;115m▀[0m[38;2;65;65;65m[48;2;65;65;65m▀[0m[38;2;65;65;65m[48;2;65;65;65m▀[0m[38;2;0;0;0m[48;2;0;0;0m▀[0m
      [38;2;0;0;0m[48;2;0;0;0m▀[0m[38;2;0;0;0m▄[38;2;0;0;0m[48;2;0;0;0m▀[0m[38;2;0;0;0m▄[38;2;0;0;0m[48;2;0;0;0m▀[0m[38;2;115;165;99m[48;2;115;165;99m▀[0m[38;2;156;222;115m[48;2;156;222;115m▀[0m[38;2;0;0;0m[48;2;0;0;0m▀[0m  [38;2;0;0;0m▄[38;2;0;0;0m[48;2;247;197;214m▀[0m[38;2;156;222;115m[48;2;181;115;173m▀[0m[38;2;181;115;173m[48;2;247;214;74m▀[0m[38;2;156;222;115m[48;2;181;115;173m▀[0m[38;2;115;165;99m[48;2;65;65;65m▀[0m[38;2;65;65;65m[48;2;65;65;65m▀[0m[38;2;65;65;65m[48;2;0;0;0m▀[0m[38;2;0;0;0m▀ 
    [38;2;0;0;0m▄[38;2;0;0;0m[48;2;181;181;189m▀[0m[38;2;65;65;65m[48;2;123;123;123m▀[0m[38;2;123;123;123m[48;2;123;123;123m▀[0m[38;2;65;65;65m[48;2;123;123;123m▀[0m[38;2;123;123;123m[48;2;123;123;123m▀[0m[38;2;65;65;65m[48;2;123;123;123m▀[0m[38;2;65;65;65m[48;2;123;123;123m▀[0m[38;2;156;222;115m[48;2;0;0;0m▀[0m[38;2;0;0;0m▀[38;2;0;0;0m▄[38;2;0;0;0m[48;2;247;197;214m▀[0m[38;2;247;197;214m[48;2;247;197;214m▀[0m[38;2;247;197;214m[48;2;206;148;173m▀[0m[38;2;156;222;115m[48;2;206;148;173m▀[0m[38;2;181;115;173m[48;2;239;74;49m▀[0m[38;2;115;165;99m[48;2;156;222;115m▀[0m[38;2;53;53;53m[48;2;156;222;115m▀[0m[38;2;53;53;53m[48;2;65;65;65m▀[0m[38;2;0;0;0m[48;2;65;65;65m▀[0m[38;2;0;0;0m▄ 
   [38;2;0;0;0m[48;2;0;0;0m▀[0m[38;2;181;181;189m[48;2;65;65;65m▀[0m[38;2;0;0;0m[48;2;65;65;65m▀[0m[38;2;123;123;123m[48;2;123;123;123m▀[0m[38;2;123;123;123m[48;2;65;65;65m▀[0m[38;2;65;65;65m[48;2;65;65;65m▀[0m[38;2;65;65;65m[48;2;255;255;255m▀[0m[38;2;65;65;65m[48;2;65;65;65m▀[0m[38;2;123;123;123m[48;2;65;65;65m▀[0m[38;2;65;65;65m[48;2;123;123;123m▀[0m[38;2;0;0;0m[48;2;65;65;65m▀[0m[38;2;65;65;65m[48;2;206;148;173m▀[0m[38;2;206;148;173m[48;2;247;197;214m▀[0m[38;2;206;148;173m[48;2;247;197;214m▀[0m[38;2;247;197;214m[48;2;247;197;214m▀[0m[38;2;239;74;49m[48;2;206;148;173m▀[0m[38;2;247;214;74m[48;2;239;74;49m▀[0m[38;2;239;74;49m[48;2;255;255;255m▀[0m[38;2;156;222;115m[48;2;53;53;53m▀[0m[38;2;65;65;65m[48;2;53;53;53m▀[0m[38;2;65;65;65m[48;2;65;65;65m▀[0m[38;2;0;0;0m[48;2;0;0;0m▀[0m 
   [38;2;0;0;0m▀[38;2;65;65;65m[48;2;0;0;0m▀[0m[38;2;123;123;123m[48;2;65;65;65m▀[0m[38;2;123;123;123m[48;2;181;181;189m▀[0m[38;2;65;65;65m[48;2;181;181;189m▀[0m[38;2;255;255;255m[48;2;65;65;65m▀[0m[38;2;0;0;0m[48;2;65;65;65m▀[0m[38;2;255;255;255m[48;2;65;65;65m▀[0m[38;2;65;65;65m[48;2;181;181;189m▀[0m[38;2;181;181;189m[48;2;65;65;65m▀[0m[38;2;65;65;65m[48;2;206;148;173m▀[0m[38;2;206;148;173m[48;2;247;197;214m▀[0m[38;2;206;148;173m[48;2;247;197;214m▀[0m[38;2;206;148;173m[48;2;247;197;214m▀[0m[38;2;206;148;173m[48;2;247;197;214m▀[0m[38;2;247;197;214m[48;2;247;197;214m▀[0m[38;2;255;255;255m[48;2;156;222;115m▀[0m[38;2;247;214;74m[48;2;255;255;255m▀[0m[38;2;255;255;255m[48;2;65;65;65m▀[0m[38;2;65;65;65m[48;2;65;65;65m▀[0m[38;2;0;0;0m[48;2;0;0;0m▀[0m  
     [38;2;0;0;0m▀[38;2;0;0;0m▀[38;2;65;65;65m[48;2;0;0;0m▀[0m[38;2;181;181;189m[48;2;0;0;0m▀[0m[38;2;181;181;189m[48;2;65;65;65m▀[0m[38;2;181;181;189m[48;2;65;65;65m▀[0m[38;2;65;65;65m[48;2;123;123;123m▀[0m[38;2;206;148;173m[48;2;65;65;65m▀[0m[38;2;65;65;65m[48;2;206;148;173m▀[0m[38;2;65;65;65m[48;2;247;197;214m▀[0m[38;2;65;65;65m[48;2;247;197;214m▀[0m[38;2;247;197;214m[48;2;65;65;65m▀[0m[38;2;247;197;214m[48;2;65;65;65m▀[0m[38;2;156;222;115m[48;2;65;65;65m▀[0m[38;2;156;222;115m[48;2;65;65;65m▀[0m[38;2;65;65;65m[48;2;0;0;0m▀[0m[38;2;0;0;0m▀[38;2;0;0;0m▀   
         [38;2;0;0;0m[48;2;0;0;0m▀[0m[38;2;181;181;189m[48;2;65;65;65m▀[0m[38;2;65;65;65m[48;2;181;181;189m▀[0m[38;2;65;65;65m[48;2;181;181;189m▀[0m[38;2;156;222;115m[48;2;65;65;65m▀[0m[38;2;206;148;173m[48;2;247;197;214m▀[0m[38;2;247;197;214m[48;2;206;148;173m▀[0m[38;2;247;197;214m[48;2;115;165;99m▀[0m[38;2;156;222;115m[48;2;156;222;115m▀[0m[38;2;156;222;115m[48;2;66;148;66m▀[0m[38;2;156;222;115m[48;2;156;222;115m▀[0m[38;2;65;65;65m[48;2;65;65;65m▀[0m[38;2;0;0;0m[48;2;0;0;0m▀[0m    
       [38;2;0;0;0m▄[38;2;0;0;0m[48;2;65;65;65m▀[0m[38;2;197;181;156m[48;2;0;0;0m▀[0m[38;2;0;0;0m▀[38;2;65;65;65m[48;2;0;0;0m▀[0m[38;2;65;65;65m[48;2;197;181;156m▀[0m[38;2;123;123;123m[48;2;0;0;0m▀[0m[38;2;0;0;0m▀[38;2;156;222;115m[48;2;0;0;0m▀[0m[38;2;66;148;66m[48;2;156;222;115m▀[0m[38;2;115;165;99m[48;2;156;222;115m▀[0m[38;2;115;165;99m[48;2;65;65;65m▀[0m[38;2;65;65;65m[48;2;65;65;65m▀[0m[38;2;65;65;65m[48;2;0;0;0m▀[0m[38;2;0;0;0m▀    
       [38;2;0;0;0m▀[38;2;0;0;0m▀  [38;2;0;0;0m[48;2;0;0;0m▀[0m[38;2;65;65;65m[48;2;65;65;65m▀[0m[38;2;0;0;0m[48;2;0;0;0m▀[0m  [38;2;0;0;0m▀[38;2;0;0;0m▀[38;2;0;0;0m▀[38;2;0;0;0m▀      
            [38;2;0;0;0m▀             
[0m