     [38;2;0;0;0m[48;2;0;0;0m▀[0m[38;2;0;0;0m[48;2;0;0;0m▀[0m[38;2;0;0;0m▄    [38;2;0;0;0m▄[38;2;0;0;0m▄            
[38;2;0;0;0m[48;2;0;0;0m▀[0m[38;2;0;0;0m[48;2;0;0;0m▀[0m[38;2;0;0;0m[48;2;197;181;156m▀[0m[38;2;0;0;0m▄ [38;2;0;0;0m▀[38;2;197;181;156m[48;2;0;0;0m▀[0m[38;2;0;0;0m[48;2;0;0;0m▀[0m   [38;2;0;0;0m[48;2;0;0;0m▀[0m[38;2;65;65;65m[48;2;181;189;181m▀[0m[38;2;0;0;0m[48;2;65;65;65m▀[0m[38;2;0;0;0m[48;2;0;0;0m▀[0m           
 [38;2;0;0;0m▀[38;2;0;0;0m▀[38;2;0;0;0m▀[38;2;0;0;0m▄  [38;2;0;0;0m▀[38;2;0;0;0m▄ [38;2;0;0;0m▄[38;2;0;0;0m[48;2;206;74;66m▀[0m[38;2;181;189;181m[48;2;181;189;181m▀[0m[38;2;65;65;65m[48;2;115;123;115m▀[0m[38;2;0;0;0m[48;2;0;0;0m▀[0m       [38;2;0;0;0m▄[38;2;0;0;0m▄[38;2;0;0;0m▄ 
     [38;2;0;0;0m[48;2;0;0;0m▀[0m  [38;2;0;0;0m[48;2;0;0;0m▀[0m [38;2;0;0;0m[48;2;0;0;0m▀[0m[38;2;206;74;66m[48;2;206;74;66m▀[0m[38;2;115;123;115m[48;2;189;66;74m▀[0m[38;2;181;189;181m[48;2;181;189;181m▀[0m[38;2;0;0;0m[48;2;0;0;0m▀[0m   [38;2;0;0;0m▄[38;2;0;0;0m▄[38;2;0;0;0m[48;2;181;189;181m▀[0m[38;2;0;0;0m[48;2;181;189;181m▀[0m[38;2;181;189;181m[48;2;181;189;181m▀[0m[38;2;65;65;65m[48;2;65;65;65m▀[0m[38;2;65;65;65m[48;2;65;65;65m▀[0m[38;2;0;0;0m[48;2;0;0;0m▀[0m
      [38;2;0;0;0m[48;2;0;0;0m▀[0m[38;2;0;0;0m▄[38;2;0;0;0m[48;2;0;0;0m▀[0m[38;2;0;0;0m▄[38;2;0;0;0m[48;2;0;0;0m▀[0m[38;2;189;66;74m[48;2;189;66;74m▀[0m[38;2;206;74;66m[48;2;206;74;66m▀[0m[38;2;0;0;0m[48;2;0;0;0m▀[0m  [38;2;0;0;0m▄[38;2;0;0;0m[48;2;230;82;66m▀[0m[38;2;115;123;115m[48;2;82;107;197m▀[0m[38;2;181;189;181m[48;2;181;189;181m▀[0m[38;2;181;189;181m[48;2;181;189;181m▀[0m[38;2;115;123;115m[48;2;65;65;65m▀[0m[38;2;65;65;65m[48;2;65;65;65m▀[0m[38;2;65;65;65m[48;2;0;0;0m▀[0m[38;2;0;0;0m▀ 
    [38;2;0;0;0m▄[38;2;0;0;0m[48;2;181;181;189m▀[0m[38;2;65;65;65m[48;2;123;123;123m▀[0m[38;2;123;123;123m[48;2;123;123;123m▀[0m[38;2;65;65;65m[48;2;123;123;123m▀[0m[38;2;123;123;123m[48;2;123;123;123m▀[0m[38;2;65;65;65m[48;2;123;123;123m▀[0m[38;2;65;65;65m[48;2;123;123;123m▀[0m[38;2;206;74;66m[48;2;0;0;0m▀[0m[38;2;0;0;0m▀[38;2;0;0;0m▄[38;2;0;0;0m[48;2;230;82;66m▀[0m[38;2;230;82;66m[48;2;230;82;66m▀[0m[38;2;247;255;99m[48;2;189;66;74m▀[0m[38;2;82;107;197m[48;2;247;255;99m▀[0m[38;2;82;107;197m[48;2;82;107;197m▀[0m[38;2;115;123;115m[48;2;181;189;181m▀[0m[38;2;115;123;115m[48;2;181;189;181m▀[0m[38;2;115;123;115m[48;2;65;65;65m▀[0m[38;2;0;0;0m[48;2;65;65;65m▀[0m[38;2;0;0;0m▄ 
   [38;2;0;0;0m[48;2;0;0;0m▀[0m[38;2;181;181;189m[48;2;65;65;65m▀[0m[38;2;0;0;0m[48;2;65;65;65m▀[0m[38;2;123;123;123m[48;2;123;123;123m▀[0m[38;2;123;123;123m[48;2;65;65;65m▀[0m[38;2;65;65;65m[48;2;65;65;65m▀[0m[38;2;65;65;65m[48;2;255;255;255m▀[0m[38;2;65;65;65m[48;2;65;65;65m▀[0m[38;2;123;123;123m[48;2;65;65;65m▀[0m[38;2;65;65;65m[48;2;123;123;123m▀[0m[38;2;0;0;0m[48;2;65;65;65m▀[0m[38;2;230;82;66m[48;2;189;66;74m▀[0m[38;2;189;66;74m[48;2;230;82;66m▀[0m[38;2;189;66;74m[48;2;230;82;66m▀[0m[38;2;82;107;197m[48;2;230;82;66m▀[0m[38;2;247;255;99m[48;2;189;66;74m▀[0m[38;2;82;107;197m[48;2;82;107;197m▀[0m[38;2;181;189;181m[48;2;115;123;115m▀[0m[38;2;181;189;181m[48;2;115;123;115m▀[0m[38;2;65;65;65m[48;2;115;123;115m▀[0m[38;2;65;65;65m[48;2;65;65;65m▀[0m[38;2;0;0;0m[48;2;0;0;0m▀[0m 
   [38;2;0;0;0m▀[38;2;65;65;65m[48;2;0;0;0m▀[0m[38;2;123;123;123m[48;2;65;65;65m▀[0m[38;2;123;123;123m[48;2;181;181;189m▀[0m[38;2;65;65;65m[48;2;181;181;189m▀[0m[38;2;255;255;255m[48;2;65;65;65m▀[0m[38;2;0;0;0m[48;2;65;65;65m▀[0m[38;2;255;255;255m[48;2;65;65;65m▀[0m[38;2;65;65;65m[48;2;181;181;189m▀[0m[38;2;181;181;189m[48;2;65;65;65m▀[0m[38;2;65;65;65m[48;2;230;82;66m▀[0m[38;2;230;82;66m[48;2;189;66;74m▀[0m[38;2;189;66;74m[48;2;230;82;66m▀[0m[38;2;189;66;74m[48;2;230;82;66m▀[0m[38;2;189;66;74m[48;2;230;82;66m▀[0m[38;2;230;82;66m[48;2;230;82;66m▀[0m[38;2;181;189;181m[48;2;181;189;181m▀[0m[38;2;181;189;181m[48;2;181;189;181m▀[0m[38;2;65;65;65m[48;2;65;65;65m▀[0m[38;2;65;65;65m[48;2;65;65;65m▀[0m[38;2;0;0;0m[48;2;0;0;0m▀[0m  
     [38;2;0;0;0m▀[38;2;0;0;0m▀[38;2;65;65;65m[48;2;0;0;0m▀[0m[38;2;181;181;189m[48;2;0;0;0m▀[0m[38;2;181;181;189m[48;2;65;65;65m▀[0m[38;2;181;181;189m[48;2;65;65;65m▀[0m[38;2;65;65;65m[48;2;189;66;74m▀[0m[38;2;206;74;66m[48;2;65;65;65m▀[0m[38;2;65;65;65m[48;2;206;74;66m▀[0m[38;2;65;65;65m[48;2;230;82;66m▀[0m[38;2;65;65;65m[48;2;230;82;66m▀[0m[38;2;230;82;66m[48;2;65;65;65m▀[0m[38;2;230;82;66m[48;2;65;65;65m▀[0m[38;2;181;189;181m[48;2;65;65;65m▀[0m[38;2;181;189;181m[48;2;65;65;65m▀[0m[38;2;65;65;65m[48;2;0;0;0m▀[0m[38;2;0;0;0m▀[38;2;0;0;0m▀   
         [38;2;0;0;0m[48;2;0;0;0m▀[0m[38;2;181;181;189m[48;2;65;65;65m▀[0m[38;2;65;65;65m[48;2;181;181;189m▀[0m[38;2;65;65;65m[48;2;181;181;189m▀[0m[38;2;189;66;74m[48;2;65;65;65m▀[0m[38;2;189;66;74m[48;2;230;82;66m▀[0m[38;2;230;82;66m[48;2;189;66;74m▀[0m[38;2;230;82;66m[48;2;189;66;74m▀[0m[38;2;230;82;66m[48;2;82;107;197m▀[0m[38;2;82;107;197m[48;2;181;189;181m▀[0m[38;2;181;189;181m[48;2;181;189;181m▀[0m[38;2;65;65;65m[48;2;65;65;65m▀[0m[38;2;0;0;0m[48;2;0;0;0m▀[0m    
       [38;2;0;0;0m▄[38;2;0;0;0m[48;2;65;65;65m▀[0m[38;2;197;181;156m[48;2;0;0;0m▀[0m[38;2;0;0;0m▀[38;2;65;65;65m[48;2;0;0;0m▀[0m[38;2;65;65;65m[48;2;197;181;156m▀[0m[38;2;123;123;123m[48;2;0;0;0m▀[0m[38;2;0;0;0m▀[38;2;82;107;197m[48;2;0;0;0m▀[0m[38;2;82;107;197m[48;2;181;189;181m▀[0m[38;2;115;123;115m[48;2;181;189;181m▀[0m[38;2;115;123;115m[48;2;65;65;65m▀[0m[38;2;65;65;65m[48;2;65;65;65m▀[0m[38;2;65;65;65m[48;2;0;0;0m▀[0m[38;2;0;0;0m▀    
       [38;2;0;0;0m▀[38;2;0;0;0m▀  [38;2;0;0;0m[48;2;0;0;0m▀[0m[38;2;65;65;65m[48;2;65;65;65m▀[0m[38;2;0;0;0m[48;2;0;0;0m▀[0m  [38;2;0;0;0m▀[38;2;0;0;0m▀[38;2;0;0;0m▀[38;2;0;0;0m▀      
            [38;2;0;0;0m▀             
[0m