     [38;2;0;0;0m[48;2;0;0;0m▀[0m[38;2;0;0;0m[48;2;0;0;0m▀[0m[38;2;0;0;0m▄    [38;2;0;0;0m▄[38;2;0;0;0m▄            
[38;2;0;0;0m[48;2;0;0;0m▀[0m[38;2;0;0;0m[48;2;0;0;0m▀[0m[38;2;0;0;0m[48;2;197;181;156m▀[0m[38;2;0;0;0m▄ [38;2;0;0;0m▀[38;2;197;181;156m[48;2;0;0;0m▀[0m[38;2;0;0;0m[48;2;0;0;0m▀[0m   [38;2;0;0;0m[48;2;0;0;0m▀[0m[38;2;65;65;65m[48;2;173;132;74m▀[0m[38;2;0;0;0m[48;2;65;65;65m▀[0m[38;2;0;0;0m[48;2;0;0;0m▀[0m           
 [38;2;0;0;0m▀[38;2;0;0;0m▀[38;2;0;0;0m▀[38;2;0;0;0m▄  [38;2;0;0;0m▀[38;2;0;0;0m▄ [38;2;0;0;0m▄[38;2;0;0;0m[48;2;214;189;66m▀[0m[38;2;173;132;74m[48;2;173;132;74m▀[0m[38;2;65;65;65m[48;2;148;107;74m▀[0m[38;2;0;0;0m[48;2;0;0;0m▀[0m       [38;2;0;0;0m▄[38;2;0;0;0m▄[38;2;0;0;0m▄ 
     [38;2;0;0;0m[48;2;0;0;0m▀[0m  [38;2;0;0;0m[48;2;0;0;0m▀[0m [38;2;0;0;0m[48;2;0;0;0m▀[0m[38;2;214;189;66m[48;2;214;189;66m▀[0m[38;2;148;107;74m[48;2;148;107;74m▀[0m[38;2;173;132;74m[48;2;173;132;74m▀[0m[38;2;0;0;0m[48;2;0;0;0m▀[0m   [38;2;0;0;0m▄[38;2;0;0;0m▄[38;2;0;0;0m[48;2;239;156;66m▀[0m[38;2;0;0;0m[48;2;239;156;66m▀[0m[38;2;239;156;66m[48;2;239;156;66m▀[0m[38;2;65;65;65m[48;2;65;65;65m▀[0m[38;2;65;65;65m[48;2;65;65;65m▀[0m[38;2;0;0;0m[48;2;0;0;0m▀[0m
      [38;2;0;0;0m[48;2;0;0;0m▀[0m[38;2;0;0;0m▄[38;2;0;0;0m[48;2;0;0;0m▀[0m[38;2;0;0;0m▄[38;2;0;0;0m[48;2;0;0;0m▀[0m[38;2;148;107;74m[48;2;148;107;74m▀[0m[38;2;181;74;82m[48;2;181;74;82m▀[0m[38;2;0;0;0m[48;2;0;0;0m▀[0m  [38;2;0;0;0m▄[38;2;0;0;0m[48;2;239;222;74m▀[0m[38;2;239;222;74m[48;2;239;74;90m▀[0m[38;2;239;156;66m[48;2;239;74;90m▀[0m[38;2;239;156;66m[48;2;239;156;66m▀[0m[38;2;239;156;66m[48;2;65;65;65m▀[0m[38;2;65;65;65m[48;2;65;65;65m▀[0m[38;2;65;65;65m[48;2;0;0;0m▀[0m[38;2;0;0;0m▀ 
    [38;2;0;0;0m▄[38;2;0;0;0m[48;2;181;181;189m▀[0m[38;2;65;65;65m[48;2;123;123;123m▀[0m[38;2;123;123;123m[48;2;123;123;123m▀[0m[38;2;65;65;65m[48;2;123;123;123m▀[0m[38;2;123;123;123m[48;2;123;123;123m▀[0m[38;2;65;65;65m[48;2;123;123;123m▀[0m[38;2;65;65;65m[48;2;123;123;123m▀[0m[38;2;181;74;82m[48;2;0;0;0m▀[0m[38;2;0;0;0m▀[38;2;0;0;0m▄[38;2;0;0;0m[48;2;239;222;74m▀[0m[38;2;239;222;74m[48;2;239;222;74m▀[0m[38;2;239;74;90m[48;2;181;74;82m▀[0m[38;2;239;74;90m[48;2;181;74;82m▀[0m[38;2;181;74;82m[48;2;239;74;90m▀[0m[38;2;181;74;82m[48;2;239;74;90m▀[0m[38;2;53;53;53m[48;2;239;156;66m▀[0m[38;2;53;53;53m[48;2;65;65;65m▀[0m[38;2;0;0;0m[48;2;65;65;65m▀[0m[38;2;0;0;0m▄ 
   [38;2;0;0;0m[48;2;0;0;0m▀[0m[38;2;181;181;189m[48;2;65;65;65m▀[0m[38;2;0;0;0m[48;2;65;65;65m▀[0m[38;2;123;123;123m[48;2;123;123;123m▀[0m[38;2;123;123;123m[48;2;65;65;65m▀[0m[38;2;65;65;65m[48;2;65;65;65m▀[0m[38;2;65;65;65m[48;2;255;255;255m▀[0m[38;2;65;65;65m[48;2;65;65;65m▀[0m[38;2;123;123;123m[48;2;65;65;65m▀[0m[38;2;65;65;65m[48;2;123;123;123m▀[0m[38;2;0;0;0m[48;2;65;65;65m▀[0m[38;2;239;74;90m[48;2;181;74;82m▀[0m[38;2;181;74;82m[48;2;239;74;90m▀[0m[38;2;173;132;74m[48;2;239;222;74m▀[0m[38;2;239;222;74m[48;2;239;222;74m▀[0m[38;2;239;222;74m[48;2;181;74;82m▀[0m[38;2;239;74;90m[48;2;181;74;82m▀[0m[38;2;239;74;90m[48;2;181;74;82m▀[0m[38;2;239;156;66m[48;2;53;53;53m▀[0m[38;2;65;65;65m[48;2;53;53;53m▀[0m[38;2;65;65;65m[48;2;65;65;65m▀[0m[38;2;0;0;0m[48;2;0;0;0m▀[0m 
   [38;2;0;0;0m▀[38;2;65;65;65m[48;2;0;0;0m▀[0m[38;2;123;123;123m[48;2;65;65;65m▀[0m[38;2;123;123;123m[48;2;181;181;189m▀[0m[38;2;65;65;65m[48;2;181;181;189m▀[0m[38;2;255;255;255m[48;2;65;65;65m▀[0m[38;2;0;0;0m[48;2;65;65;65m▀[0m[38;2;255;255;255m[48;2;65;65;65m▀[0m[38;2;65;65;65m[48;2;181;181;189m▀[0m[38;2;181;181;189m[48;2;65;65;65m▀[0m[38;2;65;65;65m[48;2;239;222;74m▀[0m[38;2;181;74;82m[48;2;239;74;90m▀[0m[38;2;181;74;82m[48;2;239;74;90m▀[0m[38;2;173;132;74m[48;2;239;222;74m▀[0m[38;2;181;74;82m[48;2;239;74;90m▀[0m[38;2;239;74;90m[48;2;239;74;90m▀[0m[38;2;239;74;90m[48;2;239;156;66m▀[0m[38;2;239;156;66m[48;2;239;156;66m▀[0m[38;2;65;65;65m[48;2;65;65;65m▀[0m[38;2;65;65;65m[48;2;65;65;65m▀[0m[38;2;0;0;0m[48;2;0;0;0m▀[0m  
     [38;2;0;0;0m▀[38;2;0;0;0m▀[38;2;65;65;65m[48;2;0;0;0m▀[0m[38;2;181;181;189m[48;2;0;0;0m▀[0m[38;2;181;181;189m[48;2;65;65;65m▀[0m[38;2;181;181;189m[48;2;65;65;65m▀[0m[38;2;65;65;65m[48;2;123;123;123m▀[0m[38;2;173;132;74m[48;2;65;65;65m▀[0m[38;2;65;65;65m[48;2;239;156;66m▀[0m[38;2;65;65;65m[48;2;239;74;90m▀[0m[38;2;65;65;65m[48;2;239;222;74m▀[0m[38;2;239;222;74m[48;2;65;65;65m▀[0m[38;2;239;222;74m[48;2;65;65;65m▀[0m[38;2;239;222;74m[48;2;65;65;65m▀[0m[38;2;239;156;66m[48;2;65;65;65m▀[0m[38;2;65;65;65m[48;2;0;0;0m▀[0m[38;2;0;0;0m▀[38;2;0;0;0m▀   
         [38;2;0;0;0m[48;2;0;0;0m▀[0m[38;2;181;181;189m[48;2;65;65;65m▀[0m[38;2;65;65;65m[48;2;181;181;189m▀[0m[38;2;65;65;65m[48;2;181;181;189m▀[0m[38;2;173;132;74m[48;2;65;65;65m▀[0m[38;2;173;132;74m[48;2;239;222;74m▀[0m[38;2;173;132;74m[48;2;239;222;74m▀[0m[38;2;239;222;74m[48;2;181;74;82m▀[0m[38;2;239;74;90m[48;2;181;74;82m▀[0m[38;2;239;156;66m[48;2;239;156;66m▀[0m[38;2;239;156;66m[48;2;239;156;66m▀[0m[38;2;65;65;65m[48;2;65;65;65m▀[0m[38;2;0;0;0m[48;2;0;0;0m▀[0m    
       [38;2;0;0;0m▄[38;2;0;0;0m[48;2;65;65;65m▀[0m[38;2;197;181;156m[48;2;0;0;0m▀[0m[38;2;0;0;0m▀[38;2;65;65;65m[48;2;0;0;0m▀[0m[38;2;65;65;65m[48;2;197;181;156m▀[0m[38;2;123;123;123m[48;2;0;0;0m▀[0m[38;2;0;0;0m▀[38;2;239;74;90m[48;2;0;0;0m▀[0m[38;2;239;74;90m[48;2;239;156;66m▀[0m[38;2;239;156;66m[48;2;239;156;66m▀[0m[38;2;239;156;66m[48;2;65;65;65m▀[0m[38;2;65;65;65m[48;2;65;65;65m▀[0m[38;2;65;65;65m[48;2;0;0;0m▀[0m[38;2;0;0;0m▀    
       [38;2;0;0;0m▀[38;2;0;0;0m▀  [38;2;0;0;0m[48;2;0;0;0m▀[0m[38;2;65;65;65m[48;2;65;65;65m▀[0m[38;2;0;0;0m[48;2;0;0;0m▀[0m  [38;2;0;0;0m▀[38;2;0;0;0m▀[38;2;0;0;0m▀[38;2;0;0;0m▀      
            [38;2;0;0;0m▀             
[0m