         [38;2;0;0;0m▄[38;2;0;0;0m▄[38;2;0;0;0m[48;2;132;132;115m▀[0m[38;2;0;0;0m[48;2;0;0;0m▀[0m          
        [38;2;0;0;0m[48;2;0;0;0m▀[0m[38;2;65;65;65m[48;2;132;132;115m▀[0m[38;2;132;132;115m[48;2;65;65;65m▀[0m[38;2;132;132;115m[48;2;65;65;65m▀[0m[38;2;0;0;0m▀          
 [38;2;0;0;0m▄[38;2;0;0;0m▄     [38;2;0;0;0m▄[38;2;0;0;0m[48;2;132;132;115m▀[0m[38;2;132;132;115m[48;2;132;132;115m▀[0m[38;2;132;132;115m[48;2;65;65;65m▀[0m[38;2;0;0;0m[48;2;0;0;0m▀[0m          
[38;2;0;0;0m▀[38;2;181;74;123m[48;2;0;0;0m▀[0m[38;2;181;74;123m[48;2;181;74;123m▀[0m[38;2;0;0;0m[48;2;181;74;123m▀[0m[38;2;0;0;0m[48;2;181;74;123m▀[0m[38;2;0;0;0m[48;2;181;74;123m▀[0m[38;2;0;0;0m[48;2;181;74;123m▀[0m[38;2;0;0;0m▄[38;2;0;0;0m▄[38;2;0;0;0m[48;2;0;0;0m▀[0m[38;2;132;132;115m[48;2;132;132;115m▀[0m[38;2;0;0;0m[48;2;0;0;0m▀[0m [38;2;0;0;0m▄[38;2;0;0;0m[48;2;214;107;156m▀[0m[38;2;0;0;0m[48;2;214;107;156m▀[0m[38;2;0;0;0m[48;2;0;0;0m▀[0m      
[38;2;0;0;0m[48;2;0;0;0m▀[0m[38;2;181;74;123m[48;2;181;74;123m▀[0m[38;2;181;74;123m[48;2;181;74;123m▀[0m[38;2;181;74;123m[48;2;181;74;123m▀[0m[38;2;181;74;123m[48;2;181;74;123m▀[0m[38;2;181;74;123m[48;2;65;65;65m▀[0m[38;2;65;65;65m[48;2;132;132;115m▀[0m[38;2;65;65;65m[48;2;132;132;115m▀[0m[38;2;132;132;115m[48;2;132;132;115m▀[0m[38;2;132;132;115m[48;2;132;132;115m▀[0m[38;2;132;132;115m[48;2;132;132;115m▀[0m[38;2;65;65;65m[48;2;132;132;115m▀[0m[38;2;0;0;0m[48;2;65;65;65m▀[0m[38;2;214;107;156m[48;2;65;65;65m▀[0m[38;2;214;107;156m[48;2;0;0;0m▀[0m[38;2;0;0;0m▀       
 [38;2;0;0;0m[48;2;0;0;0m▀[0m[38;2;65;65;65m[48;2;255;156;148m▀[0m[38;2;181;74;123m[48;2;65;65;65m▀[0m[38;2;65;65;65m[48;2;132;132;115m▀[0m[38;2;255;255;255m[48;2;0;0;0m▀[0m[38;2;65;65;65m[48;2;132;132;115m▀[0m[38;2;132;132;115m[48;2;132;132;115m▀[0m[38;2;132;132;115m[48;2;132;132;115m▀[0m[38;2;132;132;115m[48;2;132;132;115m▀[0m[38;2;132;132;115m[48;2;132;132;115m▀[0m[38;2;132;132;115m[48;2;65;65;65m▀[0m[38;2;65;65;65m[48;2;132;132;115m▀[0m[38;2;214;107;156m[48;2;65;65;65m▀[0m[38;2;214;107;156m[48;2;214;107;156m▀[0m[38;2;0;0;0m[48;2;214;107;156m▀[0m[38;2;0;0;0m[48;2;214;107;156m▀[0m[38;2;0;0;0m▄[38;2;0;0;0m▄[38;2;0;0;0m▄   
[38;2;0;0;0m[48;2;0;0;0m▀[0m[38;2;255;156;148m[48;2;206;115;123m▀[0m[38;2;255;156;148m[48;2;255;156;148m▀[0m[38;2;65;65;65m[48;2;255;156;148m▀[0m[38;2;132;132;115m[48;2;65;65;65m▀[0m[38;2;255;255;255m[48;2;132;132;115m▀[0m[38;2;132;132;115m[48;2;132;132;115m▀[0m[38;2;132;132;115m[48;2;132;132;115m▀[0m[38;2;132;132;115m[48;2;132;132;115m▀[0m[38;2;132;132;115m[48;2;132;132;115m▀[0m[38;2;255;255;255m[48;2;0;0;0m▀[0m[38;2;132;132;115m[48;2;189;189;189m▀[0m[38;2;132;132;115m[48;2;132;132;115m▀[0m[38;2;132;132;115m[48;2;132;132;115m▀[0m[38;2;65;65;65m[48;2;65;65;65m▀[0m[38;2;214;107;156m[48;2;65;65;65m▀[0m[38;2;214;107;156m[48;2;214;107;156m▀[0m[38;2;214;107;156m[48;2;214;107;156m▀[0m[38;2;214;107;156m[48;2;214;107;156m▀[0m[38;2;214;107;156m[48;2;214;107;156m▀[0m[38;2;0;0;0m[48;2;181;74;123m▀[0m[38;2;0;0;0m[48;2;214;107;156m▀[0m[38;2;0;0;0m▄
 [38;2;0;0;0m[48;2;0;0;0m▀[0m[38;2;206;115;123m[48;2;206;115;123m▀[0m[38;2;255;156;148m[48;2;206;115;123m▀[0m[38;2;255;156;148m[48;2;206;115;123m▀[0m[38;2;65;65;65m[48;2;65;65;65m▀[0m[38;2;132;132;115m[48;2;214;107;156m▀[0m[38;2;132;132;115m[48;2;214;107;156m▀[0m[38;2;132;132;115m[48;2;65;65;65m▀[0m[38;2;132;132;115m[48;2;132;132;115m▀[0m[38;2;255;255;255m[48;2;65;65;65m▀[0m[38;2;132;132;115m[48;2;65;65;65m▀[0m[38;2;132;132;115m[48;2;65;65;65m▀[0m[38;2;65;65;65m[48;2;255;156;148m▀[0m[38;2;255;156;148m[48;2;255;156;148m▀[0m[38;2;255;156;148m[48;2;255;156;148m▀[0m[38;2;65;65;65m[48;2;255;156;148m▀[0m[38;2;214;107;156m[48;2;65;65;65m▀[0m[38;2;214;107;156m[48;2;65;65;65m▀[0m[38;2;181;74;123m[48;2;214;107;156m▀[0m[38;2;214;107;156m[48;2;181;74;123m▀[0m[38;2;181;74;123m[48;2;0;0;0m▀[0m[38;2;0;0;0m▀
  [38;2;0;0;0m▀[38;2;0;0;0m▀[38;2;206;115;123m[48;2;0;0;0m▀[0m[38;2;65;65;65m[48;2;65;65;65m▀[0m[38;2;181;74;123m[48;2;65;65;65m▀[0m[38;2;65;65;65m[48;2;255;156;148m▀[0m[38;2;255;156;148m[48;2;255;156;148m▀[0m[38;2;255;156;148m[48;2;255;156;148m▀[0m[38;2;65;65;65m[48;2;255;156;148m▀[0m[38;2;255;156;148m[48;2;65;65;65m▀[0m[38;2;255;156;148m[48;2;255;156;148m▀[0m[38;2;65;65;65m[48;2;255;156;148m▀[0m[38;2;255;156;148m[48;2;206;115;123m▀[0m[38;2;255;156;148m[48;2;206;115;123m▀[0m[38;2;206;115;123m[48;2;65;65;65m▀[0m[38;2;206;115;123m[48;2;206;115;123m▀[0m[38;2;65;65;65m[48;2;0;0;0m▀[0m[38;2;0;0;0m▀[38;2;0;0;0m▀  
     [38;2;0;0;0m▀[38;2;206;115;123m[48;2;0;0;0m▀[0m[38;2;206;115;123m[48;2;206;115;123m▀[0m[38;2;255;156;148m[48;2;206;115;123m▀[0m[38;2;65;65;65m[48;2;206;115;123m▀[0m[38;2;255;156;148m[48;2;65;65;65m▀[0m[38;2;255;156;148m[48;2;65;65;65m▀[0m[38;2;206;115;123m[48;2;206;115;123m▀[0m[38;2;206;115;123m[48;2;206;115;123m▀[0m[38;2;206;115;123m[48;2;0;0;0m▀[0m[38;2;206;115;123m[48;2;0;0;0m▀[0m[38;2;206;115;123m[48;2;0;0;0m▀[0m[38;2;0;0;0m▀     
      [38;2;0;0;0m▀[38;2;206;115;123m[48;2;0;0;0m▀[0m[38;2;206;115;123m[48;2;206;115;123m▀[0m[38;2;206;115;123m[48;2;206;115;123m▀[0m[38;2;206;115;123m[48;2;206;115;123m▀[0m[38;2;206;115;123m[48;2;0;0;0m▀[0m[38;2;0;0;0m▀[38;2;0;0;0m▀         
        [38;2;0;0;0m▀[38;2;0;0;0m▀[38;2;0;0;0m▀            
[0m