                   [38;2;0;4;0m▄      [38;2;0;4;0m▄[38;2;0;4;0m[48;2;90;97;189m▀[0m[38;2;0;4;0m▄                  
            [38;2;0;4;0m▄     [38;2;0;4;0m[48;2;0;4;0m▀[0m[38;2;90;97;189m[48;2;90;97;189m▀[0m[38;2;0;4;0m[48;2;52;58;85m▀[0m[38;2;8;12;0m▄[38;2;0;4;0m[48;2;88;97;186m▀[0m[38;2;0;4;0m[48;2;88;97;186m▀[0m[38;2;0;4;0m▄[38;2;0;4;0m[48;2;90;97;189m▀[0m[38;2;90;97;189m[48;2;87;97;189m▀[0m[38;2;90;97;189m[48;2;87;97;189m▀[0m[38;2;0;4;0m[48;2;0;4;0m▀[0m                  
          [38;2;0;4;0m▄[38;2;0;4;0m[48;2;222;211;132m▀[0m[38;2;222;211;132m[48;2;222;207;107m▀[0m[38;2;0;4;0m[48;2;0;4;0m▀[0m [38;2;0;4;0m▄[38;2;0;4;0m[48;2;87;97;189m▀[0m[38;2;0;4;0m[48;2;87;97;189m▀[0m[38;2;90;97;189m[48;2;88;97;186m▀[0m[38;2;90;97;189m[48;2;66;65;66m▀[0m[38;2;52;58;85m[48;2;87;97;189m▀[0m[38;2;96;104;170m[48;2;181;203;255m▀[0m[38;2;88;97;186m[48;2;87;97;189m▀[0m[38;2;66;65;66m[48;2;87;97;189m▀[0m[38;2;90;97;189m[48;2;87;97;189m▀[0m[38;2;90;97;189m[48;2;87;97;189m▀[0m[38;2;87;97;189m[48;2;90;97;189m▀[0m[38;2;87;97;189m[48;2;0;4;0m▀[0m[38;2;0;4;0m▀                  
       [38;2;0;4;0m▄[38;2;0;4;0m[48;2;144;136;53m▀[0m[38;2;0;4;0m[48;2;144;136;53m▀[0m[38;2;222;211;132m[48;2;145;136;54m▀[0m[38;2;222;211;132m[48;2;145;136;54m▀[0m[38;2;148;139;71m[48;2;144;136;53m▀[0m[38;2;148;139;71m[48;2;66;65;66m▀[0m[38;2;0;4;0m[48;2;181;203;255m▀[0m[38;2;181;203;255m[48;2;87;97;189m▀[0m[38;2;87;97;189m[48;2;129;89;123m▀[0m[38;2;87;97;189m[48;2;57;65;74m▀[0m[38;2;88;97;186m[48;2;88;97;186m▀[0m[38;2;88;97;186m[48;2;88;97;186m▀[0m[38;2;181;203;255m[48;2;87;97;189m▀[0m[38;2;87;97;189m[48;2;87;97;189m▀[0m[38;2;87;97;189m[48;2;181;203;255m▀[0m[38;2;87;97;189m[48;2;87;97;189m▀[0m[38;2;87;97;189m[48;2;88;97;186m▀[0m[38;2;87;97;189m[48;2;66;65;66m▀[0m[38;2;90;97;189m[48;2;0;4;0m▀[0m[38;2;0;4;0m▀ [38;2;0;4;0m▄[38;2;0;4;0m▄[38;2;0;4;0m▄[38;2;0;4;0m▄       [38;2;0;4;0m▄[38;2;0;4;0m▄     
      [38;2;0;4;0m[48;2;0;4;0m▀[0m[38;2;148;138;57m[48;2;148;136;54m▀[0m[38;2;144;136;53m[48;2;66;65;66m▀[0m[38;2;66;65;66m[48;2;192;181;66m▀[0m[38;2;145;136;54m[48;2;66;65;66m▀[0m[38;2;145;136;54m[48;2;144;136;53m▀[0m[38;2;144;136;53m[48;2;144;136;53m▀[0m[38;2;66;65;66m[48;2;66;65;66m▀[0m[38;2;181;203;255m[48;2;129;89;123m▀[0m[38;2;87;97;189m[48;2;57;65;74m▀[0m[38;2;57;65;74m[48;2;198;93;107m▀[0m[38;2;165;101;148m[48;2;198;93;107m▀[0m[38;2;66;65;66m[48;2;74;77;107m▀[0m[38;2;88;97;186m[48;2;74;77;107m▀[0m[38;2;87;97;189m[48;2;87;97;189m▀[0m[38;2;181;203;255m[48;2;87;97;189m▀[0m[38;2;87;97;189m[48;2;87;97;189m▀[0m[38;2;87;97;189m[48;2;87;97;189m▀[0m[38;2;66;65;66m[48;2;88;97;186m▀[0m[38;2;88;97;186m[48;2;88;97;186m▀[0m[38;2;90;97;189m[48;2;66;65;66m▀[0m[38;2;0;4;0m[48;2;66;74;126m▀[0m[38;2;0;4;0m[48;2;192;181;63m▀[0m[38;2;222;211;132m[48;2;66;73;123m▀[0m[38;2;90;97;189m[48;2;88;97;189m▀[0m[38;2;90;97;189m[48;2;88;97;189m▀[0m[38;2;90;97;189m[48;2;104;106;143m▀[0m[38;2;0;4;0m[48;2;104;106;143m▀[0m[38;2;0;4;0m[48;2;74;70;49m▀[0m[38;2;0;0;8m▄[38;2;0;4;0m[48;2;222;211;132m▀[0m[38;2;0;4;0m[48;2;222;211;132m▀[0m[38;2;0;4;0m[48;2;127;76;107m▀[0m[38;2;0;4;0m[48;2;127;76;107m▀[0m[38;2;222;211;132m[48;2;222;211;132m▀[0m[38;2;0;4;0m[48;2;0;4;0m▀[0m   [38;2;0;4;0m▄ 
   [38;2;0;4;0m▄[38;2;0;4;0m[48;2;189;182;66m▀[0m[38;2;0;4;16m▄[38;2;0;4;0m[48;2;145;136;54m▀[0m[38;2;148;136;54m[48;2;145;136;54m▀[0m[38;2;66;65;66m[48;2;66;65;74m▀[0m[38;2;192;181;66m[48;2;189;178;74m▀[0m[38;2;66;65;66m[48;2;192;181;66m▀[0m[38;2;144;136;53m[48;2;66;65;66m▀[0m[38;2;144;136;53m[48;2;144;136;53m▀[0m[38;2;144;136;53m[48;2;66;65;66m▀[0m[38;2;57;65;74m[48;2;140;69;107m▀[0m[38;2;165;101;148m[48;2;170;113;115m▀[0m[38;2;198;93;107m[48;2;167;125;79m▀[0m[38;2;66;65;66m[48;2;74;60;74m▀[0m[38;2;194;179;63m[48;2;192;181;66m▀[0m[38;2;74;77;107m[48;2;66;65;66m▀[0m[38;2;87;97;189m[48;2;88;97;186m▀[0m[38;2;87;97;189m[48;2;88;97;186m▀[0m[38;2;87;97;189m[48;2;66;65;66m▀[0m[38;2;87;97;189m[48;2;66;65;66m▀[0m[38;2;88;97;186m[48;2;66;65;66m▀[0m[38;2;66;65;66m[48;2;66;65;66m▀[0m[38;2;66;74;126m[48;2;66;74;126m▀[0m[38;2;66;74;126m[48;2;66;74;126m▀[0m[38;2;66;73;123m[48;2;66;73;123m▀[0m[38;2;66;73;123m[48;2;66;73;123m▀[0m[38;2;66;73;123m[48;2;192;181;63m▀[0m[38;2;88;97;189m[48;2;192;181;63m▀[0m[38;2;214;207;165m[48;2;66;65;66m▀[0m[38;2;49;56;132m[48;2;222;211;132m▀[0m[38;2;222;211;132m[48;2;231;203;132m▀[0m[38;2;222;211;132m[48;2;140;69;107m▀[0m[38;2;128;78;110m[48;2;198;93;107m▀[0m[38;2;128;78;110m[48;2;198;93;107m▀[0m[38;2;198;93;107m[48;2;137;108;84m▀[0m[38;2;127;76;107m[48;2;0;8;8m▀[0m[38;2;0;4;0m▀ [38;2;0;4;0m▄[38;2;0;4;0m▄[38;2;0;4;0m[48;2;225;210;131m▀[0m[38;2;222;211;132m[48;2;225;210;131m▀[0m[38;2;0;4;0m[48;2;0;4;0m▀[0m
   [38;2;0;4;0m[48;2;0;4;0m▀[0m[38;2;189;182;66m[48;2;192;180;63m▀[0m[38;2;63;63;32m[48;2;192;180;63m▀[0m[38;2;145;136;54m[48;2;66;65;66m▀[0m[38;2;145;136;54m[48;2;144;136;53m▀[0m[38;2;66;65;74m[48;2;66;65;66m▀[0m[38;2;107;102;74m[48;2;94;97;94m▀[0m[38;2;192;181;66m[48;2;193;180;66m▀[0m[38;2;66;65;66m[48;2;222;211;132m▀[0m[38;2;144;136;53m[48;2;66;65;66m▀[0m[38;2;66;65;66m[48;2;222;211;132m▀[0m[38;2;231;203;132m[48;2;231;203;132m▀[0m[38;2;140;69;107m[48;2;140;69;107m▀[0m[38;2;74;60;74m[48;2;66;65;66m▀[0m[38;2;214;158;82m[48;2;94;97;94m▀[0m[38;2;192;181;66m[48;2;192;181;66m▀[0m[38;2;66;65;66m[48;2;66;65;66m▀[0m[38;2;88;97;186m[48;2;66;65;66m▀[0m[38;2;66;65;66m[48;2;127;77;107m▀[0m[38;2;127;77;107m[48;2;127;77;107m▀[0m[38;2;127;77;107m[48;2;66;65;66m▀[0m[38;2;66;65;66m[48;2;145;135;54m▀[0m[38;2;222;211;132m[48;2;222;211;132m▀[0m[38;2;66;65;66m[48;2;66;65;66m▀[0m[38;2;66;74;126m[48;2;66;65;66m▀[0m[38;2;66;73;123m[48;2;66;74;126m▀[0m[38;2;192;181;63m[48;2;66;74;126m▀[0m[38;2;66;73;123m[48;2;66;73;107m▀[0m[38;2;66;73;123m[48;2;66;73;107m▀[0m[38;2;66;65;66m[48;2;222;211;132m▀[0m[38;2;222;211;132m[48;2;128;78;110m▀[0m[38;2;140;69;107m[48;2;198;93;107m▀[0m[38;2;170;113;115m[48;2;198;93;107m▀[0m[38;2;198;93;107m[48;2;128;78;110m▀[0m[38;2;127;76;107m[48;2;222;211;132m▀[0m[38;2;68;58;46m[48;2;145;135;54m▀[0m[38;2;137;108;84m[48;2;145;135;54m▀[0m[38;2;0;4;0m[48;2;222;211;132m▀[0m[38;2;0;4;0m[48;2;222;211;132m▀[0m[38;2;222;211;132m[48;2;127;76;107m▀[0m[38;2;222;211;132m[48;2;127;76;107m▀[0m[38;2;225;210;131m[48;2;222;211;132m▀[0m[38;2;225;210;131m[48;2;0;4;0m▀[0m[38;2;0;4;0m▀
   [38;2;0;4;0m▀[38;2;192;180;63m[48;2;0;0;8m▀[0m[38;2;192;180;63m[48;2;189;174;82m▀[0m[38;2;66;65;66m[48;2;189;178;66m▀[0m[38;2;144;136;53m[48;2;73;67;71m▀[0m[38;2;66;65;66m[48;2;74;81;126m▀[0m[38;2;94;97;94m[48;2;206;195;99m▀[0m[38;2;193;180;66m[48;2;178;166;101m▀[0m[38;2;222;211;132m[48;2;74;69;57m▀[0m[38;2;66;65;66m[48;2;222;211;132m▀[0m[38;2;222;211;132m[48;2;222;211;132m▀[0m[38;2;140;69;107m[48;2;121;105;96m▀[0m[38;2;170;113;115m[48;2;66;56;74m▀[0m[38;2;66;65;66m[48;2;189;178;57m▀[0m[38;2;94;97;94m[48;2;112;116;129m▀[0m[38;2;192;181;66m[48;2;192;181;66m▀[0m[38;2;66;65;66m[48;2;66;65;66m▀[0m[38;2;127;77;107m[48;2;121;105;96m▀[0m[38;2;127;77;107m[48;2;66;56;74m▀[0m[38;2;127;77;107m[48;2;66;65;66m▀[0m[38;2;66;65;66m[48;2;222;211;132m▀[0m[38;2;222;211;132m[48;2;222;211;132m▀[0m[38;2;222;211;132m[48;2;222;211;132m▀[0m[38;2;66;65;66m[48;2;66;65;66m▀[0m[38;2;192;181;66m[48;2;192;181;66m▀[0m[38;2;66;65;66m[48;2;176;169;90m▀[0m[38;2;66;65;66m[48;2;231;219;107m▀[0m[38;2;66;73;107m[48;2;225;210;131m▀[0m[38;2;222;211;132m[48;2;225;210;131m▀[0m[38;2;222;211;132m[48;2;231;203;132m▀[0m[38;2;128;78;110m[48;2;140;69;107m▀[0m[38;2;198;93;107m[48;2;198;93;107m▀[0m[38;2;127;76;107m[48;2;127;76;107m▀[0m[38;2;222;211;132m[48;2;127;76;107m▀[0m[38;2;222;211;132m[48;2;127;76;107m▀[0m[38;2;222;211;132m[48;2;127;76;107m▀[0m[38;2;222;211;132m[48;2;127;76;107m▀[0m[38;2;128;78;110m[48;2;198;93;107m▀[0m[38;2;128;78;110m[48;2;198;93;107m▀[0m[38;2;198;93;107m[48;2;123;101;93m▀[0m[38;2;127;76;107m[48;2;222;207;132m▀[0m[38;2;222;211;132m[48;2;0;4;0m▀[0m[38;2;0;4;0m▀ 
  [38;2;0;4;0m▄[38;2;0;4;0m▄[38;2;0;0;8m[48;2;192;181;62m▀[0m[38;2;94;87;45m[48;2;99;73;74m▀[0m[38;2;73;67;71m[48;2;127;77;107m▀[0m[38;2;73;67;71m[48;2;66;65;66m▀[0m[38;2;206;195;99m[48;2;222;211;132m▀[0m[38;2;74;81;126m[48;2;222;211;132m▀[0m[38;2;231;215;123m[48;2;84;97;186m▀[0m[38;2;231;215;123m[48;2;84;97;186m▀[0m[38;2;84;97;186m[48;2;84;97;186m▀[0m[38;2;222;211;132m[48;2;84;97;186m▀[0m[38;2;66;56;74m[48;2;84;97;186m▀[0m[38;2;231;203;140m[48;2;84;97;186m▀[0m[38;2;74;85;165m[48;2;222;211;132m▀[0m[38;2;189;178;57m[48;2;222;211;132m▀[0m[38;2;192;181;66m[48;2;127;76;107m▀[0m[38;2;66;65;66m[48;2;198;93;107m▀[0m[38;2;66;56;74m[48;2;127;76;107m▀[0m[38;2;231;203;140m[48;2;127;76;107m▀[0m[38;2;222;211;132m[48;2;128;78;110m▀[0m[38;2;222;211;132m[48;2;222;211;132m▀[0m[38;2;222;211;132m[48;2;231;219;107m▀[0m[38;2;66;65;66m[48;2;66;69;57m▀[0m[38;2;192;181;66m[48;2;66;65;66m▀[0m[38;2;192;181;66m[48;2;66;65;66m▀[0m[38;2;66;69;57m[48;2;192;180;63m▀[0m[38;2;66;69;57m[48;2;192;180;63m▀[0m[38;2;225;210;131m[48;2;66;63;71m▀[0m[38;2;225;210;131m[48;2;132;78;93m▀[0m[38;2;140;69;107m[48;2;198;95;104m▀[0m[38;2;170;113;115m[48;2;198;95;104m▀[0m[38;2;198;93;107m[48;2;198;93;107m▀[0m[38;2;198;93;107m[48;2;198;93;107m▀[0m[38;2;198;93;107m[48;2;170;113;115m▀[0m[38;2;198;93;107m[48;2;140;69;107m▀[0m[38;2;198;93;107m[48;2;128;78;110m▀[0m[38;2;198;93;107m[48;2;128;78;110m▀[0m[38;2;127;76;107m[48;2;222;211;132m▀[0m[38;2;127;76;107m[48;2;222;211;132m▀[0m[38;2;222;207;132m[48;2;66;65;66m▀[0m[38;2;74;48;74m[48;2;74;79;126m▀[0m[38;2;0;4;0m[48;2;66;74;126m▀[0m[38;2;0;4;0m▄ 
  [38;2;0;4;0m[48;2;0;8;16m▀[0m[38;2;189;178;66m[48;2;198;186;74m▀[0m[38;2;192;181;62m[48;2;192;181;62m▀[0m[38;2;99;73;74m[48;2;99;73;74m▀[0m[38;2;127;77;107m[48;2;127;77;107m▀[0m[38;2;127;77;107m[48;2;127;77;107m▀[0m[38;2;66;65;66m[48;2;66;65;66m▀[0m[38;2;222;211;132m[48;2;66;65;66m▀[0m[38;2;222;211;132m[48;2;222;211;132m▀[0m[38;2;84;97;186m[48;2;222;211;132m▀[0m[38;2;222;211;132m[48;2;222;211;132m▀[0m[38;2;222;211;132m[48;2;66;65;66m▀[0m[38;2;222;211;132m[48;2;66;51;49m▀[0m[38;2;222;211;132m[48;2;66;51;49m▀[0m[38;2;66;65;66m[48;2;255;255;255m▀[0m[38;2;66;65;66m[48;2;66;65;66m▀[0m[38;2;198;93;107m[48;2;198;93;107m▀[0m[38;2;198;93;107m[48;2;198;93;107m▀[0m[38;2;198;93;107m[48;2;198;93;107m▀[0m[38;2;198;93;107m[48;2;198;93;107m▀[0m[38;2;128;78;110m[48;2;128;78;110m▀[0m[38;2;222;211;132m[48;2;222;211;132m▀[0m[38;2;66;69;57m[48;2;66;65;66m▀[0m[38;2;176;169;90m[48;2;66;65;66m▀[0m[38;2;192;181;66m[48;2;206;174;66m▀[0m[38;2;192;181;66m[48;2;140;73;107m▀[0m[38;2;192;180;63m[48;2;120;88;84m▀[0m[38;2;192;180;63m[48;2;198;170;74m▀[0m[38;2;66;63;71m[48;2;74;48;74m▀[0m[38;2;198;93;115m[48;2;123;101;93m▀[0m[38;2;198;95;104m[48;2;128;78;110m▀[0m[38;2;198;95;104m[48;2;128;78;110m▀[0m[38;2;127;76;107m[48;2;225;210;131m▀[0m[38;2;127;76;107m[48;2;225;210;131m▀[0m[38;2;140;69;107m[48;2;222;211;132m▀[0m[38;2;231;203;132m[48;2;222;211;132m▀[0m[38;2;222;211;132m[48;2;222;211;123m▀[0m[38;2;222;211;132m[48;2;66;65;49m▀[0m[38;2;66;65;66m[48;2;88;97;186m▀[0m[38;2;66;65;66m[48;2;88;97;186m▀[0m[38;2;82;94;186m[48;2;87;97;189m▀[0m[38;2;66;65;66m[48;2;87;97;189m▀[0m[38;2;66;74;126m[48;2;66;64;66m▀[0m[38;2;66;74;126m[48;2;0;4;0m▀[0m[38;2;0;4;0m[48;2;0;4;0m▀[0m
 [38;2;0;4;0m[48;2;0;4;0m▀[0m[38;2;132;126;54m[48;2;144;136;53m▀[0m[38;2;66;67;35m[48;2;66;65;66m▀[0m[38;2;192;181;62m[48;2;192;181;66m▀[0m[38;2;99;73;74m[48;2;192;181;66m▀[0m[38;2;127;77;107m[48;2;73;67;71m▀[0m[38;2;66;65;66m[48;2;73;67;71m▀[0m[38;2;192;181;66m[48;2;74;69;57m▀[0m[38;2;192;181;66m[48;2;231;215;123m▀[0m[38;2;222;211;132m[48;2;144;138;86m▀[0m[38;2;145;135;54m[48;2;222;211;123m▀[0m[38;2;66;65;66m[48;2;222;211;132m▀[0m[38;2;66;65;66m[48;2;66;65;66m▀[0m[38;2;0;24;16m[48;2;255;255;198m▀[0m[38;2;198;105;115m[48;2;194;193;148m▀[0m[38;2;255;255;255m[48;2;76;79;129m▀[0m[38;2;66;65;66m[48;2;76;79;129m▀[0m[38;2;76;79;129m[48;2;66;65;66m▀[0m[38;2;76;79;129m[48;2;198;93;107m▀[0m[38;2;198;93;107m[48;2;170;113;115m▀[0m[38;2;127;76;107m[48;2;140;69;107m▀[0m[38;2;222;211;132m[48;2;225;210;131m▀[0m[38;2;222;211;132m[48;2;225;210;131m▀[0m[38;2;222;211;132m[48;2;66;63;71m▀[0m[38;2;66;65;66m[48;2;198;93;115m▀[0m[38;2;140;73;107m[48;2;162;106;93m▀[0m[38;2;162;106;93m[48;2;140;73;107m▀[0m[38;2;120;88;84m[48;2;198;174;74m▀[0m[38;2;82;48;90m[48;2;74;56;74m▀[0m[38;2;222;207;132m[48;2;222;211;132m▀[0m[38;2;222;207;132m[48;2;222;211;132m▀[0m[38;2;222;211;132m[48;2;222;211;132m▀[0m[38;2;222;211;132m[48;2;222;211;132m▀[0m[38;2;225;210;131m[48;2;145;135;54m▀[0m[38;2;225;210;131m[48;2;145;135;54m▀[0m[38;2;222;211;132m[48;2;156;125;98m▀[0m[38;2;145;135;54m[48;2;222;215;115m▀[0m[38;2;144;138;86m[48;2;222;211;132m▀[0m[38;2;222;211;123m[48;2;222;211;132m▀[0m[38;2;66;65;66m[48;2;40;44;63m▀[0m[38;2;88;97;186m[48;2;90;101;189m▀[0m[38;2;87;97;189m[48;2;87;97;189m▀[0m[38;2;87;97;189m[48;2;87;97;189m▀[0m[38;2;0;4;0m[48;2;90;97;189m▀[0m[38;2;0;4;0m▄ 
[38;2;0;4;0m[48;2;0;4;0m▀[0m[38;2;148;138;57m[48;2;148;139;76m▀[0m[38;2;144;136;53m[48;2;222;211;132m▀[0m[38;2;144;136;53m[48;2;145;135;54m▀[0m[38;2;66;65;66m[48;2;66;65;66m▀[0m[38;2;192;181;66m[48;2;192;181;66m▀[0m[38;2;189;178;66m[48;2;66;65;66m▀[0m[38;2;73;67;71m[48;2;192;181;66m▀[0m[38;2;178;166;101m[48;2;222;211;132m▀[0m[38;2;231;215;123m[48;2;222;211;132m▀[0m[38;2;222;211;123m[48;2;222;211;132m▀[0m[38;2;66;65;49m[48;2;222;211;132m▀[0m[38;2;66;65;66m[48;2;66;65;66m▀[0m[38;2;66;65;66m[48;2;222;223;222m▀[0m[38;2;74;69;49m[48;2;66;65;66m▀[0m[38;2;74;69;49m[48;2;198;93;107m▀[0m[38;2;198;93;107m[48;2;170;113;115m▀[0m[38;2;198;93;107m[48;2;140;69;107m▀[0m[38;2;198;93;107m[48;2;128;78;110m▀[0m[38;2;198;93;107m[48;2;128;78;110m▀[0m[38;2;140;69;107m[48;2;225;210;131m▀[0m[38;2;231;203;132m[48;2;225;210;131m▀[0m[38;2;225;210;131m[48;2;231;219;107m▀[0m[38;2;225;210;131m[48;2;66;69;57m▀[0m[38;2;66;63;71m[48;2;192;181;66m▀[0m[38;2;132;78;93m[48;2;192;181;66m▀[0m[38;2;140;73;107m[48;2;198;174;74m▀[0m[38;2;206;174;66m[48;2;74;56;74m▀[0m[38;2;74;56;74m[48;2;127;77;107m▀[0m[38;2;115;95;74m[48;2;127;77;107m▀[0m[38;2;66;65;66m[48;2;66;65;49m▀[0m[38;2;222;211;132m[48;2;144;138;86m▀[0m[38;2;145;135;54m[48;2;222;211;132m▀[0m[38;2;222;211;132m[48;2;222;211;132m▀[0m[38;2;222;211;132m[48;2;127;76;107m▀[0m[38;2;222;211;132m[48;2;127;76;107m▀[0m[38;2;123;81;90m[48;2;198;93;115m▀[0m[38;2;123;81;90m[48;2;132;78;95m▀[0m[38;2;222;211;132m[48;2;66;65;66m▀[0m[38;2;66;65;66m[48;2;66;74;126m▀[0m[38;2;65;72;126m[48;2;0;4;0m▀[0m[38;2;16;16;0m▀[38;2;87;97;189m[48;2;0;4;0m▀[0m[38;2;87;97;189m[48;2;90;97;189m▀[0m[38;2;90;97;189m[48;2;87;97;189m▀[0m[38;2;0;4;0m[48;2;87;97;189m▀[0m[38;2;0;4;0m▄
[38;2;0;4;0m[48;2;0;4;0m▀[0m[38;2;222;207;115m[48;2;222;211;132m▀[0m[38;2;222;211;132m[48;2;0;4;0m▀[0m[38;2;145;135;54m[48;2;66;64;66m▀[0m[38;2;66;65;66m[48;2;144;136;53m▀[0m[38;2;66;65;66m[48;2;66;65;66m▀[0m[38;2;192;181;66m[48;2;189;178;66m▀[0m[38;2;66;65;66m[48;2;189;178;66m▀[0m[38;2;222;211;132m[48;2;74;69;66m▀[0m[38;2;66;65;66m[48;2;84;98;186m▀[0m[38;2;66;65;66m[48;2;222;223;222m▀[0m[38;2;66;65;66m[48;2;222;223;222m▀[0m[38;2;222;223;222m[48;2;66;65;66m▀[0m[38;2;66;65;66m[48;2;66;65;66m▀[0m[38;2;198;93;107m[48;2;198;93;107m▀[0m[38;2;198;93;107m[48;2;198;93;107m▀[0m[38;2;140;69;107m[48;2;148;65;107m▀[0m[38;2;231;203;132m[48;2;231;207;132m▀[0m[38;2;222;211;132m[48;2;198;93;107m▀[0m[38;2;222;211;132m[48;2;198;93;107m▀[0m[38;2;225;210;131m[48;2;222;211;132m▀[0m[38;2;225;210;131m[48;2;222;211;132m▀[0m[38;2;66;69;57m[48;2;66;65;66m▀[0m[38;2;176;169;90m[48;2;192;181;66m▀[0m[38;2;192;181;66m[48;2;66;65;66m▀[0m[38;2;66;65;66m[48;2;127;77;107m▀[0m[38;2;74;56;74m[48;2;121;105;96m▀[0m[38;2;115;95;74m[48;2;66;56;74m▀[0m[38;2;127;77;107m[48;2;74;48;74m▀[0m[38;2;66;65;66m[48;2;222;207;132m▀[0m[38;2;222;211;123m[48;2;231;203;132m▀[0m[38;2;222;211;123m[48;2;140;69;107m▀[0m[38;2;128;78;110m[48;2;198;93;107m▀[0m[38;2;128;78;110m[48;2;198;93;107m▀[0m[38;2;198;93;107m[48;2;121;105;96m▀[0m[38;2;198;93;107m[48;2;66;56;74m▀[0m[38;2;132;78;95m[48;2;66;65;66m▀[0m[38;2;66;63;76m[48;2;222;211;132m▀[0m[38;2;66;65;66m[48;2;222;211;132m▀[0m[38;2;66;74;126m[48;2;66;69;82m▀[0m[38;2;66;73;127m[48;2;66;74;126m▀[0m[38;2;0;4;0m[48;2;0;4;0m▀[0m [38;2;0;4;0m[48;2;0;4;0m▀[0m[38;2;87;97;189m[48;2;90;97;189m▀[0m[38;2;87;97;189m[48;2;0;4;0m▀[0m[38;2;0;4;0m▀
 [38;2;0;4;0m▀[38;2;0;4;0m▄[38;2;0;4;0m[48;2;148;136;54m▀[0m[38;2;144;136;53m[48;2;148;138;57m▀[0m[38;2;144;136;53m[48;2;0;4;0m▀[0m[38;2;0;4;0m▀[38;2;189;178;66m[48;2;0;4;0m▀[0m[38;2;74;69;66m[48;2;192;181;62m▀[0m[38;2;74;69;66m[48;2;99;73;74m▀[0m[38;2;66;65;66m[48;2;132;77;107m▀[0m[38;2;66;65;66m[48;2;66;69;66m▀[0m[38;2;66;65;66m[48;2;127;76;107m▀[0m[38;2;198;93;107m[48;2;198;93;107m▀[0m[38;2;198;93;107m[48;2;148;60;99m▀[0m[38;2;127;76;107m[48;2;239;203;132m▀[0m[38;2;231;207;132m[48;2;198;93;107m▀[0m[38;2;175;112;115m[48;2;198;93;107m▀[0m[38;2;198;93;107m[48;2;222;211;132m▀[0m[38;2;222;211;132m[48;2;222;211;132m▀[0m[38;2;222;211;132m[48;2;66;65;66m▀[0m[38;2;66;65;66m[48;2;192;181;66m▀[0m[38;2;192;181;66m[48;2;198;174;74m▀[0m[38;2;192;181;66m[48;2;74;56;74m▀[0m[38;2;66;65;66m[48;2;66;56;74m▀[0m[38;2;66;65;66m[48;2;231;203;140m▀[0m[38;2;66;56;74m[48;2;231;203;140m▀[0m[38;2;231;203;140m[48;2;121;105;96m▀[0m[38;2;222;207;132m[48;2;132;78;93m▀[0m[38;2;123;101;93m[48;2;198;93;115m▀[0m[38;2;140;69;107m[48;2;198;93;107m▀[0m[38;2;170;113;115m[48;2;127;76;107m▀[0m[38;2;198;93;107m[48;2;198;93;107m▀[0m[38;2;127;76;107m[48;2;127;76;107m▀[0m[38;2;66;56;74m[48;2;225;210;131m▀[0m[38;2;231;203;140m[48;2;225;210;131m▀[0m[38;2;222;211;132m[48;2;222;207;140m▀[0m[38;2;222;211;132m[48;2;74;69;57m▀[0m[38;2;66;69;82m[48;2;66;74;126m▀[0m[38;2;66;69;82m[48;2;66;74;126m▀[0m[38;2;66;74;126m[48;2;0;4;0m▀[0m[38;2;0;4;0m▀ [38;2;0;4;0m▀[38;2;90;97;189m[48;2;0;4;0m▀[0m[38;2;0;4;0m▀ 
  [38;2;0;4;0m▀[38;2;148;136;54m[48;2;0;4;0m▀[0m[38;2;0;4;0m▀  [38;2;0;4;0m▀[38;2;192;181;62m[48;2;0;4;0m▀[0m[38;2;192;181;62m[48;2;189;178;66m▀[0m[38;2;88;71;79m[48;2;192;181;62m▀[0m[38;2;132;77;107m[48;2;99;73;74m▀[0m[38;2;198;93;107m[48;2;170;113;115m▀[0m[38;2;198;93;107m[48;2;140;69;107m▀[0m[38;2;178;107;110m[48;2;222;211;132m▀[0m[38;2;178;107;110m[48;2;222;211;132m▀[0m[38;2;198;93;107m[48;2;247;195;132m▀[0m[38;2;222;211;132m[48;2;74;56;66m▀[0m[38;2;66;65;66m[48;2;129;75;110m▀[0m[38;2;66;65;66m[48;2;189;178;66m▀[0m[38;2;192;181;66m[48;2;192;181;66m▀[0m[38;2;192;181;66m[48;2;192;181;66m▀[0m[38;2;74;56;74m[48;2;66;65;66m▀[0m[38;2;115;95;74m[48;2;66;65;66m▀[0m[38;2;121;105;96m[48;2;115;92;104m▀[0m[38;2;66;56;74m[48;2;115;92;104m▀[0m[38;2;66;56;74m[48;2;121;105;96m▀[0m[38;2;66;56;74m[48;2;66;56;74m▀[0m[38;2;66;63;71m[48;2;222;211;132m▀[0m[38;2;66;63;71m[48;2;222;211;132m▀[0m[38;2;127;76;107m[48;2;127;76;107m▀[0m[38;2;198;93;107m[48;2;198;93;107m▀[0m[38;2;198;93;107m[48;2;121;105;96m▀[0m[38;2;127;76;107m[48;2;231;203;140m▀[0m[38;2;225;210;131m[48;2;74;74;71m▀[0m[38;2;225;210;131m[48;2;0;0;0m▀[0m[38;2;0;0;16m▀[38;2;74;69;57m[48;2;0;4;0m▀[0m[38;2;66;74;126m[48;2;66;73;127m▀[0m[38;2;66;74;126m[48;2;0;4;0m▀[0m[38;2;0;4;0m▀      
         [38;2;0;4;0m[48;2;0;4;0m▀[0m[38;2;192;181;62m[48;2;74;56;74m▀[0m[38;2;192;181;62m[48;2;198;174;74m▀[0m[38;2;140;69;107m[48;2;222;211;132m▀[0m[38;2;231;203;132m[48;2;222;211;132m▀[0m[38;2;222;211;132m[48;2;74;52;82m▀[0m[38;2;66;65;66m[48;2;198;178;66m▀[0m[38;2;74;56;66m[48;2;127;76;107m▀[0m[38;2;160;125;99m[48;2;198;93;107m▀[0m[38;2;129;75;110m[48;2;162;130;74m▀[0m[38;2;129;75;110m[48;2;206;170;74m▀[0m[38;2;192;181;66m[48;2;66;65;66m▀[0m[38;2;66;65;66m[48;2;144;136;53m▀[0m[38;2;66;65;66m[48;2;66;65;66m▀[0m[38;2;66;74;126m[48;2;66;74;126m▀[0m[38;2;156;134;140m[48;2;66;65;66m▀[0m[38;2;74;50;68m[48;2;214;203;148m▀[0m[38;2;66;56;74m[48;2;127;77;107m▀[0m[38;2;231;203;140m[48;2;127;77;107m▀[0m[38;2;128;78;110m[48;2;198;101;123m▀[0m[38;2;128;78;110m[48;2;132;70;84m▀[0m[38;2;198;93;107m[48;2;0;4;0m▀[0m[38;2;127;76;107m[48;2;0;4;0m▀[0m[38;2;66;56;74m[48;2;0;4;0m▀[0m[38;2;66;56;74m[48;2;222;223;214m▀[0m[38;2;222;223;214m[48;2;222;223;222m▀[0m[38;2;0;0;0m[48;2;0;4;0m▀[0m  [38;2;0;4;0m▀        
         [38;2;0;4;0m▀[38;2;115;95;74m[48;2;0;8;0m▀[0m[38;2;74;56;74m[48;2;123;81;107m▀[0m[38;2;66;65;66m[48;2;192;180;63m▀[0m[38;2;66;65;66m[48;2;192;180;63m▀[0m[38;2;198;178;66m[48;2;148;69;115m▀[0m[38;2;115;94;76m[48;2;164;105;98m▀[0m[38;2;198;93;107m[48;2;115;94;76m▀[0m[38;2;127;76;107m[48;2;198;178;66m▀[0m[38;2;206;170;74m[48;2;82;60;90m▀[0m[38;2;74;52;74m[48;2;148;134;57m▀[0m[38;2;144;136;53m[48;2;107;101;33m▀[0m[38;2;66;65;66m[48;2;93;93;82m▀[0m[38;2;66;74;126m[48;2;66;65;66m▀[0m[38;2;66;74;126m[48;2;120;124;164m▀[0m[38;2;164;157;120m[48;2;148;146;140m▀[0m[38;2;66;65;66m[48;2;0;0;0m▀[0m[38;2;0;4;0m▀[38;2;0;4;0m▀[38;2;0;8;8m▀[38;2;0;8;8m▀ [38;2;0;4;0m▄[38;2;0;4;0m[48;2;222;223;222m▀[0m[38;2;148;150;142m[48;2;222;223;222m▀[0m[38;2;222;223;222m[48;2;0;4;0m▀[0m[38;2;0;4;0m▀           
          [38;2;0;8;0m▀[38;2;82;56;71m[48;2;0;4;0m▀[0m[38;2;192;180;63m[48;2;66;65;66m▀[0m[38;2;192;180;63m[48;2;189;178;57m▀[0m[38;2;198;178;66m[48;2;189;178;66m▀[0m[38;2;198;178;66m[48;2;73;67;71m▀[0m[38;2;198;178;66m[48;2;66;65;66m▀[0m[38;2;74;52;82m[48;2;144;136;53m▀[0m[38;2;104;84;79m[48;2;127;77;107m▀[0m[38;2;148;134;57m[48;2;0;4;0m▀[0m[38;2;93;93;82m[48;2;0;4;0m▀[0m[38;2;66;77;181m[48;2;90;97;189m▀[0m[38;2;120;124;164m[48;2;87;97;189m▀[0m[38;2;66;65;66m[48;2;87;97;189m▀[0m[38;2;148;146;140m[48;2;49;54;90m▀[0m[38;2;74;73;70m[48;2;90;101;181m▀[0m[38;2;0;4;0m[48;2;0;4;0m▀[0m   [38;2;0;4;0m▀[38;2;66;64;66m[48;2;0;4;0m▀[0m[38;2;66;65;66m[48;2;0;4;0m▀[0m[38;2;66;65;66m[48;2;0;4;0m▀[0m[38;2;0;4;0m▀            
           [38;2;0;4;0m▀[38;2;148;140;60m[48;2;0;4;0m▀[0m[38;2;66;65;66m[48;2;148;138;57m▀[0m[38;2;73;67;71m[48;2;109;77;93m▀[0m[38;2;73;67;71m[48;2;109;77;93m▀[0m[38;2;144;136;53m[48;2;148;138;57m▀[0m[38;2;144;136;53m[48;2;0;4;0m▀[0m[38;2;0;4;0m▀ [38;2;0;4;0m▄[38;2;0;4;0m[48;2;66;64;66m▀[0m[38;2;87;97;189m[48;2;66;65;66m▀[0m[38;2;87;97;189m[48;2;88;97;186m▀[0m[38;2;90;101;181m[48;2;0;4;0m▀[0m[38;2;8;8;0m▀                     
             [38;2;0;4;0m▀[38;2;145;138;54m[48;2;0;4;0m▀[0m[38;2;145;138;54m[48;2;0;4;0m▀[0m[38;2;0;4;0m▀   [38;2;0;4;0m▀[38;2;66;64;66m[48;2;0;4;0m▀[0m[38;2;66;65;66m[48;2;0;4;0m▀[0m[38;2;66;65;66m[48;2;0;4;0m▀[0m[38;2;0;4;0m▀                      
[0m