           [38;2;7;7;7m▄[38;2;7;7;7m[48;2;213;90;98m▀[0m[38;2;7;7;7m[48;2;241;125;158m▀[0m[38;2;7;7;7m[48;2;241;125;158m▀[0m[38;2;7;7;7m▄[38;2;7;7;7m▄         [38;2;7;7;7m▄[38;2;7;7;7m▄[38;2;7;7;7m▄  [38;2;7;7;7m▄  
       [38;2;7;7;7m▄[38;2;7;7;7m▄[38;2;7;7;7m[48;2;213;90;98m▀[0m[38;2;7;7;7m[48;2;66;66;66m▀[0m[38;2;213;90;98m[48;2;213;90;98m▀[0m[38;2;213;90;98m[48;2;66;66;66m▀[0m[38;2;66;66;66m[48;2;241;125;158m▀[0m[38;2;241;125;158m[48;2;243;243;243m▀[0m[38;2;241;125;158m[48;2;243;243;243m▀[0m[38;2;243;243;243m[48;2;243;243;243m▀[0m[38;2;7;7;7m[48;2;212;192;192m▀[0m[38;2;7;7;7m▄[38;2;7;7;7m▄[38;2;7;7;7m▄[38;2;7;7;7m[48;2;243;243;243m▀[0m[38;2;7;7;7m[48;2;243;243;243m▀[0m[38;2;7;7;7m[48;2;243;243;243m▀[0m[38;2;7;7;7m▄[38;2;7;7;7m[48;2;241;125;158m▀[0m[38;2;241;125;158m[48;2;241;125;158m▀[0m[38;2;213;90;98m[48;2;7;7;7m▀[0m[38;2;213;90;98m[48;2;7;7;7m▀[0m[38;2;7;7;7m[48;2;213;90;98m▀[0m[38;2;7;7;7m[48;2;213;90;98m▀[0m[38;2;213;90;98m[48;2;7;7;7m▀[0m[38;2;7;7;7m▀ 
      [38;2;7;7;7m▄[38;2;7;7;7m[48;2;213;90;98m▀[0m[38;2;213;90;98m[48;2;66;66;66m▀[0m[38;2;213;90;98m[48;2;66;66;66m▀[0m[38;2;66;66;66m[48;2;243;243;243m▀[0m[38;2;213;90;98m[48;2;66;66;66m▀[0m[38;2;66;66;66m[48;2;213;90;98m▀[0m[38;2;243;243;243m[48;2;66;66;66m▀[0m[38;2;243;243;243m[48;2;243;243;243m▀[0m[38;2;243;243;243m[48;2;243;243;243m▀[0m[38;2;243;243;243m[48;2;243;243;243m▀[0m[38;2;243;243;243m[48;2;243;243;243m▀[0m[38;2;66;66;66m[48;2;212;192;192m▀[0m[38;2;212;192;192m[48;2;66;66;66m▀[0m[38;2;243;243;243m[48;2;243;243;243m▀[0m[38;2;243;243;243m[48;2;243;243;243m▀[0m[38;2;243;243;243m[48;2;243;243;243m▀[0m[38;2;243;243;243m[48;2;243;243;243m▀[0m[38;2;243;243;243m[48;2;212;192;192m▀[0m[38;2;241;125;158m[48;2;66;66;66m▀[0m[38;2;7;7;7m[48;2;243;243;243m▀[0m[38;2;7;7;7m▄ [38;2;7;7;7m▀[38;2;7;7;7m▀   
     [38;2;7;7;7m▄[38;2;7;7;7m[48;2;241;125;158m▀[0m[38;2;66;66;66m[48;2;241;125;158m▀[0m[38;2;241;125;158m[48;2;243;243;243m▀[0m[38;2;243;243;243m[48;2;243;243;243m▀[0m[38;2;243;243;243m[48;2;243;243;243m▀[0m[38;2;243;243;243m[48;2;243;243;243m▀[0m[38;2;66;66;66m[48;2;243;243;243m▀[0m[38;2;243;243;243m[48;2;243;243;243m▀[0m[38;2;243;243;243m[48;2;243;243;243m▀[0m[38;2;243;243;243m[48;2;243;243;243m▀[0m[38;2;243;243;243m[48;2;243;243;243m▀[0m[38;2;243;243;243m[48;2;243;243;243m▀[0m[38;2;243;243;243m[48;2;243;243;243m▀[0m[38;2;66;66;66m[48;2;212;192;192m▀[0m[38;2;243;243;243m[48;2;243;243;243m▀[0m[38;2;243;243;243m[48;2;243;243;243m▀[0m[38;2;243;243;243m[48;2;243;243;243m▀[0m[38;2;212;192;192m[48;2;243;243;243m▀[0m[38;2;243;243;243m[48;2;243;243;243m▀[0m[38;2;243;243;243m[48;2;243;243;243m▀[0m[38;2;243;243;243m[48;2;243;243;243m▀[0m[38;2;243;243;243m[48;2;243;243;243m▀[0m[38;2;7;7;7m[48;2;7;7;7m▀[0m     
[38;2;7;7;7m▄[38;2;7;7;7m[48;2;213;90;98m▀[0m[38;2;7;7;7m▄ [38;2;7;7;7m[48;2;7;7;7m▀[0m[38;2;213;90;98m[48;2;213;90;98m▀[0m[38;2;241;125;158m[48;2;213;90;98m▀[0m[38;2;241;125;158m[48;2;66;66;66m▀[0m[38;2;146;140;145m[48;2;243;243;243m▀[0m[38;2;243;243;243m[48;2;243;243;243m▀[0m[38;2;243;243;243m[48;2;243;243;243m▀[0m[38;2;243;243;243m[48;2;243;243;243m▀[0m[38;2;243;243;243m[48;2;66;66;66m▀[0m[38;2;243;243;243m[48;2;212;192;192m▀[0m[38;2;212;192;192m[48;2;243;243;243m▀[0m[38;2;243;243;243m[48;2;243;243;243m▀[0m[38;2;243;243;243m[48;2;66;66;66m▀[0m[38;2;243;243;243m[48;2;66;66;66m▀[0m[38;2;243;243;243m[48;2;66;66;66m▀[0m[38;2;243;243;243m[48;2;243;243;243m▀[0m[38;2;243;243;243m[48;2;243;243;243m▀[0m[38;2;243;243;243m[48;2;243;243;243m▀[0m[38;2;212;192;192m[48;2;243;243;243m▀[0m[38;2;212;192;192m[48;2;243;243;243m▀[0m[38;2;243;243;243m[48;2;212;192;192m▀[0m[38;2;243;243;243m[48;2;66;66;66m▀[0m[38;2;243;243;243m[48;2;243;243;243m▀[0m[38;2;243;243;243m[48;2;243;243;243m▀[0m[38;2;243;243;243m[48;2;243;243;243m▀[0m[38;2;7;7;7m[48;2;7;7;7m▀[0m    
 [38;2;7;7;7m[48;2;7;7;7m▀[0m[38;2;213;90;98m[48;2;213;90;98m▀[0m[38;2;7;7;7m[48;2;66;66;66m▀[0m[38;2;213;90;98m[48;2;213;90;98m▀[0m[38;2;213;90;98m[48;2;66;66;66m▀[0m[38;2;66;66;66m[48;2;146;140;145m▀[0m[38;2;243;243;243m[48;2;243;243;243m▀[0m[38;2;243;243;243m[48;2;243;243;243m▀[0m[38;2;243;243;243m[48;2;66;66;66m▀[0m[38;2;66;66;66m[48;2;241;125;158m▀[0m[38;2;66;66;66m[48;2;241;125;158m▀[0m[38;2;243;243;243m[48;2;243;243;243m▀[0m[38;2;243;243;243m[48;2;66;66;66m▀[0m[38;2;66;66;66m[48;2;191;193;191m▀[0m[38;2;66;66;66m[48;2;191;193;191m▀[0m[38;2;241;125;158m[48;2;90;91;90m▀[0m[38;2;241;125;158m[48;2;241;125;158m▀[0m[38;2;66;66;66m[48;2;66;66;66m▀[0m[38;2;243;243;243m[48;2;243;243;243m▀[0m[38;2;243;243;243m[48;2;243;243;243m▀[0m[38;2;243;243;243m[48;2;243;243;243m▀[0m[38;2;243;243;243m[48;2;243;243;243m▀[0m[38;2;243;243;243m[48;2;243;243;243m▀[0m[38;2;243;243;243m[48;2;212;192;192m▀[0m[38;2;243;243;243m[48;2;243;243;243m▀[0m[38;2;66;66;66m[48;2;243;243;243m▀[0m[38;2;66;66;66m[48;2;212;192;192m▀[0m[38;2;243;243;243m[48;2;66;66;66m▀[0m[38;2;7;7;7m[48;2;66;66;66m▀[0m[38;2;7;7;7m▄   
[38;2;7;7;7m[48;2;7;7;7m▀[0m[38;2;213;90;98m[48;2;213;90;98m▀[0m[38;2;66;66;66m[48;2;213;90;98m▀[0m[38;2;66;66;66m[48;2;241;125;158m▀[0m[38;2;213;90;98m[48;2;66;66;66m▀[0m[38;2;66;66;66m[48;2;241;125;158m▀[0m[38;2;243;243;243m[48;2;241;125;158m▀[0m[38;2;243;243;243m[48;2;243;243;243m▀[0m[38;2;66;66;66m[48;2;66;66;66m▀[0m[38;2;213;90;98m[48;2;213;90;98m▀[0m[38;2;241;125;158m[48;2;66;66;66m▀[0m[38;2;66;66;66m[48;2;191;193;191m▀[0m[38;2;66;66;66m[48;2;191;193;191m▀[0m[38;2;191;193;191m[48;2;191;193;191m▀[0m[38;2;117;117;117m[48;2;191;193;191m▀[0m[38;2;117;117;117m[48;2;90;91;90m▀[0m[38;2;90;91;90m[48;2;191;193;191m▀[0m[38;2;66;66;66m[48;2;66;66;66m▀[0m[38;2;243;243;243m[48;2;243;243;243m▀[0m[38;2;243;243;243m[48;2;212;192;192m▀[0m[38;2;243;243;243m[48;2;66;66;66m▀[0m[38;2;243;243;243m[48;2;66;66;66m▀[0m[38;2;66;66;66m[48;2;243;243;243m▀[0m[38;2;66;66;66m[48;2;66;66;66m▀[0m[38;2;243;243;243m[48;2;212;192;192m▀[0m[38;2;212;192;192m[48;2;212;192;192m▀[0m[38;2;212;192;192m[48;2;212;192;192m▀[0m[38;2;212;192;192m[48;2;212;192;192m▀[0m[38;2;212;192;192m[48;2;213;90;98m▀[0m[38;2;213;90;98m[48;2;7;7;7m▀[0m[38;2;213;90;98m[48;2;213;90;98m▀[0m[38;2;7;7;7m[48;2;213;90;98m▀[0m[38;2;7;7;7m▄ 
 [38;2;7;7;7m▀[38;2;241;125;158m[48;2;7;7;7m▀[0m[38;2;241;125;158m[48;2;7;7;7m▀[0m[38;2;66;66;66m[48;2;7;7;7m▀[0m[38;2;241;125;158m[48;2;241;125;158m▀[0m[38;2;241;125;158m[48;2;241;125;158m▀[0m[38;2;243;243;243m[48;2;241;125;158m▀[0m[38;2;146;140;145m[48;2;66;66;66m▀[0m[38;2;66;66;66m[48;2;191;193;191m▀[0m[38;2;191;193;191m[48;2;191;193;191m▀[0m[38;2;191;193;191m[48;2;213;90;98m▀[0m[38;2;191;193;191m[48;2;241;125;158m▀[0m[38;2;213;90;98m[48;2;241;125;158m▀[0m[38;2;191;193;191m[48;2;191;193;191m▀[0m[38;2;191;193;191m[48;2;191;193;191m▀[0m[38;2;66;66;66m[48;2;66;66;66m▀[0m[38;2;212;192;192m[48;2;66;66;66m▀[0m[38;2;212;192;192m[48;2;66;66;66m▀[0m[38;2;66;66;66m[48;2;241;125;158m▀[0m[38;2;243;243;243m[48;2;243;243;243m▀[0m[38;2;243;243;243m[48;2;212;192;192m▀[0m[38;2;66;66;66m[48;2;66;66;66m▀[0m[38;2;212;192;192m[48;2;212;192;192m▀[0m[38;2;212;192;192m[48;2;66;66;66m▀[0m[38;2;212;192;192m[48;2;66;66;66m▀[0m[38;2;66;66;66m[48;2;213;90;98m▀[0m[38;2;66;66;66m[48;2;213;90;98m▀[0m[38;2;7;7;7m[48;2;7;7;7m▀[0m [38;2;7;7;7m▀[38;2;213;90;98m[48;2;7;7;7m▀[0m[38;2;7;7;7m[48;2;213;90;98m▀[0m[38;2;7;7;7m▄
     [38;2;7;7;7m[48;2;7;7;7m▀[0m[38;2;241;125;158m[48;2;241;125;158m▀[0m[38;2;213;90;98m[48;2;66;66;66m▀[0m[38;2;66;66;66m[48;2;191;193;191m▀[0m[38;2;191;193;191m[48;2;241;125;158m▀[0m[38;2;234;207;25m[48;2;7;7;7m▀[0m[38;2;234;207;25m[48;2;234;207;25m▀[0m[38;2;243;243;243m[48;2;241;125;158m▀[0m[38;2;241;125;158m[48;2;146;140;145m▀[0m[38;2;191;193;191m[48;2;146;140;145m▀[0m[38;2;191;193;191m[48;2;66;66;66m▀[0m[38;2;66;66;66m[48;2;213;90;98m▀[0m[38;2;241;125;158m[48;2;213;90;98m▀[0m[38;2;241;125;158m[48;2;241;125;158m▀[0m[38;2;241;125;158m[48;2;66;66;66m▀[0m[38;2;241;125;158m[48;2;66;66;66m▀[0m[38;2;66;66;66m[48;2;191;193;191m▀[0m[38;2;66;66;66m[48;2;191;193;191m▀[0m[38;2;66;66;66m[48;2;191;193;191m▀[0m[38;2;241;125;158m[48;2;241;125;158m▀[0m[38;2;213;90;98m[48;2;7;7;7m▀[0m[38;2;7;7;7m▀[38;2;7;7;7m▀   [38;2;7;7;7m▀[38;2;7;7;7m▀ 
[38;2;7;7;7m▄[38;2;7;7;7m[48;2;213;90;98m▀[0m[38;2;7;7;7m▄[38;2;7;7;7m▄[38;2;7;7;7m[48;2;213;90;98m▀[0m[38;2;213;90;98m[48;2;213;90;98m▀[0m[38;2;213;90;98m[48;2;66;66;66m▀[0m[38;2;66;66;66m[48;2;191;193;191m▀[0m[38;2;191;193;191m[48;2;191;193;191m▀[0m[38;2;191;193;191m[48;2;191;193;191m▀[0m[38;2;191;193;191m[48;2;66;66;66m▀[0m[38;2;191;193;191m[48;2;66;66;66m▀[0m[38;2;146;140;145m[48;2;66;66;66m▀[0m[38;2;146;140;145m[48;2;66;66;66m▀[0m[38;2;66;66;66m[48;2;213;90;98m▀[0m[38;2;213;90;98m[48;2;66;66;66m▀[0m[38;2;66;66;66m[48;2;90;91;90m▀[0m[38;2;66;66;66m[48;2;66;66;66m▀[0m[38;2;66;66;66m[48;2;191;193;191m▀[0m[38;2;191;193;191m[48;2;191;193;191m▀[0m[38;2;213;90;98m[48;2;191;193;191m▀[0m[38;2;213;90;98m[48;2;213;90;98m▀[0m[38;2;191;193;191m[48;2;213;90;98m▀[0m[38;2;146;140;145m[48;2;7;7;7m▀[0m[38;2;191;193;191m[48;2;7;7;7m▀[0m[38;2;7;7;7m▀        
 [38;2;7;7;7m▀[38;2;213;90;98m[48;2;7;7;7m▀[0m[38;2;213;90;98m[48;2;66;66;66m▀[0m[38;2;213;90;98m[48;2;66;66;66m▀[0m[38;2;66;66;66m[48;2;146;140;145m▀[0m[38;2;66;66;66m[48;2;160;62;74m▀[0m[38;2;66;66;66m[48;2;160;62;74m▀[0m[38;2;66;66;66m[48;2;146;140;145m▀[0m[38;2;66;66;66m[48;2;146;140;145m▀[0m[38;2;146;140;145m[48;2;146;140;145m▀[0m[38;2;146;140;145m[48;2;7;7;7m▀[0m[38;2;7;7;7m▀[38;2;213;90;98m[48;2;7;7;7m▀[0m[38;2;160;62;74m[48;2;7;7;7m▀[0m[38;2;213;90;98m[48;2;7;7;7m▀[0m[38;2;66;66;66m[48;2;66;66;66m▀[0m[38;2;66;66;66m[48;2;90;91;90m▀[0m[38;2;191;193;191m[48;2;66;66;66m▀[0m[38;2;90;91;90m[48;2;117;117;117m▀[0m[38;2;66;66;66m[48;2;66;66;66m▀[0m[38;2;191;193;191m[48;2;66;66;66m▀[0m[38;2;66;66;66m[48;2;66;66;66m▀[0m[38;2;7;7;7m[48;2;146;140;145m▀[0m[38;2;7;7;7m▄         
  [38;2;7;7;7m▀[38;2;117;117;117m[48;2;7;7;7m▀[0m[38;2;90;91;90m[48;2;7;7;7m▀[0m[38;2;191;193;191m[48;2;117;117;117m▀[0m[38;2;191;193;191m[48;2;146;140;145m▀[0m[38;2;146;140;145m[48;2;7;7;7m▀[0m[38;2;146;140;145m[48;2;7;7;7m▀[0m[38;2;213;90;98m[48;2;213;90;98m▀[0m[38;2;7;7;7m[48;2;7;7;7m▀[0m   [38;2;7;7;7m▄[38;2;7;7;7m▄[38;2;7;7;7m[48;2;146;140;145m▀[0m[38;2;66;66;66m[48;2;66;66;66m▀[0m[38;2;146;140;145m[48;2;146;140;145m▀[0m[38;2;90;91;90m[48;2;66;66;66m▀[0m[38;2;66;66;66m[48;2;191;193;191m▀[0m[38;2;146;140;145m[48;2;146;140;145m▀[0m[38;2;146;140;145m[48;2;7;7;7m▀[0m[38;2;7;7;7m▀   [38;2;7;7;7m▄      
     [38;2;7;7;7m▀[38;2;7;7;7m▀  [38;2;7;7;7m▀  [38;2;7;7;7m▄[38;2;7;7;7m[48;2;160;62;74m▀[0m[38;2;160;62;74m[48;2;160;62;74m▀[0m[38;2;160;62;74m[48;2;146;140;145m▀[0m[38;2;146;140;145m[48;2;146;140;145m▀[0m[38;2;146;140;145m[48;2;66;66;66m▀[0m[38;2;66;66;66m[48;2;7;7;7m▀[0m[38;2;191;193;191m[48;2;7;7;7m▀[0m[38;2;146;140;145m[48;2;191;193;191m▀[0m[38;2;191;193;191m[48;2;213;90;98m▀[0m[38;2;191;193;191m[48;2;213;90;98m▀[0m[38;2;7;7;7m[48;2;191;193;191m▀[0m[38;2;7;7;7m[48;2;191;193;191m▀[0m[38;2;7;7;7m▄[38;2;7;7;7m[48;2;146;140;145m▀[0m[38;2;146;140;145m[48;2;7;7;7m▀[0m[38;2;7;7;7m▀     
            [38;2;7;7;7m▀[38;2;146;140;145m[48;2;7;7;7m▀[0m[38;2;146;140;145m[48;2;66;66;66m▀[0m[38;2;66;66;66m[48;2;146;140;145m▀[0m[38;2;66;66;66m[48;2;7;7;7m▀[0m[38;2;7;7;7m▀  [38;2;7;7;7m▀[38;2;191;193;191m[48;2;7;7;7m▀[0m[38;2;213;90;98m[48;2;7;7;7m▀[0m[38;2;213;90;98m[48;2;66;66;66m▀[0m[38;2;66;66;66m[48;2;66;66;66m▀[0m[38;2;66;66;66m[48;2;146;140;145m▀[0m[38;2;146;140;145m[48;2;7;7;7m▀[0m[38;2;7;7;7m▀      
           [38;2;7;7;7m▄[38;2;7;7;7m[48;2;117;117;117m▀[0m[38;2;160;62;74m[48;2;90;91;90m▀[0m[38;2;146;140;145m[48;2;117;117;117m▀[0m[38;2;146;140;145m[48;2;7;7;7m▀[0m[38;2;146;140;145m[48;2;7;7;7m▀[0m[38;2;7;7;7m▀    [38;2;7;7;7m▄[38;2;7;7;7m[48;2;146;140;145m▀[0m[38;2;160;62;74m[48;2;90;91;90m▀[0m[38;2;146;140;145m[48;2;146;140;145m▀[0m[38;2;7;7;7m[48;2;7;7;7m▀[0m       
            [38;2;7;7;7m▀[38;2;7;7;7m▀[38;2;7;7;7m▀      [38;2;7;7;7m[48;2;7;7;7m▀[0m[38;2;117;117;117m[48;2;7;7;7m▀[0m[38;2;7;7;7m▀[38;2;117;117;117m[48;2;7;7;7m▀[0m[38;2;7;7;7m▀        
[0m