       [38;2;0;0;0m▄[38;2;0;0;0m[48;2;0;0;0m▀[0m[38;2;0;0;0m[48;2;0;0;0m▀[0m                  
      [38;2;0;0;0m[48;2;0;0;0m▀[0m[38;2;65;64;65m[48;2;0;0;0m▀[0m[38;2;0;0;0m▀    [38;2;0;0;0m▄[38;2;0;0;0m▄[38;2;0;0;0m[48;2;65;64;65m▀[0m[38;2;0;0;0m[48;2;65;64;65m▀[0m[38;2;0;0;0m▄          
     [38;2;0;0;0m[48;2;0;0;0m▀[0m[38;2;0;0;0m[48;2;65;64;65m▀[0m[38;2;0;0;0m[48;2;65;64;65m▀[0m[38;2;0;0;0m▄[38;2;0;0;0m▄  [38;2;0;0;0m[48;2;0;0;0m▀[0m[38;2;65;64;65m[48;2;65;64;65m▀[0m[38;2;65;64;65m[48;2;0;0;0m▀[0m[38;2;65;64;65m[48;2;0;0;0m▀[0m[38;2;0;0;0m▀        [38;2;0;0;0m▄[38;2;0;0;0m▄ 
   [38;2;0;0;0m▄[38;2;0;0;0m[48;2;106;107;98m▀[0m[38;2;106;107;98m[48;2;106;107;98m▀[0m[38;2;106;105;98m[48;2;180;222;90m▀[0m[38;2;106;105;98m[48;2;106;105;98m▀[0m[38;2;106;107;98m[48;2;106;107;98m▀[0m[38;2;106;107;98m[48;2;65;64;65m▀[0m[38;2;0;0;0m[48;2;106;107;98m▀[0m[38;2;0;0;0m[48;2;106;107;98m▀[0m[38;2;106;105;98m[48;2;106;105;98m▀[0m[38;2;71;70;65m[48;2;0;0;0m▀[0m[38;2;0;0;0m▀     [38;2;0;0;0m▄[38;2;0;0;0m[48;2;65;64;65m▀[0m[38;2;0;0;0m[48;2;123;157;65m▀[0m[38;2;0;0;0m[48;2;123;157;65m▀[0m[38;2;0;0;0m[48;2;180;222;90m▀[0m[38;2;180;222;90m[48;2;0;0;0m▀[0m[38;2;180;222;90m[48;2;0;0;0m▀[0m[38;2;0;0;0m▀
  [38;2;0;0;0m▄[38;2;0;0;0m[48;2;65;64;65m▀[0m[38;2;104;110;87m[48;2;104;110;87m▀[0m[38;2;180;218;98m[48;2;65;56;82m▀[0m[38;2;65;64;65m[48;2;255;255;255m▀[0m[38;2;65;64;65m[48;2;255;255;255m▀[0m[38;2;106;107;98m[48;2;65;64;65m▀[0m[38;2;106;107;98m[48;2;106;107;98m▀[0m[38;2;106;107;98m[48;2;0;0;0m▀[0m[38;2;0;0;0m[48;2;0;0;0m▀[0m[38;2;0;0;0m▀  [38;2;0;0;0m▄[38;2;0;0;0m▄  [38;2;0;0;0m▄[38;2;0;0;0m[48;2;0;0;0m▀[0m[38;2;123;157;65m[48;2;123;157;65m▀[0m[38;2;65;64;65m[48;2;0;0;0m▀[0m[38;2;0;0;0m▀[38;2;0;0;0m▀   
[38;2;0;0;0m▄[38;2;0;0;0m[48;2;65;64;65m▀[0m[38;2;106;107;98m[48;2;106;107;98m▀[0m[38;2;106;107;98m[48;2;106;107;98m▀[0m[38;2;106;105;98m[48;2;180;222;90m▀[0m[38;2;180;222;90m[48;2;180;222;90m▀[0m[38;2;65;60;74m[48;2;180;218;98m▀[0m[38;2;65;60;74m[48;2;104;113;82m▀[0m[38;2;106;107;98m[48;2;65;64;65m▀[0m[38;2;106;107;98m[48;2;65;64;65m▀[0m[38;2;0;0;0m[48;2;0;0;0m▀[0m[38;2;0;0;0m▄[38;2;0;0;0m▄[38;2;0;0;0m[48;2;180;222;90m▀[0m[38;2;0;0;0m[48;2;123;157;65m▀[0m[38;2;123;157;65m[48;2;0;0;0m▀[0m[38;2;123;153;74m[48;2;61;76;41m▀[0m[38;2;0;0;8m[48;2;123;153;74m▀[0m[38;2;0;0;0m[48;2;123;157;65m▀[0m[38;2;123;157;65m[48;2;0;0;0m▀[0m[38;2;123;157;65m[48;2;0;0;0m▀[0m[38;2;0;0;0m▀      
[38;2;0;0;0m▀[38;2;0;0;0m[48;2;0;0;0m▀[0m[38;2;180;222;90m[48;2;0;0;0m▀[0m[38;2;180;222;90m[48;2;0;0;0m▀[0m[38;2;123;157;65m[48;2;0;0;0m▀[0m[38;2;0;0;0m▀[38;2;61;74;49m[48;2;0;0;16m▀[0m[38;2;61;74;49m[48;2;123;149;82m▀[0m[38;2;65;68;65m[48;2;123;147;74m▀[0m[38;2;65;68;65m[48;2;180;226;82m▀[0m[38;2;65;68;57m[48;2;180;222;90m▀[0m[38;2;180;222;90m[48;2;123;145;74m▀[0m[38;2;180;222;90m[48;2;0;0;0m▀[0m[38;2;180;222;90m[48;2;0;0;0m▀[0m[38;2;0;0;0m▀ [38;2;0;0;0m▀[38;2;0;0;0m▀[38;2;0;0;0m▀         
      [38;2;0;0;0m▀[38;2;123;157;65m[48;2;0;0;0m▀[0m[38;2;123;157;65m[48;2;246;149;139m▀[0m[38;2;123;157;65m[48;2;123;157;65m▀[0m[38;2;61;74;49m[48;2;123;149;82m▀[0m[38;2;0;0;16m[48;2;61;74;49m▀[0m[38;2;0;0;0m▄[38;2;0;0;0m▄[38;2;0;0;0m▄[38;2;0;0;0m▄[38;2;0;0;0m[48;2;106;107;98m▀[0m[38;2;0;0;0m[48;2;106;107;98m▀[0m[38;2;0;0;0m[48;2;106;107;98m▀[0m[38;2;0;0;0m▄[38;2;0;0;0m[48;2;0;0;0m▀[0m[38;2;0;0;0m[48;2;0;0;0m▀[0m[38;2;0;0;0m[48;2;0;0;0m▀[0m     
      [38;2;0;0;0m▄[38;2;0;0;0m[48;2;106;107;98m▀[0m[38;2;238;149;139m[48;2;57;68;65m▀[0m[38;2;57;68;65m[48;2;117;95;90m▀[0m[38;2;65;64;65m[48;2;106;107;98m▀[0m[38;2;106;107;98m[48;2;106;107;98m▀[0m[38;2;106;107;98m[48;2;106;107;98m▀[0m[38;2;65;64;65m[48;2;106;107;98m▀[0m[38;2;106;107;98m[48;2;106;107;98m▀[0m[38;2;106;107;98m[48;2;106;107;98m▀[0m[38;2;106;107;98m[48;2;106;107;98m▀[0m[38;2;106;107;98m[48;2;106;107;98m▀[0m[38;2;106;107;98m[48;2;106;107;98m▀[0m[38;2;106;107;98m[48;2;106;107;98m▀[0m[38;2;0;0;0m[48;2;65;64;65m▀[0m[38;2;0;0;0m▄[38;2;0;0;0m▄[38;2;0;0;0m[48;2;0;0;0m▀[0m[38;2;0;0;0m[48;2;0;0;0m▀[0m[38;2;0;0;0m[48;2;0;0;0m▀[0m  
      [38;2;0;0;0m[48;2;0;0;0m▀[0m[38;2;180;222;90m[48;2;180;222;90m▀[0m[38;2;106;107;98m[48;2;106;107;98m▀[0m[38;2;106;107;98m[48;2;106;107;98m▀[0m[38;2;106;105;98m[48;2;180;222;90m▀[0m[38;2;106;105;98m[48;2;106;105;98m▀[0m[38;2;106;107;98m[48;2;106;107;98m▀[0m[38;2;106;107;98m[48;2;106;107;98m▀[0m[38;2;65;64;65m[48;2;0;0;0m▀[0m[38;2;0;0;0m▀[38;2;0;0;0m▀[38;2;106;107;98m[48;2;0;0;0m▀[0m[38;2;106;107;98m[48;2;106;107;98m▀[0m[38;2;106;107;98m[48;2;106;107;98m▀[0m[38;2;65;64;65m[48;2;0;0;0m▀[0m[38;2;0;0;0m▀[38;2;0;0;0m▀[38;2;0;0;0m▀    
       [38;2;0;0;0m[48;2;0;0;0m▀[0m[38;2;71;67;65m[48;2;71;67;65m▀[0m[38;2;106;101;98m[48;2;0;0;0m▀[0m[38;2;180;222;90m[48;2;106;105;98m▀[0m[38;2;180;222;90m[48;2;180;222;90m▀[0m[38;2;106;107;98m[48;2;106;107;98m▀[0m[38;2;0;0;0m[48;2;0;0;0m▀[0m[38;2;0;0;0m[48;2;0;0;0m▀[0m[38;2;0;0;0m[48;2;0;0;0m▀[0m [38;2;0;0;0m▀[38;2;106;107;98m[48;2;0;0;0m▀[0m[38;2;106;107;98m[48;2;0;0;0m▀[0m[38;2;65;64;65m[48;2;65;64;65m▀[0m[38;2;0;0;0m[48;2;65;64;65m▀[0m[38;2;0;0;0m▄     
        [38;2;0;0;0m[48;2;0;0;0m▀[0m[38;2;65;64;65m[48;2;65;64;65m▀[0m[38;2;0;0;0m[48;2;0;0;0m▀[0m[38;2;106;105;98m[48;2;71;70;65m▀[0m[38;2;106;107;98m[48;2;106;107;98m▀[0m[38;2;0;0;0m[48;2;106;107;98m▀[0m[38;2;0;0;0m▄    [38;2;0;0;0m▄[38;2;0;0;0m[48;2;65;64;65m▀[0m[38;2;65;64;65m[48;2;65;64;65m▀[0m[38;2;0;0;0m[48;2;0;0;0m▀[0m     
       [38;2;0;0;0m[48;2;0;0;0m▀[0m[38;2;65;64;65m[48;2;0;0;0m▀[0m[38;2;0;0;0m▀ [38;2;0;0;0m[48;2;0;0;0m▀[0m[38;2;120;140;74m[48;2;180;210;106m▀[0m[38;2;120;140;74m[48;2;0;0;8m▀[0m[38;2;0;0;0m▀     [38;2;0;0;0m▀[38;2;0;0;0m▀      
          [38;2;0;0;0m[48;2;0;0;0m▀[0m[38;2;120;151;60m[48;2;180;226;90m▀[0m[38;2;180;226;90m[48;2;120;151;60m▀[0m[38;2;0;0;0m[48;2;0;0;0m▀[0m              
           [38;2;0;0;0m▀[38;2;0;0;0m▀               
[0m